0.16390609741210938
0.03310704231262207
0.15210485458374023
0.04146909713745117
0.14763283729553223
0.08100533485412598
0.13435602188110352
0.13611531257629395
0.13045406341552734
0.0327303409576416
0.24182868003845215
0.126542329788208
0.13942956924438477
0.13811731338500977
0.033956289291381836
0.13339948654174805
0.1290726661682129
0.036621809005737305
0.028334617614746094
0.03349113464355469
0.03991365432739258
0.042557716369628906
0.042670249938964844
0.03757977485656738
0.0453641414642334
0.029485464096069336
0.03650665283203125
0.054511070251464844
0.04066133499145508
0.035614967346191406
0.04704451560974121
0.037603139877319336
0.10640192031860352
0.07025766372680664
0.05571246147155762
0.04790902137756348
0.054674625396728516
0.05287647247314453
0.055457115173339844
0.04906749725341797
0.05376553535461426
0.05696606636047363
0.05167818069458008
0.060228824615478516
0.06110525131225586
0.06369805335998535
0.0637974739074707
0.04971790313720703
0.05950450897216797
0.06464743614196777
0.05967283248901367
0.061447858810424805
0.06574630737304688
0.06577229499816895
0.06197190284729004
0.05678200721740723
0.0681157112121582
0.06826019287109375
0.07082438468933105
0.07290005683898926
0.06660032272338867
0.0722041130065918
0.07174015045166016
0.07539224624633789
0.06769514083862305
0.07850337028503418
0.0741889476776123
0.08537149429321289
0.0763237476348877
0.07009053230285645
0.08309388160705566
0.08872365951538086
0.07135534286499023
0.08279037475585938
0.09135890007019043
0.08705973625183105
0.0964808464050293
0.08974623680114746
0.10892629623413086
0.10338163375854492
0.10849261283874512
0.09731698036193848
0.087921142578125
0.09736442565917969
0.11712908744812012
0.08955574035644531
0.1314082145690918
0.09232211112976074
0.11177468299865723
0.10146832466125488
0.09656381607055664
0.10666084289550781
0.09755587577819824
0.09649848937988281
0.09833788871765137
0.11428523063659668
0.10105109214782715
0.10300803184509277
0.10458230972290039
0.12181448936462402
0.10620665550231934
0.11081147193908691
0.10845351219177246
0.1137230396270752
0.11612272262573242
0.11939644813537598
0.12478232383728027
0.13913941383361816
0.11202502250671387
0.11222434043884277
0.12421727180480957
0.016194581985473633
0.017927169799804688
0.02641582489013672
0.02887248992919922
0.02892780303955078
0.03864765167236328
0.03235435485839844
0.030908584594726562
0.023977041244506836
0.02494978904724121
0.04402971267700195
0.029619693756103516
0.020534276962280273
0.04603457450866699
0.018737077713012695
0.0392453670501709
0.024605989456176758
0.05409526824951172
0.03240561485290527
0.03358602523803711
0.026671409606933594
0.04218554496765137
0.057187795639038086
0.04277801513671875
0.030579805374145508
0.04129505157470703
0.04539918899536133
0.03970956802368164
0.06372642517089844
0.03416085243225098
0.03481006622314453
0.05750679969787598
0.06172299385070801
0.05604386329650879
0.05749320983886719
0.04009819030761719
0.04769754409790039
0.0483546257019043
0.03893685340881348
0.038359880447387695
0.042847633361816406
0.04739713668823242
0.05014753341674805
0.03932905197143555
0.04984140396118164
0.055814266204833984
0.05081009864807129
0.05169534683227539
0.04494833946228027
0.05790138244628906
0.05910825729370117
0.06039690971374512
0.0623934268951416
0.05420684814453125
0.06558513641357422
0.08699917793273926
0.06690311431884766
0.06810998916625977
0.0705564022064209
0.06690502166748047
0.058313846588134766
0.06760001182556152
0.0714561939239502
0.07454371452331543
0.09582376480102539
0.07414770126342773
0.07062697410583496
0.07050061225891113
0.07829856872558594
0.06242227554321289
0.07680511474609375
0.06268072128295898
0.07867193222045898
0.061627864837646484
0.07056403160095215
0.06672048568725586
0.06329679489135742
0.06925058364868164
0.06146574020385742
0.07632899284362793
0.07126426696777344
0.0713663101196289
0.062402963638305664
0.06765222549438477
0.07242751121520996
0.057734012603759766
0.05145859718322754
0.04603743553161621
0.06370306015014648
0.05806899070739746
0.05488109588623047
0.05230832099914551
0.042670249938964844
0.059189796447753906
0.051694393157958984
0.048270225524902344
0.04501461982727051
0.03728628158569336
0.03173208236694336
0.04403877258300781
0.030568361282348633
0.04180479049682617
0.054453372955322266
0.02096271514892578
0.0337069034576416
0.02417778968811035
0.03587651252746582
0.046984195709228516
0.0348052978515625
0.03339338302612305
0.03403353691101074
0.04379129409790039
0.036910057067871094
0.027276277542114258
0.03894805908203125
0.04011392593383789
0.04215669631958008
0.04632711410522461
0.03619050979614258
0.039440155029296875
0.03859210014343262
0.034833669662475586
0.04405498504638672
0.03484463691711426
0.03769731521606445
0.039743661880493164
0.02967667579650879
0.041416168212890625
0.02851700782775879
0.04818582534790039
0.0313718318939209
0.031259775161743164
0.03165411949157715
0.039420127868652344
0.03688526153564453
0.03632164001464844
0.037401437759399414
0.03490400314331055
0.03687024116516113
0.05292057991027832
0.035155534744262695
0.030976295471191406
0.04346609115600586
0.04791688919067383
0.04243898391723633
0.03720855712890625
0.03323554992675781
0.048792362213134766
0.05561637878417969
0.04646921157836914
0.03982710838317871
0.04740619659423828
0.051448822021484375
0.053432464599609375
0.04160189628601074
0.04842257499694824
0.05663013458251953
0.04894518852233887
0.04833054542541504
0.054134368896484375
0.043604135513305664
0.043891191482543945
0.05137276649475098
0.04137778282165527
0.04375004768371582
0.03678631782531738
0.04767751693725586
0.03501415252685547
0.040392398834228516
0.05124020576477051
0.04874086380004883
0.05488133430480957
0.04998588562011719
0.05442452430725098
0.03981280326843262
0.0672461986541748
0.05575060844421387
0.046976566314697266
0.0509181022644043
0.056372642517089844
0.054082393646240234
0.05377388000488281
0.14479660987854004
0.042595624923706055
0.15175986289978027
0.05353903770446777
0.16059565544128418
0.1572861671447754
0.05675911903381348
0.0650033950805664
0.18903374671936035
0.14793682098388672
0.0530393123626709
0.0422210693359375
0.15610432624816895
0.14232993125915527
0.05071616172790527
0.1551513671875
0.05068373680114746
0.05082964897155762
0.048361778259277344
0.041774749755859375
0.052321434020996094
0.05292940139770508
0.05704045295715332
0.05399632453918457
0.058051347732543945
0.05859541893005371
0.08465313911437988
0.051448822021484375
0.063629150390625
0.06122279167175293
0.14636445045471191
0.054537057876586914
0.05720257759094238
0.07091689109802246
0.06923341751098633
0.07941317558288574
0.06966567039489746
0.07635140419006348
0.07528519630432129
0.07686948776245117
0.07758188247680664
0.13543009757995605
0.07239294052124023
0.14087843894958496
0.07757449150085449
0.09144926071166992
0.1416492462158203
0.12883424758911133
0.12511777877807617
0.12690210342407227
0.12100601196289062
0.12085080146789551
0.020931243896484375
0.023209571838378906
0.018046855926513672
0.025725841522216797
0.03040337562561035
0.027716875076293945
0.035271406173706055
0.035048484802246094
0.018013477325439453
0.02851390838623047
0.01959228515625
0.02676534652709961
0.025195598602294922
0.03480696678161621
0.032151222229003906
0.02619147300720215
0.03184676170349121
0.03919506072998047
0.025365114212036133
0.032071590423583984
0.037683725357055664
0.03164410591125488
0.03483700752258301
0.03756237030029297
0.02911376953125
0.03192567825317383
0.02505970001220703
0.022776365280151367
0.03611254692077637
0.03844952583312988
0.04018449783325195
0.040978193283081055
0.03864765167236328
0.04023861885070801
0.033859968185424805
0.03938484191894531
0.044793128967285156
0.05590963363647461
0.03154468536376953
0.0457148551940918
0.0439763069152832
0.04043173789978027
0.05087852478027344
0.04953408241271973
0.04436993598937988
0.04317212104797363
0.03949093818664551
0.03996109962463379
0.05012941360473633
0.051664113998413086
0.04787898063659668
0.05411887168884277
0.05068254470825195
0.045104265213012695
0.05054211616516113
0.046193599700927734
0.054383277893066406
0.037073373794555664
0.047200918197631836
0.03792738914489746
0.05940556526184082
0.05273580551147461
0.06276392936706543
0.053214073181152344
0.042092084884643555
0.052617549896240234
0.035880327224731445
0.035924434661865234
0.04828763008117676
0.04015541076660156
0.034331560134887695
0.029648542404174805
0.04810953140258789
0.03188967704772949
0.03090691566467285
0.041900634765625
0.03063678741455078
0.041175127029418945
0.03757333755493164
0.04282116889953613
0.030731201171875
0.04193878173828125
0.03346967697143555
0.0341188907623291
0.03941082954406738
0.06936883926391602
0.03480076789855957
0.04991316795349121
0.04907083511352539
0.037801265716552734
0.049138545989990234
0.05173468589782715
0.041274070739746094
0.04071497917175293
0.05162644386291504
0.053670644760131836
0.04349827766418457
0.052251338958740234
0.0528409481048584
0.05042910575866699
0.05384230613708496
0.05160951614379883
0.047357797622680664
0.04802680015563965
0.0497896671295166
0.05408477783203125
0.06836342811584473
0.06871628761291504
0.057114362716674805
0.06602740287780762
0.055422067642211914
0.04572439193725586
0.05060410499572754
0.051898956298828125
0.05559134483337402
0.051894426345825195
0.04696345329284668
0.15291428565979004
0.05242466926574707
0.03062129020690918
0.20519208908081055
0.11532998085021973
0.11402630805969238
0.11817693710327148
0.11715555191040039
0.1211388111114502
0.11452627182006836
0.1117410659790039
0.019844770431518555
0.019155502319335938
0.021693706512451172
0.02278423309326172
0.021654129028320312
0.024879932403564453
0.017144441604614258
0.12142324447631836
0.1282649040222168
0.14883899688720703
0.13590216636657715
0.1078650951385498
0.07768058776855469
0.09286904335021973
0.10880661010742188
0.10999560356140137
0.06977033615112305
0.0699307918548584
0.0893239974975586
0.0616300106048584
0.07196736335754395
0.06634044647216797
0.053833723068237305
0.06460809707641602
0.05533409118652344
0.05739164352416992
0.060506343841552734
0.08916711807250977
0.05112028121948242
0.04748106002807617
0.04820132255554199
0.060820817947387695
0.07268857955932617
0.0475461483001709
0.04433321952819824
0.04715251922607422
0.048844337463378906
0.055890560150146484
0.0528721809387207
0.05933690071105957
0.04836153984069824
0.05937814712524414
0.046636343002319336
0.058294057846069336
0.04666876792907715
0.04757857322692871
0.04833197593688965
0.043089866638183594
0.036583900451660156
0.041216373443603516
0.0384981632232666
0.049576520919799805
0.04015994071960449
0.0401003360748291
0.03927922248840332
0.04398846626281738
0.062197208404541016
0.04068565368652344
0.05504751205444336
0.04349064826965332
0.06089591979980469
0.046350955963134766
0.050070762634277344
0.07641243934631348
0.04344654083251953
0.055310964584350586
0.0675039291381836
0.10613894462585449
0.11519742012023926
0.12758398056030273
0.13301301002502441
0.37131333351135254
0.16877293586730957
0.11951828002929688
0.06968545913696289
0.07509040832519531
0.10054659843444824
0.04559969902038574
0.03891706466674805
0.03481411933898926
0.09581327438354492
0.11654305458068848
0.059929847717285156
0.21651482582092285
0.21416521072387695
0.18549132347106934
0.2759358882904053
0.39754772186279297
0.14282965660095215
0.1255359649658203
0.11572074890136719
0.11394095420837402
0.10292625427246094
0.12121748924255371
0.11539721488952637
0.09537816047668457
0.10648155212402344
0.09604120254516602
0.10736632347106934
0.10738992691040039
0.1023406982421875
0.11399054527282715
0.11218523979187012
0.11115121841430664
0.11368727684020996
0.1072397232055664
0.10864639282226562
0.1102447509765625
0.11223006248474121
0.10831713676452637
0.16908836364746094
0.19332385063171387
0.1215059757232666
0.12154722213745117
0.12151169776916504
0.1219332218170166
0.11087226867675781
0.11728954315185547
0.12098240852355957
0.011270761489868164
0.11688733100891113
0.12384986877441406
0.11924481391906738
0.1329362392425537
0.2252364158630371
0.12884020805358887
0.11551499366760254
0.1304469108581543
0.1228036880493164
0.11747598648071289
0.12343430519104004
0.015306949615478516
0.023641586303710938
0.018782377243041992
0.020837068557739258
0.012631416320800781
0.013900279998779297
0.02381300926208496
0.027078628540039062
0.028519392013549805
0.06126284599304199
0.026244401931762695
0.14883136749267578
0.13761067390441895
0.17351436614990234
0.13132262229919434
0.12545561790466309
0.1346604824066162
0.08922791481018066
0.128265380859375
0.09840106964111328
0.0962677001953125
0.11572265625
0.10075569152832031
0.0905904769897461
0.11874747276306152
0.13747358322143555
0.08423137664794922
0.09594559669494629
0.1053617000579834
0.09169483184814453
0.12526416778564453
0.08700704574584961
0.07719898223876953
0.10517263412475586
0.09033393859863281
0.08940744400024414
0.18625950813293457
0.14697885513305664
0.2224893569946289
0.08733129501342773
0.1532297134399414
0.09758615493774414
0.11177706718444824
0.1497786045074463
0.10221219062805176
0.10800695419311523
0.13849616050720215
0.12162065505981445
0.11413431167602539
0.08489108085632324
0.11160826683044434
0.1511080265045166
0.10929417610168457
0.09971785545349121
0.09511041641235352
0.10365772247314453
0.08652567863464355
0.08289217948913574
0.0814371109008789
0.07966899871826172
0.14087629318237305
0.11518430709838867
0.0844573974609375
0.07309675216674805
0.0848836898803711
0.07770872116088867
0.11464619636535645
0.12567567825317383
0.13009428977966309
0.052075862884521484
0.04623889923095703
0.06486177444458008
0.05838441848754883
0.09943580627441406
0.055654048919677734
0.06405377388000488
0.08912968635559082
0.051312923431396484
0.058066368103027344
0.08186793327331543
0.050240278244018555
0.05125761032104492
0.08181142807006836
0.054726362228393555
0.05742979049682617
0.043215036392211914
0.05930304527282715
0.055700063705444336
0.05704164505004883
0.05841541290283203
0.049941301345825195
0.06308126449584961
0.05909013748168945
0.051383256912231445
0.062428951263427734
0.05294966697692871
0.07082200050354004
0.0724935531616211
0.07429885864257812
0.0786128044128418
0.0765082836151123
0.08134293556213379
0.07685065269470215
0.0743095874786377
0.07822489738464355
0.07485818862915039
0.07137250900268555
0.07733774185180664
0.07256221771240234
0.07405924797058105
0.06818222999572754
0.06218695640563965
0.0683436393737793
0.07627105712890625
0.07722330093383789
0.06921505928039551
0.0733652114868164
0.0635216236114502
0.08228421211242676
0.07370781898498535
0.08060216903686523
0.08370351791381836
0.07575631141662598
0.0821080207824707
0.11682891845703125
0.08374738693237305
0.07537436485290527
0.08283281326293945
0.08747196197509766
0.08219575881958008
0.08504819869995117
0.08127737045288086
0.0799872875213623
0.07748103141784668
0.08840823173522949
0.08072328567504883
0.07912421226501465
0.08524560928344727
0.08005690574645996
0.08758759498596191
0.07226967811584473
0.16036605834960938
0.33220958709716797
0.12831377983093262
0.222275972366333
0.14153027534484863
0.1325538158416748
0.11385846138000488
0.7015118598937988
0.7256345748901367
0.5008606910705566
0.2774801254272461
0.10492086410522461
0.35015344619750977
0.14557933807373047
0.47662997245788574
0.27155566215515137
0.14479899406433105
0.1421678066253662
0.15552496910095215
0.13445734977722168
0.14960050582885742
0.1465761661529541
0.09145045280456543
0.13725543022155762
0.15277361869812012
0.2028944492340088
0.22295236587524414
0.11508417129516602
0.10070061683654785
0.10593461990356445
0.11427712440490723
0.07289600372314453
0.17642807960510254
0.09880423545837402
0.06773734092712402
0.1343224048614502
0.07335519790649414
0.08123040199279785
0.07308363914489746
0.08359885215759277
0.05639767646789551
0.07800650596618652
0.060788631439208984
0.06602287292480469
0.13298368453979492
0.09254860877990723
0.05023527145385742
0.05423307418823242
0.2267909049987793
0.08296966552734375
0.07414817810058594
0.11243128776550293
0.039798736572265625
0.28812670707702637
0.15082716941833496
0.0835411548614502
0.18292570114135742
0.17906475067138672
0.2727546691894531
0.24709868431091309
0.07714104652404785
0.10991835594177246
0.09003090858459473
0.07433867454528809
0.09133100509643555
0.07602930068969727
0.11223816871643066
0.07302069664001465
0.1685657501220703
0.09068703651428223
0.0879213809967041
0.14493322372436523
0.12249970436096191
0.08218502998352051
0.08625268936157227
0.0859992504119873
0.07492494583129883
0.10067605972290039
0.08157515525817871
0.09530186653137207
0.17478680610656738
0.15610861778259277
0.11881780624389648
0.1818859577178955
0.08598923683166504
0.11235737800598145
0.06561636924743652
0.06050252914428711
0.11600708961486816
0.06126141548156738
0.1215665340423584
0.09004330635070801
0.09393024444580078
0.049828290939331055
0.07636141777038574
0.061856985092163086
0.3134276866912842
0.10956454277038574
0.1224055290222168
0.07908487319946289
0.0817420482635498
0.1035923957824707
0.09640240669250488
0.1249539852142334
0.08439755439758301
0.11044907569885254
0.07446837425231934
0.08968734741210938
0.08710360527038574
0.12866830825805664
0.2171339988708496
0.16100764274597168
0.16562724113464355
0.09830641746520996
0.08280110359191895
0.0981910228729248
0.11571907997131348
0.08867096900939941
0.08032774925231934
0.09507536888122559
0.10985851287841797
0.13050413131713867
0.0846104621887207
0.060294389724731445
0.03742575645446777
0.09453678131103516
0.04984283447265625
0.17264175415039062
0.10900759696960449
0.1543738842010498
0.059160470962524414
0.16535329818725586
0.04911351203918457
0.07692122459411621
0.1909623146057129
0.1537456512451172
0.17604970932006836
0.15143823623657227
0.23891854286193848
0.12382221221923828
0.15848827362060547
0.12628936767578125
0.17385125160217285
0.15520024299621582
0.1708695888519287
0.1270298957824707
0.10955452919006348
0.12857723236083984
0.13115215301513672
0.12657690048217773
0.1481637954711914
0.12649226188659668
0.1250324249267578
0.14936184883117676
0.17044568061828613
0.13124799728393555
0.10436892509460449
0.13511443138122559
0.13427495956420898
0.17788243293762207
0.13475418090820312
0.13445305824279785
0.10527777671813965
0.14218711853027344
0.11302661895751953
0.10241079330444336
0.11219525337219238
0.12756800651550293
0.09432768821716309
0.11369514465332031
0.13324189186096191
0.10296249389648438
0.07896256446838379
0.15972208976745605
0.15867114067077637
0.09401822090148926
0.08875417709350586
0.09974098205566406
0.11377716064453125
0.11141800880432129
0.09039711952209473
0.13072514533996582
0.12126851081848145
0.11136007308959961
0.08615493774414062
0.07729911804199219
0.07930898666381836
0.08086347579956055
0.08151364326477051
0.0810234546661377
0.08421707153320312
0.08102083206176758
0.07201504707336426
0.06003689765930176
0.06453871726989746
0.07037544250488281
0.049193382263183594
0.0483241081237793
0.05253291130065918
0.05704212188720703
0.056775569915771484
0.05370759963989258
0.06934332847595215
0.05628633499145508
0.055165767669677734
0.05846357345581055
0.06857037544250488
0.0766441822052002
0.06431221961975098
0.0695796012878418
0.07600021362304688
0.06678915023803711
0.07424354553222656
0.06537795066833496
0.06646275520324707
0.07768106460571289
0.08161306381225586
0.0675802230834961
0.06801414489746094
0.07626700401306152
0.083099365234375
0.07428598403930664
0.07996869087219238
0.06461310386657715
0.06403875350952148
0.05976057052612305
0.0712425708770752
0.06236386299133301
0.07843780517578125
0.06234169006347656
0.06250548362731934
0.06496500968933105
0.0556178092956543
0.07001161575317383
0.07466363906860352
0.05803823471069336
0.06633186340332031
0.06511783599853516
0.07046818733215332
0.0909583568572998
0.06032609939575195
0.06004691123962402
0.058504343032836914
0.06763386726379395
0.07656979560852051
0.06954288482666016
0.06914710998535156
0.0779116153717041
0.06954360008239746
0.07230377197265625
0.05483746528625488
0.0647585391998291
0.07797360420227051
0.06465554237365723
0.07228231430053711
0.07276034355163574
0.07016372680664062
0.07201695442199707
0.08142256736755371
0.07585477828979492
0.0820319652557373
0.07034707069396973
0.0785987377166748
0.07579636573791504
0.07053828239440918
0.07503867149353027
0.06510686874389648
0.07361149787902832
0.06679272651672363
0.06784749031066895
0.07572078704833984
0.08563566207885742
0.07813429832458496
0.07387828826904297
0.08546781539916992
0.08348298072814941
0.09380340576171875
0.07256865501403809
0.16509580612182617
0.07447695732116699
0.06926631927490234
0.08428001403808594
0.06879734992980957
0.21102190017700195
0.07504153251647949
0.06953239440917969
0.0885002613067627
0.16933226585388184
0.1844632625579834
0.10098862648010254
0.12079095840454102
0.12111568450927734
0.11385679244995117
0.11861300468444824
0.1325666904449463
0.24876832962036133
0.07969951629638672
0.12160229682922363
0.08946061134338379
0.0884866714477539
0.09206724166870117
0.08542990684509277
0.0914158821105957
0.12323164939880371
0.1242220401763916
0.11217451095581055
0.1354520320892334
0.15270709991455078
0.09882140159606934
0.12811970710754395
0.10792922973632812
0.07002902030944824
0.07288742065429688
0.09143614768981934
0.07992339134216309
0.15160131454467773
0.17073774337768555
0.13488531112670898
0.2079925537109375
0.4705772399902344
0.365753173828125
0.12722015380859375
0.17959380149841309
0.0844271183013916
0.08671092987060547
0.19024038314819336
0.14208769798278809
0.13839197158813477
0.17511725425720215
0.0993952751159668
0.1314234733581543
0.14853382110595703
0.3108804225921631
0.11104345321655273
0.060045480728149414
0.0554959774017334
0.0647287368774414
0.1066439151763916
0.17046380043029785
0.137359619140625
0.17007231712341309
0.12274384498596191
0.12238550186157227
0.10518932342529297
0.11003899574279785
0.1213982105255127
0.13594341278076172
0.19964337348937988
0.21169686317443848
0.11064386367797852
0.12013959884643555
0.10592317581176758
0.10978341102600098
0.11577272415161133
0.1111900806427002
0.08146119117736816
0.05842089653015137
0.07125592231750488
0.0816199779510498
0.061077117919921875
0.08474612236022949
0.07192039489746094
0.07770657539367676
0.10951781272888184
0.0572969913482666
0.06379532814025879
0.14942693710327148
0.09141969680786133
0.20882701873779297
0.05288887023925781
0.08963847160339355
0.04550457000732422
0.06288456916809082
0.054105520248413086
0.034650564193725586
0.12494564056396484
0.2525174617767334
0.17868471145629883
0.10404753684997559
0.10538506507873535
0.10973930358886719
0.0759129524230957
0.2617173194885254
0.08173608779907227
0.5703349113464355
0.33011341094970703
0.07707428932189941
0.033168792724609375
0.038335561752319336
0.04455900192260742
0.04237937927246094
0.042829036712646484
0.02923274040222168
0.06835532188415527
0.06826376914978027
0.05028223991394043
0.04073667526245117
0.020961999893188477
0.0626075267791748
0.16557025909423828
0.12743353843688965
0.40024495124816895
0.17635035514831543
0.1562337875366211
0.05431509017944336
0.04247260093688965
0.0316774845123291
0.03656172752380371
0.054949283599853516
0.0499880313873291
0.033007144927978516
0.08995628356933594
0.07448482513427734
0.10918998718261719
0.10753273963928223
0.15889453887939453
0.018151521682739258
0.1330580711364746
0.07094979286193848
0.12819790840148926
0.3123056888580322
0.2821333408355713
0.2663731575012207
0.06983399391174316
0.1950836181640625
0.1697683334350586
0.06183218955993652
0.05768585205078125
0.18732142448425293
0.17081928253173828
0.2200918197631836
0.049773216247558594
0.06500697135925293
0.05240464210510254
0.03113842010498047
0.1261892318725586
0.16865277290344238
0.07478451728820801
0.08459687232971191
0.1502079963684082
0.0956125259399414
0.07920384407043457
0.046030521392822266
0.04599189758300781
0.056520700454711914
0.08263444900512695
0.07451415061950684
0.05052971839904785
0.10156965255737305
0.03720426559448242
0.03959798812866211
0.028439760208129883
0.0452423095703125
0.10812544822692871
0.1322476863861084
0.08961892127990723
0.1758286952972412
0.11728954315185547
0.14404630661010742
0.12129831314086914
0.1058650016784668
0.20176053047180176
0.2610652446746826
0.17101812362670898
0.3475456237792969
0.16402792930603027
0.16184520721435547
0.03625130653381348
0.13972902297973633
0.06844878196716309
0.059101104736328125
0.12089896202087402
0.12030148506164551
0.13019084930419922
0.10800337791442871
0.17079806327819824
0.09586548805236816
0.19629311561584473
0.13277888298034668
0.1147003173828125
0.10583233833312988
0.1347358226776123
0.2739136219024658
0.1610732078552246
0.1869347095489502
0.08310437202453613
0.1579303741455078
0.11310338973999023
0.1228342056274414
0.14957976341247559
0.08260345458984375
0.2259528636932373
0.09205389022827148
0.12934350967407227
0.08371233940124512
0.1568927764892578
0.12570619583129883
0.09985065460205078
0.02429795265197754
0.02652430534362793
0.14401006698608398
0.18813133239746094
0.21994233131408691
0.13722658157348633
0.07047510147094727
0.05615234375
0.354219913482666
0.1472461223602295
0.062246084213256836
0.10975408554077148
0.0735630989074707
0.1352541446685791
0.6143355369567871
0.38173604011535645
0.17816853523254395
0.11210870742797852
0.19817304611206055
0.04268789291381836
0.0624082088470459
0.06858658790588379
0.12261557579040527
0.06174206733703613
0.0422968864440918
0.03770160675048828
0.14580225944519043
0.24276351928710938
0.42559170722961426
0.22508788108825684
0.09453892707824707
0.14170432090759277
0.10696291923522949
0.268967866897583
0.08599090576171875
0.09694147109985352
0.06996297836303711
0.6478219032287598
0.4146122932434082
0.17575597763061523
0.4450068473815918
0.18735146522521973
0.23757147789001465
0.16532468795776367
0.22991347312927246
0.2380540370941162
0.21304655075073242
0.21764016151428223
0.07926273345947266
0.14145183563232422
0.3321096897125244
0.11723089218139648
0.10845208168029785
0.14445114135742188
0.23817896842956543
0.2886238098144531
0.11530923843383789
0.054480791091918945
0.09368610382080078
0.08318948745727539
0.06220746040344238
0.029561996459960938
0.04492902755737305
0.04240751266479492
0.03401613235473633
0.029619932174682617
0.07375240325927734
0.030267953872680664
0.03333759307861328
0.031206130981445312
0.023174524307250977
0.04043292999267578
0.024100542068481445
0.11205410957336426
0.03271746635437012
0.04079031944274902
0.017193317413330078
0.018473386764526367
0.023348093032836914
0.026482582092285156
0.024723052978515625
0.034635305404663086
0.03600478172302246
0.054177045822143555
0.035639047622680664
0.08275842666625977
0.06587576866149902
0.04140734672546387
0.03740572929382324
0.039545536041259766
0.029412031173706055
0.0321652889251709
