0.03863406181335449
0.03538823127746582
0.15337657928466797
0.05438733100891113
0.16790461540222168
0.04448723793029785
0.12989473342895508
0.06715512275695801
0.128448486328125
0.1266307830810547
0.12626361846923828
0.023727893829345703
0.2315969467163086
0.14176130294799805
0.14041805267333984
0.12620925903320312
0.024294614791870117
0.13197541236877441
0.12503862380981445
0.03894448280334473
0.038717031478881836
0.024020910263061523
0.02592182159423828
0.05104231834411621
0.04153132438659668
0.02665996551513672
0.02928948402404785
0.02630615234375
0.04087543487548828
0.028074264526367188
0.034615516662597656
0.04050135612487793
0.035045623779296875
0.04716682434082031
0.13459253311157227
0.08370828628540039
0.04629850387573242
0.038086891174316406
0.049698829650878906
0.040787696838378906
0.05512714385986328
0.04420328140258789
0.04146838188171387
0.04521656036376953
0.04529070854187012
0.04584455490112305
0.052611589431762695
0.04447627067565918
0.048364877700805664
0.05738997459411621
0.04891061782836914
0.049509525299072266
0.04968857765197754
0.0556645393371582
0.0670328140258789
0.05386757850646973
0.05930376052856445
0.055245161056518555
0.05662250518798828
0.05496382713317871
0.0686349868774414
0.05967378616333008
0.0604097843170166
0.06520318984985352
0.05895662307739258
0.06837749481201172
0.0665748119354248
0.07552838325500488
0.06478428840637207
0.08230042457580566
0.07342934608459473
0.06673741340637207
0.07319760322570801
0.06726932525634766
0.08914637565612793
0.06775403022766113
0.0740201473236084
0.08098721504211426
0.07564759254455566
0.08842945098876953
0.0781242847442627
0.08636307716369629
0.0918114185333252
0.08172154426574707
0.08626699447631836
0.09623837471008301
0.1064295768737793
0.08943009376525879
0.09015679359436035
0.1044008731842041
0.10710334777832031
0.10587430000305176
0.0998077392578125
0.09587931632995605
0.09406757354736328
0.09498238563537598
0.10782527923583984
0.09897232055664062
0.10015749931335449
0.09978389739990234
0.1079719066619873
0.10478377342224121
0.11441373825073242
0.10180163383483887
0.10712862014770508
0.10842752456665039
0.11120223999023438
0.10863471031188965
0.11077284812927246
0.13111519813537598
0.12194490432739258
0.10828471183776855
0.10970306396484375
0.007329463958740234
0.020272493362426758
0.01998162269592285
0.016270875930786133
0.021904468536376953
0.03607010841369629
0.021265506744384766
0.020615100860595703
0.027711868286132812
0.024427413940429688
0.04101204872131348
0.024620771408081055
0.01921391487121582
0.045705318450927734
0.015029191970825195
0.01887679100036621
0.019227266311645508
0.04574131965637207
0.02603602409362793
0.033358097076416016
0.025653362274169922
0.0349423885345459
0.038802385330200195
0.02800273895263672
0.02938556671142578
0.03058147430419922
0.03608584403991699
0.032248735427856445
0.06699085235595703
0.0301666259765625
0.03372597694396973
0.04665684700012207
0.05626654624938965
0.04142403602600098
0.060712337493896484
0.04990577697753906
0.035959482192993164
0.041895151138305664
0.04664158821105957
0.04711341857910156
0.04083895683288574
0.03268742561340332
0.03864312171936035
0.04744768142700195
0.03614401817321777
0.04535794258117676
0.044451236724853516
0.04975247383117676
0.05003857612609863
0.04278564453125
0.04876065254211426
0.05434083938598633
0.05226778984069824
0.0472412109375
0.0507509708404541
0.10120129585266113
0.06742596626281738
0.054880619049072266
0.052933454513549805
0.07062172889709473
0.0727391242980957
0.07225871086120605
0.0737907886505127
0.05861330032348633
0.08464646339416504
0.06784200668334961
0.07548213005065918
0.0632476806640625
0.06709456443786621
0.07163715362548828
0.07127642631530762
0.06160688400268555
0.0637822151184082
0.07154703140258789
0.06029057502746582
0.05823373794555664
0.07054877281188965
0.0770876407623291
0.06554222106933594
0.0765986442565918
0.06378340721130371
0.058173179626464844
0.06736421585083008
0.05387115478515625
0.07423686981201172
0.05420517921447754
0.042626142501831055
0.04268622398376465
0.0657510757446289
0.0433201789855957
0.04121136665344238
0.03975701332092285
0.04755234718322754
0.04268956184387207
0.042550086975097656
0.04459810256958008
0.027604341506958008
0.05082893371582031
0.030495882034301758
0.02774333953857422
0.027039051055908203
0.02998638153076172
0.03829598426818848
0.025536060333251953
0.033445119857788086
0.020808696746826172
0.02060675621032715
0.025911569595336914
0.020393848419189453
0.031562089920043945
0.021480321884155273
0.03637552261352539
0.02226734161376953
0.03563189506530762
0.025659799575805664
0.03443503379821777
0.027217864990234375
0.044156789779663086
0.03555917739868164
0.024714231491088867
0.026111364364624023
0.0390777587890625
0.02904486656188965
0.031919002532958984
0.02147817611694336
0.029636621475219727
0.02289271354675293
0.033913612365722656
0.03800034523010254
0.041368722915649414
0.030081510543823242
0.04042863845825195
0.028594970703125
0.03455162048339844
0.04631757736206055
0.02238297462463379
0.018602371215820312
0.021372556686401367
0.03525114059448242
0.03934526443481445
0.02581620216369629
0.027727365493774414
0.02890753746032715
0.03052496910095215
0.029304027557373047
0.031198501586914062
0.03300929069519043
0.030934572219848633
0.033141136169433594
0.033792734146118164
0.04284071922302246
0.03293728828430176
0.03269791603088379
0.03599405288696289
0.05516529083251953
0.057730674743652344
0.05941939353942871
0.04729485511779785
0.035134315490722656
0.037944793701171875
0.042464256286621094
0.03747105598449707
0.04802131652832031
0.032674312591552734
0.041855812072753906
0.050574541091918945
0.04412531852722168
0.04599618911743164
0.03953886032104492
0.03393363952636719
0.04297685623168945
0.0557098388671875
0.03885698318481445
0.043714046478271484
0.0361170768737793
0.04579472541809082
0.04564070701599121
0.045650482177734375
0.036002159118652344
0.03728437423706055
0.055992841720581055
0.04893374443054199
0.1456131935119629
0.03942370414733887
0.15296578407287598
0.04590153694152832
0.14594221115112305
0.14391660690307617
0.04266023635864258
0.05492663383483887
0.15180039405822754
0.1566941738128662
0.04771566390991211
0.05090832710266113
0.15813946723937988
0.14672350883483887
0.051138877868652344
0.14944005012512207
0.054529666900634766
0.049134016036987305
0.04085564613342285
0.04087543487548828
0.040518999099731445
0.04684805870056152
0.05115509033203125
0.043770790100097656
0.04180335998535156
0.06091570854187012
0.0762929916381836
0.050516366958618164
0.06744003295898438
0.051253318786621094
0.10331511497497559
0.052637577056884766
0.05273151397705078
0.05829811096191406
0.06441140174865723
0.05858135223388672
0.0715336799621582
0.05798482894897461
0.060579776763916016
0.06134772300720215
0.09441494941711426
0.11957669258117676
0.26079511642456055
0.04364442825317383
0.05537891387939453
0.12655949592590332
0.14717841148376465
0.10897660255432129
0.12655854225158691
0.12639260292053223
0.10686469078063965
0.11609768867492676
0.020780324935913086
0.008285760879516602
0.011809349060058594
0.011322736740112305
0.012056350708007812
0.03352189064025879
0.013980388641357422
0.01993584632873535
0.014240741729736328
0.01251673698425293
0.010502338409423828
0.016553878784179688
0.013811111450195312
0.02048516273498535
0.024625778198242188
0.019530057907104492
0.02997112274169922
0.03232860565185547
0.024297714233398438
0.03012824058532715
0.030130624771118164
0.03412795066833496
0.030351638793945312
0.03179311752319336
0.022583961486816406
0.02097463607788086
0.021639585494995117
0.019498586654663086
0.034264326095581055
0.02420783042907715
0.03570151329040527
0.029460668563842773
0.03760170936584473
0.02854132652282715
0.0325469970703125
0.02619481086730957
0.0269014835357666
0.0775747299194336
0.027762413024902344
0.03933525085449219
0.04353809356689453
0.04404592514038086
0.04712271690368652
0.03517913818359375
0.03738856315612793
0.041902780532836914
0.04394793510437012
0.04434537887573242
0.04909634590148926
0.04571843147277832
0.04983234405517578
0.04877662658691406
0.05081892013549805
0.0364377498626709
0.03901815414428711
0.05627584457397461
0.0336298942565918
0.05076861381530762
0.06691479682922363
0.05988621711730957
0.053582191467285156
0.05622720718383789
0.031493186950683594
0.03869128227233887
0.03233003616333008
0.04436206817626953
0.03460550308227539
0.04611563682556152
0.035689592361450195
0.03647756576538086
0.030385971069335938
0.02897787094116211
0.03567767143249512
0.034940481185913086
0.039459943771362305
0.026738882064819336
0.029486656188964844
0.023523807525634766
0.02622365951538086
0.028738737106323242
0.02751302719116211
0.039426565170288086
0.032509565353393555
0.0309140682220459
0.03726506233215332
0.03164267539978027
0.038384199142456055
0.03470301628112793
0.05493903160095215
0.04642081260681152
0.03612875938415527
0.04083752632141113
0.05107283592224121
0.037667274475097656
0.03886842727661133
0.051774024963378906
0.04010963439941406
0.05561208724975586
0.0490264892578125
0.04888606071472168
0.05747580528259277
0.04282402992248535
0.057794809341430664
0.05582761764526367
0.05192971229553223
0.0469813346862793
0.0509335994720459
0.08026790618896484
0.04437541961669922
0.07217621803283691
0.04169130325317383
0.042055606842041016
0.05333256721496582
0.05683565139770508
0.053397178649902344
0.045601606369018555
0.3351469039916992
0.13842129707336426
0.043337106704711914
0.13312435150146484
0.29529738426208496
0.1271052360534668
0.11765170097351074
0.11923480033874512
0.10766077041625977
0.11552143096923828
0.10776305198669434
0.10729670524597168
0.013144493103027344
0.009860754013061523
0.012251138687133789
0.01605677604675293
0.012479782104492188
0.013126850128173828
0.01597738265991211
0.14246797561645508
0.12402009963989258
0.12706255912780762
0.16680550575256348
0.12084317207336426
0.08003687858581543
0.0845496654510498
0.07220888137817383
0.10326766967773438
0.07807707786560059
0.07912945747375488
0.10772013664245605
0.07117033004760742
0.06293606758117676
0.05408883094787598
0.05031013488769531
0.058226823806762695
0.054251670837402344
0.05087137222290039
0.05342602729797363
0.04482126235961914
0.03940081596374512
0.04111838340759277
0.03953909873962402
0.0437166690826416
0.051549434661865234
0.03801774978637695
0.037353515625
0.04095268249511719
0.048207759857177734
0.04174447059631348
0.040925025939941406
0.04454779624938965
0.0575566291809082
0.047087669372558594
0.04280662536621094
0.05059528350830078
0.05014491081237793
0.043497323989868164
0.04637002944946289
0.04593372344970703
0.029453516006469727
0.03565335273742676
0.03196454048156738
0.04169917106628418
0.045557498931884766
0.02808833122253418
0.03306722640991211
0.03793144226074219
0.06621289253234863
0.03948163986206055
0.036461830139160156
0.03986620903015137
0.05492401123046875
0.042034149169921875
0.05936026573181152
0.08077383041381836
0.04248046875
0.05044960975646973
0.06165146827697754
0.12673163414001465
0.1433722972869873
0.07769107818603516
0.16275525093078613
0.3648111820220947
0.16210579872131348
0.05044436454772949
0.08417677879333496
0.045311689376831055
0.10363030433654785
0.04905867576599121
0.06959939002990723
0.11670231819152832
0.09022831916809082
0.08129620552062988
0.10641074180603027
0.17725920677185059
0.0172119140625
0.14225482940673828
0.2148575782775879
0.33061718940734863
0.09929156303405762
0.1047353744506836
0.12897133827209473
0.10605812072753906
0.12374520301818848
0.1321568489074707
0.12198567390441895
0.08961939811706543
0.11302733421325684
0.09186577796936035
0.0947566032409668
0.09548330307006836
0.09271049499511719
0.09844827651977539
0.09434819221496582
0.09916043281555176
0.10045957565307617
0.10273146629333496
0.10229825973510742
0.1029214859008789
0.10241842269897461
0.10431694984436035
0.17071890830993652
0.1969444751739502
0.11716556549072266
0.10977005958557129
0.11103606224060059
0.11475014686584473
0.10934138298034668
0.10788631439208984
0.11958622932434082
0.010102272033691406
0.12553858757019043
0.11780238151550293
0.11538982391357422
0.11457085609436035
0.21303939819335938
0.12798833847045898
0.12326431274414062
0.12974214553833008
0.12155342102050781
0.12196922302246094
0.1108853816986084
0.014235258102416992
0.017014503479003906
0.016313552856445312
0.015430212020874023
0.009436368942260742
0.012611627578735352
0.02264118194580078
0.013996601104736328
0.01692032814025879
0.034661054611206055
0.019775390625
0.1939547061920166
0.13670039176940918
0.19266271591186523
0.11225342750549316
0.09069323539733887
0.08599495887756348
0.08931660652160645
0.12866854667663574
0.09075498580932617
0.11346268653869629
0.10202169418334961
0.12066531181335449
0.08911418914794922
0.12010741233825684
0.11874604225158691
0.07944893836975098
0.09929800033569336
0.1034855842590332
0.11259984970092773
0.1222388744354248
0.07586288452148438
0.18371367454528809
0.14946794509887695
0.08186030387878418
0.07996129989624023
0.1300809383392334
0.18100428581237793
0.1239621639251709
0.07706451416015625
0.15561795234680176
0.10113787651062012
0.15875720977783203
0.140411376953125
0.0982961654663086
0.0847160816192627
0.10453605651855469
0.09046530723571777
0.11076569557189941
0.07419800758361816
0.1574568748474121
0.1542980670928955
0.11592555046081543
0.12535548210144043
0.08984065055847168
0.1069331169128418
0.07113218307495117
0.07599973678588867
0.07080936431884766
0.08114361763000488
0.09735727310180664
0.1272892951965332
0.10213780403137207
0.08169007301330566
0.07410883903503418
0.08617568016052246
0.1025702953338623
0.08947968482971191
0.08145356178283691
0.05352473258972168
0.061374664306640625
0.05069446563720703
0.04639840126037598
0.09029245376586914
0.06602859497070312
0.04692411422729492
0.049603939056396484
0.04642295837402344
0.09785771369934082
0.04389357566833496
0.05880093574523926
0.05568408966064453
0.08344340324401855
0.039754629135131836
0.052626609802246094
0.04568314552307129
0.042487144470214844
0.049369096755981445
0.05000185966491699
0.047618865966796875
0.04933452606201172
0.048778533935546875
0.049817562103271484
0.060175180435180664
0.06559276580810547
0.05174136161804199
0.052175045013427734
0.054345130920410156
0.07397174835205078
0.07521653175354004
0.07148861885070801
0.060082435607910156
0.06798410415649414
0.06218385696411133
0.07177066802978516
0.06215524673461914
0.06471633911132812
0.0656886100769043
0.0727534294128418
0.05956602096557617
0.06747245788574219
0.07604742050170898
0.058881282806396484
0.07136106491088867
0.058864593505859375
0.0739295482635498
0.062262773513793945
0.05991053581237793
0.061223745346069336
0.0663766860961914
0.0673518180847168
0.06890416145324707
0.08191418647766113
0.07005620002746582
0.07828903198242188
0.07655119895935059
0.06591176986694336
0.06988883018493652
0.0723876953125
0.07592368125915527
0.08360886573791504
0.09125733375549316
0.07162594795227051
0.07636356353759766
0.0881502628326416
0.07887125015258789
0.07202792167663574
0.07039499282836914
0.07208609580993652
0.079681396484375
0.1600658893585205
0.15936779975891113
0.1849045753479004
0.15088582038879395
0.306621789932251
0.10840201377868652
0.13263750076293945
0.22167682647705078
0.42984700202941895
0.18850040435791016
0.37175512313842773
0.14960598945617676
1.127173900604248
0.9329290390014648
0.7283780574798584
0.4584643840789795
0.23536348342895508
0.08737826347351074
0.09975123405456543
0.09539151191711426
0.13395309448242188
0.1611003875732422
0.14258837699890137
0.1012732982635498
0.11498355865478516
0.13118600845336914
0.18227863311767578
0.22178936004638672
0.09946990013122559
0.11880993843078613
0.12635374069213867
0.10239791870117188
0.1208796501159668
0.16407394409179688
0.09049654006958008
0.05339932441711426
0.10951662063598633
0.06824564933776855
0.08395886421203613
0.06602764129638672
0.08410239219665527
0.06342506408691406
0.07646417617797852
0.0827178955078125
0.05851125717163086
0.12141871452331543
0.09786677360534668
0.04654121398925781
0.09519624710083008
0.05217385292053223
0.06579995155334473
0.06437349319458008
0.13453030586242676
0.048537254333496094
0.2844564914703369
0.1257181167602539
0.07790017127990723
0.08366036415100098
0.14030814170837402
0.4514927864074707
0.26984572410583496
0.07210564613342285
0.15766191482543945
0.08574676513671875
0.09844183921813965
0.14411687850952148
0.17356157302856445
0.15530920028686523
0.06809854507446289
0.18513751029968262
0.08989453315734863
0.08632183074951172
0.08362030982971191
0.12487268447875977
0.15783381462097168
0.08989357948303223
0.09424066543579102
0.07141947746276855
0.0898587703704834
0.06445050239562988
0.1687145233154297
0.09144830703735352
0.13615202903747559
0.057525634765625
0.21529006958007812
0.06107687950134277
0.13061857223510742
0.05686163902282715
0.10995292663574219
0.10756587982177734
0.08622193336486816
0.11306500434875488
0.10414671897888184
0.09747767448425293
0.07516956329345703
0.1098794937133789
0.08040404319763184
0.31302642822265625
0.09078550338745117
0.11163783073425293
0.11119842529296875
0.0739140510559082
0.09392929077148438
0.07879042625427246
0.10363388061523438
0.06962895393371582
0.06745624542236328
0.06942605972290039
0.10672354698181152
0.08947563171386719
0.576287031173706
0.36654067039489746
0.1139681339263916
0.1759963035583496
0.0824131965637207
0.08109259605407715
0.07941532135009766
0.0889589786529541
0.08055996894836426
0.09254050254821777
0.07891225814819336
0.07654023170471191
0.05360555648803711
0.07997941970825195
0.07039856910705566
0.07581472396850586
0.03348565101623535
0.03592109680175781
0.13576102256774902
0.07648921012878418
0.19556164741516113
0.069061279296875
0.13159418106079102
0.11739873886108398
0.11214828491210938
0.19394516944885254
0.13570022583007812
0.16802430152893066
0.10912322998046875
0.21388816833496094
0.10895538330078125
0.16148948669433594
0.12472152709960938
0.18781542778015137
0.10451722145080566
0.18985247611999512
0.12936782836914062
0.10829043388366699
0.11014556884765625
0.1176447868347168
0.1029965877532959
0.19201350212097168
0.1538548469543457
0.10448098182678223
0.15496826171875
0.16832613945007324
0.17352008819580078
0.14233183860778809
0.13774347305297852
0.12520146369934082
0.1102898120880127
0.12198972702026367
0.15846014022827148
0.09617733955383301
0.15818190574645996
0.08621668815612793
0.17148184776306152
0.13907957077026367
0.09972810745239258
0.09132194519042969
0.10719847679138184
0.07703328132629395
0.14666438102722168
0.07381486892700195
0.13558101654052734
0.13536739349365234
0.06537055969238281
0.06364965438842773
0.08248138427734375
0.11046433448791504
0.06825494766235352
0.08744645118713379
0.12460803985595703
0.13510584831237793
0.12980055809020996
0.08570384979248047
0.0785832405090332
0.07726144790649414
0.07406973838806152
0.07157087326049805
0.07303857803344727
0.07213687896728516
0.06488442420959473
0.09658360481262207
0.16367673873901367
0.07585406303405762
0.0686647891998291
0.04198408126831055
0.04610037803649902
0.0507662296295166
0.04343724250793457
0.0406036376953125
0.04543113708496094
0.04796290397644043
0.06492090225219727
0.06301522254943848
0.06572866439819336
0.05369448661804199
0.05490684509277344
0.05504298210144043
0.055212974548339844
0.07365918159484863
0.07127118110656738
0.05922245979309082
0.06514453887939453
0.062456369400024414
0.07467341423034668
0.07559466361999512
0.06349587440490723
0.06716561317443848
0.06429219245910645
0.07210993766784668
0.07928109169006348
0.07963061332702637
0.07480859756469727
0.05695056915283203
0.05753445625305176
0.06046271324157715
0.060945749282836914
0.07152342796325684
0.06122016906738281
0.06597232818603516
0.05111861228942871
0.054360151290893555
0.05502820014953613
0.05721902847290039
0.07456254959106445
0.05420660972595215
0.05532670021057129
0.07228302955627441
0.07376432418823242
0.06373763084411621
0.050063371658325195
0.07002830505371094
0.060863494873046875
0.05591773986816406
0.06765079498291016
0.057730913162231445
0.06786727905273438
0.057730913162231445
0.07227563858032227
0.05928230285644531
0.05402350425720215
0.07949709892272949
0.0576326847076416
0.05749821662902832
0.05862307548522949
0.07334280014038086
0.062427520751953125
0.07759952545166016
0.07403302192687988
0.08413553237915039
0.08174252510070801
0.07343626022338867
0.06238079071044922
0.060700178146362305
0.06823587417602539
0.06168556213378906
0.0718545913696289
0.06515765190124512
0.06621360778808594
0.06392097473144531
0.07009625434875488
0.07193708419799805
0.08447027206420898
0.08449935913085938
0.08203458786010742
0.07612895965576172
0.08061385154724121
0.16988778114318848
0.06534886360168457
0.0645751953125
0.06644201278686523
0.0723261833190918
0.08636641502380371
0.0680842399597168
0.06452369689941406
0.19979524612426758
0.22466039657592773
0.18813872337341309
0.09975337982177734
0.11845898628234863
0.1086111068725586
0.09870576858520508
0.1291980743408203
0.11273789405822754
0.085296630859375
0.08855414390563965
0.12399625778198242
0.09673428535461426
0.09772372245788574
0.13689613342285156
0.06990504264831543
0.07927441596984863
0.12887334823608398
0.06777310371398926
0.1078948974609375
0.14159893989562988
0.13735389709472656
0.06730198860168457
0.13814091682434082
0.11498594284057617
0.09255743026733398
0.07212114334106445
0.08060193061828613
0.07614350318908691
0.15582728385925293
0.14706850051879883
0.1418745517730713
0.22952723503112793
0.02433633804321289
0.17388153076171875
0.13492488861083984
0.07553839683532715
0.0921487808227539
0.05633282661437988
0.17328763008117676
0.11333274841308594
0.18582987785339355
0.258040189743042
0.15946650505065918
0.1292281150817871
0.14357447624206543
0.0909872055053711
0.09304118156433105
0.047293901443481445
0.05380606651306152
0.07345128059387207
0.11012887954711914
0.18166708946228027
0.11113286018371582
0.14150309562683105
0.13083338737487793
0.0966334342956543
0.14286494255065918
0.10262656211853027
0.09854936599731445
0.12403583526611328
0.19332337379455566
0.169205904006958
0.1327214241027832
0.09854435920715332
0.11503791809082031
0.12746810913085938
0.09424591064453125
0.08816289901733398
0.20279645919799805
0.09665846824645996
0.07054638862609863
0.05881857872009277
0.056581974029541016
0.05364060401916504
0.10344767570495605
0.06842803955078125
0.11016082763671875
0.08440351486206055
0.08449268341064453
0.1319749355316162
0.08500456809997559
0.07812762260437012
0.05177950859069824
0.047028303146362305
0.0575101375579834
0.06434082984924316
0.17054128646850586
0.04724860191345215
0.13513517379760742
0.12970662117004395
0.24873995780944824
0.1495678424835205
0.08140850067138672
0.08209633827209473
0.059419870376586914
0.07766175270080566
0.0778036117553711
0.43178343772888184
0.25704002380371094
0.02636265754699707
0.04687786102294922
0.019279003143310547
0.032343387603759766
0.05697178840637207
0.02086353302001953
0.030530691146850586
0.029268741607666016
0.04723525047302246
0.04113292694091797
0.053391218185424805
0.019081592559814453
0.05904746055603027
0.15447473526000977
0.13887858390808105
0.11913156509399414
0.18754887580871582
0.08451390266418457
0.0538334846496582
0.02994394302368164
0.02808213233947754
0.028704404830932617
0.07180643081665039
0.04045414924621582
0.07607102394104004
0.10068082809448242
0.07608914375305176
0.1167445182800293
0.030593156814575195
0.17876482009887695
0.04285740852355957
0.1437664031982422
0.052803993225097656
0.1424274444580078
0.3413047790527344
0.4888019561767578
0.35814714431762695
0.15336990356445312
0.21574711799621582
0.14976048469543457
0.06705784797668457
0.05043506622314453
0.1464087963104248
0.1482393741607666
0.18857955932617188
0.08331155776977539
0.04727458953857422
0.03325533866882324
0.028862476348876953
0.15123438835144043
0.1933457851409912
0.10084843635559082
0.2511556148529053
0.15017342567443848
0.07442760467529297
0.040543556213378906
0.05079221725463867
0.05344867706298828
0.03956413269042969
0.03235793113708496
0.05416703224182129
0.05002713203430176
0.022605419158935547
0.03791189193725586
0.06087064743041992
0.03544282913208008
0.08931708335876465
0.10466527938842773
0.12337517738342285
0.05600571632385254
0.15301299095153809
0.1350994110107422
0.17046189308166504
0.1347646713256836
0.15049529075622559
0.13302922248840332
0.23389577865600586
0.061847686767578125
0.3567056655883789
0.23459243774414062
0.3508164882659912
0.12269401550292969
0.146928071975708
0.12302517890930176
0.12473940849304199
0.09096217155456543
0.1365811824798584
0.12056875228881836
0.11421561241149902
0.11926722526550293
0.10242009162902832
0.08980607986450195
0.1801738739013672
0.12566018104553223
0.1572859287261963
0.08494830131530762
0.14341473579406738
