0.032692670822143555
0.1463148593902588
0.06900310516357422
0.1792924404144287
0.04860115051269531
0.13968276977539062
0.08120465278625488
0.1265125274658203
0.12795686721801758
0.13218021392822266
0.033460378646850586
0.24064397811889648
0.14072847366333008
0.13820147514343262
0.14026832580566406
0.026293039321899414
0.1434924602508545
0.12624907493591309
0.027295589447021484
0.0367274284362793
0.029306411743164062
0.027137041091918945
0.03419804573059082
0.028801441192626953
0.029376506805419922
0.028169870376586914
0.03624916076660156
0.03255605697631836
0.02915215492248535
0.030272245407104492
0.037566184997558594
0.03722953796386719
0.05044746398925781
0.15375566482543945
0.06887125968933105
0.043856143951416016
0.05616188049316406
0.0423128604888916
0.043859243392944336
0.0432741641998291
0.05191802978515625
0.05879855155944824
0.04792594909667969
0.05813765525817871
0.04892778396606445
0.04988265037536621
0.05025219917297363
0.05682635307312012
0.06415796279907227
0.04825949668884277
0.04846835136413574
0.05214118957519531
0.06754302978515625
0.05299210548400879
0.052716732025146484
0.054145097732543945
0.07161259651184082
0.059182167053222656
0.060678958892822266
0.06176590919494629
0.07456564903259277
0.06285953521728516
0.05909395217895508
0.06465268135070801
0.07607674598693848
0.06882381439208984
0.08067083358764648
0.06604671478271484
0.07024383544921875
0.06847953796386719
0.06785368919372559
0.0746917724609375
0.07524871826171875
0.0802152156829834
0.07362222671508789
0.07688570022583008
0.08342385292053223
0.0940091609954834
0.07633495330810547
0.08507919311523438
0.09077739715576172
0.10013771057128906
0.10344219207763672
0.09997797012329102
0.08838677406311035
0.11938905715942383
0.0928351879119873
0.09392786026000977
0.10781145095825195
0.08963608741760254
0.09309148788452148
0.09437036514282227
0.11027812957763672
0.0952908992767334
0.10247659683227539
0.11061358451843262
0.0979921817779541
0.0988471508026123
0.10096406936645508
0.10222196578979492
0.11998558044433594
0.1038515567779541
0.11724019050598145
0.10616493225097656
0.1162271499633789
0.11447906494140625
0.10776519775390625
0.11616945266723633
0.12629127502441406
0.10951447486877441
0.11039209365844727
0.11544275283813477
0.012910842895507812
0.010511636734008789
0.012967109680175781
0.015109777450561523
0.020339250564575195
0.029875755310058594
0.03510475158691406
0.02324819564819336
0.03818368911743164
0.021545886993408203
0.05518603324890137
0.02736687660217285
0.018245458602905273
0.026961803436279297
0.01647162437438965
0.030492544174194336
0.02048015594482422
0.029270172119140625
0.02005600929260254
0.0219419002532959
0.043616533279418945
0.032326459884643555
0.0317378044128418
0.033348798751831055
0.0329890251159668
0.044606685638427734
0.0291898250579834
0.03538703918457031
0.06394815444946289
0.0314631462097168
0.049477338790893555
0.03948807716369629
0.058394432067871094
0.04465627670288086
0.052788734436035156
0.0426177978515625
0.03442525863647461
0.05389857292175293
0.04221987724304199
0.050778865814208984
0.03831028938293457
0.034177541732788086
0.04146623611450195
0.05470705032348633
0.03727912902832031
0.04299521446228027
0.05305147171020508
0.04341530799865723
0.04671978950500488
0.05922579765319824
0.05194687843322754
0.05240321159362793
0.05005025863647461
0.06056785583496094
0.05740618705749512
0.06859564781188965
0.0700376033782959
0.0602412223815918
0.05422639846801758
0.05939316749572754
0.060732126235961914
0.0641934871673584
0.06238865852355957
0.07616662979125977
0.06441020965576172
0.06567931175231934
0.05640816688537598
0.060550689697265625
0.07078099250793457
0.07856631278991699
0.06071615219116211
0.060392141342163086
0.07847094535827637
0.0639641284942627
0.06319618225097656
0.07372474670410156
0.06528878211975098
0.06119346618652344
0.05775642395019531
0.07403826713562012
0.060610294342041016
0.0615077018737793
0.07585263252258301
0.05505037307739258
0.06409025192260742
0.05554676055908203
0.0629570484161377
0.048278093338012695
0.04447174072265625
0.06799960136413574
0.053066253662109375
0.05464339256286621
0.040488243103027344
0.058454275131225586
0.06185007095336914
0.061218976974487305
0.03230404853820801
0.029494285583496094
0.03906726837158203
0.03233838081359863
0.04343605041503906
0.028766870498657227
0.03641796112060547
0.028682470321655273
0.021838903427124023
0.02549290657043457
0.0268247127532959
0.039392948150634766
0.02324843406677246
0.024941444396972656
0.03149104118347168
0.024127960205078125
0.03898000717163086
0.0290067195892334
0.026844024658203125
0.031294822692871094
0.030452728271484375
0.03246903419494629
0.028604507446289062
0.03562569618225098
0.03895211219787598
0.0311429500579834
0.027877092361450195
0.029049396514892578
0.024411916732788086
0.03142690658569336
0.03935742378234863
0.0391545295715332
0.030373096466064453
0.02812933921813965
0.04760122299194336
0.033516645431518555
0.0376276969909668
0.03800010681152344
0.02380681037902832
0.03322339057922363
0.034983158111572266
0.02250814437866211
0.02828192710876465
0.044225454330444336
0.031571388244628906
0.03322172164916992
0.030117273330688477
0.03284573554992676
0.0344691276550293
0.0333099365234375
0.03712010383605957
0.041205406188964844
0.03605031967163086
0.04748988151550293
0.03191351890563965
0.03931403160095215
0.05304861068725586
0.05504202842712402
0.04328036308288574
0.04586601257324219
0.042199134826660156
0.04046511650085449
0.0362093448638916
0.04124617576599121
0.03596949577331543
0.05088162422180176
0.04452037811279297
0.037883758544921875
0.03957772254943848
0.03842782974243164
0.03849911689758301
0.03658318519592285
0.037461280822753906
0.03925776481628418
0.04104781150817871
0.04212045669555664
0.038075923919677734
0.058359622955322266
0.05209827423095703
0.052504777908325195
0.048570871353149414
0.05373120307922363
0.04645395278930664
0.04236578941345215
0.04003286361694336
0.05346179008483887
0.15259575843811035
0.04050922393798828
0.14326190948486328
0.05789947509765625
0.14475750923156738
0.14513373374938965
0.05561375617980957
0.06329751014709473
0.19697856903076172
0.15500760078430176
0.05645465850830078
0.039751291275024414
0.15721869468688965
0.1446704864501953
0.053906917572021484
0.14265942573547363
0.03729677200317383
0.03862476348876953
0.05500340461730957
0.04405021667480469
0.05420851707458496
0.05044889450073242
0.05379366874694824
0.046569108963012695
0.04676485061645508
0.06797575950622559
0.07445287704467773
0.060533761978149414
0.04993462562561035
0.07018542289733887
0.13666105270385742
0.055837392807006836
0.06760191917419434
0.06098794937133789
0.05758309364318848
0.05971121788024902
0.07101082801818848
0.06298136711120605
0.07728338241577148
0.07370972633361816
0.08136773109436035
0.20119929313659668
0.2644176483154297
0.15854239463806152
0.10347604751586914
0.0449984073638916
0.13015389442443848
0.11943602561950684
0.1215813159942627
0.1077570915222168
0.12295770645141602
0.11347723007202148
0.023367881774902344
0.007361650466918945
0.014223814010620117
0.016673803329467773
0.018865346908569336
0.03046274185180664
0.026334047317504883
0.017926931381225586
0.03247189521789551
0.016334056854248047
0.028026103973388672
0.01846456527709961
0.02208733558654785
0.03590250015258789
0.020902156829833984
0.023088455200195312
0.032631635665893555
0.026622295379638672
0.03715181350708008
0.0203549861907959
0.032219648361206055
0.027861595153808594
0.023907184600830078
0.04071617126464844
0.03370976448059082
0.02204585075378418
0.035986900329589844
0.020598411560058594
0.029073476791381836
0.03644371032714844
0.02918386459350586
0.027980566024780273
0.03740715980529785
0.031081199645996094
0.02621173858642578
0.02739572525024414
0.04278969764709473
0.053002357482910156
0.03299403190612793
0.04847216606140137
0.03719592094421387
0.038391828536987305
0.035565853118896484
0.04050493240356445
0.04020071029663086
0.048367977142333984
0.04884910583496094
0.03768658638000488
0.03827095031738281
0.04405832290649414
0.040007591247558594
0.04573512077331543
0.03914833068847656
0.037517547607421875
0.037732839584350586
0.04294705390930176
0.03139066696166992
0.0578305721282959
0.06967353820800781
0.03537392616271973
0.033559560775756836
0.033731698989868164
0.07334709167480469
0.033631324768066406
0.049454450607299805
0.03426694869995117
0.04665803909301758
0.0336613655090332
0.03814363479614258
0.03756546974182129
0.036595821380615234
0.03183865547180176
0.03436088562011719
0.03275728225708008
0.03257441520690918
0.02788400650024414
0.03758049011230469
0.0286715030670166
0.02873706817626953
0.030751466751098633
0.028613805770874023
0.028896570205688477
0.04690837860107422
0.03196883201599121
0.040515899658203125
0.0565338134765625
0.0365138053894043
0.037901878356933594
0.04678750038146973
0.05029702186584473
0.05170321464538574
0.05314159393310547
0.038857221603393555
0.0419003963470459
0.05264139175415039
0.04566335678100586
0.0508120059967041
0.04798173904418945
0.05201554298400879
0.038275718688964844
0.04519152641296387
0.04786229133605957
0.04519462585449219
0.06056690216064453
0.05039477348327637
0.06631922721862793
0.05453896522521973
0.08239555358886719
0.057993412017822266
0.06432962417602539
0.06333804130554199
0.04336094856262207
0.047928571701049805
0.054619789123535156
0.04310131072998047
0.047759056091308594
0.04428434371948242
0.09839558601379395
0.04799175262451172
0.03186845779418945
0.23204445838928223
0.13290143013000488
0.1054229736328125
0.11515378952026367
0.12131071090698242
0.10895800590515137
0.11581993103027344
0.1088259220123291
0.011549234390258789
0.014995813369750977
0.013675928115844727
0.029867887496948242
0.017817020416259766
0.014262676239013672
0.028757095336914062
0.12991046905517578
0.1141352653503418
0.14815330505371094
0.1441650390625
0.09135580062866211
0.07847452163696289
0.1045835018157959
0.10775542259216309
0.06673502922058105
0.07097768783569336
0.08217120170593262
0.0993800163269043
0.06366324424743652
0.07588338851928711
0.06386637687683105
0.05571269989013672
0.05578422546386719
0.062038421630859375
0.053246259689331055
0.049956321716308594
0.04054689407348633
0.048943281173706055
0.03967714309692383
0.0451200008392334
0.046327829360961914
0.03768110275268555
0.04432201385498047
0.03977155685424805
0.03466200828552246
0.03747701644897461
0.05846858024597168
0.05054163932800293
0.05025124549865723
0.050348758697509766
0.046080827713012695
0.06312370300292969
0.04465341567993164
0.05349898338317871
0.049228668212890625
0.06325030326843262
0.047251224517822266
0.02755141258239746
0.028713464736938477
0.04060935974121094
0.03266787528991699
0.046935319900512695
0.04231762886047363
0.03579258918762207
0.04110860824584961
0.058536529541015625
0.03822612762451172
0.03760480880737305
0.04118633270263672
0.042455434799194336
0.04781651496887207
0.04186677932739258
0.06921005249023438
0.04496335983276367
0.05246162414550781
0.04691791534423828
0.07392024993896484
0.14861249923706055
0.13242030143737793
0.16996192932128906
0.3236203193664551
0.17129778861999512
0.1192626953125
0.07261300086975098
0.05186724662780762
0.06405234336853027
0.05323004722595215
0.1311028003692627
0.028592586517333984
0.10011982917785645
0.10871696472167969
0.08545589447021484
0.2987496852874756
0.09087824821472168
0.11230731010437012
0.2748868465423584
0.3336167335510254
0.09604263305664062
0.1030740737915039
0.12420487403869629
0.09714150428771973
0.12517881393432617
0.13344812393188477
0.09627008438110352
0.12011289596557617
0.09224414825439453
0.09672117233276367
0.11045122146606445
0.10924363136291504
0.09413909912109375
0.10142850875854492
0.10071635246276855
0.1079413890838623
0.10339856147766113
0.11296987533569336
0.10457348823547363
0.10213756561279297
0.10793018341064453
0.11001324653625488
0.14466571807861328
0.10929441452026367
0.12485504150390625
0.11245250701904297
0.1291208267211914
0.13010740280151367
0.10846900939941406
0.12604975700378418
0.11825799942016602
0.026967763900756836
0.13446998596191406
0.12563133239746094
0.12854385375976562
0.12543773651123047
0.2121717929840088
0.11185455322265625
0.11258506774902344
0.13266777992248535
0.11308741569519043
0.1273510456085205
0.1121511459350586
0.007801055908203125
0.024184465408325195
0.010648012161254883
0.010245084762573242
0.01504659652709961
0.015465736389160156
0.02105998992919922
0.015100955963134766
0.019451379776000977
0.05496692657470703
0.029050350189208984
0.2018110752105713
0.17190051078796387
0.17882299423217773
0.13430404663085938
0.11603856086730957
0.09639668464660645
0.09721565246582031
0.11145710945129395
0.1055760383605957
0.10242581367492676
0.11394023895263672
0.10684633255004883
0.10856080055236816
0.0962514877319336
0.13495349884033203
0.09652972221374512
0.11027908325195312
0.08069348335266113
0.0823812484741211
0.2505495548248291
0.07759428024291992
0.18419504165649414
0.07592535018920898
0.10413622856140137
0.08324289321899414
0.1699819564819336
0.1251206398010254
0.14402389526367188
0.10700583457946777
0.16463994979858398
0.10204005241394043
0.16214776039123535
0.12476396560668945
0.08601737022399902
0.1087501049041748
0.12239909172058105
0.1047353744506836
0.09964227676391602
0.0813906192779541
0.10729598999023438
0.13219571113586426
0.11756539344787598
0.12221145629882812
0.11849594116210938
0.1071767807006836
0.08790826797485352
0.08592867851257324
0.08968186378479004
0.09189152717590332
0.11266493797302246
0.10986685752868652
0.09693694114685059
0.0800175666809082
0.0875246524810791
0.10104012489318848
0.08437824249267578
0.10640907287597656
0.1386575698852539
0.05451154708862305
0.04337596893310547
0.0545201301574707
0.050461769104003906
0.09256887435913086
0.06469082832336426
0.04839920997619629
0.08705735206604004
0.05363178253173828
0.05847454071044922
0.09033560752868652
0.041257619857788086
0.048133134841918945
0.08046674728393555
0.04108929634094238
0.0557098388671875
0.07267928123474121
0.04590177536010742
0.05217623710632324
0.04758048057556152
0.060395002365112305
0.04737257957458496
0.05129742622375488
0.04905867576599121
0.05324697494506836
0.04958009719848633
0.06486630439758301
0.05480217933654785
0.07430076599121094
0.05923771858215332
0.07959675788879395
0.06023216247558594
0.06139945983886719
0.07808399200439453
0.08134317398071289
0.0763247013092041
0.07686829566955566
0.06376409530639648
0.06971931457519531
0.05886363983154297
0.06792402267456055
0.07455325126647949
0.06387567520141602
0.060097455978393555
0.0749363899230957
0.07053089141845703
0.06099438667297363
0.061443328857421875
0.07809114456176758
0.06304097175598145
0.06970620155334473
0.08131003379821777
0.0850229263305664
0.07766199111938477
0.07396674156188965
0.1162564754486084
0.08050918579101562
0.07135725021362305
0.07828044891357422
0.08552217483520508
0.07434487342834473
0.08744049072265625
0.09506392478942871
0.07269477844238281
0.0790102481842041
0.07544875144958496
0.06878161430358887
0.071258544921875
0.0755620002746582
0.08063459396362305
0.07791566848754883
0.15797138214111328
0.14714622497558594
0.23946595191955566
0.08864116668701172
0.22280550003051758
0.10968899726867676
0.10981917381286621
0.1470503807067871
0.3188474178314209
0.19261741638183594
0.0676429271697998
0.8142197132110596
0.5953965187072754
0.3715980052947998
0.16701817512512207
0.37660670280456543
0.19736337661743164
0.11952829360961914
0.09355330467224121
0.1535482406616211
0.12954187393188477
0.15062880516052246
0.14785289764404297
0.10625267028808594
0.09706807136535645
0.15613627433776855
0.09711694717407227
0.23094797134399414
0.09424424171447754
0.12001752853393555
0.11549806594848633
0.0791025161743164
0.08415460586547852
0.17333054542541504
0.05284452438354492
0.07430577278137207
0.1049203872680664
0.062174320220947266
0.048935890197753906
0.04519033432006836
0.05076432228088379
0.05966520309448242
0.06252288818359375
0.061307430267333984
0.05718517303466797
0.11770319938659668
0.06817245483398438
0.06354546546936035
0.09675288200378418
0.11593961715698242
0.05264687538146973
0.0808725357055664
0.0752112865447998
0.023878812789916992
0.12306928634643555
0.224257230758667
0.08039975166320801
0.1790015697479248
0.16045904159545898
0.27415990829467773
0.2739439010620117
0.07386255264282227
0.1174015998840332
0.10326027870178223
0.08610653877258301
0.08880376815795898
0.10179686546325684
0.10159635543823242
0.17775249481201172
0.1821129322052002
0.08065915107727051
0.08378863334655762
0.1288306713104248
0.1947925090789795
0.09251093864440918
0.11195921897888184
0.09920930862426758
0.06566166877746582
0.10908842086791992
0.06599640846252441
0.10567426681518555
0.1329631805419922
0.1380157470703125
0.05858755111694336
0.2172105312347412
0.10967874526977539
0.11412215232849121
0.08747315406799316
0.11176371574401855
0.11968040466308594
0.0645451545715332
0.12379884719848633
0.0844569206237793
0.10793614387512207
0.08595681190490723
0.03834939002990723
0.0723268985748291
0.2851083278656006
0.10447454452514648
0.10389184951782227
0.09036493301391602
0.07280993461608887
0.10208821296691895
0.07443404197692871
0.11993169784545898
0.07635164260864258
0.10209298133850098
0.09430289268493652
0.11232137680053711
0.14970922470092773
0.10897159576416016
0.16300630569458008
0.11756443977355957
0.16775727272033691
0.10432219505310059
0.10380959510803223
0.07633757591247559
0.12728190422058105
0.06965398788452148
0.07083749771118164
0.10103321075439453
0.11537861824035645
0.13007831573486328
0.07559347152709961
0.06740403175354004
0.07454657554626465
0.10093331336975098
0.06084036827087402
0.13738584518432617
0.11121654510498047
0.15490317344665527
0.06980609893798828
0.1650552749633789
0.1374673843383789
0.11166691780090332
0.19221091270446777
0.17010045051574707
0.14359021186828613
0.14260411262512207
0.24161911010742188
0.11035633087158203
0.11351323127746582
0.12362098693847656
0.1393599510192871
0.15302705764770508
0.17608976364135742
0.13699913024902344
0.11686563491821289
0.1192479133605957
0.1327686309814453
0.11092448234558105
0.12093472480773926
0.1535494327545166
0.13255000114440918
0.16315960884094238
0.16644787788391113
0.11468172073364258
0.1352531909942627
0.13019943237304688
0.10913991928100586
0.16031980514526367
0.11067652702331543
0.16814732551574707
0.11123919486999512
0.12370491027832031
0.1171579360961914
0.13169002532958984
0.12845277786254883
0.09239721298217773
0.09539794921875
0.10808157920837402
0.11558651924133301
0.14406657218933105
0.13957762718200684
0.15188813209533691
0.15764307975769043
0.11214637756347656
0.06267952919006348
0.07254910469055176
0.08286714553833008
0.08074426651000977
0.07823371887207031
0.12670564651489258
0.13336992263793945
0.12415695190429688
0.0880429744720459
0.0718240737915039
0.06583952903747559
0.07725954055786133
0.08038949966430664
0.07730984687805176
0.06988072395324707
0.0827186107635498
0.08022475242614746
0.16875123977661133
0.07248902320861816
0.06771540641784668
0.04485464096069336
0.040099143981933594
0.039825439453125
0.042662858963012695
0.05227231979370117
0.06569385528564453
0.0492398738861084
0.07914113998413086
0.06484317779541016
0.05008196830749512
0.05272865295410156
0.05664396286010742
0.07128262519836426
0.07467007637023926
0.0616757869720459
0.07425546646118164
0.06044650077819824
0.07339954376220703
0.07766342163085938
0.07902789115905762
0.06899905204772949
0.06485366821289062
0.06573843955993652
0.06314921379089355
0.06543135643005371
0.08905386924743652
0.07069134712219238
0.07312345504760742
0.05628609657287598
0.057021379470825195
0.06341981887817383
0.059602975845336914
0.0652780532836914
0.07549762725830078
0.06377744674682617
0.05235886573791504
0.05292701721191406
0.05413007736206055
0.06762290000915527
0.0721426010131836
0.05790352821350098
0.06187701225280762
0.05996894836425781
0.09272170066833496
0.07518458366394043
0.061850547790527344
0.05542421340942383
0.05819344520568848
0.054712772369384766
0.07251095771789551
0.06082510948181152
0.07601308822631836
0.07065773010253906
0.06480097770690918
0.05204963684082031
0.05723285675048828
0.05358386039733887
0.05666208267211914
0.06312966346740723
0.06406831741333008
0.07905960083007812
0.0742502212524414
0.06564497947692871
0.08272433280944824
0.08690404891967773
0.07959175109863281
0.07621574401855469
0.07904791831970215
0.06189751625061035
0.07730388641357422
0.06725382804870605
0.06082773208618164
0.06408858299255371
0.06515240669250488
0.07943987846374512
0.07309103012084961
0.07547235488891602
0.07170367240905762
0.07441020011901855
0.07960343360900879
0.07742786407470703
0.06934595108032227
0.16562724113464355
0.06956815719604492
0.06620001792907715
0.09215974807739258
0.07065153121948242
0.2056112289428711
0.06205105781555176
0.08283495903015137
0.24667882919311523
0.25629091262817383
0.15938425064086914
0.12346553802490234
0.12103414535522461
0.10742020606994629
0.10197925567626953
0.1206965446472168
0.11508393287658691
0.1782667636871338
0.09652256965637207
0.1182260513305664
0.09514188766479492
0.08152651786804199
0.10644674301147461
0.08268165588378906
0.0871737003326416
0.08764481544494629
0.0883021354675293
0.11910820007324219
0.09048199653625488
0.09754061698913574
0.09816980361938477
0.08793282508850098
0.11397528648376465
0.10211181640625
0.07024574279785156
0.0853433609008789
0.06516528129577637
0.14857792854309082
0.14745879173278809
0.13759303092956543
0.23372173309326172
0.06272339820861816
0.11488819122314453
0.11326980590820312
0.18082880973815918
0.10922670364379883
0.05717611312866211
0.13810038566589355
0.1592097282409668
0.18871760368347168
0.24169278144836426
0.1533217430114746
0.11059689521789551
0.11822319030761719
0.2725539207458496
0.054840087890625
0.06125044822692871
0.05545210838317871
0.12067580223083496
0.09986591339111328
0.06459498405456543
0.17672371864318848
0.12297987937927246
0.12466621398925781
0.13189435005187988
0.14367437362670898
0.1281142234802246
0.1006784439086914
0.12853026390075684
0.10256028175354004
0.1894845962524414
0.11835980415344238
0.11703681945800781
0.11736869812011719
0.10339641571044922
0.13544917106628418
0.1638319492340088
0.1897585391998291
0.055220842361450195
0.07633805274963379
0.09763121604919434
0.07348155975341797
0.07257509231567383
0.08546614646911621
0.07520937919616699
0.10612201690673828
0.07153773307800293
0.08732223510742188
0.15769362449645996
0.06961989402770996
0.24509859085083008
0.0494685173034668
0.054682016372680664
0.048706769943237305
0.05656599998474121
0.08181309700012207
0.02237844467163086
0.13848042488098145
0.25119662284851074
0.16315793991088867
0.07000589370727539
0.09552145004272461
0.08809971809387207
0.09586572647094727
0.17758440971374512
0.048227787017822266
0.3724541664123535
0.13226580619812012
0.05104684829711914
0.03896450996398926
0.04812788963317871
0.029766321182250977
0.03358125686645508
0.022406578063964844
0.03332376480102539
0.1525707244873047
0.023752689361572266
0.02546977996826172
0.04271864891052246
0.023061513900756836
0.058733224868774414
0.16075468063354492
0.13278818130493164
0.47153234481811523
0.2672734260559082
0.1116480827331543
0.0785973072052002
0.055475473403930664
0.04902243614196777
0.03221917152404785
0.0823369026184082
0.04117703437805176
0.03296041488647461
0.0859076976776123
0.06688094139099121
0.07175350189208984
0.09861445426940918
0.1588420867919922
0.04351210594177246
0.1181936264038086
0.020827770233154297
0.09249496459960938
0.19841408729553223
0.20678973197937012
0.2081282138824463
0.0786137580871582
0.1964726448059082
0.16170096397399902
0.07160830497741699
0.043107032775878906
0.36809253692626953
0.1638195514678955
0.14714288711547852
0.05926036834716797
0.06264376640319824
0.05056142807006836
0.027127504348754883
0.13222885131835938
0.11029887199401855
0.09633493423461914
0.24488592147827148
0.1110844612121582
0.09179353713989258
0.07482504844665527
0.04803943634033203
0.03762078285217285
0.0626986026763916
0.07997298240661621
0.07776498794555664
0.11750602722167969
0.03235650062561035
0.029489755630493164
0.0371396541595459
0.04973268508911133
0.04327130317687988
0.11251544952392578
0.038599252700805664
0.07959842681884766
0.1743156909942627
0.11440300941467285
0.1267848014831543
0.13031935691833496
0.10555267333984375
0.22900819778442383
0.2612473964691162
0.17362594604492188
0.24226999282836914
0.17850661277770996
0.4235374927520752
0.20594573020935059
0.06497979164123535
0.07017970085144043
0.09797525405883789
0.09277057647705078
0.10175561904907227
0.11669921875
0.11794137954711914
0.18005919456481934
0.16777896881103516
0.19100642204284668
0.17905616760253906
0.1297297477722168
0.10605454444885254
0.11603617668151855
0.2628769874572754
0.14945077896118164
0.07995009422302246
