0.051728010177612305
0.13439536094665527
0.07160687446594238
0.13846993446350098
0.040271759033203125
0.14618468284606934
0.028224468231201172
0.13342070579528809
0.13899874687194824
0.12867164611816406
0.025737285614013672
0.23527932167053223
0.14315295219421387
0.16106581687927246
0.13115286827087402
0.03765392303466797
0.13143682479858398
0.137833833694458
0.038552284240722656
0.03186464309692383
0.04132246971130371
0.03933119773864746
0.037305593490600586
0.04075789451599121
0.03665351867675781
0.04098176956176758
0.03343963623046875
0.03479790687561035
0.0355224609375
0.03560495376586914
0.033986806869506836
0.03954958915710449
0.03625917434692383
0.1525859832763672
0.046076059341430664
0.04072713851928711
0.04069876670837402
0.04897022247314453
0.04588460922241211
0.049317359924316406
0.04452252388000488
0.046373605728149414
0.04424238204956055
0.04468059539794922
0.050757646560668945
0.05484461784362793
0.04649949073791504
0.05721020698547363
0.05795454978942871
0.05311870574951172
0.05447959899902344
0.05836915969848633
0.060469627380371094
0.062162160873413086
0.06261205673217773
0.05920124053955078
0.06094956398010254
0.06578731536865234
0.057277679443359375
0.07292532920837402
0.06687593460083008
0.059905052185058594
0.059912681579589844
0.07021546363830566
0.0632786750793457
0.07120895385742188
0.06689929962158203
0.07206845283508301
0.07149052619934082
0.07425928115844727
0.07870912551879883
0.07016849517822266
0.06993794441223145
0.06994152069091797
0.07518911361694336
0.0834958553314209
0.0805363655090332
0.08869171142578125
0.07729172706604004
0.11250185966491699
0.10488128662109375
0.08351373672485352
0.09533095359802246
0.09555578231811523
0.09104371070861816
0.11458158493041992
0.08826279640197754
0.12886929512023926
0.10271406173706055
0.09063100814819336
0.10530710220336914
0.10024499893188477
0.10621094703674316
0.10184121131896973
0.09515881538391113
0.09706878662109375
0.10454320907592773
0.09967637062072754
0.11059951782226562
0.10309910774230957
0.10468053817749023
0.11619806289672852
0.10924220085144043
0.10709857940673828
0.12153005599975586
0.1113426685333252
0.10850191116333008
0.12314081192016602
0.12789154052734375
0.12034726142883301
0.12177920341491699
0.11756205558776855
0.018776893615722656
0.011419534683227539
0.013941287994384766
0.02125692367553711
0.022385835647583008
0.03150773048400879
0.0308687686920166
0.02562093734741211
0.03195047378540039
0.02874135971069336
0.03805947303771973
0.024283409118652344
0.028897762298583984
0.05691790580749512
0.026964426040649414
0.03264021873474121
0.059767723083496094
0.050726890563964844
0.026232004165649414
0.03388857841491699
0.03108954429626465
0.02967214584350586
0.05529522895812988
0.03573417663574219
0.0395960807800293
0.030382394790649414
0.030183792114257812
0.042841196060180664
0.060491085052490234
0.0325009822845459
0.049813032150268555
0.03558468818664551
0.03710651397705078
0.0458223819732666
0.055438995361328125
0.04386591911315918
0.035385847091674805
0.04176211357116699
0.03726696968078613
0.03665471076965332
0.0448763370513916
0.046990394592285156
0.05247664451599121
0.04342079162597656
0.04757547378540039
0.049361228942871094
0.04338788986206055
0.05403280258178711
0.05370044708251953
0.044788360595703125
0.05823850631713867
0.06418061256408691
0.05259561538696289
0.05732917785644531
0.06879973411560059
0.08989191055297852
0.054551124572753906
0.06276416778564453
0.06522488594055176
0.05515003204345703
0.0568842887878418
0.07515263557434082
0.06923794746398926
0.06106138229370117
0.06534314155578613
0.062206268310546875
0.0736227035522461
0.06344008445739746
0.07111835479736328
0.07717347145080566
0.06683969497680664
0.06625986099243164
0.06373023986816406
0.07039737701416016
0.0598752498626709
0.05999565124511719
0.07111549377441406
0.062131404876708984
0.05977797508239746
0.0761866569519043
0.06817865371704102
0.06349611282348633
0.0702505111694336
0.05624961853027344
0.06436491012573242
0.06771087646484375
0.05523347854614258
0.055803775787353516
0.0569150447845459
0.06955981254577637
0.0430910587310791
0.046647071838378906
0.051190853118896484
0.054929494857788086
0.044531822204589844
0.05272793769836426
0.04069685935974121
0.04616689682006836
0.04068493843078613
0.02973651885986328
0.034860849380493164
0.039304494857788086
0.04777407646179199
0.01958632469177246
0.02838897705078125
0.02279806137084961
0.028261423110961914
0.04847908020019531
0.025007247924804688
0.03237438201904297
0.02334308624267578
0.03480815887451172
0.03385663032531738
0.031378984451293945
0.033181190490722656
0.03783917427062988
0.031722307205200195
0.03967761993408203
0.030848264694213867
0.03262019157409668
0.025700092315673828
0.03889942169189453
0.028728246688842773
0.02626800537109375
0.02648448944091797
0.0212399959564209
0.03189659118652344
0.0409693717956543
0.033151865005493164
0.050078630447387695
0.03900885581970215
0.029836177825927734
0.03994131088256836
0.03440380096435547
0.04667353630065918
0.0397794246673584
0.0265047550201416
0.02902054786682129
0.0362091064453125
0.035892486572265625
0.037859201431274414
0.038832902908325195
0.04049372673034668
0.04572153091430664
0.03677034378051758
0.04044055938720703
0.04864645004272461
0.03882169723510742
0.03815770149230957
0.03857541084289551
0.04158186912536621
0.04021954536437988
0.040349721908569336
0.04333806037902832
0.050650835037231445
0.0524904727935791
0.037822723388671875
0.036647796630859375
0.042775869369506836
0.05196428298950195
0.041971445083618164
0.03706526756286621
0.050583600997924805
0.04393720626831055
0.042540788650512695
0.04066586494445801
0.045026540756225586
0.03892397880554199
0.04426431655883789
0.04691147804260254
0.04290628433227539
0.048061370849609375
0.04381251335144043
0.046758413314819336
0.049870967864990234
0.06594085693359375
0.05520892143249512
0.03972887992858887
0.04743504524230957
0.03921794891357422
0.0528564453125
0.03681349754333496
0.16475915908813477
0.05624032020568848
0.1549217700958252
0.04689288139343262
0.14564824104309082
0.15127158164978027
0.05130171775817871
0.05847978591918945
0.18753647804260254
0.1517801284790039
0.057566165924072266
0.052045583724975586
0.1488633155822754
0.15614104270935059
0.038312435150146484
0.15318846702575684
0.04393625259399414
0.04495096206665039
0.04060792922973633
0.049790143966674805
0.04576301574707031
0.04671430587768555
0.049155473709106445
0.04903411865234375
0.048697471618652344
0.057717084884643555
0.08268165588378906
0.0646212100982666
0.056619882583618164
0.06524801254272461
0.05667924880981445
0.058199167251586914
0.060698509216308594
0.06449341773986816
0.06804656982421875
0.060634613037109375
0.06275725364685059
0.060095787048339844
0.06277060508728027
0.07392096519470215
0.08185577392578125
0.1835341453552246
0.3853471279144287
0.16659879684448242
0.11989259719848633
0.06697225570678711
0.1319594383239746
0.12081742286682129
0.1360642910003662
0.11976289749145508
0.11432409286499023
0.11099553108215332
0.015177249908447266
0.012978315353393555
0.016536474227905273
0.018423795700073242
0.020334959030151367
0.015053272247314453
0.0308990478515625
0.018897056579589844
0.016529083251953125
0.023432016372680664
0.022930383682250977
0.01956486701965332
0.01918959617614746
0.015899658203125
0.036177635192871094
0.01926589012145996
0.01981353759765625
0.03369951248168945
0.029236316680908203
0.025761842727661133
0.03691411018371582
0.03312849998474121
0.03398418426513672
0.031042814254760742
0.02715468406677246
0.027825355529785156
0.03233599662780762
0.021450519561767578
0.02572917938232422
0.042548418045043945
0.03556704521179199
0.028806686401367188
0.03773665428161621
0.033220767974853516
0.03602337837219238
0.02833867073059082
0.03444337844848633
0.06067466735839844
0.0411076545715332
0.03879737854003906
0.0343015193939209
0.03916358947753906
0.045891761779785156
0.03719067573547363
0.046100616455078125
0.03627514839172363
0.043354034423828125
0.047902584075927734
0.03909468650817871
0.05121898651123047
0.04080796241760254
0.058507680892944336
0.04159879684448242
0.04901766777038574
0.0539853572845459
0.03861427307128906
0.04469799995422363
0.06868648529052734
0.035233497619628906
0.04806375503540039
0.03457450866699219
0.04474067687988281
0.04858565330505371
0.052799224853515625
0.03498959541320801
0.03519606590270996
0.034554481506347656
0.04575300216674805
0.03559756278991699
0.04582476615905762
0.038388729095458984
0.03425097465515137
0.03172183036804199
0.03517961502075195
0.03927040100097656
0.03876161575317383
0.038279056549072266
0.03495311737060547
0.031419992446899414
0.0399022102355957
0.039087533950805664
0.029786109924316406
0.040712833404541016
0.042014122009277344
0.05477571487426758
0.07854032516479492
0.044147491455078125
0.04450702667236328
0.04326462745666504
0.03621983528137207
0.03792762756347656
0.045935630798339844
0.04827308654785156
0.03947782516479492
0.044541120529174805
0.04813981056213379
0.05175447463989258
0.053904056549072266
0.04387187957763672
0.04904985427856445
0.051497697830200195
0.053243398666381836
0.04602193832397461
0.05600476264953613
0.05281949043273926
0.06732678413391113
0.050559282302856445
0.0834503173828125
0.054015159606933594
0.0697481632232666
0.05395078659057617
0.044306039810180664
0.05418276786804199
0.04893302917480469
0.043849945068359375
0.05415511131286621
0.045322418212890625
0.11670255661010742
0.04452085494995117
0.028273344039916992
0.21235394477844238
0.1079854965209961
0.10140657424926758
0.12663674354553223
0.11686110496520996
0.11513853073120117
0.10773420333862305
0.116058349609375
0.013418912887573242
0.01751255989074707
0.014701366424560547
0.024897098541259766
0.02436971664428711
0.0150299072265625
0.0210721492767334
0.11310601234436035
0.1148381233215332
0.14370250701904297
0.13516998291015625
0.10929226875305176
0.09323430061340332
0.10548281669616699
0.0969381332397461
0.06799840927124023
0.07368659973144531
0.061953067779541016
0.09655189514160156
0.06534504890441895
0.06003737449645996
0.054024696350097656
0.06358647346496582
0.05864834785461426
0.05935096740722656
0.0555572509765625
0.047876596450805664
0.04158830642700195
0.04974794387817383
0.040596961975097656
0.0413055419921875
0.04845714569091797
0.06677961349487305
0.055959463119506836
0.04261159896850586
0.04043769836425781
0.04396533966064453
0.04812169075012207
0.048177480697631836
0.05553030967712402
0.0568392276763916
0.052018165588378906
0.055757999420166016
0.04561877250671387
0.05071544647216797
0.04593300819396973
0.046718597412109375
0.05307149887084961
0.02999258041381836
0.034586191177368164
0.02695155143737793
0.029970645904541016
0.053061723709106445
0.030275344848632812
0.03262042999267578
0.032953739166259766
0.054305315017700195
0.03937840461730957
0.05051422119140625
0.042028188705444336
0.043500423431396484
0.054468393325805664
0.053032636642456055
0.06982016563415527
0.04748344421386719
0.04431891441345215
0.06813693046569824
0.12859010696411133
0.12938737869262695
0.0724174976348877
0.13157010078430176
0.25014710426330566
0.09426331520080566
0.12436938285827637
0.06995940208435059
0.06652188301086426
0.08800220489501953
0.06144595146179199
0.12511157989501953
0.11149954795837402
0.07549381256103516
0.046838998794555664
0.08575081825256348
0.20157122611999512
0.2155437469482422
0.17803311347961426
0.19239449501037598
0.3337726593017578
0.12220621109008789
0.12519550323486328
0.12659740447998047
0.11774086952209473
0.12568998336791992
0.1505756378173828
0.11017322540283203
0.1190645694732666
0.11619210243225098
0.09418988227844238
0.09449458122253418
0.09653162956237793
0.10510730743408203
0.10851430892944336
0.1073756217956543
0.10447406768798828
0.10624194145202637
0.11025094985961914
0.1065056324005127
0.10835886001586914
0.11080074310302734
0.1183619499206543
0.14242959022521973
0.12373137474060059
0.12588024139404297
0.11537671089172363
0.13503313064575195
0.11466050148010254
0.1093747615814209
0.11622476577758789
0.10973811149597168
0.009707927703857422
0.12581372261047363
0.1274869441986084
0.13882112503051758
0.12661457061767578
0.21306848526000977
0.11802983283996582
0.11367487907409668
0.12994933128356934
0.12480640411376953
0.12116479873657227
0.11314678192138672
0.013641834259033203
0.016806602478027344
0.016025066375732422
0.011180400848388672
0.011335611343383789
0.022290945053100586
0.01766228675842285
0.01586627960205078
0.026632070541381836
0.0610356330871582
0.03036665916442871
0.20530438423156738
0.17539572715759277
0.17554402351379395
0.11812329292297363
0.11796832084655762
0.08871817588806152
0.0975792407989502
0.12823200225830078
0.08994054794311523
0.11466002464294434
0.10808730125427246
0.1117701530456543
0.10463976860046387
0.09975481033325195
0.13773298263549805
0.09223127365112305
0.10646605491638184
0.09432172775268555
0.08928322792053223
0.2521493434906006
0.07890462875366211
0.07527017593383789
0.1607961654663086
0.08586645126342773
0.10760307312011719
0.10024166107177734
0.21708965301513672
0.22344160079956055
0.08499550819396973
0.16550421714782715
0.09713101387023926
0.15473079681396484
0.09087562561035156
0.10133576393127441
0.09833693504333496
0.12541723251342773
0.12473440170288086
0.11218047142028809
0.08914709091186523
0.12554645538330078
0.14658331871032715
0.10215067863464355
0.11592364311218262
0.09301400184631348
0.08046793937683105
0.07385492324829102
0.06876277923583984
0.07503271102905273
0.07209920883178711
0.14672589302062988
0.07761931419372559
0.08137345314025879
0.0820014476776123
0.07171010971069336
0.1089329719543457
0.09444451332092285
0.06556558609008789
0.07763886451721191
0.07385826110839844
0.04448342323303223
0.0628957748413086
0.04604601860046387
0.09343624114990234
0.0535588264465332
0.055289506912231445
0.05239367485046387
0.06705737113952637
0.10590076446533203
0.09536004066467285
0.0476679801940918
0.04978799819946289
0.06122446060180664
0.0588228702545166
0.04794883728027344
0.07119226455688477
0.04799914360046387
0.04841876029968262
0.054296016693115234
0.04777789115905762
0.05917477607727051
0.05406928062438965
0.054445743560791016
0.05003762245178223
0.05035281181335449
0.060784339904785156
0.05175161361694336
0.06383943557739258
0.07230758666992188
0.07462906837463379
0.06116032600402832
0.06947588920593262
0.06769227981567383
0.06203722953796387
0.0609130859375
0.06693458557128906
0.06462311744689941
0.0714406967163086
0.05980324745178223
0.06981134414672852
0.06090712547302246
0.06610441207885742
0.06665158271789551
0.07163619995117188
0.060831546783447266
0.0673227310180664
0.07184219360351562
0.0620725154876709
0.07512736320495605
0.07631683349609375
0.07758593559265137
0.07802605628967285
0.08402800559997559
0.06984758377075195
0.11694669723510742
0.07713556289672852
0.07368969917297363
0.07941770553588867
0.08082747459411621
0.07513976097106934
0.07374835014343262
0.0858926773071289
0.07357144355773926
0.08544516563415527
0.08629250526428223
0.0695948600769043
0.07704806327819824
0.07298755645751953
0.07754707336425781
0.08631253242492676
0.11103487014770508
0.16667866706848145
0.05206418037414551
0.09002399444580078
0.2800905704498291
0.14345908164978027
0.14553475379943848
0.11210036277770996
1.2125935554504395
0.957495927810669
0.7329399585723877
0.5098104476928711
1.1316347122192383
0.9722893238067627
0.7760226726531982
0.5088157653808594
0.3526623249053955
0.15778112411499023
0.12395834922790527
0.15412592887878418
0.13213562965393066
0.09464836120605469
0.14608454704284668
0.10130763053894043
0.0952150821685791
0.12756872177124023
0.209151029586792
0.08827853202819824
0.1111288070678711
0.11570286750793457
0.12586474418640137
0.06400632858276367
0.08720541000366211
0.07615876197814941
0.07484555244445801
0.07863688468933105
0.1345806121826172
0.08176040649414062
0.05599093437194824
0.05236005783081055
0.05203890800476074
0.08096766471862793
0.08415412902832031
0.09018945693969727
0.05910205841064453
0.09132099151611328
0.1031792163848877
0.05924344062805176
0.10592365264892578
0.13608908653259277
0.07162880897521973
0.06307744979858398
0.22922158241271973
0.0626063346862793
0.12416839599609375
0.12676501274108887
0.08119082450866699
0.11014175415039062
0.18970942497253418
0.20955276489257812
0.2468881607055664
0.09297657012939453
0.11205816268920898
0.07658791542053223
0.07149314880371094
0.14232826232910156
0.10578441619873047
0.1472029685974121
0.07084989547729492
0.1681044101715088
0.09748029708862305
0.10020732879638672
0.1249537467956543
0.1952059268951416
0.06690740585327148
0.11426854133605957
0.08386850357055664
0.07242441177368164
0.06418514251708984
0.07252907752990723
0.08233284950256348
0.13320374488830566
0.1438770294189453
0.16354131698608398
0.20380687713623047
0.11311030387878418
0.1121671199798584
0.0807795524597168
0.06407046318054199
0.0740656852722168
0.07580304145812988
0.14119338989257812
0.05984354019165039
0.10770845413208008
0.053316354751586914
0.07771849632263184
0.05332517623901367
0.31197476387023926
0.1148831844329834
0.11537551879882812
0.09607887268066406
0.08556079864501953
0.09809732437133789
0.08091950416564941
0.13238763809204102
0.08376216888427734
0.07117557525634766
0.09556174278259277
0.12087607383728027
0.15274262428283691
0.12101101875305176
0.1636643409729004
0.16783928871154785
0.15459752082824707
0.10189342498779297
0.08625555038452148
0.0992133617401123
0.07478213310241699
0.10867643356323242
0.07357215881347656
0.09552788734436035
0.09319233894348145
0.09424591064453125
0.07248234748840332
0.0762641429901123
0.08048295974731445
0.08547520637512207
0.05021357536315918
0.1385498046875
0.06374478340148926
0.19671225547790527
0.05838799476623535
0.15378713607788086
0.1283876895904541
0.07741856575012207
0.16272878646850586
0.15950632095336914
0.17500042915344238
0.14015841484069824
0.22769880294799805
0.1471407413482666
0.1511242389678955
0.10723876953125
0.15668559074401855
0.12703299522399902
0.15254878997802734
0.10741996765136719
0.12389445304870605
0.1196601390838623
0.14294147491455078
0.10557198524475098
0.15653061866760254
0.15275788307189941
0.13016176223754883
0.14926552772521973
0.1590890884399414
0.1505591869354248
0.13189148902893066
0.12809157371520996
0.10609674453735352
0.17977452278137207
0.12613940238952637
0.13265681266784668
0.08989357948303223
0.10432672500610352
0.08878064155578613
0.1508784294128418
0.09137105941772461
0.09425139427185059
0.09167146682739258
0.10434174537658691
0.11703109741210938
0.12751102447509766
0.13450288772583008
0.11669039726257324
0.13329172134399414
0.0765373706817627
0.11440300941467285
0.06877374649047852
0.10727930068969727
0.06622529029846191
0.10857057571411133
0.12374639511108398
0.1377546787261963
0.14127850532531738
0.07907533645629883
0.06989836692810059
0.07215023040771484
0.07277631759643555
0.07603073120117188
0.07947254180908203
0.07107281684875488
0.06741738319396973
0.08363842964172363
0.05294084548950195
0.048276424407958984
0.06289219856262207
0.05305004119873047
0.05117344856262207
0.04087400436401367
0.053298234939575195
0.043288230895996094
0.06353878974914551
0.05010509490966797
0.05299258232116699
0.04824042320251465
0.05090641975402832
0.0536651611328125
0.0679788589477539
0.06761002540588379
0.0727534294128418
0.06352472305297852
0.06889748573303223
0.06695413589477539
0.06885051727294922
0.07040834426879883
0.0710458755493164
0.0798029899597168
0.06594204902648926
0.0722658634185791
0.06989336013793945
0.07655191421508789
0.07378816604614258
0.08255863189697266
0.07393884658813477
0.05721306800842285
0.06314849853515625
0.06005096435546875
0.060577392578125
0.06606769561767578
0.07062149047851562
0.06575846672058105
0.0645904541015625
0.06868743896484375
0.06346321105957031
0.07176661491394043
0.06776881217956543
0.06419754028320312
0.06951761245727539
0.07323336601257324
0.08948087692260742
0.05848860740661621
0.06299471855163574
0.056706905364990234
0.055367469787597656
0.055761098861694336
0.06774163246154785
0.0721595287322998
0.07650542259216309
0.06925201416015625
0.0655829906463623
0.06824278831481934
0.0587465763092041
0.05489635467529297
0.06920361518859863
0.059978485107421875
0.06648731231689453
0.06944751739501953
0.070556640625
0.06656527519226074
0.07371377944946289
0.0692751407623291
0.06887340545654297
0.07172894477844238
0.07754158973693848
0.07999992370605469
0.06840682029724121
0.07365131378173828
0.061631202697753906
0.07594180107116699
0.07696008682250977
0.07457995414733887
0.07552504539489746
0.08260774612426758
0.07258248329162598
0.08338689804077148
0.0858154296875
0.08828473091125488
0.07078123092651367
0.1769709587097168
0.06653213500976562
0.07237005233764648
0.06895160675048828
0.06686544418334961
0.20074868202209473
0.06372833251953125
0.07926273345947266
0.2116529941558838
0.25710320472717285
0.14040780067443848
0.11315774917602539
0.09520697593688965
0.11350321769714355
0.11731600761413574
0.11057925224304199
0.12656879425048828
0.25043582916259766
0.08287501335144043
0.12527775764465332
0.07522249221801758
0.08482909202575684
0.10421514511108398
0.090484619140625
0.08202648162841797
0.12259554862976074
0.09560775756835938
0.09830403327941895
0.12065935134887695
0.0953829288482666
0.10666346549987793
0.1100926399230957
0.1156606674194336
0.13744807243347168
0.07128119468688965
0.08430647850036621
0.08260512351989746
0.11684751510620117
0.1703786849975586
0.140625
0.21729254722595215
0.06300544738769531
0.22196555137634277
0.05565524101257324
0.10081291198730469
0.03327012062072754
0.09500598907470703
0.17723464965820312
0.13779354095458984
0.12227201461791992
0.23153090476989746
0.17741107940673828
0.1065073013305664
0.1618061065673828
0.272078275680542
0.07738208770751953
0.04172801971435547
0.04375505447387695
0.1683650016784668
0.1639418601989746
0.07427382469177246
0.13812661170959473
0.11892294883728027
0.13883447647094727
0.1380624771118164
0.12181758880615234
0.12032222747802734
0.12735295295715332
0.15006208419799805
0.20913100242614746
0.18547487258911133
0.1355443000793457
0.11365342140197754
0.10532689094543457
0.12502312660217285
0.0906975269317627
0.10198473930358887
0.18851089477539062
0.07469534873962402
0.05878281593322754
0.08505678176879883
0.0761117935180664
0.08011531829833984
0.06836533546447754
0.11129069328308105
0.10762906074523926
0.054645538330078125
0.07504153251647949
0.12891077995300293
0.17960238456726074
0.2125074863433838
0.05061793327331543
0.07970929145812988
0.049231767654418945
0.09552860260009766
0.08315873146057129
0.024888992309570312
0.1348729133605957
0.2616605758666992
0.18100690841674805
0.12370467185974121
0.1053164005279541
0.06357645988464355
0.08366680145263672
0.07656407356262207
0.04880952835083008
0.5131056308746338
0.3061869144439697
0.05320167541503906
0.03060150146484375
0.0492250919342041
0.03611254692077637
0.06734609603881836
0.04440593719482422
0.02132701873779297
0.06642770767211914
0.03704404830932617
0.02154684066772461
0.06279373168945312
0.029116153717041016
0.041791677474975586
0.1600632667541504
0.11817336082458496
0.43060922622680664
0.20649099349975586
0.1524646282196045
0.053117990493774414
0.029232025146484375
0.06409692764282227
0.034363508224487305
0.08909320831298828
0.06493115425109863
0.03520464897155762
0.03173232078552246
0.08190464973449707
0.07599902153015137
0.10814595222473145
0.1602497100830078
0.044480085372924805
0.16837787628173828
0.07401871681213379
0.11384987831115723
0.37261295318603516
0.515819787979126
0.34207725524902344
0.1525557041168213
0.16224360466003418
0.15473055839538574
0.07123422622680664
0.06174659729003906
0.3892550468444824
0.18497514724731445
0.14344024658203125
0.06123638153076172
0.07023406028747559
0.033962249755859375
0.06057143211364746
0.11643195152282715
0.14728260040283203
0.0728752613067627
0.23526215553283691
0.09001874923706055
0.10331535339355469
0.07393860816955566
0.04346871376037598
0.03869915008544922
0.06419634819030762
0.03505134582519531
0.07407331466674805
0.11504745483398438
0.04519844055175781
0.023946762084960938
0.0469508171081543
0.03904390335083008
0.05735611915588379
0.11300516128540039
0.11897802352905273
0.0913844108581543
0.1733260154724121
0.13609004020690918
0.13871216773986816
0.12149286270141602
0.10436868667602539
0.20797276496887207
0.26111626625061035
0.06483292579650879
0.2630000114440918
0.16467785835266113
0.3268897533416748
0.20511555671691895
0.12996172904968262
0.06990861892700195
0.06920433044433594
0.12580657005310059
0.1322469711303711
0.13121533393859863
0.13251638412475586
0.18945050239562988
0.09992718696594238
0.1914379596710205
0.16882014274597168
0.08773636817932129
0.14655423164367676
0.17646551132202148
0.2100050449371338
0.1912369728088379
0.12274742126464844
0.08110618591308594
0.171860933303833
0.10628247261047363
0.12520480155944824
0.1451420783996582
0.08158326148986816
0.26778721809387207
0.05629110336303711
0.07474875450134277
0.05218386650085449
0.10070538520812988
0.12003898620605469
0.14954638481140137
0.04663848876953125
0.021738052368164062
0.20492172241210938
0.14999628067016602
0.363478422164917
0.16141200065612793
0.0649411678314209
0.06429171562194824
0.24344205856323242
0.10010790824890137
0.07114982604980469
0.10944247245788574
0.04967904090881348
0.18779659271240234
0.22254419326782227
0.5468075275421143
0.3202226161956787
0.12023186683654785
0.09301328659057617
0.10298585891723633
0.05686593055725098
0.09359979629516602
0.041986703872680664
0.08294200897216797
0.04053497314453125
0.056029319763183594
0.19866704940795898
0.1509263515472412
0.15163922309875488
0.23979878425598145
0.10881161689758301
0.13962912559509277
0.4864985942840576
0.2817869186401367
0.08438491821289062
0.1483159065246582
0.08732318878173828
0.6535067558288574
0.42050862312316895
0.18155646324157715
0.3639814853668213
0.4113013744354248
0.206376314163208
0.17734026908874512
0.1502695083618164
0.2039198875427246
0.1622025966644287
0.18292617797851562
0.18245768547058105
0.06578445434570312
0.21835970878601074
0.1550157070159912
0.05741715431213379
0.11140179634094238
0.21832585334777832
0.2779407501220703
0.15779352188110352
0.04296398162841797
0.05008292198181152
0.09161639213562012
0.03998827934265137
0.04514360427856445
0.04971814155578613
0.11751651763916016
0.03122997283935547
0.05018043518066406
0.03482174873352051
0.04880356788635254
0.03307914733886719
0.028180599212646484
0.02678704261779785
0.03895306587219238
0.03878045082092285
0.1106576919555664
0.030930757522583008
0.053191423416137695
0.01555490493774414
0.01663351058959961
0.01624441146850586
0.020081758499145508
0.022672176361083984
0.017773866653442383
0.017963647842407227
0.08324241638183594
0.05611777305603027
0.10690593719482422
0.06241345405578613
0.0259859561920166
0.03637099266052246
0.037606000900268555
0.03319406509399414
0.03971982002258301
