0.049509525299072266
0.13298273086547852
0.05026960372924805
0.1887493133544922
0.02671980857849121
0.13918447494506836
0.0816183090209961
0.1318342685699463
0.128157377243042
0.1379387378692627
0.028375864028930664
0.2245936393737793
0.1353158950805664
0.15929794311523438
0.13013410568237305
0.037140607833862305
0.13001084327697754
0.1315603256225586
0.027653932571411133
0.025774002075195312
0.04092597961425781
0.03246760368347168
0.029055356979370117
0.033251047134399414
0.029859542846679688
0.028337955474853516
0.027517080307006836
0.033037662506103516
0.034613847732543945
0.030436277389526367
0.03318953514099121
0.03751063346862793
0.039443254470825195
0.14753222465515137
0.08205389976501465
0.03989434242248535
0.044992923736572266
0.05382680892944336
0.04436373710632324
0.039032697677612305
0.03900885581970215
0.045453786849975586
0.043537139892578125
0.043964385986328125
0.04939436912536621
0.050263166427612305
0.05058622360229492
0.05147957801818848
0.05154776573181152
0.051462411880493164
0.05199408531188965
0.048992156982421875
0.053127288818359375
0.053131103515625
0.05695986747741699
0.05756711959838867
0.05837202072143555
0.055374860763549805
0.05631685256958008
0.05748605728149414
0.06113600730895996
0.06320524215698242
0.06272125244140625
0.06533479690551758
0.0660405158996582
0.0658724308013916
0.07993555068969727
0.08221960067749023
0.06546211242675781
0.07217049598693848
0.0729210376739502
0.06932425498962402
0.0691065788269043
0.07963705062866211
0.06927371025085449
0.07749652862548828
0.07827043533325195
0.07706236839294434
0.08071374893188477
0.08549904823303223
0.10243964195251465
0.10584378242492676
0.09482026100158691
0.09513282775878906
0.08475947380065918
0.1259148120880127
0.09913110733032227
0.09418249130249023
0.10161566734313965
0.09490108489990234
0.0982520580291748
0.10301375389099121
0.099334716796875
0.09545183181762695
0.09447526931762695
0.11070394515991211
0.10237979888916016
0.10387754440307617
0.10569953918457031
0.1376814842224121
0.10803842544555664
0.10852861404418945
0.10675501823425293
0.11041808128356934
0.11660957336425781
0.10948586463928223
0.11145639419555664
0.11211156845092773
0.13223528861999512
0.11977672576904297
0.12093138694763184
0.11599206924438477
0.013420820236206055
0.010644912719726562
0.017927169799804688
0.01937246322631836
0.017348766326904297
0.029317378997802734
0.024501800537109375
0.023700237274169922
0.0257260799407959
0.017804622650146484
0.027298688888549805
0.0182187557220459
0.02329564094543457
0.06298637390136719
0.02093982696533203
0.025395870208740234
0.03763270378112793
0.029616594314575195
0.02976703643798828
0.02631998062133789
0.029238462448120117
0.02890491485595703
0.03758549690246582
0.02947711944580078
0.03321337699890137
0.03410196304321289
0.03961658477783203
0.031683921813964844
0.039406776428222656
0.0316469669342041
0.045552730560302734
0.050531625747680664
0.05303215980529785
0.050980329513549805
0.0553743839263916
0.04313230514526367
0.039606332778930664
0.03983449935913086
0.05395674705505371
0.03569746017456055
0.03878641128540039
0.03942680358886719
0.036194562911987305
0.04130387306213379
0.03740715980529785
0.04352736473083496
0.058840274810791016
0.04357337951660156
0.05207061767578125
0.04872488975524902
0.052605390548706055
0.04733085632324219
0.06094169616699219
0.07056999206542969
0.06339287757873535
0.09847378730773926
0.07030963897705078
0.06071043014526367
0.05894780158996582
0.06505775451660156
0.06139779090881348
0.06953072547912598
0.06281852722167969
0.06009173393249512
0.059221506118774414
0.06638813018798828
0.05656576156616211
0.057073354721069336
0.0762782096862793
0.060083627700805664
0.06533002853393555
0.06051039695739746
0.06692385673522949
0.059442758560180664
0.06341862678527832
0.06351995468139648
0.06598877906799316
0.06609797477722168
0.058319091796875
0.06926178932189941
0.07264304161071777
0.0680088996887207
0.0600278377532959
0.055231332778930664
0.05492091178894043
0.055678606033325195
0.048929452896118164
0.049040794372558594
0.05537605285644531
0.05691981315612793
0.05326676368713379
0.05000472068786621
0.040606021881103516
0.0482635498046875
0.047708988189697266
0.05121898651123047
0.03258633613586426
0.029644489288330078
0.03370404243469238
0.04311013221740723
0.0330500602722168
0.03303647041320801
0.022068023681640625
0.028338193893432617
0.03975176811218262
0.025913238525390625
0.027561664581298828
0.03976559638977051
0.02372264862060547
0.025609254837036133
0.026273727416992188
0.029111862182617188
0.028594970703125
0.0252683162689209
0.031919240951538086
0.0319521427154541
0.03637433052062988
0.0279238224029541
0.028896093368530273
0.030457735061645508
0.024988174438476562
0.03170013427734375
0.028040647506713867
0.0245664119720459
0.025287866592407227
0.03665018081665039
0.026317119598388672
0.033149003982543945
0.03061842918395996
0.033562421798706055
0.03322863578796387
0.03392958641052246
0.026850461959838867
0.03373885154724121
0.044912099838256836
0.03421783447265625
0.02447223663330078
0.02265024185180664
0.028636932373046875
0.04657387733459473
0.03199315071105957
0.028940200805664062
0.030211448669433594
0.029574155807495117
0.035117387771606445
0.03491854667663574
0.04663681983947754
0.03609728813171387
0.036618709564208984
0.03649449348449707
0.036379098892211914
0.05179119110107422
0.037947654724121094
0.037271976470947266
0.04363250732421875
0.040807485580444336
0.03689837455749512
0.04112410545349121
0.040265798568725586
0.04176688194274902
0.040552377700805664
0.04057621955871582
0.04436469078063965
0.03857135772705078
0.03628683090209961
0.03877878189086914
0.0392298698425293
0.037985801696777344
0.03793048858642578
0.035088300704956055
0.03754544258117676
0.04254317283630371
0.041669607162475586
0.04130673408508301
0.042093515396118164
0.04131484031677246
0.04940176010131836
0.04328322410583496
0.03722834587097168
0.04284405708312988
0.05041956901550293
0.05184435844421387
0.14167261123657227
0.04064178466796875
0.16404390335083008
0.04466509819030762
0.14913320541381836
0.15485906600952148
0.04553961753845215
0.05679464340209961
0.18743395805358887
0.145524263381958
0.04549717903137207
0.04384899139404297
0.14789175987243652
0.1453101634979248
0.04370260238647461
0.14697718620300293
0.04250311851501465
0.038750648498535156
0.03985404968261719
0.044774532318115234
0.04401350021362305
0.04518938064575195
0.04248404502868652
0.047022342681884766
0.04328441619873047
0.049393415451049805
0.07394075393676758
0.05952644348144531
0.05008101463317871
0.07517433166503906
0.11067605018615723
0.05720639228820801
0.058739662170410156
0.06164813041687012
0.061423301696777344
0.06537771224975586
0.07113265991210938
0.06321024894714355
0.06634855270385742
0.06307458877563477
0.07870221138000488
0.1895923614501953
0.2625091075897217
0.17369318008422852
0.05029106140136719
0.10139155387878418
0.13997173309326172
0.12381315231323242
0.10818910598754883
0.10790777206420898
0.10824990272521973
0.11928963661193848
0.013056516647338867
0.016323566436767578
0.014524459838867188
0.012441396713256836
0.013727903366088867
0.03093409538269043
0.034010887145996094
0.023659944534301758
0.03799581527709961
0.017075061798095703
0.01607823371887207
0.03542137145996094
0.017392635345458984
0.03658270835876465
0.0379486083984375
0.018305540084838867
0.022562265396118164
0.02265334129333496
0.026896238327026367
0.02404308319091797
0.02160167694091797
0.028011798858642578
0.027945995330810547
0.02916121482849121
0.025249719619750977
0.025737285614013672
0.036277055740356445
0.029660940170288086
0.025063276290893555
0.03668785095214844
0.02933049201965332
0.032412052154541016
0.03238344192504883
0.027301549911499023
0.030011415481567383
0.03182482719421387
0.03275299072265625
0.06560301780700684
0.03337216377258301
0.0315852165222168
0.037586212158203125
0.03851723670959473
0.03571510314941406
0.03643798828125
0.04066967964172363
0.03947043418884277
0.041199684143066406
0.042047739028930664
0.04217123985290527
0.04873394966125488
0.04399299621582031
0.04615330696105957
0.03527712821960449
0.03765249252319336
0.03791618347167969
0.03782510757446289
0.04231595993041992
0.039931535720825195
0.040108442306518555
0.04104804992675781
0.04457569122314453
0.03388190269470215
0.03290820121765137
0.06515836715698242
0.039933204650878906
0.0386357307434082
0.03756141662597656
0.03380894660949707
0.05069756507873535
0.041259050369262695
0.03745603561401367
0.03254961967468262
0.03491330146789551
0.02939891815185547
0.028464317321777344
0.032254934310913086
0.03264641761779785
0.029163360595703125
0.029081106185913086
0.02755451202392578
0.04317331314086914
0.03338503837585449
0.03572893142700195
0.03616905212402344
0.053273916244506836
0.08029437065124512
0.04782676696777344
0.03854250907897949
0.04134678840637207
0.03547525405883789
0.04140305519104004
0.04395437240600586
0.043865203857421875
0.042594194412231445
0.0530698299407959
0.0418391227722168
0.04598832130432129
0.04906105995178223
0.04687666893005371
0.03838992118835449
0.045702457427978516
0.04411005973815918
0.05477595329284668
0.06615018844604492
0.059927940368652344
0.050079345703125
0.06025886535644531
0.08539247512817383
0.04796886444091797
0.06189775466918945
0.04785299301147461
0.04761338233947754
0.04827165603637695
0.05312490463256836
0.057785987854003906
0.048094987869262695
0.33966612815856934
0.12882161140441895
0.05413627624511719
0.13202548027038574
0.2774486541748047
0.11257362365722656
0.1118009090423584
0.12272977828979492
0.11066126823425293
0.11835622787475586
0.1105506420135498
0.13158893585205078
0.02261495590209961
0.026885986328125
0.02705097198486328
0.019219160079956055
0.018165111541748047
0.018299102783203125
0.024561405181884766
0.13848233222961426
0.10838031768798828
0.15229487419128418
0.17543435096740723
0.11669015884399414
0.07880663871765137
0.11102557182312012
0.11090588569641113
0.10755562782287598
0.08581948280334473
0.06116533279418945
0.10703682899475098
0.0695037841796875
0.07329869270324707
0.053284406661987305
0.056266069412231445
0.06787276268005371
0.06269717216491699
0.06177163124084473
0.05034160614013672
0.07366514205932617
0.04369854927062988
0.03982734680175781
0.040643930435180664
0.04325103759765625
0.05166506767272949
0.04466986656188965
0.051280975341796875
0.03841257095336914
0.03766155242919922
0.059009552001953125
0.056704044342041016
0.04590797424316406
0.04575610160827637
0.0501706600189209
0.059378623962402344
0.04481029510498047
0.06071066856384277
0.05500292778015137
0.06356334686279297
0.045354366302490234
0.03297281265258789
0.024884462356567383
0.02972722053527832
0.03314638137817383
0.056917428970336914
0.03884077072143555
0.03612399101257324
0.03226423263549805
0.058161020278930664
0.03837871551513672
0.04311347007751465
0.04128670692443848
0.04266548156738281
0.04824948310852051
0.047431230545043945
0.058007240295410156
0.04545331001281738
0.04760932922363281
0.06984663009643555
0.12229394912719727
0.16833829879760742
0.07642674446105957
0.11116695404052734
0.20281171798706055
0.19057965278625488
0.0665748119354248
0.09709835052490234
0.05244565010070801
0.06707215309143066
0.04242992401123047
0.13022637367248535
0.11634516716003418
0.0969533920288086
0.07990407943725586
0.10480880737304688
0.18584728240966797
0.12894034385681152
0.16112709045410156
0.6263809204101562
0.41588354110717773
0.1380915641784668
0.10497450828552246
0.12912464141845703
0.09831643104553223
0.12612557411193848
0.12148666381835938
0.10299229621887207
0.11638665199279785
0.10466313362121582
0.10745811462402344
0.11381053924560547
0.11020445823669434
0.10874295234680176
0.10727477073669434
0.09557461738586426
0.10316634178161621
0.10909533500671387
0.10804581642150879
0.09972643852233887
0.11171412467956543
0.11892151832580566
0.11660456657409668
0.14547514915466309
0.2048499584197998
0.11321401596069336
0.11281967163085938
0.13654255867004395
0.12879085540771484
0.11245369911193848
0.12648582458496094
0.11354351043701172
0.013694047927856445
0.12917089462280273
0.12052464485168457
0.12183356285095215
0.12145733833312988
0.21675491333007812
0.1165626049041748
0.11734437942504883
0.122161865234375
0.11414933204650879
0.11435842514038086
0.12131786346435547
0.011922121047973633
0.02543020248413086
0.01078939437866211
0.01386404037475586
0.015711545944213867
0.011642694473266602
0.01586627960205078
0.019098520278930664
0.015952110290527344
0.03646707534790039
0.017093181610107422
0.15398001670837402
0.15893316268920898
0.19189071655273438
0.12865853309631348
0.11327648162841797
0.08768725395202637
0.08652687072753906
0.12335443496704102
0.10069799423217773
0.11168861389160156
0.09502768516540527
0.10460829734802246
0.10404634475708008
0.1069803237915039
0.1333158016204834
0.08130431175231934
0.09363913536071777
0.09072542190551758
0.10948610305786133
0.10659384727478027
0.09452390670776367
0.17394495010375977
0.15877103805541992
0.07815980911254883
0.12301754951477051
0.18391680717468262
0.18784475326538086
0.22419500350952148
0.1133575439453125
0.08489155769348145
0.14020204544067383
0.16107392311096191
0.12374639511108398
0.09228301048278809
0.08638501167297363
0.12803959846496582
0.11354804039001465
0.09218025207519531
0.09347057342529297
0.15392112731933594
0.12561607360839844
0.11200690269470215
0.08934712409973145
0.09677243232727051
0.09339118003845215
0.09343385696411133
0.07387471199035645
0.09013223648071289
0.08823490142822266
0.15618538856506348
0.13259196281433105
0.07898235321044922
0.08667778968811035
0.0761418342590332
0.10415077209472656
0.10302352905273438
0.1286299228668213
0.08480381965637207
0.06740140914916992
0.0546875
0.04921746253967285
0.05651664733886719
0.10085868835449219
0.06458330154418945
0.053652286529541016
0.05616617202758789
0.0535128116607666
0.0913088321685791
0.07010960578918457
0.05996060371398926
0.048516035079956055
0.0790715217590332
0.05235433578491211
0.04189610481262207
0.0737147331237793
0.04698061943054199
0.042203426361083984
0.05323290824890137
0.0468907356262207
0.057694196701049805
0.0515439510345459
0.052557945251464844
0.05390191078186035
0.06049346923828125
0.05524563789367676
0.05112314224243164
0.07464861869812012
0.06194114685058594
0.05710935592651367
0.0650484561920166
0.061579227447509766
0.07089638710021973
0.06571173667907715
0.07684659957885742
0.0608217716217041
0.06801247596740723
0.07597947120666504
0.05904030799865723
0.06788349151611328
0.060131072998046875
0.06457042694091797
0.0605015754699707
0.07079219818115234
0.060134172439575195
0.06653356552124023
0.06161332130432129
0.06572222709655762
0.07823491096496582
0.07001852989196777
0.07094860076904297
0.07161998748779297
0.07398128509521484
0.07429289817810059
0.10734152793884277
0.07075214385986328
0.06725001335144043
0.07877683639526367
0.07515931129455566
0.09136819839477539
0.07304000854492188
0.09498810768127441
0.07284069061279297
0.07949399948120117
0.08026814460754395
0.06898236274719238
0.08068132400512695
0.081329345703125
0.07169723510742188
0.07430505752563477
0.12912940979003906
0.17409515380859375
0.2184000015258789
0.16330909729003906
0.2580235004425049
0.1232295036315918
0.13452816009521484
0.5805668830871582
0.3597557544708252
1.5376057624816895
1.3646063804626465
1.2214429378509521
1.0026633739471436
0.7788887023925781
0.5743296146392822
0.30403566360473633
0.1466808319091797
0.0892934799194336
0.1443157196044922
0.10724854469299316
0.0852365493774414
0.13402557373046875
0.1280367374420166
0.09902191162109375
0.12884044647216797
0.11306023597717285
0.19925546646118164
0.22055339813232422
0.10438823699951172
0.11905479431152344
0.12068629264831543
0.1179647445678711
0.09704208374023438
0.15524625778198242
0.08319497108459473
0.06380844116210938
0.10306978225708008
0.08359694480895996
0.06226205825805664
0.06597280502319336
0.04930615425109863
0.08105850219726562
0.06655406951904297
0.0933690071105957
0.06487894058227539
0.13115143775939941
0.09532523155212402
0.06400203704833984
0.06459999084472656
0.06354117393493652
0.08815455436706543
0.07088446617126465
0.06241965293884277
0.06876897811889648
0.15021729469299316
0.22023701667785645
0.15828514099121094
0.10309004783630371
0.17928647994995117
0.4844071865081787
0.2788550853729248
0.08611202239990234
0.1610426902770996
0.08710813522338867
0.07039165496826172
0.07424592971801758
0.154571533203125
0.1285688877105713
0.07009267807006836
0.11008977890014648
0.10026431083679199
0.06524944305419922
0.12388825416564941
0.08615970611572266
0.15553641319274902
0.0905454158782959
0.07912778854370117
0.07699203491210938
0.10967326164245605
0.08512282371520996
0.18016934394836426
0.08996438980102539
0.13884544372558594
0.08080005645751953
0.1877584457397461
0.05852341651916504
0.12814569473266602
0.07915878295898438
0.08575844764709473
0.0948944091796875
0.0939948558807373
0.1252589225769043
0.10564374923706055
0.0784766674041748
0.07453250885009766
0.09912753105163574
0.05584263801574707
0.2015063762664795
0.09653139114379883
0.07865095138549805
0.1076664924621582
0.08361029624938965
0.10374283790588379
0.07462835311889648
0.12661957740783691
0.09153985977172852
0.11090564727783203
0.0929405689239502
0.08656930923461914
0.15079998970031738
0.21409034729003906
0.263272762298584
0.1553647518157959
0.1307048797607422
0.09630751609802246
0.09581470489501953
0.10613369941711426
0.10754895210266113
0.08125901222229004
0.08795309066772461
0.11637091636657715
0.11690378189086914
0.13378405570983887
0.05303382873535156
0.06306147575378418
0.07968711853027344
0.09860730171203613
0.06488728523254395
0.14284467697143555
0.09798812866210938
0.19152021408081055
0.0691061019897461
0.13361740112304688
0.06469511985778809
0.039899587631225586
0.12634992599487305
0.14150428771972656
0.11120223999023438
0.11461615562438965
0.23444724082946777
0.14309978485107422
0.14705705642700195
0.10622811317443848
0.1386585235595703
0.12095093727111816
0.17661523818969727
0.1257777214050293
0.10647416114807129
0.10727500915527344
0.10818362236022949
0.1182699203491211
0.1250133514404297
0.14636516571044922
0.11178398132324219
0.1183481216430664
0.17368865013122559
0.16158556938171387
0.12934088706970215
0.12577390670776367
0.13791608810424805
0.13570284843444824
0.12695002555847168
0.17043089866638184
0.10734367370605469
0.15533804893493652
0.12404036521911621
0.12832140922546387
0.13266730308532715
0.12618255615234375
0.12097525596618652
0.136091947555542
0.11300086975097656
0.1467428207397461
0.13087868690490723
0.14064836502075195
0.10901546478271484
0.09862685203552246
0.10871481895446777
0.09618949890136719
0.08399844169616699
0.06514167785644531
0.1185462474822998
0.11296272277832031
0.0728921890258789
0.12993502616882324
0.07779669761657715
0.07736682891845703
0.08643722534179688
0.08220362663269043
0.06571292877197266
0.0823984146118164
0.07017731666564941
0.07125592231750488
0.0766153335571289
0.07936906814575195
0.07560896873474121
0.08385968208312988
0.0413210391998291
0.04024457931518555
0.04405522346496582
0.05228376388549805
0.04749011993408203
0.05631375312805176
0.06621646881103516
0.06298446655273438
0.0642092227935791
0.061943769454956055
0.052854061126708984
0.06382513046264648
0.056487321853637695
0.07161569595336914
0.0570979118347168
0.05847048759460449
0.07532024383544922
0.07904553413391113
0.07308149337768555
0.08118343353271484
0.06952381134033203
0.06975460052490234
0.0658731460571289
0.07829499244689941
0.0699465274810791
0.06602668762207031
0.07462453842163086
0.06759190559387207
0.07148313522338867
0.05719304084777832
0.06397318840026855
0.06491637229919434
0.07548356056213379
0.06536269187927246
0.06982541084289551
0.05628705024719238
0.058487892150878906
0.0708322525024414
0.06058788299560547
0.0608372688293457
0.05820584297180176
0.06915283203125
0.05579543113708496
0.0890963077545166
0.05753970146179199
0.07075381278991699
0.06769657135009766
0.06402254104614258
0.07181000709533691
0.06537103652954102
0.06789636611938477
0.05846238136291504
0.057143449783325195
0.07624506950378418
0.06368875503540039
0.0577700138092041
0.05374622344970703
0.0568544864654541
0.0635976791381836
0.06443500518798828
0.08057570457458496
0.06949782371520996
0.07080912590026855
0.0724787712097168
0.07816481590270996
0.07654786109924316
0.0604243278503418
0.07981467247009277
0.062093496322631836
0.06328725814819336
0.06285476684570312
0.06509566307067871
0.0684821605682373
0.08038783073425293
0.06919193267822266
0.0735464096069336
0.0760507583618164
0.07618594169616699
0.07801103591918945
0.07584238052368164
0.08714008331298828
0.08113479614257812
0.16912174224853516
0.06042122840881348
0.06641817092895508
0.06813669204711914
0.06596994400024414
0.2045285701751709
0.062337636947631836
0.07955694198608398
0.13127756118774414
0.2495262622833252
0.15263628959655762
0.10678505897521973
0.1075129508972168
0.11605668067932129
0.10272073745727539
0.12770295143127441
0.12430119514465332
0.16851115226745605
0.09379053115844727
0.12435102462768555
0.07406735420227051
0.10005354881286621
0.1417839527130127
0.07180213928222656
0.08212113380432129
0.1325681209564209
0.1017313003540039
0.10805559158325195
0.12420368194580078
0.1238257884979248
0.0863492488861084
0.1019589900970459
0.12480449676513672
0.13592958450317383
0.06460189819335938
0.11313939094543457
0.06554985046386719
0.15294647216796875
0.1682126522064209
0.13624119758605957
0.17763614654541016
0.15492939949035645
0.1502361297607422
0.1231698989868164
0.17163944244384766
0.04378962516784668
0.07964062690734863
0.19365477561950684
0.12073755264282227
0.16856694221496582
0.14109230041503906
0.12955880165100098
0.13240337371826172
0.16939163208007812
0.0919198989868164
0.09632515907287598
0.0406641960144043
0.04228711128234863
0.0896596908569336
0.1226959228515625
0.16245102882385254
0.1780545711517334
0.16246271133422852
0.14232349395751953
0.1310560703277588
0.15158486366271973
0.11694741249084473
0.12700462341308594
0.13619136810302734
0.1957085132598877
0.18803167343139648
0.10903811454772949
0.11602616310119629
0.0976722240447998
0.13129162788391113
0.12398743629455566
0.1653141975402832
0.18157124519348145
0.10378265380859375
0.08573246002197266
0.09896397590637207
0.09287786483764648
0.08089637756347656
0.10490798950195312
0.07394957542419434
0.15103864669799805
0.08038473129272461
0.05021810531616211
0.15297937393188477
0.08829808235168457
0.21334433555603027
0.04977917671203613
0.05519390106201172
0.04343008995056152
0.08907055854797363
0.05527067184448242
0.03371262550354004
0.11522197723388672
0.1657721996307373
0.24139833450317383
0.12981700897216797
0.09012246131896973
0.06252193450927734
0.08752775192260742
0.07981610298156738
0.048516035079956055
0.38526082038879395
0.14506053924560547
0.07891035079956055
0.04013395309448242
0.04784822463989258
0.031014442443847656
0.05068635940551758
0.06546688079833984
0.027666568756103516
0.06994962692260742
0.0498659610748291
0.027327299118041992
0.02835536003112793
0.028281688690185547
0.04328346252441406
0.12134909629821777
0.11533236503601074
0.4920785427093506
0.2737877368927002
0.13410592079162598
0.058428287506103516
0.028311729431152344
0.06697654724121094
0.043860435485839844
0.03465771675109863
0.05887627601623535
0.1022486686706543
0.03050398826599121
0.07161736488342285
0.12563133239746094
0.051641225814819336
0.15595388412475586
0.038170576095581055
0.15929055213928223
0.06220746040344238
0.15967869758605957
0.2133955955505371
0.44524335861206055
0.22702503204345703
0.08710122108459473
0.2147529125213623
0.16112041473388672
0.046915531158447266
0.06278061866760254
0.23206019401550293
0.17200899124145508
0.15606069564819336
0.040631771087646484
0.06686973571777344
0.05498027801513672
0.05006694793701172
0.10413551330566406
0.14556884765625
0.100067138671875
0.2621438503265381
0.1517479419708252
0.07290506362915039
0.049636125564575195
0.06507539749145508
0.03773832321166992
0.06323528289794922
0.06297063827514648
0.05480837821960449
0.08292102813720703
0.04964470863342285
0.03377270698547363
0.07378315925598145
0.02751946449279785
0.03744626045227051
0.10639595985412598
0.07742977142333984
0.0392148494720459
0.18242430686950684
0.135056734085083
0.16463947296142578
0.13536763191223145
0.15262365341186523
0.17239618301391602
0.1934666633605957
0.06445431709289551
0.3540360927581787
0.09280896186828613
0.3596670627593994
0.13131356239318848
0.1527574062347412
0.12956619262695312
0.11707210540771484
0.10936141014099121
0.1385021209716797
0.10540342330932617
0.11543655395507812
0.16666865348815918
0.11650609970092773
0.20866632461547852
0.12050509452819824
0.1128244400024414
0.09866476058959961
0.15938162803649902
0.27411627769470215
0.1549060344696045
0.08059835433959961
