0.060292959213256836
0.14044523239135742
0.04533052444458008
0.18524646759033203
0.03614187240600586
0.13152146339416504
0.02606058120727539
0.1503772735595703
0.14393019676208496
0.14471077919006348
0.024233341217041016
0.2333226203918457
0.13971900939941406
0.14005208015441895
0.127671480178833
0.029919862747192383
0.1382763385772705
0.13459277153015137
0.02215266227722168
0.03948664665222168
0.0381932258605957
0.02640986442565918
0.04614853858947754
0.028148651123046875
0.024775266647338867
0.04105734825134277
0.029509305953979492
0.03110194206237793
0.052416324615478516
0.03194737434387207
0.045737266540527344
0.03364896774291992
0.04831337928771973
0.15765810012817383
0.08230829238891602
0.038945674896240234
0.059010982513427734
0.04623532295227051
0.04206538200378418
0.03839921951293945
0.040685415267944336
0.053429365158081055
0.059980154037475586
0.0519258975982666
0.05774569511413574
0.06155109405517578
0.05934572219848633
0.06470990180969238
0.055284738540649414
0.047658443450927734
0.0505523681640625
0.05065417289733887
0.0513155460357666
0.05242657661437988
0.06555461883544922
0.055864572525024414
0.05367445945739746
0.06308364868164062
0.0686805248260498
0.06986427307128906
0.07311868667602539
0.07423996925354004
0.07171249389648438
0.05939435958862305
0.07381105422973633
0.06767106056213379
0.06538009643554688
0.0837552547454834
0.0794072151184082
0.07027387619018555
0.08211970329284668
0.07442760467529297
0.07755541801452637
0.08492374420166016
0.08924722671508789
0.07205796241760254
0.08562302589416504
0.09929919242858887
0.0837857723236084
0.08283138275146484
0.07857561111450195
0.09361147880554199
0.09844613075256348
0.08765935897827148
0.08398985862731934
0.11284446716308594
0.10790610313415527
0.09199810028076172
0.10632991790771484
0.10905718803405762
0.09616422653198242
0.09377837181091309
0.10724496841430664
0.11151671409606934
0.10413551330566406
0.11215019226074219
0.09737300872802734
0.1181485652923584
0.10034799575805664
0.10426497459411621
0.12265276908874512
0.10613417625427246
0.11656975746154785
0.10532474517822266
0.10992860794067383
0.11311078071594238
0.1189737319946289
0.11140298843383789
0.10855531692504883
0.1087646484375
0.12435221672058105
0.11375689506530762
0.01669144630432129
0.009902238845825195
0.012230634689331055
0.014461994171142578
0.019205331802368164
0.03452301025390625
0.022641658782958984
0.030002117156982422
0.03549671173095703
0.017090797424316406
0.04399466514587402
0.0306856632232666
0.017529010772705078
0.018038034439086914
0.015727519989013672
0.040789127349853516
0.05804085731506348
0.05461692810058594
0.027573347091674805
0.024557828903198242
0.03252100944519043
0.04212141036987305
0.04539227485656738
0.03169131278991699
0.04210782051086426
0.03715372085571289
0.028365373611450195
0.044530391693115234
0.0722665786743164
0.05012679100036621
0.05791044235229492
0.036936283111572266
0.05076026916503906
0.0587310791015625
0.05317187309265137
0.04072284698486328
0.0372161865234375
0.0342714786529541
0.05136919021606445
0.037813425064086914
0.0368189811706543
0.03752255439758301
0.05201983451843262
0.036234140396118164
0.039478302001953125
0.037805795669555664
0.0514836311340332
0.05641651153564453
0.0569911003112793
0.04643678665161133
0.0463864803314209
0.04632401466369629
0.05733633041381836
0.04886794090270996
0.055277109146118164
0.10098576545715332
0.05827164649963379
0.06791353225708008
0.07050657272338867
0.05739188194274902
0.06432533264160156
0.07650947570800781
0.07629942893981934
0.059252023696899414
0.06363725662231445
0.06421446800231934
0.06496644020080566
0.059110403060913086
0.07788968086242676
0.07305049896240234
0.07734799385070801
0.059801578521728516
0.07545924186706543
0.0585932731628418
0.07304191589355469
0.05870938301086426
0.07662653923034668
0.06064105033874512
0.05331301689147949
0.07311248779296875
0.05903315544128418
0.05618405342102051
0.059136390686035156
0.07247686386108398
0.05420231819152832
0.05793499946594238
0.04314899444580078
0.04317188262939453
0.05420041084289551
0.06617403030395508
0.04522085189819336
0.040322303771972656
0.0543215274810791
0.04317879676818848
0.0460970401763916
0.045224666595458984
0.031072616577148438
0.03214120864868164
0.04561781883239746
0.028224468231201172
0.030823230743408203
0.03648543357849121
0.055968284606933594
0.03773379325866699
0.021100759506225586
0.03751659393310547
0.03071880340576172
0.04466509819030762
0.021654605865478516
0.019618988037109375
0.024545669555664062
0.03220105171203613
0.03230476379394531
0.033426523208618164
0.04145359992980957
0.0435030460357666
0.03913998603820801
0.047025203704833984
0.0380251407623291
0.038672685623168945
0.024190902709960938
0.040085792541503906
0.03048086166381836
0.022583961486816406
0.03344917297363281
0.030869007110595703
0.02949357032775879
0.02139449119567871
0.02871990203857422
0.027480125427246094
0.042586565017700195
0.044188499450683594
0.048380374908447266
0.030864715576171875
0.04440879821777344
0.022946596145629883
0.02221512794494629
0.03090071678161621
0.032129764556884766
0.04597187042236328
0.02637457847595215
0.02820420265197754
0.037549495697021484
0.02881479263305664
0.042241811752319336
0.04644966125488281
0.051499128341674805
0.049353837966918945
0.04993796348571777
0.04048609733581543
0.040138959884643555
0.033437252044677734
0.04157304763793945
0.05034279823303223
0.05301332473754883
0.06045985221862793
0.041074275970458984
0.03513479232788086
0.0437321662902832
0.05583810806274414
0.03815269470214844
0.03874373435974121
0.0489346981048584
0.03323721885681152
0.048098087310791016
0.04748845100402832
0.04246926307678223
0.049520015716552734
0.03251171112060547
0.037609100341796875
0.036701202392578125
0.05247139930725098
0.050820350646972656
0.055909156799316406
0.050232648849487305
0.040334224700927734
0.05861186981201172
0.04109692573547363
0.03651595115661621
0.0405731201171875
0.03732490539550781
0.03433823585510254
0.1638798713684082
0.043621063232421875
0.14255976676940918
0.05140542984008789
0.1441342830657959
0.14446592330932617
0.0565798282623291
0.05582594871520996
0.19011187553405762
0.14762353897094727
0.04361104965209961
0.042017459869384766
0.15591812133789062
0.15444588661193848
0.046419382095336914
0.15490269660949707
0.03667616844177246
0.04708433151245117
0.058832406997680664
0.03893709182739258
0.04185819625854492
0.056566476821899414
0.04100298881530762
0.0450286865234375
0.05541062355041504
0.06421017646789551
0.04947257041931152
0.06708741188049316
0.0492098331451416
0.05764937400817871
0.15380311012268066
0.051024675369262695
0.05663323402404785
0.05938601493835449
0.0570218563079834
0.06311607360839844
0.07296323776245117
0.06174159049987793
0.06428909301757812
0.0667266845703125
0.06374812126159668
0.22548460960388184
0.25731897354125977
0.12249588966369629
0.05504417419433594
0.12015891075134277
0.14139270782470703
0.10736322402954102
0.12533116340637207
0.10712552070617676
0.10737729072570801
0.11222219467163086
0.01614999771118164
0.00943136215209961
0.010171651840209961
0.029001235961914062
0.032233238220214844
0.02910590171813965
0.014478445053100586
0.0212099552154541
0.027695178985595703
0.014191389083862305
0.013945341110229492
0.02896261215209961
0.015134572982788086
0.031177282333374023
0.019596338272094727
0.03219246864318848
0.01827239990234375
0.025135040283203125
0.025229215621948242
0.019781827926635742
0.030778169631958008
0.026571273803710938
0.026261568069458008
0.02456974983215332
0.029331445693969727
0.02955794334411621
0.033800601959228516
0.0224611759185791
0.024360179901123047
0.028908729553222656
0.02853536605834961
0.027411460876464844
0.04018855094909668
0.026616811752319336
0.025612354278564453
0.02673625946044922
0.0305938720703125
0.05013298988342285
0.0424952507019043
0.041211605072021484
0.040924787521362305
0.0485537052154541
0.05076336860656738
0.044554710388183594
0.04984617233276367
0.03492236137390137
0.04792428016662598
0.04564785957336426
0.04046940803527832
0.03856158256530762
0.042183637619018555
0.04136228561401367
0.03459024429321289
0.0404510498046875
0.0562286376953125
0.03684425354003906
0.04163932800292969
0.06216859817504883
0.07184052467346191
0.05707049369812012
0.03769564628601074
0.03704190254211426
0.03212165832519531
0.06928634643554688
0.047541141510009766
0.03356623649597168
0.04511737823486328
0.05162811279296875
0.05006885528564453
0.05066418647766113
0.03102588653564453
0.04416179656982422
0.032489776611328125
0.028564929962158203
0.027638912200927734
0.044690608978271484
0.027464866638183594
0.02699565887451172
0.0377964973449707
0.026844024658203125
0.0447390079498291
0.04535484313964844
0.044354915618896484
0.04584765434265137
0.038519859313964844
0.04691028594970703
0.03127336502075195
0.04163932800292969
0.0346832275390625
0.047095298767089844
0.03660440444946289
0.03921651840209961
0.04134821891784668
0.04607868194580078
0.05037951469421387
0.0534358024597168
0.04067540168762207
0.05764269828796387
0.045085906982421875
0.051392555236816406
0.04341602325439453
0.0463404655456543
0.044542551040649414
0.0630953311920166
0.04600858688354492
0.11524128913879395
0.04886937141418457
0.04600811004638672
0.04283738136291504
0.0686037540435791
0.04575681686401367
0.04555034637451172
0.05856585502624512
0.04570579528808594
0.055138349533081055
0.046607255935668945
0.04677891731262207
0.04946160316467285
0.05085349082946777
0.1117255687713623
0.29591870307922363
0.12734174728393555
0.10282301902770996
0.11494064331054688
0.11789488792419434
0.11122393608093262
0.11841750144958496
0.1112673282623291
0.010106325149536133
0.010456562042236328
0.02437758445739746
0.017241954803466797
0.01299595832824707
0.02211618423461914
0.014545679092407227
0.14087605476379395
0.12947297096252441
0.13930034637451172
0.17715167999267578
0.11754536628723145
0.07710886001586914
0.10950493812561035
0.09585452079772949
0.1043238639831543
0.07511591911315918
0.06469607353210449
0.09261107444763184
0.05791807174682617
0.060544490814208984
0.05189871788024902
0.05394101142883301
0.05141043663024902
0.05548810958862305
0.0520787239074707
0.046332359313964844
0.06957554817199707
0.05715489387512207
0.039116621017456055
0.056571006774902344
0.054570913314819336
0.05259513854980469
0.0484771728515625
0.03847479820251465
0.0463254451751709
0.04849123954772949
0.05655503273010254
0.04138588905334473
0.048761606216430664
0.04850625991821289
0.053847312927246094
0.0433807373046875
0.044022321701049805
0.05663466453552246
0.05305361747741699
0.05866432189941406
0.05232691764831543
0.03473401069641113
0.027033090591430664
0.033326148986816406
0.031304121017456055
0.04074430465698242
0.0365755558013916
0.039838314056396484
0.03152632713317871
0.052582740783691406
0.05086064338684082
0.054982662200927734
0.043244123458862305
0.05680394172668457
0.05685091018676758
0.041045188903808594
0.06879281997680664
0.054030418395996094
0.05491948127746582
0.06414413452148438
0.1214897632598877
0.11867117881774902
0.10728740692138672
0.04924893379211426
0.1251068115234375
0.1703486442565918
0.05157923698425293
0.09268379211425781
0.06105613708496094
0.0919651985168457
0.04576277732849121
0.07025885581970215
0.11682701110839844
0.027169227600097656
0.026721477508544922
0.11682438850402832
0.19708681106567383
0.01766180992126465
0.17121481895446777
0.5735437870025635
0.36023712158203125
0.1052863597869873
0.12081480026245117
0.12699294090270996
0.11913442611694336
0.11038374900817871
0.14262032508850098
0.1189122200012207
0.11288285255432129
0.12059402465820312
0.10556244850158691
0.11280250549316406
0.09630250930786133
0.10185623168945312
0.09657788276672363
0.09483647346496582
0.10073685646057129
0.1018061637878418
0.10342001914978027
0.10387873649597168
0.11336016654968262
0.11637639999389648
0.11340928077697754
0.17467451095581055
0.19811129570007324
0.11178445816040039
0.1163942813873291
0.12470054626464844
0.12762689590454102
0.11060571670532227
0.12408995628356934
0.11152100563049316
0.025870561599731445
0.11372208595275879
0.13292646408081055
0.12733030319213867
0.1292588710784912
0.22856688499450684
0.1146092414855957
0.1154937744140625
0.11981892585754395
0.12339639663696289
0.1221926212310791
0.12434840202331543
0.010135650634765625
0.01833796501159668
0.01811385154724121
0.02168893814086914
0.0294034481048584
0.0229952335357666
0.010798215866088867
0.017165660858154297
0.017967939376831055
0.041730403900146484
0.033173322677612305
0.15209150314331055
0.15902328491210938
0.17827320098876953
0.10898780822753906
0.12418746948242188
0.1328904628753662
0.09667253494262695
0.10566401481628418
0.0925447940826416
0.08482813835144043
0.09665560722351074
0.12796831130981445
0.09600090980529785
0.10327363014221191
0.10216641426086426
0.08017706871032715
0.1155691146850586
0.07982325553894043
0.11503458023071289
0.1286334991455078
0.09335684776306152
0.1841576099395752
0.1579456329345703
0.08879733085632324
0.08156299591064453
0.18893671035766602
0.21773195266723633
0.12328529357910156
0.10134243965148926
0.16519546508789062
0.12477684020996094
0.16545724868774414
0.14493322372436523
0.11066675186157227
0.08459615707397461
0.12929034233093262
0.12564897537231445
0.0984809398651123
0.08037996292114258
0.11068844795227051
0.14870667457580566
0.11216163635253906
0.13657498359680176
0.11332345008850098
0.09807920455932617
0.08478999137878418
0.07750940322875977
0.08900284767150879
0.09341931343078613
0.11124277114868164
0.13292169570922852
0.06847786903381348
0.07251906394958496
0.07533693313598633
0.10020661354064941
0.11232900619506836
0.13077950477600098
0.08026647567749023
0.07634496688842773
0.04712653160095215
0.04725360870361328
0.044226884841918945
0.07981324195861816
0.058243751525878906
0.05147075653076172
0.0731973648071289
0.0521085262298584
0.09182071685791016
0.06999707221984863
0.04400038719177246
0.05637812614440918
0.0827934741973877
0.04033470153808594
0.05463075637817383
0.06685757637023926
0.05471515655517578
0.045633792877197266
0.05089569091796875
0.04897737503051758
0.05072331428527832
0.04990386962890625
0.0596311092376709
0.04859280586242676
0.0633847713470459
0.05305004119873047
0.050391197204589844
0.07324528694152832
0.057329654693603516
0.056249380111694336
0.07361507415771484
0.06055903434753418
0.06925320625305176
0.0793147087097168
0.0594782829284668
0.07466959953308105
0.06592488288879395
0.08049297332763672
0.06941938400268555
0.05763578414916992
0.0593264102935791
0.07781505584716797
0.05940365791320801
0.05984973907470703
0.06257796287536621
0.0602264404296875
0.06342434883117676
0.06052398681640625
0.06562352180480957
0.06802511215209961
0.07830929756164551
0.07651209831237793
0.07334685325622559
0.08555030822753906
0.08844494819641113
0.069732666015625
0.06967377662658691
0.07119965553283691
0.07355833053588867
0.08873486518859863
0.08844614028930664
0.08896064758300781
0.07210731506347656
0.08890438079833984
0.0749204158782959
0.07946205139160156
0.08331680297851562
0.07394695281982422
0.07883524894714355
0.07622361183166504
0.15969562530517578
0.13747191429138184
0.17957210540771484
0.15517950057983398
0.31836366653442383
0.10879635810852051
0.14014530181884766
1.007007360458374
1.3882296085357666
1.1281051635742188
0.9033203125
0.6800267696380615
0.4612917900085449
0.23751544952392578
0.4424569606781006
0.2103285789489746
0.24547266960144043
0.08963584899902344
0.146484375
0.09632992744445801
0.08410310745239258
0.15726709365844727
0.11052322387695312
0.09104013442993164
0.12066888809204102
0.1401195526123047
0.16811275482177734
0.22049951553344727
0.10352087020874023
0.08675861358642578
0.11972975730895996
0.10504388809204102
0.12227749824523926
0.10757160186767578
0.09836411476135254
0.07141757011413574
0.09706568717956543
0.08034539222717285
0.061028242111206055
0.0444798469543457
0.07309937477111816
0.04895925521850586
0.06938028335571289
0.08503913879394531
0.05096745491027832
0.11473965644836426
0.04412698745727539
0.046251773834228516
0.08668732643127441
0.05926251411437988
0.06652379035949707
0.06671023368835449
0.07034802436828613
0.07277607917785645
0.12463045120239258
0.14676904678344727
0.09874629974365234
0.17229247093200684
0.17146921157836914
0.19038105010986328
0.22607183456420898
0.07809996604919434
0.11483311653137207
0.07992172241210938
0.06928181648254395
0.10002517700195312
0.16039061546325684
0.14699530601501465
0.07381367683410645
0.21432113647460938
0.09002280235290527
0.07931017875671387
0.06314849853515625
0.12480974197387695
0.15801286697387695
0.0801842212677002
0.09430980682373047
0.0682218074798584
0.07881522178649902
0.06511116027832031
0.18158936500549316
0.16291308403015137
0.1393747329711914
0.15781545639038086
0.20911288261413574
0.09389734268188477
0.07982802391052246
0.07073092460632324
0.14366769790649414
0.11308479309082031
0.08747267723083496
0.126312255859375
0.0977325439453125
0.1112370491027832
0.04301643371582031
0.0935978889465332
0.04019570350646973
0.31745457649230957
0.08816242218017578
0.11377286911010742
0.08750057220458984
0.08817601203918457
0.07257556915283203
0.07357358932495117
0.15815114974975586
0.07440900802612305
0.08118557929992676
0.07010602951049805
0.10173583030700684
0.08337235450744629
0.21376347541809082
0.23414206504821777
0.08108139038085938
0.1801304817199707
0.08334708213806152
0.09417366981506348
0.09575843811035156
0.10653400421142578
0.08272886276245117
0.08841609954833984
0.09275603294372559
0.1167287826538086
0.13924574851989746
0.07678818702697754
0.07423996925354004
0.05742835998535156
0.10231351852416992
0.059679269790649414
0.1623373031616211
0.10484814643859863
0.159423828125
0.056200504302978516
0.13611412048339844
0.06125140190124512
0.009883880615234375
0.1935744285583496
0.16015625
0.11013460159301758
0.11285400390625
0.22201752662658691
0.13944101333618164
0.13115930557250977
0.11632752418518066
0.14445853233337402
0.13686275482177734
0.16550135612487793
0.13834023475646973
0.10502314567565918
0.11136865615844727
0.13956189155578613
0.1338346004486084
0.15860319137573242
0.14541053771972656
0.11079096794128418
0.1510450839996338
0.15951871871948242
0.1703188419342041
0.13283658027648926
0.09895920753479004
0.13878512382507324
0.1554715633392334
0.12540316581726074
0.1533489227294922
0.10723495483398438
0.1416306495666504
0.10826873779296875
0.20269513130187988
0.13208699226379395
0.12713313102722168
0.09294962882995605
0.10511541366577148
0.11099767684936523
0.09035277366638184
0.08083176612854004
0.11571240425109863
0.15102267265319824
0.06791114807128906
0.10342764854431152
0.09642624855041504
0.11774373054504395
0.06923627853393555
0.11826801300048828
0.11167240142822266
0.11146903038024902
0.129652738571167
0.08472847938537598
0.07614398002624512
0.07344269752502441
0.08106660842895508
0.06475067138671875
0.0659494400024414
0.06898093223571777
0.0655207633972168
0.0867772102355957
0.1772449016571045
0.06823420524597168
0.07248759269714355
0.0614168643951416
0.03944039344787598
0.04743838310241699
0.055736541748046875
0.04471874237060547
0.04347634315490723
0.059754371643066406
0.049454689025878906
0.049552202224731445
0.059159040451049805
0.06544065475463867
0.05563950538635254
0.055602312088012695
0.055872201919555664
0.059565067291259766
0.061327219009399414
0.0764470100402832
0.061658382415771484
0.06314444541931152
0.07792544364929199
0.06339001655578613
0.0791010856628418
0.06511235237121582
0.06250476837158203
0.07945489883422852
0.06479644775390625
0.08843755722045898
0.07555127143859863
0.06837010383605957
0.06444311141967773
0.07113790512084961
0.05876040458679199
0.07905459403991699
0.0626680850982666
0.0623478889465332
0.0659027099609375
0.052136898040771484
0.05605340003967285
0.07608199119567871
0.07561278343200684
0.07310175895690918
0.06013298034667969
0.07751798629760742
0.06351375579833984
0.0564265251159668
0.0507357120513916
0.05486464500427246
0.0652167797088623
0.05399346351623535
0.05431056022644043
0.059010982513427734
0.07555866241455078
0.0590519905090332
0.0580906867980957
0.055208444595336914
0.05170774459838867
0.07726478576660156
0.0587773323059082
0.058129072189331055
0.05921006202697754
0.061043739318847656
0.06310176849365234
0.06809329986572266
0.07595634460449219
0.08548283576965332
0.06957149505615234
0.07748770713806152
0.07665538787841797
0.061238765716552734
0.07576704025268555
0.062186241149902344
0.06021857261657715
0.07689523696899414
0.07307744026184082
0.0672616958618164
0.0683140754699707
0.08886170387268066
0.08699607849121094
0.07371377944946289
0.08340907096862793
0.08987259864807129
0.08095693588256836
0.12656307220458984
0.07376503944396973
0.07347249984741211
0.0671226978302002
0.08374595642089844
0.1078345775604248
0.06110358238220215
0.08162379264831543
0.1854090690612793
0.24770808219909668
0.14403438568115234
0.09661865234375
0.11219525337219238
0.11522865295410156
0.09555602073669434
0.12912487983703613
0.13019871711730957
0.0857706069946289
0.08571386337280273
0.1278703212738037
0.07286691665649414
0.09104108810424805
0.10950613021850586
0.09165072441101074
0.08572506904602051
0.12954401969909668
0.09309554100036621
0.09278368949890137
0.07915997505187988
0.1210474967956543
0.09594178199768066
0.08908295631408691
0.06789159774780273
0.07407975196838379
0.06852078437805176
0.1119852066040039
0.08787131309509277
0.14495182037353516
0.15956640243530273
0.130357027053833
0.15857362747192383
0.024896860122680664
0.35459113121032715
0.116485595703125
0.13038086891174316
0.11469149589538574
0.07039213180541992
0.1358203887939453
0.1221623420715332
0.20224952697753906
0.2544240951538086
0.10746955871582031
0.12718677520751953
0.16930842399597168
0.09060025215148926
0.06317543983459473
0.049227237701416016
0.03940558433532715
0.08955883979797363
0.07818603515625
0.17421221733093262
0.11187958717346191
0.16379714012145996
0.13678932189941406
0.0986168384552002
0.10651588439941406
0.11087441444396973
0.12020444869995117
0.10184812545776367
0.19439196586608887
0.16873931884765625
0.12010741233825684
0.11788558959960938
0.10116887092590332
0.12270069122314453
0.09458684921264648
0.11114859580993652
0.17165112495422363
0.07411813735961914
0.05635809898376465
0.07919168472290039
0.0743093490600586
0.08323907852172852
0.11228513717651367
0.07611846923828125
0.15492582321166992
0.05819082260131836
0.08237743377685547
0.12566494941711426
0.16735196113586426
0.23423457145690918
0.12974166870117188
0.04795217514038086
0.05296778678894043
0.08338117599487305
0.1727924346923828
0.033754825592041016
0.1134788990020752
0.22289609909057617
0.17992043495178223
0.07481884956359863
0.06533551216125488
0.1065528392791748
0.07486248016357422
0.20190954208374023
0.06684589385986328
0.2325279712677002
0.31914401054382324
0.09439516067504883
0.04028916358947754
0.04041934013366699
0.022644996643066406
0.053682565689086914
0.04669523239135742
0.02498602867126465
0.12215089797973633
0.0644688606262207
0.01976156234741211
0.03919363021850586
0.036026954650878906
0.06432080268859863
0.14090919494628906
0.11268091201782227
0.1346895694732666
0.38181185722351074
0.15558767318725586
0.045259714126586914
0.03140568733215332
0.06544017791748047
0.026767730712890625
0.027537107467651367
0.04253244400024414
0.11243700981140137
0.10057902336120605
0.047263145446777344
0.12644362449645996
0.03770089149475098
0.1205451488494873
0.014020204544067383
0.14753437042236328
0.06982922554016113
0.1320645809173584
0.29497408866882324
0.6139659881591797
0.3956639766693115
0.18019390106201172
0.20180511474609375
0.1759655475616455
0.06586670875549316
0.05207061767578125
0.20260977745056152
0.15442848205566406
0.14102482795715332
0.06458735466003418
0.05581402778625488
0.034738779067993164
0.04422116279602051
0.13004803657531738
0.19562339782714844
0.083770751953125
0.2469649314880371
0.1518261432647705
0.039930105209350586
0.04372715950012207
0.0474238395690918
0.05191540718078613
0.04376721382141113
0.032990455627441406
0.054550886154174805
0.0169985294342041
0.11688947677612305
0.04988527297973633
0.04975461959838867
0.025631189346313477
0.044680118560791016
0.10791945457458496
0.10796761512756348
0.060662269592285156
0.16513657569885254
0.11848044395446777
0.17310643196105957
0.13491225242614746
0.14129185676574707
0.23615074157714844
0.06772804260253906
0.10571765899658203
0.3274407386779785
0.15668821334838867
0.1518712043762207
0.05891060829162598
0.1478109359741211
0.11690735816955566
0.05512118339538574
0.1281111240386963
0.0922236442565918
0.11143994331359863
0.11067724227905273
0.19292783737182617
0.11263203620910645
0.20881915092468262
0.12133574485778809
0.1278972625732422
0.09946584701538086
0.1790330410003662
0.2763032913208008
0.1740715503692627
0.17004108428955078
