0.06770014762878418
0.18364787101745605
0.04987144470214844
0.14868688583374023
0.0708928108215332
0.13012456893920898
0.1369495391845703
0.1369326114654541
0.03364825248718262
0.23464584350585938
0.13990402221679688
0.1600933074951172
0.13916969299316406
0.024658679962158203
0.134613037109375
0.13045048713684082
0.026256561279296875
0.040415048599243164
0.04080343246459961
0.04101419448852539
0.04014134407043457
0.03227663040161133
0.028701066970825195
0.04242563247680664
0.041376352310180664
0.03174328804016113
0.05592846870422363
0.04315376281738281
0.04773592948913574
0.042902469635009766
0.049350738525390625
0.1422407627105713
0.08508157730102539
0.04900002479553223
0.04377412796020508
0.05268692970275879
0.05322098731994629
0.05660247802734375
0.05174684524536133
0.04377388954162598
0.06010746955871582
0.05258345603942871
0.06260180473327637
0.06157827377319336
0.06622576713562012
0.050180673599243164
0.05633711814880371
0.05132699012756348
0.06524324417114258
0.06293678283691406
0.06575703620910645
0.06145524978637695
0.0668480396270752
0.06479501724243164
0.0713660717010498
0.06871485710144043
0.06526303291320801
0.06606221199035645
0.07602357864379883
0.06210827827453613
0.062315940856933594
0.06281495094299316
0.0780789852142334
0.07747673988342285
0.07497000694274902
0.0821688175201416
0.0758211612701416
0.08338546752929688
0.0833287239074707
0.08371496200561523
0.08915996551513672
0.0777580738067627
0.08920955657958984
0.09276652336120605
0.07767343521118164
0.09218525886535645
0.09504055976867676
0.10410904884338379
0.08900880813598633
0.09873366355895996
0.10329651832580566
0.1009378433227539
0.09892106056213379
0.12375354766845703
0.10727715492248535
0.1333160400390625
0.11101984977722168
0.0938408374786377
0.09660959243774414
0.09756970405578613
0.10834574699401855
0.10958600044250488
0.10294127464294434
0.11651134490966797
0.11247634887695312
0.11950421333312988
0.11434459686279297
0.12627458572387695
0.11800694465637207
0.11300516128540039
0.1175534725189209
0.10949063301086426
0.10929608345031738
0.11840677261352539
0.12146139144897461
0.11522912979125977
0.1126255989074707
0.11304926872253418
0.1191561222076416
0.12502574920654297
0.011941909790039062
0.0191652774810791
0.021973371505737305
0.0317072868347168
0.029965639114379883
0.027918577194213867
0.02901458740234375
0.032952070236206055
0.03802752494812012
0.03352856636047363
0.04984593391418457
0.021312952041625977
0.026911497116088867
0.06054568290710449
0.025338172912597656
0.030080080032348633
0.027757883071899414
0.04271745681762695
0.029355287551879883
0.03471088409423828
0.0381011962890625
0.044898033142089844
0.044667959213256836
0.043718814849853516
0.0429074764251709
0.037874698638916016
0.044441938400268555
0.04825186729431152
0.0712423324584961
0.03615713119506836
0.0475916862487793
0.055914878845214844
0.05204057693481445
0.04876422882080078
0.06312441825866699
0.052663564682006836
0.043291330337524414
0.05282163619995117
0.040149688720703125
0.05182671546936035
0.048770904541015625
0.054207801818847656
0.045104026794433594
0.05570077896118164
0.05363869667053223
0.05367684364318848
0.06209373474121094
0.06037473678588867
0.05130171775817871
0.0590972900390625
0.06069350242614746
0.06561875343322754
0.06207704544067383
0.07059717178344727
0.055307626724243164
0.06978797912597656
0.06848263740539551
0.06998729705810547
0.058158159255981445
0.06805825233459473
0.0705881118774414
0.06291460990905762
0.06150984764099121
0.06435275077819824
0.07399630546569824
0.0704340934753418
0.06674361228942871
0.0786900520324707
0.07518291473388672
0.07892489433288574
0.07790923118591309
0.07489395141601562
0.07670164108276367
0.06823015213012695
0.07208847999572754
0.06222724914550781
0.07437515258789062
0.06466245651245117
0.056835174560546875
0.07299256324768066
0.0727689266204834
0.07836747169494629
0.07465314865112305
0.058829545974731445
0.06357192993164062
0.05863809585571289
0.04709601402282715
0.06185030937194824
0.06551218032836914
0.06715250015258789
0.0600430965423584
0.055162906646728516
0.0548553466796875
0.05957674980163574
0.052092790603637695
0.04937887191772461
0.03187417984008789
0.038153886795043945
0.03275346755981445
0.04501461982727051
0.04408693313598633
0.04238080978393555
0.03233599662780762
0.03843045234680176
0.03565359115600586
0.02511453628540039
0.030896663665771484
0.03876495361328125
0.03695416450500488
0.0341339111328125
0.04338192939758301
0.04582476615905762
0.038457632064819336
0.028301715850830078
0.04120945930480957
0.030375003814697266
0.042725563049316406
0.042366981506347656
0.02795886993408203
0.040139198303222656
0.028556346893310547
0.03608441352844238
0.046332597732543945
0.03623080253601074
0.035062551498413086
0.04509282112121582
0.030673503875732422
0.0422818660736084
0.04540705680847168
0.04813361167907715
0.04701828956604004
0.04487156867980957
0.04739832878112793
0.027186155319213867
0.048377037048339844
0.03206491470336914
0.0380551815032959
0.036408424377441406
0.03765082359313965
0.055002450942993164
0.0460972785949707
0.0373075008392334
0.04392123222351074
0.05033397674560547
0.04391789436340332
0.042877197265625
0.05083441734313965
0.050184011459350586
0.03510141372680664
0.03578901290893555
0.04049229621887207
0.05394554138183594
0.04297828674316406
0.054482460021972656
0.053244590759277344
0.044142723083496094
0.06129860877990723
0.05202794075012207
0.039346933364868164
0.04010629653930664
0.03908133506774902
0.04998946189880371
0.03720211982727051
0.04796791076660156
0.039541006088256836
0.048250675201416016
0.04807019233703613
0.0475156307220459
0.04938054084777832
0.04304385185241699
0.050011396408081055
0.05202627182006836
0.04108119010925293
0.04049873352050781
0.040827035903930664
0.07196688652038574
0.04813385009765625
0.04753828048706055
0.040643930435180664
0.057172298431396484
0.03787541389465332
0.05047607421875
0.16286396980285645
0.06240344047546387
0.15864920616149902
0.05833697319030762
0.16167187690734863
0.15862059593200684
0.056357383728027344
0.048842668533325195
0.19183874130249023
0.16056251525878906
0.05975651741027832
0.06035876274108887
0.15623092651367188
0.143524169921875
0.04097700119018555
0.15828204154968262
0.062241554260253906
0.052779197692871094
0.04286956787109375
0.04855823516845703
0.04280257225036621
0.056871891021728516
0.0623016357421875
0.04580068588256836
0.05895352363586426
0.06774616241455078
0.07872819900512695
0.0679469108581543
0.06439661979675293
0.0736691951751709
0.11753559112548828
0.0560150146484375
0.06715679168701172
0.06565284729003906
0.07320284843444824
0.08392524719238281
0.06513547897338867
0.06246328353881836
0.07635736465454102
0.08032369613647461
0.09500312805175781
0.24173951148986816
0.3813669681549072
0.16200566291809082
0.05752849578857422
0.09398293495178223
0.1469414234161377
0.13190889358520508
0.1291046142578125
0.122711181640625
0.11716938018798828
0.1133584976196289
0.011958837509155273
0.02476334571838379
0.013695478439331055
0.02976679801940918
0.02846980094909668
0.02854776382446289
0.041292428970336914
0.021327495574951172
0.031157732009887695
0.029031038284301758
0.02676248550415039
0.01651906967163086
0.02650904655456543
0.024236440658569336
0.02092576026916504
0.021999120712280273
0.033238887786865234
0.02579212188720703
0.035494089126586914
0.03379511833190918
0.03923678398132324
0.032224178314208984
0.03258371353149414
0.028283119201660156
0.029875755310058594
0.024924039840698242
0.03175163269042969
0.03456306457519531
0.03804135322570801
0.04398155212402344
0.04083442687988281
0.030946016311645508
0.04084897041320801
0.04372859001159668
0.034966230392456055
0.035630226135253906
0.04549527168273926
0.061476707458496094
0.043157100677490234
0.05020856857299805
0.04652595520019531
0.04134654998779297
0.04968595504760742
0.04511427879333496
0.03927040100097656
0.0384368896484375
0.04966449737548828
0.046248674392700195
0.04682326316833496
0.05273747444152832
0.057933807373046875
0.06258487701416016
0.03807497024536133
0.04647970199584961
0.0531620979309082
0.053769826889038086
0.03509354591369629
0.04370737075805664
0.04979228973388672
0.05673980712890625
0.05982160568237305
0.048529624938964844
0.03587841987609863
0.06270027160644531
0.04954171180725098
0.05076146125793457
0.04710841178894043
0.03702402114868164
0.03779101371765137
0.058240413665771484
0.05010342597961426
0.030669450759887695
0.034610748291015625
0.04688620567321777
0.04488778114318848
0.04288196563720703
0.037360191345214844
0.04201316833496094
0.028172016143798828
0.04357194900512695
0.042401790618896484
0.04681277275085449
0.03992342948913574
0.04143571853637695
0.04075431823730469
0.07401585578918457
0.04752159118652344
0.03706955909729004
0.04546070098876953
0.03893613815307617
0.05234098434448242
0.05437517166137695
0.04220151901245117
0.04701566696166992
0.0413820743560791
0.05589723587036133
0.050145864486694336
0.05285191535949707
0.05635213851928711
0.04113602638244629
0.055861711502075195
0.05240488052368164
0.048398494720458984
0.06569719314575195
0.0597844123840332
0.11220479011535645
0.06485366821289062
0.09021854400634766
0.05825996398925781
0.07261252403259277
0.05744361877441406
0.061403512954711914
0.04593014717102051
0.04712986946105957
0.056740760803222656
0.05922842025756836
0.11024904251098633
0.12922406196594238
0.05045437812805176
0.09792518615722656
0.28240442276000977
0.12458372116088867
0.10485219955444336
0.11876821517944336
0.11501121520996094
0.12241530418395996
0.11544013023376465
0.11303591728210449
0.011487722396850586
0.023988008499145508
0.022942781448364258
0.0303804874420166
0.022803544998168945
0.017300128936767578
0.01810145378112793
0.14217638969421387
0.12974762916564941
0.14666414260864258
0.1772453784942627
0.10553717613220215
0.09279680252075195
0.10161805152893066
0.07751202583312988
0.1145789623260498
0.07661628723144531
0.0778958797454834
0.10286164283752441
0.07813572883605957
0.0681908130645752
0.07346987724304199
0.054879188537597656
0.06114649772644043
0.06732964515686035
0.05820441246032715
0.06331777572631836
0.09043455123901367
0.053525447845458984
0.04305911064147949
0.043868303298950195
0.06356406211853027
0.04131054878234863
0.0529935359954834
0.04544687271118164
0.04837918281555176
0.05061149597167969
0.04598402976989746
0.05501198768615723
0.04920053482055664
0.04957723617553711
0.06161999702453613
0.053530216217041016
0.0610198974609375
0.05312967300415039
0.048864126205444336
0.05498766899108887
0.03278160095214844
0.0371394157409668
0.028057575225830078
0.034947872161865234
0.051824331283569336
0.05311989784240723
0.03812813758850098
0.04016470909118652
0.0407562255859375
0.06135678291320801
0.053800106048583984
0.058716773986816406
0.0446932315826416
0.05818772315979004
0.04761528968811035
0.046088457107543945
0.07933783531188965
0.05679917335510254
0.05220389366149902
0.06292247772216797
0.12503790855407715
0.14789557456970215
0.07397937774658203
0.14582300186157227
0.25127577781677246
0.17151904106140137
0.12377643585205078
0.09971833229064941
0.05951094627380371
0.09865450859069824
0.06713008880615234
0.10999917984008789
0.06342148780822754
0.09346914291381836
0.13958024978637695
0.10671758651733398
0.18546295166015625
0.022950172424316406
0.20142745971679688
0.21189236640930176
0.40700364112854004
0.14031052589416504
0.1195518970489502
0.11551928520202637
0.11102151870727539
0.10361909866333008
0.13974785804748535
0.09426045417785645
0.11693215370178223
0.11254763603210449
0.10799932479858398
0.11321568489074707
0.10668301582336426
0.09812641143798828
0.11222505569458008
0.10431122779846191
0.10185122489929199
0.114593505859375
0.11539936065673828
0.11051273345947266
0.1176612377166748
0.10770869255065918
0.1158590316772461
0.17615985870361328
0.20709967613220215
0.12878775596618652
0.11311864852905273
0.1230473518371582
0.12356019020080566
0.11195969581604004
0.12471628189086914
0.11801290512084961
0.022856473922729492
0.11812615394592285
0.12488865852355957
0.14166998863220215
0.13603806495666504
0.21574163436889648
0.13066506385803223
0.12992429733276367
0.13719773292541504
0.12299752235412598
0.12722134590148926
0.1255495548248291
0.016257047653198242
0.014015674591064453
0.013653278350830078
0.0226595401763916
0.019040822982788086
0.025246381759643555
0.014765262603759766
0.027704238891601562
0.02997303009033203
0.05121946334838867
0.016065120697021484
0.16229486465454102
0.1517481803894043
0.17606163024902344
0.1341540813446045
0.12579870223999023
0.11136865615844727
0.09999537467956543
0.1021871566772461
0.10499024391174316
0.1047661304473877
0.1050107479095459
0.12683439254760742
0.10366249084472656
0.10512065887451172
0.12903666496276855
0.0853891372680664
0.11156129837036133
0.10762429237365723
0.09189295768737793
0.13911795616149902
0.09346485137939453
0.18890619277954102
0.14416813850402832
0.0827174186706543
0.11843729019165039
0.18970155715942383
0.20032596588134766
0.10431241989135742
0.08922481536865234
0.14762306213378906
0.10091710090637207
0.16423773765563965
0.13548564910888672
0.10863447189331055
0.11529970169067383
0.14331841468811035
0.11284232139587402
0.09958148002624512
0.09319114685058594
0.10893130302429199
0.15142607688903809
0.1277625560760498
0.13561105728149414
0.11107206344604492
0.1035454273223877
0.08920907974243164
0.07731246948242188
0.07310867309570312
0.08741259574890137
0.11698007583618164
0.13149809837341309
0.08569955825805664
0.0745849609375
0.09207010269165039
0.08988451957702637
0.10246992111206055
0.13148283958435059
0.1109771728515625
0.07442140579223633
0.05845808982849121
0.06570243835449219
0.04895472526550293
0.08688020706176758
0.06844711303710938
0.06334114074707031
0.09073185920715332
0.06350040435791016
0.1007835865020752
0.09235954284667969
0.04593682289123535
0.05879497528076172
0.07967734336853027
0.050527095794677734
0.0565032958984375
0.05829310417175293
0.06442117691040039
0.05123138427734375
0.04719734191894531
0.06019139289855957
0.056540727615356445
0.05111837387084961
0.05225944519042969
0.06274890899658203
0.06890416145324707
0.05918526649475098
0.05990481376647949
0.05728721618652344
0.07953453063964844
0.07937955856323242
0.07863879203796387
0.06612133979797363
0.07618069648742676
0.07081866264343262
0.0642855167388916
0.06998848915100098
0.06695246696472168
0.07990193367004395
0.07310748100280762
0.06759834289550781
0.06934547424316406
0.07934236526489258
0.06981444358825684
0.07535052299499512
0.07955312728881836
0.07552242279052734
0.07014989852905273
0.06463456153869629
0.06764960289001465
0.08145380020141602
0.08113789558410645
0.08471274375915527
0.07712197303771973
0.07251501083374023
0.1103212833404541
0.08043456077575684
0.08180880546569824
0.08617186546325684
0.07432341575622559
0.08371305465698242
0.07600045204162598
0.0880126953125
0.08515238761901855
0.08925700187683105
0.09240889549255371
0.07174062728881836
0.08635687828063965
0.07607865333557129
0.07573795318603516
0.09020566940307617
0.1513364315032959
0.1566143035888672
0.10336637496948242
0.46277856826782227
0.2859344482421875
0.12880253791809082
0.1384904384613037
0.21996808052062988
0.44612789154052734
0.48258042335510254
1.3854105472564697
1.2367796897888184
1.0185012817382812
0.9176619052886963
0.7131030559539795
0.4474191665649414
0.2500886917114258
0.15868043899536133
0.1445474624633789
0.13899564743041992
0.13327693939208984
0.1614985466003418
0.1185004711151123
0.11566448211669922
0.14007854461669922
0.15942168235778809
0.15558505058288574
0.2210845947265625
0.12433600425720215
0.10507488250732422
0.12119507789611816
0.10230112075805664
0.11577296257019043
0.18850040435791016
0.08179426193237305
0.057875871658325195
0.1288294792175293
0.08426690101623535
0.0782632827758789
0.06848716735839844
0.07897639274597168
0.08024168014526367
0.07037663459777832
0.052253007888793945
0.05738353729248047
0.11323666572570801
0.0641634464263916
0.062314748764038086
0.09498453140258789
0.1851820945739746
0.05744457244873047
0.05721282958984375
0.20965814590454102
0.06194591522216797
0.1099398136138916
0.16440677642822266
0.17088603973388672
0.1726837158203125
0.18379426002502441
0.4754221439361572
0.2684972286224365
0.08373808860778809
0.1567389965057373
0.08046340942382812
0.0804586410522461
0.0873265266418457
0.17294573783874512
0.10719656944274902
0.1831209659576416
0.1336219310760498
0.0738368034362793
0.07490277290344238
0.10480451583862305
0.11352133750915527
0.1263270378112793
0.10367131233215332
0.08877801895141602
0.07809901237487793
0.07868719100952148
0.08051276206970215
0.17780065536499023
0.15793895721435547
0.15747642517089844
0.16033053398132324
0.20802736282348633
0.1019124984741211
0.13245081901550293
0.07030630111694336
0.10312008857727051
0.1275479793548584
0.06328177452087402
0.11080121994018555
0.10453271865844727
0.10476303100585938
0.07104706764221191
0.09973955154418945
0.07607221603393555
0.07428646087646484
0.11571359634399414
0.11697816848754883
0.10961627960205078
0.08292531967163086
0.08582639694213867
0.08583235740661621
0.0967249870300293
0.08264994621276855
0.1284034252166748
0.08360004425048828
0.10858774185180664
0.15243864059448242
0.39380764961242676
0.18404126167297363
0.13680458068847656
0.18024682998657227
0.1011807918548584
0.09216022491455078
0.09584617614746094
0.09398818016052246
0.0961306095123291
0.08359813690185547
0.09677934646606445
0.0992438793182373
0.08678317070007324
0.07951474189758301
0.06828188896179199
0.08326840400695801
0.06406521797180176
0.0539851188659668
0.14767074584960938
0.06510496139526367
0.1640794277191162
0.06796669960021973
0.1580512523651123
0.12414002418518066
0.0799551010131836
0.19476079940795898
0.16367197036743164
0.16100239753723145
0.15292000770568848
0.24052119255065918
0.16033124923706055
0.16423869132995605
0.12148380279541016
0.14051103591918945
0.16047215461730957
0.17940020561218262
0.1401357650756836
0.12190628051757812
0.11162400245666504
0.13927531242370605
0.1390845775604248
0.18175745010375977
0.14616608619689941
0.11632394790649414
0.1467592716217041
0.1701045036315918
0.1295921802520752
0.13959765434265137
0.13562870025634766
0.13521504402160645
0.14986348152160645
0.12932825088500977
0.1348719596862793
0.09345769882202148
0.09725713729858398
0.12233877182006836
0.09650468826293945
0.13437533378601074
0.10483980178833008
0.11986541748046875
0.14411115646362305
0.12259578704833984
0.08287811279296875
0.1399705410003662
0.15279483795166016
0.15968942642211914
0.06946706771850586
0.11265325546264648
0.0720832347869873
0.08166980743408203
0.08923077583312988
0.09078764915466309
0.10107874870300293
0.0723268985748291
0.13164973258972168
0.08730101585388184
0.08428120613098145
0.08792281150817871
0.08124661445617676
0.08258795738220215
0.08343076705932617
0.087860107421875
0.07641863822937012
0.07645893096923828
0.12999463081359863
0.07742643356323242
0.07865738868713379
0.06300115585327148
0.05451560020446777
0.054427385330200195
0.04655289649963379
0.04655337333679199
0.055593252182006836
0.058930397033691406
0.07262015342712402
0.05682015419006348
0.05362820625305176
0.07132148742675781
0.0664212703704834
0.06591200828552246
0.060546875
0.06680083274841309
0.07284235954284668
0.06952643394470215
0.07715225219726562
0.07735109329223633
0.06821823120117188
0.08272171020507812
0.0688633918762207
0.08728766441345215
0.07243967056274414
0.0690920352935791
0.0868675708770752
0.08730173110961914
0.07178020477294922
0.06512618064880371
0.060805320739746094
0.07303476333618164
0.07421565055847168
0.06329631805419922
0.06374192237854004
0.06347036361694336
0.07257962226867676
0.06691789627075195
0.06904315948486328
0.07714509963989258
0.07070493698120117
0.056975364685058594
0.07897615432739258
0.05853581428527832
0.06182694435119629
0.06156611442565918
0.06603789329528809
0.05999922752380371
0.0580754280090332
0.07552289962768555
0.0700681209564209
0.0598907470703125
0.07458853721618652
0.07606363296508789
0.0634915828704834
0.05609440803527832
0.0671234130859375
0.07680225372314453
0.07223081588745117
0.0629262924194336
0.07377433776855469
0.07566952705383301
0.07356643676757812
0.06925320625305176
0.0763540267944336
0.07771682739257812
0.08161449432373047
0.07015705108642578
0.07276201248168945
0.07760119438171387
0.07689189910888672
0.0718691349029541
0.0638737678527832
0.08227348327636719
0.06902909278869629
0.06789731979370117
0.08776330947875977
0.07983994483947754
0.08604621887207031
0.08300590515136719
0.09114789962768555
0.08701682090759277
0.08397078514099121
0.14752459526062012
0.07583022117614746
0.08362317085266113
0.08972430229187012
0.08425092697143555
0.17369627952575684
0.07236194610595703
0.06563091278076172
0.18496370315551758
0.06513071060180664
0.19379901885986328
0.12973999977111816
0.11260032653808594
0.09991598129272461
0.11641597747802734
0.12595820426940918
0.1300830841064453
0.20606732368469238
0.09823107719421387
0.10000419616699219
0.08969736099243164
0.10283064842224121
0.1404111385345459
0.07648181915283203
0.08615851402282715
0.13982367515563965
0.09486532211303711
0.11072230339050293
0.12388157844543457
0.12242484092712402
0.08114361763000488
0.15124988555908203
0.10918593406677246
0.11270928382873535
0.08042025566101074
0.13585281372070312
0.06407856941223145
0.16219568252563477
0.1459968090057373
0.13750195503234863
0.2200024127960205
0.05595803260803223
0.3609917163848877
0.1224219799041748
0.13742685317993164
0.12795805931091309
0.07430672645568848
0.17324280738830566
0.12417721748352051
0.19618558883666992
0.2561666965484619
0.10825085639953613
0.1272907257080078
0.10514140129089355
0.1479485034942627
0.08452749252319336
0.05542802810668945
0.04717397689819336
0.1359856128692627
0.12287139892578125
0.17409634590148926
0.11775088310241699
0.1725754737854004
0.1331620216369629
0.14210844039916992
0.1516883373260498
0.12476778030395508
0.1230306625366211
0.1228947639465332
0.19713687896728516
0.17488789558410645
0.13431453704833984
0.10597944259643555
0.1013486385345459
0.11118698120117188
0.12349295616149902
0.11003804206848145
0.1669471263885498
0.11786365509033203
0.06219673156738281
0.08405780792236328
0.08100605010986328
0.07361245155334473
0.10744452476501465
0.11017656326293945
0.1539478302001953
0.06934595108032227
0.08479666709899902
0.1257181167602539
0.2015678882598877
0.21183133125305176
0.14151763916015625
0.08415675163269043
0.04093194007873535
0.06699538230895996
0.16589140892028809
0.0355677604675293
0.15060806274414062
0.11995577812194824
0.2591550350189209
0.13087725639343262
0.09850621223449707
0.11129283905029297
0.07983946800231934
0.20333075523376465
0.05802440643310547
0.39667844772338867
0.1564617156982422
0.06631827354431152
0.05878329277038574
0.04265022277832031
0.03562760353088379
0.05402493476867676
0.04793572425842285
0.024664640426635742
0.14820456504821777
0.028771638870239258
0.024461030960083008
0.04879331588745117
0.027532339096069336
0.03418755531311035
0.16258525848388672
0.13095498085021973
0.4352731704711914
0.2292647361755371
0.14786481857299805
0.05498814582824707
0.0536656379699707
0.06379127502441406
0.032621145248413086
0.0483241081237793
0.09101653099060059
0.10352873802185059
0.06952619552612305
0.059494972229003906
0.12150859832763672
0.06485652923583984
0.17949795722961426
0.042447566986083984
0.17151713371276855
0.0697183609008789
0.12252593040466309
0.23413872718811035
0.21343994140625
0.40011096000671387
0.18034005165100098
0.22095680236816406
0.15750956535339355
0.06062817573547363
0.05814051628112793
0.20986557006835938
0.17989230155944824
0.20967435836791992
0.04865288734436035
0.05184459686279297
0.06125307083129883
0.05430960655212402
0.16109538078308105
0.1452007293701172
0.09329748153686523
0.25519347190856934
0.15282964706420898
0.04944777488708496
0.059723854064941406
0.0586855411529541
0.05215573310852051
0.06308341026306152
0.0966036319732666
0.07314634323120117
0.09208416938781738
0.026627540588378906
0.03315377235412598
0.03653240203857422
0.03047966957092285
0.03819012641906738
0.04407668113708496
0.10392284393310547
0.03640437126159668
0.17004680633544922
0.12390613555908203
0.1302030086517334
0.14423108100891113
0.14594650268554688
0.13433432579040527
0.1891944408416748
0.07005453109741211
0.1012263298034668
0.06524443626403809
0.43598508834838867
0.20763039588928223
0.12354540824890137
0.13045501708984375
0.11897444725036621
0.1248316764831543
0.12108755111694336
0.12505102157592773
0.1386260986328125
0.1932833194732666
0.09914994239807129
0.11937594413757324
0.11505341529846191
0.1430492401123047
0.1466047763824463
0.12465286254882812
0.2745215892791748
0.15123772621154785
0.1869831085205078
0.11662483215332031
0.17025113105773926
0.12967514991760254
0.10118985176086426
0.15995407104492188
0.24277448654174805
0.3242654800415039
0.2168281078338623
0.12237095832824707
0.0737919807434082
0.14575743675231934
0.08275914192199707
0.1347978115081787
0.025815486907958984
0.03334307670593262
0.20835113525390625
0.21372652053833008
0.422013521194458
0.19592714309692383
0.07126140594482422
0.05743002891540527
0.2998509407043457
0.09312081336975098
0.06514549255371094
0.09699559211730957
0.05961871147155762
0.20093512535095215
0.5873429775238037
0.3548102378845215
0.17796111106872559
0.11605453491210938
0.16501617431640625
0.0941469669342041
0.07909274101257324
0.06899237632751465
0.11650872230529785
0.04770016670227051
0.05606269836425781
0.0341188907623291
0.21694326400756836
0.26737332344055176
0.15833306312561035
0.22271108627319336
0.11111569404602051
0.16607284545898438
0.24922561645507812
0.23908162117004395
0.09893369674682617
0.11370468139648438
0.5855553150177002
0.3704047203063965
0.1371610164642334
0.6379671096801758
0.5140197277069092
0.4112510681152344
0.23231196403503418
0.18214178085327148
0.20642852783203125
0.15744566917419434
0.4205803871154785
0.2182445526123047
0.0888063907623291
0.1346287727355957
0.20021677017211914
0.11447429656982422
0.06593084335327148
0.20726370811462402
0.22176837921142578
0.2828545570373535
0.2164597511291504
0.06579923629760742
0.08041858673095703
0.0645284652709961
0.06407499313354492
0.03075385093688965
0.09214997291564941
0.0400538444519043
0.04321694374084473
0.05596137046813965
0.08911323547363281
0.06924939155578613
0.04036068916320801
0.026511669158935547
0.03746795654296875
0.04409170150756836
0.040602684020996094
0.13112950325012207
0.03405618667602539
0.05904102325439453
0.029807090759277344
0.032849788665771484
0.0195004940032959
0.027392864227294922
0.025901079177856445
0.02089977264404297
0.03771829605102539
0.07463192939758301
0.05769538879394531
0.09675812721252441
0.06357645988464355
0.043497323989868164
0.03311586380004883
0.040346622467041016
0.03613591194152832
0.038559675216674805
