0.05964493751525879
0.15035414695739746
0.06893396377563477
0.13080334663391113
0.027709007263183594
0.14597511291503906
0.028421640396118164
0.12766504287719727
0.13432884216308594
0.12881851196289062
0.030344486236572266
0.23070240020751953
0.14292287826538086
0.15839171409606934
0.13151168823242188
0.0378565788269043
0.13184666633605957
0.12749934196472168
0.033182382583618164
0.03229570388793945
0.04171419143676758
0.03924131393432617
0.037470340728759766
0.04072690010070801
0.03594255447387695
0.029192686080932617
0.028330326080322266
0.03946423530578613
0.0491025447845459
0.03134965896606445
0.04366755485534668
0.040129899978637695
0.03640127182006836
0.15227746963500977
0.04623055458068848
0.0515744686126709
0.04657125473022461
0.044713735580444336
0.052042245864868164
0.04488778114318848
0.03989076614379883
0.046990394592285156
0.05890917778015137
0.04478859901428223
0.045243263244628906
0.04571056365966797
0.05597376823425293
0.057054996490478516
0.0482478141784668
0.05340385437011719
0.05487775802612305
0.049733877182006836
0.060347795486450195
0.059152841567993164
0.062445878982543945
0.05962228775024414
0.05531907081604004
0.05625748634338379
0.06741046905517578
0.06359410285949707
0.061911582946777344
0.06944966316223145
0.06843161582946777
0.06926584243774414
0.07298445701599121
0.07157754898071289
0.0757284164428711
0.07260775566101074
0.07196521759033203
0.0695345401763916
0.06880640983581543
0.07580685615539551
0.09038972854614258
0.06991028785705566
0.07578134536743164
0.07909488677978516
0.08515048027038574
0.08862090110778809
0.08313965797424316
0.08121943473815918
0.0916590690612793
0.10353851318359375
0.09503626823425293
0.09542512893676758
0.09626269340515137
0.12101531028747559
0.10465693473815918
0.1341710090637207
0.1023252010345459
0.0962824821472168
0.09970736503601074
0.09529304504394531
0.10602951049804688
0.10677766799926758
0.09964394569396973
0.09717488288879395
0.10836243629455566
0.11045145988464355
0.10711359977722168
0.10814642906188965
0.11005783081054688
0.10490894317626953
0.11507582664489746
0.11625838279724121
0.11725234985351562
0.11159014701843262
0.11859011650085449
0.11297416687011719
0.1386864185333252
0.12062287330627441
0.1281604766845703
0.1179513931274414
0.01832866668701172
0.020859479904174805
0.019534587860107422
0.02151632308959961
0.02266669273376465
0.036454200744628906
0.03133749961853027
0.020586490631103516
0.031824350357055664
0.02782607078552246
0.037893056869506836
0.024554014205932617
0.028728485107421875
0.019361019134521484
0.026627540588378906
0.0215299129486084
0.04834866523742676
0.053412437438964844
0.026478290557861328
0.02839803695678711
0.02533698081970215
0.02979254722595215
0.0485231876373291
0.0304110050201416
0.04027915000915527
0.039954423904418945
0.035562992095947266
0.038017988204956055
0.06460142135620117
0.054197072982788086
0.05019092559814453
0.04106903076171875
0.03724026679992676
0.05162215232849121
0.05511760711669922
0.04428219795227051
0.046425580978393555
0.051319122314453125
0.05454516410827637
0.03679037094116211
0.04539823532104492
0.04657101631164551
0.0482783317565918
0.03804183006286621
0.047536373138427734
0.04909825325012207
0.04352712631225586
0.04450201988220215
0.054373741149902344
0.050606489181518555
0.058582305908203125
0.05985760688781738
0.05684947967529297
0.06324505805969238
0.06850409507751465
0.08721494674682617
0.06583786010742188
0.06319212913513184
0.055505990982055664
0.06604576110839844
0.0626988410949707
0.0603947639465332
0.06449341773986816
0.06697869300842285
0.060143232345581055
0.062330007553100586
0.06846284866333008
0.0742652416229248
0.06179547309875488
0.06104326248168945
0.07104897499084473
0.06672954559326172
0.07387232780456543
0.07107400894165039
0.0684671401977539
0.06011199951171875
0.07089686393737793
0.07156229019165039
0.06018662452697754
0.07876038551330566
0.0688323974609375
0.06862497329711914
0.060926198959350586
0.06673669815063477
0.0677487850189209
0.056447505950927734
0.054813385009765625
0.04482865333557129
0.05667543411254883
0.06389641761779785
0.05833697319030762
0.04698657989501953
0.05131220817565918
0.05464529991149902
0.04980111122131348
0.058293819427490234
0.02972698211669922
0.046546220779418945
0.04052925109863281
0.03468942642211914
0.039726972579956055
0.029888391494750977
0.04195237159729004
0.02956843376159668
0.0329592227935791
0.03247523307800293
0.028395891189575195
0.04965662956237793
0.025399446487426758
0.03215217590332031
0.028696537017822266
0.030937671661376953
0.024690866470336914
0.02599167823791504
0.02799701690673828
0.03742051124572754
0.04111981391906738
0.028816938400268555
0.031107425689697266
0.03768420219421387
0.03605294227600098
0.027956724166870117
0.02882242202758789
0.020852327346801758
0.0267183780670166
0.03914976119995117
0.02796339988708496
0.03478407859802246
0.03317975997924805
0.03469681739807129
0.03010725975036621
0.035387277603149414
0.04566669464111328
0.0348968505859375
0.04684257507324219
0.03923320770263672
0.03618216514587402
0.032883644104003906
0.03916645050048828
0.051989078521728516
0.042554378509521484
0.029781103134155273
0.03970909118652344
0.030390501022338867
0.037091732025146484
0.040253639221191406
0.03199887275695801
0.04411792755126953
0.03866767883300781
0.03889799118041992
0.04142403602600098
0.0513920783996582
0.040596723556518555
0.04749321937561035
0.05095791816711426
0.0511929988861084
0.0379486083984375
0.05085945129394531
0.047548770904541016
0.05336260795593262
0.04520583152770996
0.046195268630981445
0.0347135066986084
0.04579043388366699
0.04711723327636719
0.05020952224731445
0.0446629524230957
0.03928732872009277
0.043975114822387695
0.04487466812133789
0.04321408271789551
0.04786276817321777
0.03896331787109375
0.043654441833496094
0.044112205505371094
0.04213833808898926
0.050408124923706055
0.049549102783203125
0.038076162338256836
0.055303096771240234
0.04188060760498047
0.03765606880187988
0.16459131240844727
0.057019948959350586
0.15022492408752441
0.042386770248413086
0.14578032493591309
0.15149641036987305
0.04761171340942383
0.08321595191955566
0.17628240585327148
0.16294240951538086
0.05296206474304199
0.0460820198059082
0.15822148323059082
0.15624213218688965
0.054425716400146484
0.14897537231445312
0.04416489601135254
0.04984545707702637
0.05058407783508301
0.040441274642944336
0.04021930694580078
0.04702162742614746
0.049416303634643555
0.04924297332763672
0.044081926345825195
0.0460054874420166
0.052050113677978516
0.049933433532714844
0.06631278991699219
0.0545344352722168
0.13646888732910156
0.05301046371459961
0.05558347702026367
0.05774116516113281
0.058495283126831055
0.0763387680053711
0.07132816314697266
0.06018424034118652
0.06290626525878906
0.06936526298522949
0.06574440002441406
0.06989216804504395
0.2568986415863037
0.17107820510864258
0.06351232528686523
0.06708312034606934
0.12669157981872559
0.12024664878845215
0.13622283935546875
0.11432838439941406
0.11469101905822754
0.11660552024841309
0.009484291076660156
0.013373851776123047
0.016705036163330078
0.018869400024414062
0.014612197875976562
0.03177618980407715
0.016080141067504883
0.030225038528442383
0.03319239616394043
0.01787590980529785
0.0221099853515625
0.013998985290527344
0.014087915420532227
0.021647930145263672
0.03037285804748535
0.030150651931762695
0.02994251251220703
0.03325295448303223
0.033127546310424805
0.025975465774536133
0.022309303283691406
0.030230045318603516
0.03366565704345703
0.03136801719665527
0.022394895553588867
0.0229184627532959
0.02381134033203125
0.030869245529174805
0.03142881393432617
0.026202678680419922
0.0357823371887207
0.0381467342376709
0.03766369819641113
0.033489227294921875
0.035552024841308594
0.036945343017578125
0.03473806381225586
0.06059670448303223
0.04098820686340332
0.04449343681335449
0.034383296966552734
0.04433465003967285
0.04162430763244629
0.042946815490722656
0.04591488838195801
0.04140734672546387
0.04369521141052246
0.049178361892700195
0.04815101623535156
0.04972529411315918
0.046669721603393555
0.053636789321899414
0.036023616790771484
0.05393409729003906
0.05006766319274902
0.049436330795288086
0.0324244499206543
0.06316757202148438
0.035294532775878906
0.059557199478149414
0.04515528678894043
0.03986668586730957
0.04865527153015137
0.05856823921203613
0.04668855667114258
0.03528881072998047
0.03466677665710449
0.03459334373474121
0.041159629821777344
0.0579681396484375
0.04851412773132324
0.03861641883850098
0.03747844696044922
0.035459041595458984
0.039057254791259766
0.034435272216796875
0.029177188873291016
0.03074026107788086
0.03178524971008301
0.038927316665649414
0.029529809951782227
0.0412449836730957
0.03223538398742676
0.04470038414001465
0.04906034469604492
0.08144307136535645
0.044072628021240234
0.043808937072753906
0.048291683197021484
0.045984745025634766
0.04805397987365723
0.04060697555541992
0.0453341007232666
0.04876232147216797
0.03916645050048828
0.05267143249511719
0.051614999771118164
0.04496622085571289
0.049056291580200195
0.04891395568847656
0.041626691818237305
0.04997968673706055
0.052086830139160156
0.0467984676361084
0.05314826965332031
0.05184173583984375
0.06589078903198242
0.04811811447143555
0.050208091735839844
0.0635843276977539
0.044356584548950195
0.05301380157470703
0.0439300537109375
0.04931354522705078
0.054271697998046875
0.05399751663208008
0.29358839988708496
0.1444416046142578
0.044951438903808594
0.02839064598083496
0.23736190795898438
0.12538862228393555
0.11206698417663574
0.10550498962402344
0.11645913124084473
0.11003351211547852
0.1127023696899414
0.11004209518432617
0.009187698364257812
0.02144598960876465
0.014832735061645508
0.015891313552856445
0.024278879165649414
0.015133857727050781
0.016002178192138672
0.1256730556488037
0.12012648582458496
0.11174345016479492
0.17151284217834473
0.10862255096435547
0.08426094055175781
0.08434462547302246
0.10408401489257812
0.08852434158325195
0.07778048515319824
0.08623981475830078
0.09369516372680664
0.06006479263305664
0.06564140319824219
0.05955862998962402
0.06307721138000488
0.059237003326416016
0.054044246673583984
0.05576324462890625
0.05786538124084473
0.04193520545959473
0.049518585205078125
0.04935312271118164
0.051162004470825195
0.04978680610656738
0.07300424575805664
0.040673255920410156
0.037477970123291016
0.040825605392456055
0.04392838478088379
0.04847216606140137
0.051863908767700195
0.055419921875
0.046706438064575195
0.04695630073547363
0.0556337833404541
0.055545806884765625
0.0542759895324707
0.056868553161621094
0.05205392837524414
0.030170202255249023
0.024857044219970703
0.0350341796875
0.027077674865722656
0.0395054817199707
0.05450153350830078
0.030396461486816406
0.040994882583618164
0.038022518157958984
0.06231260299682617
0.039412736892700195
0.05071711540222168
0.052199363708496094
0.04885506629943848
0.053980350494384766
0.04873847961425781
0.06579875946044922
0.0421299934387207
0.04446268081665039
0.06820845603942871
0.08280777931213379
0.12952756881713867
0.07249903678894043
0.16066932678222656
0.3253059387207031
0.11692214012145996
0.05623149871826172
0.05859827995300293
0.06656980514526367
0.0994119644165039
0.058689117431640625
0.06770753860473633
0.08916664123535156
0.08132076263427734
0.13718652725219727
0.0863041877746582
0.20169830322265625
0.21511340141296387
0.19548273086547852
0.271465539932251
0.16344046592712402
0.12163829803466797
0.12334632873535156
0.11891651153564453
0.1022343635559082
0.12286043167114258
0.11950302124023438
0.10225129127502441
0.0991830825805664
0.12485551834106445
0.09432148933410645
0.10555481910705566
0.10153698921203613
0.10497760772705078
0.10897016525268555
0.10716843605041504
0.10955500602722168
0.10660457611083984
0.11055946350097656
0.11217737197875977
0.1086893081665039
0.11538815498352051
0.12277412414550781
0.16561126708984375
0.19769287109375
0.12079000473022461
0.11579370498657227
0.13445687294006348
0.12058615684509277
0.10947442054748535
0.11034417152404785
0.11538863182067871
0.009838104248046875
0.1252129077911377
0.12216448783874512
0.12358736991882324
0.12653541564941406
0.2131810188293457
0.11850333213806152
0.12826132774353027
0.129624605178833
0.11555910110473633
0.12103605270385742
0.11823892593383789
0.013994455337524414
0.017274141311645508
0.011588335037231445
0.015920162200927734
0.017168283462524414
0.012671947479248047
0.017964601516723633
0.025259733200073242
0.016856670379638672
0.05848979949951172
0.030195951461791992
0.20493865013122559
0.17221665382385254
0.18022990226745605
0.11850166320800781
0.12361264228820801
0.08882832527160645
0.09269285202026367
0.1273939609527588
0.09564018249511719
0.11533045768737793
0.10180044174194336
0.12309432029724121
0.10569071769714355
0.09935712814331055
0.136124849319458
0.0822305679321289
0.10994672775268555
0.09416341781616211
0.08919763565063477
0.25578999519348145
0.0966641902923584
0.18336963653564453
0.16208839416503906
0.1129448413848877
0.1075434684753418
0.1711103916168213
0.21880531311035156
0.22518634796142578
0.08551597595214844
0.1441340446472168
0.09723305702209473
0.10961294174194336
0.15470099449157715
0.09303808212280273
0.08740019798278809
0.13489007949829102
0.1286487579345703
0.09735584259033203
0.09923887252807617
0.11583995819091797
0.13987278938293457
0.10211420059204102
0.11607575416564941
0.1142740249633789
0.09914159774780273
0.07947015762329102
0.06892156600952148
0.07529807090759277
0.07825326919555664
0.11271166801452637
0.07782340049743652
0.08834242820739746
0.08228325843811035
0.07189512252807617
0.08075475692749023
0.094268798828125
0.0656583309173584
0.07503175735473633
0.05049753189086914
0.06073403358459473
0.06311774253845215
0.06204366683959961
0.07953667640686035
0.05370473861694336
0.060751914978027344
0.052553415298461914
0.0606691837310791
0.09955239295959473
0.0928952693939209
0.048119544982910156
0.06087350845336914
0.055101633071899414
0.05275440216064453
0.042754173278808594
0.06694197654724121
0.05788278579711914
0.04852914810180664
0.05419182777404785
0.052886247634887695
0.05894017219543457
0.04893970489501953
0.050043582916259766
0.050141334533691406
0.06192135810852051
0.061258554458618164
0.061223745346069336
0.05869293212890625
0.07252764701843262
0.05800604820251465
0.06129336357116699
0.06288981437683105
0.06818437576293945
0.06770682334899902
0.07695245742797852
0.07806587219238281
0.0745084285736084
0.0770101547241211
0.05992388725280762
0.07052421569824219
0.06103157997131348
0.06654524803161621
0.07717633247375488
0.0716092586517334
0.0713651180267334
0.06208920478820801
0.06249833106994629
0.07235479354858398
0.07938551902770996
0.07625699043273926
0.07780265808105469
0.06887316703796387
0.08444356918334961
0.0760657787322998
0.11744499206542969
0.07734990119934082
0.07887029647827148
0.07518219947814941
0.07750630378723145
0.08699202537536621
0.07383131980895996
0.08559942245483398
0.08254742622375488
0.08516812324523926
0.08543062210083008
0.07876801490783691
0.07733893394470215
0.08272767066955566
0.0778810977935791
0.07542634010314941
0.11256742477416992
0.15950894355773926
0.2930488586425781
0.0890653133392334
0.24727296829223633
0.13516807556152344
0.1123046875
0.11218619346618652
0.16442060470581055
0.058634042739868164
0.2166125774383545
0.60723876953125
0.3885502815246582
0.1647646427154541
0.16277623176574707
0.4287128448486328
0.24986815452575684
0.16764235496520996
0.1007695198059082
0.14420700073242188
0.08616471290588379
0.14937973022460938
0.11469030380249023
0.10868048667907715
0.0943293571472168
0.15041732788085938
0.17021441459655762
0.22253751754760742
0.1290898323059082
0.11447477340698242
0.10181331634521484
0.11632990837097168
0.08769750595092773
0.1886742115020752
0.08374953269958496
0.07484126091003418
0.08212471008300781
0.07180452346801758
0.06859397888183594
0.05223560333251953
0.052076101303100586
0.05574178695678711
0.07618212699890137
0.06477952003479004
0.06382203102111816
0.13947343826293945
0.09412479400634766
0.05968308448791504
0.09303951263427734
0.13625693321228027
0.0627138614654541
0.08678054809570312
0.11001873016357422
0.04894304275512695
0.12134146690368652
0.1304938793182373
0.11870861053466797
0.1792917251586914
0.18140101432800293
0.1172034740447998
0.2702808380126953
0.09308838844299316
0.1575779914855957
0.07138562202453613
0.08928060531616211
0.1395421028137207
0.1714630126953125
0.14299535751342773
0.12036323547363281
0.12564301490783691
0.09752559661865234
0.07368922233581543
0.08674263954162598
0.07947874069213867
0.07393383979797363
0.08501458168029785
0.09801506996154785
0.0674905776977539
0.10777592658996582
0.07282185554504395
0.08823680877685547
0.17228317260742188
0.16251707077026367
0.059992313385009766
0.20772552490234375
0.05966591835021973
0.06904006004333496
0.07936763763427734
0.10088324546813965
0.07385611534118652
0.05934762954711914
0.14288115501403809
0.06732559204101562
0.10279560089111328
0.06466150283813477
0.11793208122253418
0.060497283935546875
0.2853374481201172
0.10690426826477051
0.11821675300598145
0.08935785293579102
0.08114385604858398
0.07417893409729004
0.09304380416870117
0.12408995628356934
0.08426165580749512
0.07185149192810059
0.09552383422851562
0.07983088493347168
0.12913060188293457
0.2566032409667969
0.11728143692016602
0.11868000030517578
0.1653745174407959
0.10240340232849121
0.0944967269897461
0.09868621826171875
0.10126996040344238
0.09247851371765137
0.07516789436340332
0.09346961975097656
0.07475781440734863
0.13065767288208008
0.07458853721618652
0.06898832321166992
0.035607099533081055
0.07998013496398926
0.0548398494720459
0.17474722862243652
0.06382274627685547
0.16297078132629395
0.06969070434570312
0.15415024757385254
0.13887357711791992
0.012135505676269531
0.1858205795288086
0.17149591445922852
0.14257168769836426
0.1369767189025879
0.23768925666809082
0.14145421981811523
0.167205810546875
0.11915445327758789
0.1676957607269287
0.1519026756286621
0.18206143379211426
0.10766768455505371
0.12047910690307617
0.1208798885345459
0.10950541496276855
0.11223578453063965
0.15636110305786133
0.1440424919128418
0.11268305778503418
0.1631181240081787
0.1857004165649414
0.13793301582336426
0.14118123054504395
0.13234543800354004
0.10578799247741699
0.18225693702697754
0.10844135284423828
0.1276109218597412
0.10231328010559082
0.10413360595703125
0.10661602020263672
0.11617207527160645
0.09760761260986328
0.18264222145080566
0.09742093086242676
0.10416150093078613
0.15042424201965332
0.07749414443969727
0.07608246803283691
0.13321232795715332
0.15535736083984375
0.10531258583068848
0.12158012390136719
0.09816479682922363
0.07494282722473145
0.10685324668884277
0.07794761657714844
0.06888818740844727
0.07447218894958496
0.13567900657653809
0.0784449577331543
0.07511496543884277
0.07260560989379883
0.07845735549926758
0.0757913589477539
0.07958769798278809
0.08165597915649414
0.06759071350097656
0.0570673942565918
0.16866636276245117
0.04816293716430664
0.08054590225219727
0.048314571380615234
0.0513308048248291
0.040999650955200195
0.04916071891784668
0.054709672927856445
0.06368136405944824
0.05029940605163574
0.0801234245300293
0.05923128128051758
0.061116933822631836
0.05378890037536621
0.07490730285644531
0.06740307807922363
0.0727837085723877
0.07448220252990723
0.06494784355163574
0.07045269012451172
0.06908726692199707
0.07064652442932129
0.0762486457824707
0.08037710189819336
0.07176804542541504
0.08386445045471191
0.07015848159790039
0.06652045249938965
0.08496308326721191
0.08307170867919922
0.07425570487976074
0.06593012809753418
0.05816650390625
0.06583142280578613
0.0762186050415039
0.06628012657165527
0.060938358306884766
0.06604123115539551
0.06422710418701172
0.06901383399963379
0.0604248046875
0.05613303184509277
0.062241315841674805
0.05391979217529297
0.06481218338012695
0.07349658012390137
0.05931282043457031
0.06461286544799805
0.0679011344909668
0.05685782432556152
0.06111741065979004
0.071533203125
0.0719761848449707
0.06307482719421387
0.059555768966674805
0.06908679008483887
0.06575798988342285
0.05901145935058594
0.06857490539550781
0.07676219940185547
0.06891536712646484
0.0658268928527832
0.0666360855102539
0.0728597640991211
0.07671737670898438
0.07721400260925293
0.07408785820007324
0.07534074783325195
0.07309985160827637
0.0715639591217041
0.07778668403625488
0.07841825485229492
0.06411933898925781
0.06931734085083008
0.0672760009765625
0.07560849189758301
0.0767812728881836
0.07555603981018066
0.08158373832702637
0.07722783088684082
0.07268929481506348
0.08453130722045898
0.08632230758666992
0.08384251594543457
0.08183884620666504
0.16376256942749023
0.06154656410217285
0.07771420478820801
0.08950257301330566
0.07850480079650879
0.1482701301574707
0.0690772533416748
0.068084716796875
0.20584678649902344
0.11675715446472168
0.18151307106018066
0.0990445613861084
0.12133002281188965
0.10457777976989746
0.09779143333435059
0.09857058525085449
0.12661147117614746
0.08801960945129395
0.09413313865661621
0.10677409172058105
0.07544898986816406
0.08907771110534668
0.09061956405639648
0.09403014183044434
0.07762646675109863
0.13377857208251953
0.08934974670410156
0.10611772537231445
0.13429594039916992
0.12171006202697754
0.1055142879486084
0.10690093040466309
0.1146230697631836
0.13235735893249512
0.08251404762268066
0.084381103515625
0.0774848461151123
0.1484367847442627
0.17117762565612793
0.09047317504882812
0.21720552444458008
0.4698777198791504
0.36252331733703613
0.12395882606506348
0.18086552619934082
0.10245943069458008
0.058316707611083984
0.18656587600708008
0.1571056842803955
0.18914031982421875
0.24237895011901855
0.09746766090393066
0.10641694068908691
0.15738463401794434
0.26907896995544434
0.05064105987548828
0.04733681678771973
0.060532569885253906
0.06540393829345703
0.16391301155090332
0.0336000919342041
0.12151217460632324
0.11937451362609863
0.10647726058959961
0.13270998001098633
0.1427314281463623
0.11931419372558594
0.13023900985717773
0.1421365737915039
0.21126556396484375
0.1904292106628418
0.13092660903930664
0.11333727836608887
0.11745119094848633
0.12496614456176758
0.09660720825195312
0.10761070251464844
0.18810105323791504
0.08563089370727539
0.05895686149597168
0.09226727485656738
0.07474875450134277
0.08077788352966309
0.05618429183959961
0.07586431503295898
0.10801458358764648
0.07280945777893066
0.051439762115478516
0.1411278247833252
0.18891143798828125
0.20745563507080078
0.11517500877380371
0.0887753963470459
0.05447196960449219
0.09587264060974121
0.1061549186706543
0.03536677360534668
0.1333608627319336
0.20154166221618652
0.17925238609313965
0.15379929542541504
0.06752705574035645
0.06373310089111328
0.07903051376342773
0.12656617164611816
0.03784036636352539
0.3929622173309326
0.2726433277130127
0.04230928421020508
0.048439741134643555
0.03475451469421387
0.03307747840881348
0.03402829170227051
0.04444432258605957
0.026772260665893555
0.06621360778808594
0.0654764175415039
0.032353878021240234
0.06793546676635742
0.024924755096435547
0.06893491744995117
0.16811347007751465
0.11641573905944824
0.5352697372436523
0.3723597526550293
0.15152835845947266
0.05332183837890625
0.02936720848083496
0.04852604866027832
0.0349421501159668
0.08554768562316895
0.07857561111450195
0.09715533256530762
0.03319835662841797
0.0819697380065918
0.10230350494384766
0.10080265998840332
0.18622684478759766
0.03673434257507324
0.13521456718444824
0.0741264820098877
0.09372329711914062
0.21774077415466309
0.2830939292907715
0.20711851119995117
0.1673569679260254
0.19551396369934082
0.1669473648071289
0.07035040855407715
0.061891794204711914
0.3876311779022217
0.18590331077575684
0.17740321159362793
0.06664276123046875
0.06569862365722656
0.05105757713317871
0.04561638832092285
0.11973381042480469
0.19464349746704102
0.08600449562072754
0.2235124111175537
0.10355401039123535
0.13754987716674805
0.07411956787109375
0.06503009796142578
0.04394197463989258
0.053867340087890625
0.07184410095214844
0.03914332389831543
0.1175692081451416
0.045152902603149414
0.03438425064086914
0.041933298110961914
0.03588294982910156
0.05727076530456543
0.11037325859069824
0.0649266242980957
0.08831453323364258
0.17963719367980957
0.11533665657043457
0.14446330070495605
0.12098932266235352
0.09603548049926758
0.21303272247314453
0.22405719757080078
0.06491875648498535
0.34782862663269043
0.16949057579040527
0.044508934020996094
0.033854007720947266
0.13297080993652344
0.0707559585571289
0.11530542373657227
0.12376594543457031
0.12740230560302734
0.12974071502685547
0.13132071495056152
0.1895771026611328
0.1678173542022705
0.2100670337677002
0.18043828010559082
0.10694193840026855
0.1522831916809082
0.1718463897705078
0.18359613418579102
0.18140745162963867
0.11908745765686035
0.11225295066833496
0.1330564022064209
0.14373278617858887
0.11042189598083496
0.10361766815185547
0.08454370498657227
0.3862793445587158
0.16831207275390625
0.12422776222229004
0.06398320198059082
0.04567241668701172
0.13301610946655273
0.09604573249816895
0.05769658088684082
0.021898508071899414
0.1752622127532959
0.20484113693237305
0.2649195194244385
0.08718442916870117
0.0543820858001709
0.0546116828918457
0.24316120147705078
0.14934587478637695
0.049120187759399414
0.05903196334838867
0.06185340881347656
0.16797280311584473
0.11107110977172852
0.5518131256103516
0.32524847984313965
0.1088564395904541
0.150620698928833
0.06667113304138184
0.06734633445739746
0.06087779998779297
0.05527806282043457
0.08207082748413086
0.05418276786804199
0.0464167594909668
0.21052813529968262
0.1509549617767334
0.1519021987915039
0.18479013442993164
0.09876322746276855
0.16358375549316406
0.47918200492858887
0.2718815803527832
0.08450746536254883
0.07643723487854004
0.08762478828430176
0.7528305053710938
0.9847948551177979
0.8871896266937256
0.6668422222137451
0.4369540214538574
0.2393345832824707
0.10397672653198242
0.20499467849731445
0.2507598400115967
0.10921812057495117
0.15687298774719238
0.07611322402954102
0.143096923828125
0.2187042236328125
0.11578702926635742
0.05737423896789551
0.11154913902282715
0.22956538200378418
0.27277565002441406
0.1282804012298584
0.06116199493408203
0.050280094146728516
0.08531999588012695
0.059175968170166016
0.038881540298461914
0.037975311279296875
0.026214122772216797
0.059746742248535156
0.02765345573425293
0.09827208518981934
0.028545379638671875
0.0210878849029541
0.02914738655090332
0.0212252140045166
0.03845548629760742
0.03413581848144531
0.033647775650024414
0.030905961990356445
0.05187416076660156
0.026602745056152344
0.029145240783691406
0.027801990509033203
0.015017986297607422
0.027218103408813477
0.0234072208404541
0.01805901527404785
0.021950721740722656
0.045104026794433594
0.07881045341491699
0.04659843444824219
0.03173065185546875
0.04026079177856445
0.027613162994384766
0.033510446548461914
0.040596961975097656
