0.13825082778930664
0.05422568321228027
0.1821424961090088
0.03549313545227051
0.14260411262512207
0.06547117233276367
0.12899398803710938
0.13583898544311523
0.13033652305603027
0.02698802947998047
0.22712993621826172
0.12641453742980957
0.13375258445739746
0.13849449157714844
0.023380756378173828
0.1381978988647461
0.13445687294006348
0.0250394344329834
0.028055191040039062
0.042160987854003906
0.040117740631103516
0.045567989349365234
0.042814016342163086
0.03750801086425781
0.030445337295532227
0.029395341873168945
0.03612971305847168
0.05025315284729004
0.040944576263427734
0.0355219841003418
0.04196286201477051
0.03749823570251465
0.13243317604064941
0.08394789695739746
0.05938148498535156
0.062366485595703125
0.05183529853820801
0.04156804084777832
0.05534648895263672
0.050977468490600586
0.057244300842285156
0.045542001724243164
0.05141115188598633
0.04661297798156738
0.06084895133972168
0.06395816802978516
0.06006455421447754
0.04959845542907715
0.06048083305358887
0.05631399154663086
0.058713436126708984
0.06090974807739258
0.054987192153930664
0.06579780578613281
0.06403851509094238
0.0709238052368164
0.06263327598571777
0.0587003231048584
0.06492924690246582
0.07250428199768066
0.06973958015441895
0.07168269157409668
0.07273149490356445
0.07370638847351074
0.06760668754577637
0.07395505905151367
0.07925701141357422
0.08437132835388184
0.07084894180297852
0.07595372200012207
0.08305239677429199
0.09091854095458984
0.08230352401733398
0.08244943618774414
0.08083033561706543
0.0857095718383789
0.08525872230529785
0.0848543643951416
0.11896252632141113
0.09440755844116211
0.0912618637084961
0.08646011352539062
0.0878138542175293
0.09743404388427734
0.11189794540405273
0.10146617889404297
0.13376116752624512
0.10704851150512695
0.1089932918548584
0.09539294242858887
0.10510563850402832
0.0970923900604248
0.10302734375
0.10171818733215332
0.10350489616394043
0.11322522163391113
0.11786103248596191
0.10293054580688477
0.13016176223754883
0.12503314018249512
0.10610175132751465
0.11594414710998535
0.11703824996948242
0.11861467361450195
0.11386537551879883
0.12050414085388184
0.12960147857666016
0.12306857109069824
0.11720633506774902
0.1121218204498291
0.12463092803955078
0.019679546356201172
0.021578073501586914
0.025027751922607422
0.0228726863861084
0.02865314483642578
0.0323331356048584
0.03279924392700195
0.021704673767089844
0.0355982780456543
0.019730806350708008
0.03918910026550293
0.030712366104125977
0.020474672317504883
0.02177906036376953
0.018643617630004883
0.028591632843017578
0.051288604736328125
0.04645228385925293
0.02259969711303711
0.024356365203857422
0.03725862503051758
0.04186606407165527
0.0397648811340332
0.04654669761657715
0.03612852096557617
0.04227924346923828
0.03746199607849121
0.033872127532958984
0.046523094177246094
0.049078941345214844
0.05246710777282715
0.03690481185913086
0.03868913650512695
0.052340030670166016
0.062101125717163086
0.05432009696960449
0.047544002532958984
0.03739809989929199
0.05011343955993652
0.04997825622558594
0.03699326515197754
0.05147433280944824
0.055237770080566406
0.05409812927246094
0.05252337455749512
0.056175947189331055
0.044992685317993164
0.04596519470214844
0.04485630989074707
0.06072282791137695
0.05921459197998047
0.04953122138977051
0.04886794090270996
0.05410313606262207
0.054157257080078125
0.07121467590332031
0.06804156303405762
0.05820727348327637
0.06768321990966797
0.07068800926208496
0.07547974586486816
0.06729912757873535
0.07442426681518555
0.07996273040771484
0.07311582565307617
0.07340812683105469
0.06456279754638672
0.07577824592590332
0.06323361396789551
0.06232619285583496
0.07715439796447754
0.0625603199005127
0.07548809051513672
0.07198262214660645
0.07022285461425781
0.06654477119445801
0.07192754745483398
0.06892991065979004
0.05575823783874512
0.07109808921813965
0.07270455360412598
0.07565188407897949
0.07887578010559082
0.06796979904174805
0.06284976005554199
0.05759024620056152
0.056162118911743164
0.05712389945983887
0.05752682685852051
0.0647430419921875
0.04450678825378418
0.05262923240661621
0.05651736259460449
0.056914567947387695
0.04578232765197754
0.06025195121765137
0.030817747116088867
0.0481715202331543
0.04134249687194824
0.04410505294799805
0.0408170223236084
0.03129076957702637
0.05310940742492676
0.03915596008300781
0.03412961959838867
0.03754281997680664
0.04445600509643555
0.025229215621948242
0.026653289794921875
0.0334165096282959
0.03485274314880371
0.04335594177246094
0.03156113624572754
0.03866696357727051
0.03803896903991699
0.0389399528503418
0.04210782051086426
0.047435760498046875
0.026926517486572266
0.03386187553405762
0.0329282283782959
0.039548397064208984
0.0327303409576416
0.0335540771484375
0.034085750579833984
0.043176889419555664
0.02397465705871582
0.04115867614746094
0.042600154876708984
0.030605792999267578
0.04571723937988281
0.04290771484375
0.03183269500732422
0.03160572052001953
0.03148913383483887
0.03615713119506836
0.03706216812133789
0.024646997451782227
0.03653573989868164
0.042960405349731445
0.03479576110839844
0.04128146171569824
0.04349946975708008
0.047852516174316406
0.04278993606567383
0.04187345504760742
0.04955029487609863
0.04514503479003906
0.03406643867492676
0.0430605411529541
0.03938889503479004
0.04196977615356445
0.05101513862609863
0.05021858215332031
0.0415043830871582
0.048157691955566406
0.03935575485229492
0.04907703399658203
0.048476457595825195
0.04978179931640625
0.0433807373046875
0.048520803451538086
0.046476125717163086
0.046285390853881836
0.04764413833618164
0.0366973876953125
0.04643821716308594
0.04642772674560547
0.04635214805603027
0.050493717193603516
0.04818367958068848
0.06043362617492676
0.05067086219787598
0.05497550964355469
0.03973078727722168
0.0627753734588623
0.051152944564819336
0.04643869400024414
0.04557466506958008
0.051805734634399414
0.0556340217590332
0.05471491813659668
0.1656336784362793
0.059609174728393555
0.16345763206481934
0.05682516098022461
0.15263819694519043
0.1474144458770752
0.04918074607849121
0.07562565803527832
0.19766712188720703
0.1650559902191162
0.05867648124694824
0.048362016677856445
0.15051054954528809
0.14221811294555664
0.05967307090759277
0.1550452709197998
0.056421756744384766
0.05065631866455078
0.055819034576416016
0.04688572883605957
0.04691934585571289
0.04293560981750488
0.06026506423950195
0.05388975143432617
0.055574655532836914
0.04731488227844238
0.08325028419494629
0.056652069091796875
0.0679168701171875
0.06189370155334473
0.14940500259399414
0.054425954818725586
0.06241583824157715
0.07396340370178223
0.07252621650695801
0.0823371410369873
0.06403160095214844
0.07705855369567871
0.07809758186340332
0.07721281051635742
0.08593606948852539
0.14894342422485352
0.26557278633117676
0.049083709716796875
0.11678814888000488
0.12829804420471191
0.14560294151306152
0.12405562400817871
0.1286611557006836
0.12694144248962402
0.11055731773376465
0.11231017112731934
0.02104640007019043
0.022796154022216797
0.020876646041870117
0.014297246932983398
0.01585102081298828
0.0336458683013916
0.017041921615600586
0.020166635513305664
0.017983436584472656
0.025422096252441406
0.013885259628295898
0.03221559524536133
0.025747299194335938
0.017337560653686523
0.03696799278259277
0.020656347274780273
0.020946264266967773
0.031049013137817383
0.035451650619506836
0.0321657657623291
0.03484821319580078
0.03148531913757324
0.025890827178955078
0.04060554504394531
0.028755664825439453
0.023909568786621094
0.024945497512817383
0.0314946174621582
0.036287546157836914
0.04346108436584473
0.04016256332397461
0.03524208068847656
0.039171695709228516
0.04322504997253418
0.03362607955932617
0.03895878791809082
0.044577598571777344
0.06663012504577637
0.04243969917297363
0.04628252983093262
0.0355072021484375
0.0459284782409668
0.043160438537597656
0.05234551429748535
0.04401063919067383
0.04295015335083008
0.04510092735290527
0.05312609672546387
0.05016136169433594
0.041127920150756836
0.047258853912353516
0.054360389709472656
0.053214073181152344
0.039591312408447266
0.051541805267333984
0.0517125129699707
0.05512118339538574
0.05814027786254883
0.036600589752197266
0.04828786849975586
0.04213142395019531
0.03603792190551758
0.05167794227600098
0.036408424377441406
0.036737918853759766
0.050462961196899414
0.04572463035583496
0.050451040267944336
0.04839611053466797
0.054442405700683594
0.044945716857910156
0.04361128807067871
0.0333096981048584
0.03176093101501465
0.03620409965515137
0.04442024230957031
0.03048992156982422
0.040763139724731445
0.03867077827453613
0.02942967414855957
0.0412449836730957
0.03106093406677246
0.03867387771606445
0.04869866371154785
0.05117464065551758
0.06793737411499023
0.0346834659576416
0.041497230529785156
0.049432992935180664
0.04313039779663086
0.04497241973876953
0.051483869552612305
0.05282449722290039
0.0493009090423584
0.0515291690826416
0.04941272735595703
0.05675983428955078
0.05191302299499512
0.05479097366333008
0.04010891914367676
0.05271768569946289
0.05127429962158203
0.047273874282836914
0.06329774856567383
0.057573795318603516
0.11122274398803711
0.06741476058959961
0.06635785102844238
0.04628777503967285
0.071685791015625
0.05581498146057129
0.04561972618103027
0.05672621726989746
0.04612898826599121
0.0450286865234375
0.05164456367492676
0.04687094688415527
0.1587388515472412
0.05372929573059082
0.07181382179260254
0.280120849609375
0.13092637062072754
0.11907958984375
0.12402892112731934
0.10863399505615234
0.1214897632598877
0.10896968841552734
0.11163663864135742
0.020457983016967773
0.018843650817871094
0.02151346206665039
0.01705789566040039
0.02128124237060547
0.025606870651245117
0.02747178077697754
0.12484622001647949
0.12248587608337402
0.1286945343017578
0.16849589347839355
0.11986899375915527
0.09780383110046387
0.10839056968688965
0.10963129997253418
0.1077268123626709
0.06965517997741699
0.0800940990447998
0.09794807434082031
0.061508893966674805
0.07190680503845215
0.06646323204040527
0.06849503517150879
0.06424212455749512
0.055236101150512695
0.05189204216003418
0.060822248458862305
0.04492616653442383
0.05141282081604004
0.047289133071899414
0.04789566993713379
0.059491872787475586
0.06936311721801758
0.04207038879394531
0.044043779373168945
0.03666543960571289
0.04858875274658203
0.0542757511138916
0.044020891189575195
0.053826332092285156
0.06271004676818848
0.058258771896362305
0.05600309371948242
0.058686017990112305
0.05740523338317871
0.05278944969177246
0.054581403732299805
0.06055879592895508
0.03180575370788574
0.032903194427490234
0.039301156997680664
0.0461430549621582
0.05118966102600098
0.03173637390136719
0.039083242416381836
0.03414797782897949
0.06387114524841309
0.05054807662963867
0.04005742073059082
0.05752205848693848
0.05686235427856445
0.05661511421203613
0.05574750900268555
0.07778000831604004
0.05397820472717285
0.05593538284301758
0.061583757400512695
0.12296581268310547
0.15884876251220703
0.09761261940002441
0.18096685409545898
0.37668466567993164
0.16832923889160156
0.052678823471069336
0.10006928443908691
0.05492806434631348
0.10511660575866699
0.057396650314331055
0.07043719291687012
0.047187089920043945
0.08405780792236328
0.1427147388458252
0.10538625717163086
0.17511630058288574
0.11254477500915527
0.20700907707214355
0.20940375328063965
0.2113795280456543
0.14076638221740723
0.12269711494445801
0.12318921089172363
0.11539745330810547
0.10126590728759766
0.14661049842834473
0.11932563781738281
0.10779690742492676
0.11337924003601074
0.10714030265808105
0.10895109176635742
0.09637022018432617
0.09673619270324707
0.09985136985778809
0.10924196243286133
0.11038661003112793
0.11327743530273438
0.13057255744934082
0.10295867919921875
0.11038541793823242
0.11608338356018066
0.1133577823638916
0.1755211353302002
0.20672011375427246
0.1320786476135254
0.12086176872253418
0.12862825393676758
0.12731003761291504
0.1163930892944336
0.12949776649475098
0.12234997749328613
0.025424480438232422
0.13137221336364746
0.11803126335144043
0.1251392364501953
0.13180112838745117
0.22517991065979004
0.12907671928405762
0.12685227394104004
0.13257145881652832
0.12549471855163574
0.1172337532043457
0.12018513679504395
0.015131473541259766
0.0237886905670166
0.018379688262939453
0.02111339569091797
0.02814483642578125
0.023134946823120117
0.02436065673828125
0.027443647384643555
0.023900270462036133
0.04889655113220215
0.020250558853149414
0.21313905715942383
0.12875604629516602
0.14031529426574707
0.12493157386779785
0.09520626068115234
0.13437390327453613
0.1180419921875
0.12218189239501953
0.09186291694641113
0.11221504211425781
0.11637187004089355
0.10658073425292969
0.09046268463134766
0.10207843780517578
0.09798645973205566
0.08393502235412598
0.10588979721069336
0.0974729061126709
0.11249208450317383
0.2553431987762451
0.0861976146697998
0.07732915878295898
0.14068818092346191
0.10614752769470215
0.12672877311706543
0.1899735927581787
0.2022387981414795
0.10970211029052734
0.09343886375427246
0.1391739845275879
0.14004898071289062
0.16147470474243164
0.14337873458862305
0.11148619651794434
0.08778762817382812
0.08461141586303711
0.11157417297363281
0.11290597915649414
0.09554100036621094
0.15703034400939941
0.12755846977233887
0.12810397148132324
0.1254575252532959
0.11979460716247559
0.10135579109191895
0.09046387672424316
0.08153963088989258
0.08105707168579102
0.08993005752563477
0.13760685920715332
0.11417889595031738
0.10169196128845215
0.08953380584716797
0.07343649864196777
0.0885317325592041
0.10311245918273926
0.1067955493927002
0.07942628860473633
0.0517885684967041
0.0461115837097168
0.04786205291748047
0.06700539588928223
0.08787083625793457
0.05683732032775879
0.061272382736206055
0.08756661415100098
0.06783413887023926
0.10416102409362793
0.07566976547241211
0.05908465385437012
0.05600237846374512
0.0516200065612793
0.055092811584472656
0.04404306411743164
0.06507396697998047
0.05906844139099121
0.04999995231628418
0.05170392990112305
0.05847001075744629
0.05535626411437988
0.05008673667907715
0.05914711952209473
0.06466388702392578
0.05153346061706543
0.05285787582397461
0.05296802520751953
0.07103872299194336
0.07636690139770508
0.07781124114990234
0.06276392936706543
0.08104658126831055
0.07464480400085449
0.0746469497680664
0.0743403434753418
0.08036923408508301
0.07511782646179199
0.0808095932006836
0.07147598266601562
0.07541775703430176
0.07754206657409668
0.07771778106689453
0.07344245910644531
0.06312203407287598
0.07864689826965332
0.07884621620178223
0.07414555549621582
0.07775044441223145
0.08157110214233398
0.07346725463867188
0.07471394538879395
0.08345961570739746
0.08062505722045898
0.08239388465881348
0.10937762260437012
0.08399677276611328
0.0751190185546875
0.08432650566101074
0.08708620071411133
0.09224796295166016
0.08818554878234863
0.08602166175842285
0.07484078407287598
0.08279609680175781
0.08738565444946289
0.07949185371398926
0.08203744888305664
0.08527898788452148
0.07975125312805176
0.08844900131225586
0.14888668060302734
0.13631582260131836
0.10193753242492676
0.534003734588623
0.32453274726867676
0.12504839897155762
0.12266850471496582
0.6671476364135742
0.4706144332885742
0.21056079864501953
1.302368402481079
1.079092264175415
0.8602776527404785
0.636500358581543
0.4319331645965576
0.16159772872924805
0.19597530364990234
0.1646425724029541
0.13424229621887207
0.152862548828125
0.12431526184082031
0.16376566886901855
0.09249472618103027
0.11464071273803711
0.09760570526123047
0.14751887321472168
0.14464426040649414
0.19584274291992188
0.1192772388458252
0.11923909187316895
0.12056660652160645
0.12888574600219727
0.10797762870788574
0.18858575820922852
0.08122992515563965
0.061264991760253906
0.1266939640045166
0.07184219360351562
0.08462929725646973
0.061072587966918945
0.06847238540649414
0.06373953819274902
0.08325982093811035
0.051695823669433594
0.061998844146728516
0.13983559608459473
0.055882930755615234
0.05603814125061035
0.10210204124450684
0.17962384223937988
0.06944036483764648
0.08895111083984375
0.06489729881286621
0.07120394706726074
0.2925069332122803
0.2230393886566162
0.1674821376800537
0.18184614181518555
0.18164300918579102
0.19063472747802734
0.24803805351257324
0.07699871063232422
0.11377358436584473
0.0843954086303711
0.09449362754821777
0.10273385047912598
0.15511536598205566
0.12900209426879883
0.15883708000183105
0.128218412399292
0.09869003295898438
0.07341480255126953
0.06702661514282227
0.19083738327026367
0.15903782844543457
0.11322736740112305
0.09250116348266602
0.07496976852416992
0.0877079963684082
0.08025670051574707
0.06750750541687012
0.09099745750427246
0.15544652938842773
0.1308131217956543
0.2043592929840088
0.061534881591796875
0.06413936614990234
0.06771564483642578
0.1339111328125
0.08980441093444824
0.10263442993164062
0.12507033348083496
0.08508515357971191
0.1095280647277832
0.09478640556335449
0.08817720413208008
0.06403231620788574
0.10490679740905762
0.11699819564819336
0.0942835807800293
0.097564697265625
0.08723592758178711
0.08432364463806152
0.08991694450378418
0.13573837280273438
0.09090590476989746
0.08681678771972656
0.08532476425170898
0.08276844024658203
0.1535038948059082
0.40822291374206543
0.30654191970825195
0.1334095001220703
0.15806126594543457
0.0977029800415039
0.08822917938232422
0.10393142700195312
0.08868908882141113
0.07888031005859375
0.08408308029174805
0.11175704002380371
0.11107993125915527
0.0864410400390625
0.08016109466552734
0.05977988243103027
0.07417058944702148
0.053366899490356445
0.05751633644104004
0.16348528861999512
0.09133076667785645
0.19530677795410156
0.0712134838104248
0.16342616081237793
0.11543416976928711
0.024151325225830078
0.17037153244018555
0.16128921508789062
0.13265013694763184
0.14408469200134277
0.2423408031463623
0.13948464393615723
0.14349055290222168
0.12079548835754395
0.14538311958312988
0.16050171852111816
0.11172223091125488
0.12370061874389648
0.11484384536743164
0.12860727310180664
0.12258410453796387
0.13974952697753906
0.19218730926513672
0.13849210739135742
0.12701797485351562
0.11851739883422852
0.13535428047180176
0.13390803337097168
0.09763574600219727
0.12323927879333496
0.10644054412841797
0.15013813972473145
0.13819146156311035
0.15421462059020996
0.11052417755126953
0.15851855278015137
0.0990455150604248
0.09553289413452148
0.13122963905334473
0.10868382453918457
0.12179780006408691
0.11494946479797363
0.14313101768493652
0.14257502555847168
0.13663268089294434
0.16637182235717773
0.1508626937866211
0.06810688972473145
0.11477184295654297
0.08634591102600098
0.06708765029907227
0.06815099716186523
0.07396316528320312
0.12609148025512695
0.07017898559570312
0.11449265480041504
0.08590030670166016
0.07700252532958984
0.0838770866394043
0.07546305656433105
0.0814046859741211
0.08304977416992188
0.07271456718444824
0.06922292709350586
0.06539368629455566
0.17118191719055176
0.06749320030212402
0.08195948600769043
0.04909539222717285
0.04807615280151367
0.05291152000427246
0.0507357120513916
0.05857396125793457
0.0534968376159668
0.057758331298828125
0.06835412979125977
0.05997467041015625
0.05811738967895508
0.05510449409484863
0.07088160514831543
0.06383657455444336
0.07030367851257324
0.06490731239318848
0.0724344253540039
0.0627737045288086
0.07959175109863281
0.07635498046875
0.07802820205688477
0.07220029830932617
0.0674278736114502
0.08705949783325195
0.07663989067077637
0.06784820556640625
0.08623409271240234
0.08951807022094727
0.06436848640441895
0.05846881866455078
0.06914377212524414
0.07153940200805664
0.06769824028015137
0.07810091972351074
0.07702136039733887
0.0724630355834961
0.06530189514160156
0.061119794845581055
0.056176185607910156
0.07328915596008301
0.05791950225830078
0.06616568565368652
0.07458043098449707
0.07172513008117676
0.07890868186950684
0.07095623016357422
0.06982874870300293
0.06373739242553711
0.06828022003173828
0.05732583999633789
0.07234025001525879
0.07009768486022949
0.061387062072753906
0.07667016983032227
0.0729532241821289
0.05469346046447754
0.06537365913391113
0.07402515411376953
0.06971454620361328
0.07705163955688477
0.07295989990234375
0.08139848709106445
0.07771468162536621
0.07888340950012207
0.06989693641662598
0.07087826728820801
0.07588839530944824
0.06888628005981445
0.06983685493469238
0.07155919075012207
0.07531094551086426
0.07048583030700684
0.06285333633422852
0.0777583122253418
0.0781857967376709
0.07578873634338379
0.08604621887207031
0.08809971809387207
0.07943081855773926
0.08607649803161621
0.08822464942932129
0.08978939056396484
0.08352017402648926
0.1643962860107422
0.07998013496398926
0.08326148986816406
0.08777260780334473
0.06861639022827148
0.17208504676818848
0.07491040229797363
0.08064556121826172
0.11095428466796875
0.25695013999938965
0.1549828052520752
0.1278369426727295
0.11436319351196289
0.10851454734802246
0.10453939437866211
0.12147021293640137
0.12426280975341797
0.1703963279724121
0.08507275581359863
0.08604121208190918
0.09704709053039551
0.09479737281799316
0.14174151420593262
0.0876762866973877
0.07964587211608887
0.12675142288208008
0.0720524787902832
0.08881258964538574
0.13059115409851074
0.12037253379821777
0.10530257225036621
0.09861993789672852
0.12287759780883789
0.13367748260498047
0.07264137268066406
0.10645580291748047
0.06265044212341309
0.16132664680480957
0.16310524940490723
0.149885892868042
0.21933293342590332
0.16723084449768066
0.25388598442077637
0.20559978485107422
0.16556644439697266
0.12679147720336914
0.08920145034790039
0.16823649406433105
0.16103696823120117
0.11242890357971191
0.12314844131469727
0.17461681365966797
0.12483525276184082
0.14542078971862793
0.3367633819580078
0.10532450675964355
0.05963706970214844
0.052483558654785156
0.1352860927581787
0.2331099510192871
0.19904565811157227
0.18188834190368652
0.15521740913391113
0.12793421745300293
0.13838768005371094
0.10514354705810547
0.10316586494445801
0.1275622844696045
0.10773444175720215
0.15917301177978516
0.19504356384277344
0.13592147827148438
0.11554503440856934
0.10898661613464355
0.09360504150390625
0.10625886917114258
0.12044906616210938
0.07732224464416504
0.11583375930786133
0.06647920608520508
0.059539079666137695
0.09108424186706543
0.07804632186889648
0.1040952205657959
0.09682440757751465
0.10462141036987305
0.07385134696960449
0.07843422889709473
0.12412238121032715
0.16971254348754883
0.21188735961914062
0.15843653678894043
0.060669898986816406
0.06429815292358398
0.08460855484008789
0.03686022758483887
0.04830288887023926
0.14087772369384766
0.2523977756500244
0.27132153511047363
0.14967751502990723
0.09896612167358398
0.06579852104187012
0.07229208946228027
0.08167171478271484
0.0485844612121582
0.5149002075195312
0.27469801902770996
0.04624009132385254
0.06288719177246094
0.04533791542053223
0.04728889465332031
0.048087358474731445
0.031340837478637695
0.04581952095031738
0.1395864486694336
0.027049779891967773
0.031378746032714844
0.022262096405029297
0.03144502639770508
0.03368234634399414
0.15209245681762695
0.14075613021850586
0.12044978141784668
0.2679569721221924
0.11460351943969727
0.07598018646240234
0.05016779899597168
0.07650279998779297
0.04101967811584473
0.048521995544433594
0.0823373794555664
0.0974588394165039
0.05664777755737305
0.06994175910949707
0.0941932201385498
0.060550689697265625
0.1593177318572998
0.0350644588470459
0.16484594345092773
0.07003331184387207
0.1541585922241211
0.22507357597351074
0.38326048851013184
0.16493511199951172
0.14458060264587402
0.20863723754882812
0.15709328651428223
0.06115579605102539
0.051481008529663086
0.22410821914672852
0.17253708839416504
0.14511680603027344
0.058293819427490234
0.05094504356384277
0.06360340118408203
0.06080889701843262
0.1348285675048828
0.19316530227661133
0.09731793403625488
0.15276050567626953
0.14724493026733398
0.07111406326293945
0.058750152587890625
0.051970481872558594
0.05619549751281738
0.05983757972717285
0.04238390922546387
0.04522275924682617
0.07287478446960449
0.04856109619140625
0.04647088050842285
0.06131482124328613
0.028680801391601562
0.08773398399353027
0.10617280006408691
0.10776925086975098
0.06896519660949707
0.11503934860229492
0.1229853630065918
0.13922405242919922
0.14488577842712402
0.14976072311401367
0.21266698837280273
0.25066065788269043
0.13036799430847168
0.3406076431274414
0.223494291305542
0.4466731548309326
0.22321033477783203
0.15239834785461426
0.1197047233581543
0.11629915237426758
0.1250607967376709
0.11902761459350586
0.12284278869628906
0.11683940887451172
0.1147773265838623
0.10177350044250488
0.10185670852661133
0.15430450439453125
0.09767627716064453
0.1005244255065918
0.16573381423950195
0.16438555717468262
0.19252467155456543
0.17888760566711426
0.11579394340515137
0.09111881256103516
0.14110088348388672
0.1268918514251709
0.15937471389770508
0.24293208122253418
0.22752833366394043
0.11532473564147949
0.10694146156311035
0.06746077537536621
0.1263735294342041
0.15659856796264648
0.11042523384094238
0.04850172996520996
0.03293204307556152
0.12066125869750977
0.19808650016784668
0.3808588981628418
0.17141222953796387
0.07091426849365234
0.06718564033508301
0.33861517906188965
0.13165068626403809
0.06217145919799805
0.09290289878845215
0.062314510345458984
0.17329835891723633
0.11095309257507324
0.10379219055175781
0.1789851188659668
0.12471818923950195
0.14382338523864746
0.10046052932739258
0.06519031524658203
0.09110856056213379
0.1023855209350586
0.061937570571899414
0.05405759811401367
0.0644371509552002
0.11708498001098633
0.16629457473754883
0.14406108856201172
0.2349414825439453
0.09442758560180664
0.1715090274810791
0.29355669021606445
0.2066793441772461
0.08587217330932617
0.11802887916564941
0.936023473739624
1.3458871841430664
1.1797232627868652
0.9455842971801758
0.7112839221954346
0.45359349250793457
0.24567699432373047
0.16350126266479492
0.24822783470153809
0.1677107810974121
0.26638174057006836
0.20620441436767578
0.11675643920898438
0.10640478134155273
0.20164108276367188
0.15778636932373047
0.032416582107543945
0.20483040809631348
0.20594406127929688
0.27672863006591797
0.17083954811096191
0.06062054634094238
0.09446954727172852
0.06488752365112305
0.03629660606384277
0.05307626724243164
0.08643293380737305
0.12559294700622559
0.06434822082519531
0.08353281021118164
0.10011887550354004
0.030156612396240234
0.03963017463684082
0.05576467514038086
0.038327932357788086
0.029193639755249023
0.029339313507080078
0.03808188438415527
0.03260445594787598
0.042849063873291016
0.022537946701049805
0.031903743743896484
0.023120403289794922
0.02671051025390625
0.024428129196166992
0.030388832092285156
0.030901432037353516
0.04842114448547363
0.02940821647644043
0.07620668411254883
0.06467485427856445
0.042078495025634766
0.026129484176635742
0.03476762771606445
0.038910627365112305
0.0374147891998291
