0.06003999710083008
0.13434672355651855
0.0676431655883789
0.18116211891174316
0.027660846710205078
0.14609408378601074
0.07558608055114746
0.13903069496154785
0.13854050636291504
0.13936185836791992
0.02998805046081543
0.2411355972290039
0.14162874221801758
0.15584731101989746
0.12594199180603027
0.038271188735961914
0.1313478946685791
0.12732291221618652
0.02892160415649414
0.03178668022155762
0.026276350021362305
0.03811168670654297
0.037888288497924805
0.02973318099975586
0.03590273857116699
0.040411949157714844
0.03338170051574707
0.03861188888549805
0.03545212745666504
0.03554654121398926
0.033957481384277344
0.03942584991455078
0.03622770309448242
0.05108237266540527
0.08012509346008301
0.04618239402770996
0.045891761779785156
0.048866987228393555
0.040178537368774414
0.0494542121887207
0.04449105262756348
0.0462191104888916
0.04969167709350586
0.05369710922241211
0.0505368709564209
0.04554915428161621
0.05607342720031738
0.062070608139038086
0.058579206466674805
0.04903674125671387
0.05442333221435547
0.0496213436126709
0.06010699272155762
0.06226181983947754
0.06221890449523926
0.05493879318237305
0.06081819534301758
0.0657343864440918
0.06799769401550293
0.05813169479370117
0.06179165840148926
0.06881308555603027
0.06873106956481934
0.07077455520629883
0.06840658187866211
0.0711519718170166
0.07179784774780273
0.07196784019470215
0.08576297760009766
0.07418060302734375
0.07851910591125488
0.09248113632202148
0.09031939506530762
0.08113217353820801
0.07493376731872559
0.07364273071289062
0.08060383796691895
0.09439444541931152
0.08682036399841309
0.11232805252075195
0.08045625686645508
0.09572458267211914
0.10117101669311523
0.0960087776184082
0.09096574783325195
0.12034463882446289
0.08821582794189453
0.14477753639221191
0.09067678451538086
0.10761404037475586
0.10489249229431152
0.09999585151672363
0.1057138442993164
0.10173606872558594
0.09512996673583984
0.10634207725524902
0.1094980239868164
0.10824966430664062
0.11057162284851074
0.10790133476257324
0.1046452522277832
0.11497640609741211
0.10920381546020508
0.1158301830291748
0.11734318733215332
0.11128425598144531
0.1136627197265625
0.11282944679260254
0.13346028327941895
0.11048603057861328
0.12171053886413574
0.11740946769714355
0.009486913681030273
0.011394977569580078
0.0234527587890625
0.02119755744934082
0.02235269546508789
0.03589296340942383
0.021321773529052734
0.025566577911376953
0.03246045112609863
0.028393030166625977
0.03574037551879883
0.018961191177368164
0.02928924560546875
0.04501223564147949
0.027222633361816406
0.021361589431762695
0.05065464973449707
0.025156497955322266
0.026168107986450195
0.032174110412597656
0.025259733200073242
0.03481483459472656
0.03257274627685547
0.035616159439086914
0.03983879089355469
0.04014182090759277
0.040261030197143555
0.04233884811401367
0.05543088912963867
0.03246760368347168
0.033310651779174805
0.035547494888305664
0.0370638370513916
0.040328264236450195
0.05880236625671387
0.03876233100891113
0.0462496280670166
0.03595685958862305
0.037233591079711914
0.03662276268005371
0.0453181266784668
0.04701948165893555
0.04833388328552246
0.04766201972961426
0.04343390464782715
0.0394291877746582
0.05923271179199219
0.05522418022155762
0.05249834060668945
0.05552077293395996
0.058615922927856445
0.04813790321350098
0.05251026153564453
0.06232142448425293
0.0587007999420166
0.07427668571472168
0.05702805519104004
0.057006120681762695
0.06081509590148926
0.0660710334777832
0.0661933422088623
0.07164692878723145
0.06861472129821777
0.07280564308166504
0.06528162956237793
0.06218218803405762
0.06792926788330078
0.057839393615722656
0.0616152286529541
0.0722508430480957
0.07091712951660156
0.06643295288085938
0.07426333427429199
0.07028317451477051
0.06548213958740234
0.05996823310852051
0.062081098556518555
0.07189536094665527
0.0629267692565918
0.07537269592285156
0.07459211349487305
0.06919407844543457
0.06605911254882812
0.06726646423339844
0.06448149681091309
0.06611824035644531
0.04469799995422363
0.05633401870727539
0.06269454956054688
0.04589986801147461
0.058448076248168945
0.04179954528808594
0.04127645492553711
0.055231571197509766
0.04445075988769531
0.05254817008972168
0.04115915298461914
0.047484636306762695
0.03033161163330078
0.034278154373168945
0.039576053619384766
0.03924751281738281
0.03404808044433594
0.019562482833862305
0.028308629989624023
0.022772789001464844
0.028194427490234375
0.0478973388671875
0.02993917465209961
0.02104353904724121
0.023249387741088867
0.03623247146606445
0.03400588035583496
0.03144955635070801
0.03309917449951172
0.02794480323791504
0.031865596771240234
0.028640270233154297
0.025753021240234375
0.03255009651184082
0.02567577362060547
0.0278170108795166
0.03762626647949219
0.02623271942138672
0.03142237663269043
0.03842520713806152
0.022747039794921875
0.02863001823425293
0.038367509841918945
0.03551912307739258
0.03957033157348633
0.038198232650756836
0.034037113189697266
0.03421306610107422
0.04654884338378906
0.024270296096801758
0.026339054107666016
0.03293752670288086
0.03532981872558594
0.03583979606628418
0.04326367378234863
0.03503990173339844
0.03609728813171387
0.04839587211608887
0.0367434024810791
0.041333675384521484
0.04801011085510254
0.038496971130371094
0.03810739517211914
0.03854489326477051
0.04163384437561035
0.0452275276184082
0.035002946853637695
0.03794050216674805
0.05509018898010254
0.052295684814453125
0.04915642738342285
0.042198896408081055
0.04262828826904297
0.037462711334228516
0.045398712158203125
0.042632341384887695
0.034563541412353516
0.03457927703857422
0.04240083694458008
0.03515172004699707
0.04539012908935547
0.038860321044921875
0.04420804977416992
0.046071529388427734
0.042882680892944336
0.05865645408630371
0.04378080368041992
0.04669070243835449
0.04820084571838379
0.059011220932006836
0.05057930946350098
0.03969979286193848
0.03793835639953613
0.03919672966003418
0.051279306411743164
0.04151177406311035
0.14922118186950684
0.052701711654663086
0.1441802978515625
0.04678916931152344
0.155073881149292
0.15120291709899902
0.0422358512878418
0.07549834251403809
0.19248628616333008
0.15155553817749023
0.057131290435791016
0.05589580535888672
0.14874792098999023
0.1557636260986328
0.03827500343322754
0.15310144424438477
0.043839216232299805
0.044877052307128906
0.04982709884643555
0.05090069770812988
0.040071964263916016
0.0466151237487793
0.05401277542114258
0.04866361618041992
0.04866814613342285
0.04583287239074707
0.07460594177246094
0.05534625053405762
0.0509340763092041
0.06521153450012207
0.058983564376831055
0.05281853675842285
0.06060385704040527
0.06646299362182617
0.06849265098571777
0.07599210739135742
0.06272745132446289
0.06006336212158203
0.0680384635925293
0.07395505905151367
0.09127211570739746
0.09338712692260742
0.3956449031829834
0.17583394050598145
0.0651547908782959
0.12084126472473145
0.14001250267028809
0.12652134895324707
0.1092691421508789
0.12467598915100098
0.11446189880371094
0.1109459400177002
0.009331941604614258
0.012926816940307617
0.011442422866821289
0.013058900833129883
0.02624988555908203
0.020251035690307617
0.015867948532104492
0.03450512886047363
0.016498565673828125
0.023195266723632812
0.02201557159423828
0.01890707015991211
0.019077539443969727
0.025788068771362305
0.028676748275756836
0.03001236915588379
0.0197451114654541
0.032975196838378906
0.029119014739990234
0.02570056915283203
0.0368657112121582
0.03304266929626465
0.024680614471435547
0.03517460823059082
0.027129411697387695
0.027795076370239258
0.02367115020751953
0.021425485610961914
0.025696277618408203
0.026036739349365234
0.03550076484680176
0.037694692611694336
0.03788352012634277
0.0331568717956543
0.026993989944458008
0.03760647773742676
0.03430318832397461
0.06799674034118652
0.035809993743896484
0.03867602348327637
0.03955435752868652
0.0437469482421875
0.04539823532104492
0.04256439208984375
0.04680800437927246
0.03625202178955078
0.04329037666320801
0.04408097267150879
0.04860067367553711
0.0496518611907959
0.05060577392578125
0.05838799476623535
0.05331254005432129
0.05311179161071777
0.04928278923034668
0.04960203170776367
0.04398632049560547
0.04680776596069336
0.04872441291809082
0.05353689193725586
0.03454852104187012
0.04950356483459473
0.05398201942443848
0.06541204452514648
0.04056572914123535
0.04559516906738281
0.039818763732910156
0.03448486328125
0.044199466705322266
0.03857541084289551
0.038289546966552734
0.033720970153808594
0.03709602355957031
0.030186176300048828
0.03964495658874512
0.02880239486694336
0.03799033164978027
0.02539539337158203
0.03126955032348633
0.03826427459716797
0.029422521591186523
0.02976393699645996
0.041680097579956055
0.042644500732421875
0.03755640983581543
0.034716129302978516
0.033112287521362305
0.04401731491088867
0.05389714241027832
0.04664444923400879
0.04331183433532715
0.0458521842956543
0.0492556095123291
0.04468703269958496
0.04445075988769531
0.04804730415344238
0.05233597755432129
0.054100990295410156
0.043830156326293945
0.04968667030334473
0.051910400390625
0.053215980529785156
0.045993804931640625
0.04665088653564453
0.0527646541595459
0.07014703750610352
0.0625002384185791
0.06355547904968262
0.05413317680358887
0.06033897399902344
0.055309295654296875
0.05340147018432617
0.04382944107055664
0.04882192611694336
0.04382729530334473
0.0503084659576416
0.04527688026428223
0.13861751556396484
0.037442922592163086
0.08125996589660645
0.2738454341888428
0.11356163024902344
0.10135769844055176
0.10534095764160156
0.11657571792602539
0.11504769325256348
0.10770606994628906
0.12207412719726562
0.013352394104003906
0.017557621002197266
0.019586563110351562
0.015752553939819336
0.014575004577636719
0.020273923873901367
0.020966529846191406
0.14627647399902344
0.12034988403320312
0.13411283493041992
0.15570664405822754
0.12090110778808594
0.09098219871520996
0.08403611183166504
0.08023381233215332
0.0679469108581543
0.0735316276550293
0.07368946075439453
0.06980490684509277
0.05987286567687988
0.06507182121276855
0.07425165176391602
0.052332401275634766
0.0531001091003418
0.05938124656677246
0.05557990074157715
0.06003856658935547
0.09162187576293945
0.055357933044433594
0.04560995101928711
0.0526120662689209
0.04400515556335449
0.06273579597473145
0.05008959770202637
0.04244232177734375
0.03541874885559082
0.03830838203430176
0.04803633689880371
0.04799842834472656
0.05577850341796875
0.05775284767150879
0.05194711685180664
0.05505251884460449
0.04559016227722168
0.05060744285583496
0.0458984375
0.05696725845336914
0.04721236228942871
0.029915571212768555
0.035685062408447266
0.032324790954589844
0.04539036750793457
0.05597352981567383
0.030248165130615234
0.0411829948425293
0.037683725357055664
0.05913901329040527
0.03926968574523926
0.03854942321777344
0.041996002197265625
0.05344724655151367
0.05536055564880371
0.048003435134887695
0.06402969360351562
0.0420231819152832
0.04948782920837402
0.05980682373046875
0.1064598560333252
0.15005826950073242
0.05078268051147461
0.15438199043273926
0.10823631286621094
0.11706948280334473
0.09708285331726074
0.09682965278625488
0.06515312194824219
0.0645136833190918
0.06634736061096191
0.1289067268371582
0.11029553413391113
0.0979766845703125
0.12392711639404297
0.11925339698791504
0.21074986457824707
0.08290266990661621
0.16342568397521973
0.12033510208129883
0.35358405113220215
0.0974726676940918
0.12184333801269531
0.11239957809448242
0.10894918441772461
0.11853432655334473
0.14910268783569336
0.10967373847961426
0.10117554664611816
0.11050009727478027
0.10440182685852051
0.09445834159851074
0.09487748146057129
0.10605764389038086
0.10800671577453613
0.09625625610351562
0.10432982444763184
0.10613727569580078
0.11017012596130371
0.10634398460388184
0.11281418800354004
0.11068367958068848
0.12216830253601074
0.1441338062286377
0.19731855392456055
0.1181955337524414
0.1152043342590332
0.11728382110595703
0.1146082878112793
0.11470723152160645
0.1308002471923828
0.11557149887084961
0.019130468368530273
0.12642335891723633
0.12706732749938965
0.12312650680541992
0.12829113006591797
0.22391939163208008
0.11797356605529785
0.11364245414733887
0.12909483909606934
0.10934805870056152
0.11627459526062012
0.11311888694763184
0.013588905334472656
0.011548519134521484
0.015969276428222656
0.011149406433105469
0.011305809020996094
0.021844863891601562
0.017627239227294922
0.021048307418823242
0.026602506637573242
0.05608963966369629
0.01814103126525879
0.1547985076904297
0.1348896026611328
0.15093779563903809
0.1178739070892334
0.11255240440368652
0.0886838436126709
0.09852075576782227
0.10970139503479004
0.1093742847442627
0.08723855018615723
0.10245609283447266
0.1062161922454834
0.08860969543457031
0.12142038345336914
0.0821685791015625
0.08736443519592285
0.10493659973144531
0.10850977897644043
0.09069252014160156
0.11982226371765137
0.09846973419189453
0.07535505294799805
0.1567699909210205
0.07914972305297852
0.12629294395446777
0.1852433681488037
0.19427204132080078
0.12685656547546387
0.10318851470947266
0.15461015701293945
0.10029768943786621
0.15101385116577148
0.11098241806030273
0.09843015670776367
0.10589790344238281
0.08296012878417969
0.1258997917175293
0.11696004867553711
0.0943460464477539
0.15667152404785156
0.15322399139404297
0.1075584888458252
0.12436175346374512
0.08734726905822754
0.10207653045654297
0.08432674407958984
0.08008694648742676
0.0705265998840332
0.09428811073303223
0.12375187873840332
0.1266639232635498
0.09525847434997559
0.08163046836853027
0.0881350040435791
0.07510709762573242
0.11300325393676758
0.10507655143737793
0.08437299728393555
0.07546234130859375
0.05565929412841797
0.05621051788330078
0.06660676002502441
0.07095527648925781
0.04809689521789551
0.05977058410644531
0.05236005783081055
0.06055164337158203
0.08313894271850586
0.07259917259216309
0.047431230545043945
0.049636125564575195
0.07370209693908691
0.05348515510559082
0.042626380920410156
0.06252264976501465
0.047907114028930664
0.048661231994628906
0.05383110046386719
0.052553415298461914
0.05450725555419922
0.04879927635192871
0.04987668991088867
0.05001401901245117
0.0615694522857666
0.051599740982055664
0.06130838394165039
0.059166908264160156
0.07294297218322754
0.07483458518981934
0.07169532775878906
0.0755164623260498
0.06206178665161133
0.06210660934448242
0.07210540771484375
0.06153512001037598
0.06998682022094727
0.07686018943786621
0.06426739692687988
0.05926775932312012
0.060883522033691406
0.07114386558532715
0.0612034797668457
0.06714081764221191
0.07116580009460449
0.06723332405090332
0.0732264518737793
0.07650351524353027
0.06411123275756836
0.0765540599822998
0.07290482521057129
0.07809782028198242
0.0836491584777832
0.08148026466369629
0.10043740272521973
0.07175540924072266
0.07361125946044922
0.07880878448486328
0.07190465927124023
0.08076667785644531
0.08441710472106934
0.09089994430541992
0.07353854179382324
0.07608461380004883
0.09049081802368164
0.07498717308044434
0.07220458984375
0.07294464111328125
0.07747101783752441
0.0859823226928711
0.15975713729858398
0.15654444694519043
0.10071897506713867
0.5147669315338135
0.2978782653808594
0.1203145980834961
0.1422741413116455
0.6721053123474121
1.824998140335083
1.7946925163269043
1.5699255466461182
1.3465445041656494
1.1277098655700684
0.9039239883422852
0.7412123680114746
0.48741674423217773
0.2641584873199463
0.15406036376953125
0.11560940742492676
0.12818193435668945
0.12827396392822266
0.16239666938781738
0.12849211692810059
0.0890653133392334
0.12986516952514648
0.08954405784606934
0.1434783935546875
0.23798418045043945
0.1299574375152588
0.1212317943572998
0.11860847473144531
0.08105683326721191
0.11312580108642578
0.1846151351928711
0.09233856201171875
0.06563091278076172
0.09830522537231445
0.08440423011779785
0.08050155639648438
0.06307411193847656
0.06036806106567383
0.049529075622558594
0.08287525177001953
0.06924939155578613
0.060076236724853516
0.1170353889465332
0.10256147384643555
0.05997633934020996
0.06611442565917969
0.06973862648010254
0.08764076232910156
0.07268333435058594
0.04269576072692871
0.05539131164550781
0.14894413948059082
0.12582969665527344
0.15806055068969727
0.18580126762390137
0.14288878440856934
0.18384432792663574
0.2536189556121826
0.09949326515197754
0.11420559883117676
0.08783078193664551
0.0714559555053711
0.18023180961608887
0.10626530647277832
0.08523774147033691
0.18151378631591797
0.20729970932006836
0.08828902244567871
0.06565403938293457
0.09696650505065918
0.10898804664611816
0.15473365783691406
0.09765744209289551
0.08584856986999512
0.07885575294494629
0.09252619743347168
0.07245373725891113
0.1820664405822754
0.11728405952453613
0.14581847190856934
0.128739595413208
0.16542983055114746
0.09378790855407715
0.13106846809387207
0.08501577377319336
0.08487629890441895
0.11511564254760742
0.09563875198364258
0.10143780708312988
0.08455824851989746
0.11298203468322754
0.05664563179016113
0.10657119750976562
0.0743863582611084
0.10453104972839355
0.09039664268493652
0.07979130744934082
0.08031177520751953
0.09096455574035645
0.09184551239013672
0.08079886436462402
0.11579775810241699
0.0947265625
0.10965657234191895
0.09244346618652344
0.10606622695922852
0.09385395050048828
0.1867537498474121
0.14901161193847656
0.15485358238220215
0.14242219924926758
0.10248899459838867
0.08615875244140625
0.10061073303222656
0.10609555244445801
0.11141347885131836
0.09518098831176758
0.0957939624786377
0.07186603546142578
0.05838727951049805
0.054274797439575195
0.07045316696166992
0.07241249084472656
0.08146882057189941
0.036989688873291016
0.13850736618041992
0.061104774475097656
0.1747114658355713
0.05953478813171387
0.1425931453704834
0.06652235984802246
0.05443000793457031
0.1326756477355957
0.1605520248413086
0.1121053695678711
0.1459975242614746
0.22187352180480957
0.1389622688293457
0.1219477653503418
0.11400675773620605
0.1847214698791504
0.15939903259277344
0.1925029754638672
0.11568355560302734
0.12374567985534668
0.1191568374633789
0.14174842834472656
0.12517976760864258
0.1578669548034668
0.10951781272888184
0.10716462135314941
0.13315320014953613
0.16889333724975586
0.1545422077178955
0.10038995742797852
0.13613033294677734
0.11124873161315918
0.13532114028930664
0.1302189826965332
0.127791166305542
0.09002971649169922
0.15530848503112793
0.11746549606323242
0.2035694122314453
0.1153879165649414
0.18420028686523438
0.12562084197998047
0.14630866050720215
0.14837980270385742
0.09173107147216797
0.09326720237731934
0.15871357917785645
0.13676142692565918
0.0666656494140625
0.11825037002563477
0.06348133087158203
0.10643553733825684
0.06616544723510742
0.07225847244262695
0.11467289924621582
0.09989476203918457
0.11240458488464355
0.07962298393249512
0.07443761825561523
0.07200336456298828
0.07942652702331543
0.07190942764282227
0.07887887954711914
0.08239936828613281
0.0858907699584961
0.06252050399780273
0.16083502769470215
0.05870461463928223
0.07823753356933594
0.059087514877319336
0.05096840858459473
0.05053901672363281
0.04361081123352051
0.04876971244812012
0.0664515495300293
0.06249737739562988
0.0751652717590332
0.048207998275756836
0.06212639808654785
0.05361604690551758
0.06361985206604004
0.06874895095825195
0.06932187080383301
0.06347537040710449
0.06926107406616211
0.06128382682800293
0.07442116737365723
0.06497669219970703
0.07091593742370605
0.08015060424804688
0.07531142234802246
0.07215356826782227
0.06415557861328125
0.06638622283935547
0.08308243751525879
0.08428621292114258
0.07496404647827148
0.06248950958251953
0.06307744979858398
0.060021162033081055
0.07132506370544434
0.06055426597595215
0.06081080436706543
0.0611720085144043
0.06446075439453125
0.06909751892089844
0.06386017799377441
0.055902719497680664
0.07231664657592773
0.0642547607421875
0.0748450756072998
0.05608558654785156
0.05923891067504883
0.06429123878479004
0.06380701065063477
0.06801867485046387
0.06480288505554199
0.06712555885314941
0.06759905815124512
0.07233047485351562
0.07659006118774414
0.05795168876647949
0.0653378963470459
0.06872677803039551
0.05342364311218262
0.07385516166687012
0.06871938705444336
0.05994677543640137
0.06084871292114258
0.07584166526794434
0.08009171485900879
0.06653475761413574
0.06829953193664551
0.08498954772949219
0.07274913787841797
0.07646441459655762
0.07750535011291504
0.0684976577758789
0.06830358505249023
0.0742185115814209
0.06690812110900879
0.07642126083374023
0.06607580184936523
0.06573128700256348
0.07540678977966309
0.08272957801818848
0.07255816459655762
0.08027195930480957
0.08551025390625
0.08832597732543945
0.07603979110717773
0.1497642993927002
0.06135153770446777
0.07218670845031738
0.07664036750793457
0.06683158874511719
0.21055269241333008
0.07315921783447266
0.08301591873168945
0.1296067237854004
0.1584014892578125
0.19559502601623535
0.1293482780456543
0.11907339096069336
0.09617853164672852
0.10342264175415039
0.11592483520507812
0.12872624397277832
0.15002775192260742
0.08436083793640137
0.12403059005737305
0.0751945972442627
0.10397648811340332
0.10830402374267578
0.0941779613494873
0.08448600769042969
0.13199639320373535
0.11446356773376465
0.10282564163208008
0.14185690879821777
0.1560816764831543
0.08024311065673828
0.10303258895874023
0.11808943748474121
0.06798481941223145
0.07115769386291504
0.10747551918029785
0.07358956336975098
0.15345501899719238
0.17008423805236816
0.1746234893798828
0.18106508255004883
0.6826300621032715
0.44680047035217285
0.20841455459594727
0.16183876991271973
0.12160754203796387
0.06485772132873535
0.1546943187713623
0.15796518325805664
0.19037675857543945
0.2560431957244873
0.1276853084564209
0.12689208984375
0.14202070236206055
0.14675092697143555
0.09914517402648926
0.05315423011779785
0.04365968704223633
0.11666440963745117
0.07465410232543945
0.23360753059387207
0.1324632167816162
0.16830873489379883
0.11632966995239258
0.13654041290283203
0.10228824615478516
0.12253236770629883
0.12646031379699707
0.16829133033752441
0.19617223739624023
0.1757049560546875
0.1158914566040039
0.11356139183044434
0.09846258163452148
0.12719511985778809
0.09627580642700195
0.12217855453491211
0.13785815238952637
0.09231185913085938
0.06959223747253418
0.0988616943359375
0.07505202293395996
0.056606292724609375
0.10221338272094727
0.06601548194885254
0.10441946983337402
0.08112049102783203
0.07306051254272461
0.1583404541015625
0.21066856384277344
0.20924639701843262
0.05072617530822754
0.08679413795471191
0.04983687400817871
0.07268548011779785
0.049196720123291016
0.04821038246154785
0.11676907539367676
0.12860369682312012
0.14892053604125977
0.10257816314697266
0.09979748725891113
0.10221266746520996
0.08719635009765625
0.08234024047851562
0.05999422073364258
0.5161795616149902
0.27611398696899414
0.05955696105957031
0.029407501220703125
0.03480958938598633
0.031395912170410156
0.02797532081604004
0.05530738830566406
0.028432846069335938
0.05029797554016113
0.08246278762817383
0.03739643096923828
0.04624319076538086
0.029055356979370117
0.06711101531982422
0.14008831977844238
0.11853194236755371
0.2913055419921875
0.13158941268920898
0.08712553977966309
0.052225589752197266
0.02920055389404297
0.06472635269165039
0.034229278564453125
0.08138656616210938
0.06511855125427246
0.11254429817199707
0.03408217430114746
0.07587456703186035
0.12706422805786133
0.08106184005737305
0.18027496337890625
0.022159099578857422
0.1622469425201416
0.05337643623352051
0.13966822624206543
0.23845481872558594
0.21188068389892578
0.3504786491394043
0.1468214988708496
0.20300006866455078
0.1611800193786621
0.07395529747009277
0.0557560920715332
0.18739867210388184
0.09667801856994629
0.15832829475402832
0.07320880889892578
0.06744241714477539
0.06865501403808594
0.047811031341552734
0.13509488105773926
0.17317795753479004
0.08429694175720215
0.2607238292694092
0.0937645435333252
0.0732581615447998
0.05036354064941406
0.04927229881286621
0.04106903076171875
0.04234886169433594
0.09825968742370605
0.05820298194885254
0.08368253707885742
0.1094517707824707
0.036507368087768555
0.0655980110168457
0.032610416412353516
0.02545785903930664
0.11343240737915039
0.09771943092346191
0.03900742530822754
0.15215373039245605
0.14145112037658691
0.12939214706420898
0.1461787223815918
0.15334391593933105
0.14786696434020996
0.06895637512207031
0.10517644882202148
0.32724952697753906
0.22590875625610352
0.36038899421691895
0.13201618194580078
0.14199352264404297
0.11754560470581055
0.12558794021606445
0.09393787384033203
0.1194448471069336
0.106964111328125
0.12341809272766113
0.1338663101196289
0.17682719230651855
0.09230208396911621
0.18227386474609375
0.13934683799743652
0.16114592552185059
0.16686654090881348
0.267535924911499
0.19180631637573242
0.16345524787902832
0.09265542030334473
0.17624998092651367
0.13769030570983887
0.11673903465270996
0.1269376277923584
0.1760239601135254
0.3869345188140869
0.16890311241149902
0.12232089042663574
0.06823158264160156
0.1574540138244629
0.14394497871398926
0.09188556671142578
0.04298853874206543
0.03222036361694336
0.18699312210083008
0.2054128646850586
0.3810887336730957
0.14642715454101562
0.059949636459350586
0.06465268135070801
0.355701208114624
0.14871525764465332
0.06100130081176758
0.07642483711242676
0.0679006576538086
0.16689062118530273
0.7502040863037109
0.5185408592224121
0.29358553886413574
0.14671826362609863
0.09982490539550781
0.0699005126953125
0.04406881332397461
0.06599044799804688
0.04194211959838867
0.047589778900146484
0.03965878486633301
0.06997513771057129
0.15423035621643066
0.23170113563537598
0.11043310165405273
0.22117018699645996
0.11310982704162598
0.17296266555786133
0.2764708995819092
0.19402718544006348
0.08434462547302246
0.11203813552856445
0.6091451644897461
0.7262759208679199
0.5125975608825684
0.2736332416534424
0.6679954528808594
0.4348270893096924
0.2333378791809082
0.1747887134552002
0.1897413730621338
0.1479036808013916
0.21483802795410156
0.12867212295532227
0.1563282012939453
0.1045534610748291
0.32901716232299805
0.1572551727294922
0.0934743881225586
0.2075495719909668
0.2265455722808838
0.281496524810791
0.21352028846740723
0.04288315773010254
0.03798246383666992
0.05310511589050293
0.05198192596435547
0.03998899459838867
0.0896449089050293
0.025988340377807617
0.043631792068481445
0.04128861427307129
0.06275391578674316
0.08133745193481445
0.020909547805786133
0.046141624450683594
0.02660655975341797
0.04956459999084473
0.0224761962890625
0.12271237373352051
0.04281497001647949
0.042626142501831055
0.01620340347290039
0.027147769927978516
0.016218185424804688
0.014869451522827148
0.022553443908691406
0.017740726470947266
0.01791977882385254
0.07689547538757324
0.03334212303161621
0.028241872787475586
0.053032875061035156
0.031186580657958984
0.03624749183654785
0.037244319915771484
0.03306913375854492
0.0407559871673584
