0.1698744297027588
0.04749321937561035
0.18481850624084473
0.03936624526977539
0.1354825496673584
0.02894115447998047
0.1280992031097412
0.14105010032653809
0.13947415351867676
0.02617168426513672
0.24140405654907227
0.12544631958007812
0.16079449653625488
0.12649941444396973
0.038225650787353516
0.13760614395141602
0.13370609283447266
0.024075031280517578
0.03906989097595215
0.03746986389160156
0.03743243217468262
0.04395890235900879
0.030286550521850586
0.04042506217956543
0.03493785858154297
0.03402972221374512
0.040657997131347656
0.030470609664916992
0.03664541244506836
0.04009056091308594
0.0451655387878418
0.04679059982299805
0.15453886985778809
0.07165884971618652
0.04133462905883789
0.04132676124572754
0.045417070388793945
0.04071617126464844
0.05118560791015625
0.048829078674316406
0.05279970169067383
0.05532121658325195
0.06039690971374512
0.05608868598937988
0.060173749923706055
0.06247711181640625
0.06284761428833008
0.048662662506103516
0.054978370666503906
0.058573246002197266
0.05599093437194824
0.05856585502624512
0.06368875503540039
0.06487417221069336
0.06055498123168945
0.05569815635681152
0.06160712242126465
0.057768821716308594
0.06963372230529785
0.07096409797668457
0.06597161293029785
0.06039595603942871
0.06667494773864746
0.06370139122009277
0.07499122619628906
0.06734824180603027
0.07667732238769531
0.08372092247009277
0.06991457939147949
0.08357596397399902
0.08268070220947266
0.08618378639221191
0.08579325675964355
0.08596229553222656
0.0742332935333252
0.0758817195892334
0.09565591812133789
0.07782149314880371
0.08158731460571289
0.08693432807922363
0.09021735191345215
0.09610342979431152
0.09801769256591797
0.08593225479125977
0.11656951904296875
0.10444188117980957
0.09608817100524902
0.09118962287902832
0.11150169372558594
0.11079668998718262
0.10071396827697754
0.10197186470031738
0.10196375846862793
0.09558391571044922
0.1122276782989502
0.09922575950622559
0.11514067649841309
0.10782217979431152
0.10360503196716309
0.12090754508972168
0.1052708625793457
0.1042318344116211
0.10761761665344238
0.11293673515319824
0.11240649223327637
0.11825013160705566
0.12407898902893066
0.12802481651306152
0.11655187606811523
0.1232292652130127
0.12215518951416016
0.009980916976928711
0.017134428024291992
0.019784212112426758
0.02200937271118164
0.02356266975402832
0.03540802001953125
0.029894590377807617
0.026052474975585938
0.03388404846191406
0.024620771408081055
0.04153633117675781
0.019440174102783203
0.02948784828186035
0.019772768020629883
0.03274369239807129
0.027573585510253906
0.06165432929992676
0.05440783500671387
0.0310213565826416
0.023479223251342773
0.03583574295043945
0.03577375411987305
0.0562593936920166
0.03932833671569824
0.029588699340820312
0.03622007369995117
0.036489248275756836
0.03840279579162598
0.07301497459411621
0.047112226486206055
0.057639122009277344
0.05295252799987793
0.0376279354095459
0.057288408279418945
0.04039406776428223
0.05104422569274902
0.046096086502075195
0.05176687240600586
0.04854536056518555
0.037213802337646484
0.0413663387298584
0.04636740684509277
0.03732419013977051
0.051299333572387695
0.05249953269958496
0.04013490676879883
0.04946589469909668
0.04493856430053711
0.05811262130737305
0.04526400566101074
0.05748176574707031
0.04865741729736328
0.05940556526184082
0.05295133590698242
0.05915498733520508
0.07158374786376953
0.0726625919342041
0.06897974014282227
0.06650519371032715
0.06645083427429199
0.07426214218139648
0.06645345687866211
0.07020187377929688
0.06180620193481445
0.085784912109375
0.07259726524353027
0.07507467269897461
0.05837893486022949
0.07329797744750977
0.07021522521972656
0.07336688041687012
0.07018637657165527
0.07511758804321289
0.06618738174438477
0.06555294990539551
0.06590580940246582
0.06793069839477539
0.0781850814819336
0.06495094299316406
0.07032990455627441
0.0579981803894043
0.07534503936767578
0.0771939754486084
0.06688857078552246
0.06710934638977051
0.06353545188903809
0.05059480667114258
0.05509829521179199
0.06174015998840332
0.06960844993591309
0.05837392807006836
0.0514979362487793
0.04178047180175781
0.05392169952392578
0.0589749813079834
0.058869123458862305
0.04064822196960449
0.04604005813598633
0.03930997848510742
0.030181884765625
0.0297086238861084
0.030307292938232422
0.039011240005493164
0.025814294815063477
0.03244280815124512
0.02327275276184082
0.044237613677978516
0.043048858642578125
0.02026057243347168
0.021481990814208984
0.023690223693847656
0.04123520851135254
0.03068685531616211
0.03615236282348633
0.04026937484741211
0.03373146057128906
0.03177690505981445
0.040662527084350586
0.031681060791015625
0.03726530075073242
0.03788948059082031
0.028319835662841797
0.043250322341918945
0.030035018920898438
0.03227424621582031
0.03798651695251465
0.03379082679748535
0.03453207015991211
0.027742624282836914
0.04127359390258789
0.04189252853393555
0.04163694381713867
0.04186558723449707
0.036737918853759766
0.04500746726989746
0.0402522087097168
0.03206157684326172
0.03385424613952637
0.025317668914794922
0.04169726371765137
0.02852153778076172
0.030096769332885742
0.045601844787597656
0.04147982597351074
0.041269779205322266
0.04249882698059082
0.04342961311340332
0.04285287857055664
0.04455757141113281
0.03909802436828613
0.03318524360656738
0.046166419982910156
0.04601311683654785
0.03843212127685547
0.04635882377624512
0.04761838912963867
0.049298763275146484
0.04809689521789551
0.046628713607788086
0.037978410720825195
0.042726755142211914
0.04302406311035156
0.03512239456176758
0.040496826171875
0.04641842842102051
0.03577566146850586
0.041168212890625
0.04447770118713379
0.03956246376037598
0.04149007797241211
0.03876852989196777
0.03815603256225586
0.03931379318237305
0.04866600036621094
0.04404258728027344
0.06591057777404785
0.03988146781921387
0.045801401138305664
0.049044132232666016
0.039615631103515625
0.03567624092102051
0.0478060245513916
0.16529512405395508
0.05215334892272949
0.1623976230621338
0.04860687255859375
0.15656375885009766
0.1551513671875
0.052159786224365234
0.07051658630371094
0.1917412281036377
0.16229033470153809
0.05240464210510254
0.056593894958496094
0.14936327934265137
0.14136028289794922
0.03885030746459961
0.1439952850341797
0.054813385009765625
0.03985118865966797
0.04107332229614258
0.046500444412231445
0.0511012077331543
0.05255627632141113
0.050605058670043945
0.052727460861206055
0.05333995819091797
0.06137371063232422
0.07722759246826172
0.055762290954589844
0.06191205978393555
0.07200360298156738
0.15092158317565918
0.06404256820678711
0.056108951568603516
0.05813264846801758
0.05882573127746582
0.06107068061828613
0.06867837905883789
0.07069730758666992
0.07765054702758789
0.06461954116821289
0.0942990779876709
0.23883461952209473
0.3836081027984619
0.1587989330291748
0.06739139556884766
0.1315317153930664
0.12413477897644043
0.11017155647277832
0.13668537139892578
0.12618160247802734
0.11982464790344238
0.11974930763244629
0.019036531448364258
0.01826620101928711
0.0173337459564209
0.027851104736328125
0.014954566955566406
0.026909351348876953
0.033541202545166016
0.02947378158569336
0.027328968048095703
0.012923717498779297
0.018596172332763672
0.03152918815612793
0.023980140686035156
0.016425132751464844
0.030009031295776367
0.02514195442199707
0.029049396514892578
0.02402043342590332
0.029924869537353516
0.030185699462890625
0.03675556182861328
0.03448939323425293
0.030440568923950195
0.036128997802734375
0.031332969665527344
0.031529903411865234
0.02938079833984375
0.02726912498474121
0.03155112266540527
0.02647542953491211
0.0307466983795166
0.029210329055786133
0.03486299514770508
0.03791618347167969
0.027480602264404297
0.034787654876708984
0.04019570350646973
0.06740164756774902
0.04144644737243652
0.039580583572387695
0.03475022315979004
0.03960132598876953
0.04250693321228027
0.047419071197509766
0.04306149482727051
0.04546833038330078
0.0467221736907959
0.044625043869018555
0.04474520683288574
0.04910397529602051
0.04122519493103027
0.04839515686035156
0.056261539459228516
0.04420328140258789
0.05373978614807129
0.04520869255065918
0.05304074287414551
0.03585362434387207
0.06052565574645996
0.05935811996459961
0.0629434585571289
0.051474571228027344
0.07261776924133301
0.04258298873901367
0.03561711311340332
0.04584050178527832
0.04384112358093262
0.044997453689575195
0.03603696823120117
0.039145708084106445
0.04395699501037598
0.038649797439575195
0.0379638671875
0.0359501838684082
0.03532290458679199
0.03536725044250488
0.039569854736328125
0.02592182159423828
0.036670684814453125
0.03747725486755371
0.03833580017089844
0.03932452201843262
0.04401564598083496
0.03317737579345703
0.05277204513549805
0.03549003601074219
0.03890633583068848
0.03507256507873535
0.04813027381896973
0.042258501052856445
0.038306474685668945
0.050447940826416016
0.05068230628967285
0.045174360275268555
0.048215389251708984
0.04285120964050293
0.042517900466918945
0.056391239166259766
0.052321434020996094
0.04946732521057129
0.04760241508483887
0.05496573448181152
0.04648733139038086
0.04714179039001465
0.04878854751586914
0.0525667667388916
0.06967902183532715
0.06421899795532227
0.05077672004699707
0.07080435752868652
0.05036354064941406
0.05856895446777344
0.04951286315917969
0.05008220672607422
0.05310225486755371
0.04569435119628906
0.15096092224121094
0.08234453201293945
0.04374837875366211
0.11573624610900879
0.2741885185241699
0.11388349533081055
0.10203838348388672
0.1227724552154541
0.10786676406860352
0.11040019989013672
0.11373567581176758
0.12612152099609375
0.014772653579711914
0.022237300872802734
0.020788908004760742
0.021847009658813477
0.025972604751586914
0.023593902587890625
0.02622079849243164
0.14132189750671387
0.11548185348510742
0.13466954231262207
0.16601967811584473
0.11908173561096191
0.07660937309265137
0.08737397193908691
0.09478497505187988
0.10648036003112793
0.07442069053649902
0.062485456466674805
0.07072019577026367
0.07091593742370605
0.06056952476501465
0.06592464447021484
0.05286908149719238
0.06380224227905273
0.06396174430847168
0.05115675926208496
0.048341989517211914
0.08978629112243652
0.04505729675292969
0.04648995399475098
0.04710721969604492
0.055014610290527344
0.08446741104125977
0.05692744255065918
0.03789162635803223
0.04531979560852051
0.03880953788757324
0.05224919319152832
0.051413536071777344
0.04725313186645508
0.05290031433105469
0.04731631278991699
0.045648813247680664
0.055626630783081055
0.045659780502319336
0.05177140235900879
0.05842900276184082
0.04697608947753906
0.03447294235229492
0.034391164779663086
0.03314518928527832
0.04275202751159668
0.03716683387756348
0.03960132598876953
0.038588523864746094
0.041726112365722656
0.04947471618652344
0.03975510597229004
0.05603289604187012
0.05255246162414551
0.05528855323791504
0.055994510650634766
0.05941510200500488
0.05983877182006836
0.05168747901916504
0.05405879020690918
0.055545806884765625
0.12162899971008301
0.14664769172668457
0.05760908126831055
0.12056088447570801
0.20540547370910645
0.17854046821594238
0.12169146537780762
0.06714630126953125
0.07444143295288086
0.09720754623413086
0.05678272247314453
0.11029314994812012
0.11067056655883789
0.09248185157775879
0.14957714080810547
0.1195826530456543
0.18765830993652344
0.14348053932189941
0.17813444137573242
0.19258904457092285
0.413379430770874
0.13910174369812012
0.10493588447570801
0.1138148307800293
0.10431599617004395
0.09157586097717285
0.12182331085205078
0.10463523864746094
0.12143993377685547
0.10922527313232422
0.10530781745910645
0.09630012512207031
0.09568476676940918
0.1048879623413086
0.09889864921569824
0.11417698860168457
0.11008238792419434
0.11176514625549316
0.11161541938781738
0.10688662528991699
0.11394190788269043
0.10555362701416016
0.11235260963439941
0.14629125595092773
0.18823695182800293
0.12232804298400879
0.11082100868225098
0.11739373207092285
0.12659025192260742
0.11525559425354004
0.12205958366394043
0.11017942428588867
0.021255016326904297
0.12166237831115723
0.11702680587768555
0.14009356498718262
0.13458013534545898
0.213547945022583
0.12462878227233887
0.11445426940917969
0.1284196376800537
0.1100163459777832
0.11098599433898926
0.12209939956665039
0.009125232696533203
0.012018918991088867
0.02016425132751465
0.016907215118408203
0.02169060707092285
0.018388986587524414
0.012644529342651367
0.02631068229675293
0.01727294921875
0.032291412353515625
0.02507781982421875
0.19664239883422852
0.12805438041687012
0.17656755447387695
0.11331439018249512
0.09372329711914062
0.13390159606933594
0.11315464973449707
0.10699987411499023
0.1072685718536377
0.11401939392089844
0.09698033332824707
0.10530710220336914
0.09470295906066895
0.08988642692565918
0.12892484664916992
0.09383463859558105
0.09993338584899902
0.10204434394836426
0.10860490798950195
0.12199640274047852
0.08575558662414551
0.18324708938598633
0.14991307258605957
0.07987427711486816
0.10009908676147461
0.14385056495666504
0.21215224266052246
0.19163846969604492
0.09870624542236328
0.16482186317443848
0.09967947006225586
0.15563273429870605
0.1081240177154541
0.10187172889709473
0.10668492317199707
0.08361196517944336
0.10245704650878906
0.09861636161804199
0.0836334228515625
0.1527090072631836
0.14962077140808105
0.1524486541748047
0.13662981986999512
0.10735917091369629
0.10151338577270508
0.09129619598388672
0.07491064071655273
0.07571530342102051
0.07817268371582031
0.12710070610046387
0.12757229804992676
0.08010625839233398
0.0775308609008789
0.07810759544372559
0.0813143253326416
0.10898280143737793
0.07513093948364258
0.14133167266845703
0.04527139663696289
0.051273345947265625
0.052202463150024414
0.04662466049194336
0.07445049285888672
0.06871986389160156
0.060497283935546875
0.07855629920959473
0.066314697265625
0.11229276657104492
0.05300116539001465
0.05485963821411133
0.055616140365600586
0.07836651802062988
0.0590364933013916
0.05293893814086914
0.06901168823242188
0.053902387619018555
0.05459785461425781
0.04508233070373535
0.05786299705505371
0.0593259334564209
0.04927206039428711
0.05550813674926758
0.05046534538269043
0.050772905349731445
0.05206632614135742
0.0667409896850586
0.05392765998840332
0.06782150268554688
0.058364152908325195
0.06177639961242676
0.08004593849182129
0.0690007209777832
0.07356905937194824
0.07841992378234863
0.07947039604187012
0.06505274772644043
0.07156729698181152
0.06978988647460938
0.06489253044128418
0.07290816307067871
0.0726022720336914
0.06698918342590332
0.06808948516845703
0.06128668785095215
0.07753467559814453
0.07277941703796387
0.07670164108276367
0.07051730155944824
0.0720522403717041
0.0737464427947998
0.07499957084655762
0.07506251335144043
0.08081722259521484
0.09548497200012207
0.08214521408081055
0.07391881942749023
0.08163928985595703
0.08368134498596191
0.09181904792785645
0.08319854736328125
0.09082508087158203
0.07958102226257324
0.08640074729919434
0.07659721374511719
0.07000422477722168
0.08189797401428223
0.0735940933227539
0.07338571548461914
0.07588481903076172
0.12673091888427734
0.1708369255065918
0.09741878509521484
0.46626782417297363
0.24947905540466309
0.13416790962219238
0.11758255958557129
0.17482757568359375
0.44619226455688477
0.21063923835754395
1.352243423461914
1.3369739055633545
1.1919763088226318
0.9845349788665771
0.7799735069274902
0.5096316337585449
0.2863433361053467
0.16531157493591309
0.12452125549316406
0.15631365776062012
0.10545587539672852
0.08975744247436523
0.09827876091003418
0.09554123878479004
0.13638973236083984
0.13651299476623535
0.18738985061645508
0.23467421531677246
0.11474275588989258
0.10364437103271484
0.11350560188293457
0.11936688423156738
0.10739254951477051
0.15871024131774902
0.09723615646362305
0.0547175407409668
0.12752628326416016
0.07867193222045898
0.07422566413879395
0.04760384559631348
0.061757564544677734
0.06121230125427246
0.061484336853027344
0.08567619323730469
0.06561279296875
0.13791179656982422
0.05645132064819336
0.055208683013916016
0.10150980949401855
0.1767585277557373
0.08627033233642578
0.08832359313964844
0.13571667671203613
0.05996084213256836
0.15015387535095215
0.12559962272644043
0.16769003868103027
0.13406801223754883
0.14559006690979004
0.48169803619384766
0.2766604423522949
0.08156108856201172
0.15680646896362305
0.07179141044616699
0.09969615936279297
0.19318056106567383
0.1734170913696289
0.11708378791809082
0.07157349586486816
0.13525652885437012
0.0832819938659668
0.07206130027770996
0.07323694229125977
0.20058107376098633
0.10018754005432129
0.07385516166687012
0.10007047653198242
0.08713674545288086
0.11278557777404785
0.07880187034606934
0.18140387535095215
0.17324018478393555
0.13872551918029785
0.15798282623291016
0.18802642822265625
0.08843755722045898
0.13159537315368652
0.05740189552307129
0.13972759246826172
0.09514546394348145
0.09590792655944824
0.13007569313049316
0.08385682106018066
0.11331844329833984
0.05014824867248535
0.09109830856323242
0.062366485595703125
0.2640044689178467
0.10848140716552734
0.12135100364685059
0.10663461685180664
0.07477712631225586
0.09908843040466309
0.07617688179016113
0.11531782150268555
0.08576631546020508
0.09849071502685547
0.09862923622131348
0.11488699913024902
0.13285422325134277
0.2916903495788574
0.11754822731018066
0.03169703483581543
0.16275548934936523
0.09158492088317871
0.10962271690368652
0.10152506828308105
0.08753800392150879
0.09701347351074219
0.06556153297424316
0.1138770580291748
0.10503458976745605
0.14100861549377441
0.05489301681518555
0.0585477352142334
0.07591128349304199
0.03914046287536621
0.0382075309753418
0.16751766204833984
0.09039902687072754
0.16419100761413574
0.06517815589904785
0.1570444107055664
0.13377714157104492
0.11383748054504395
0.19784998893737793
0.16688084602355957
0.17418789863586426
0.11675024032592773
0.21564245223999023
0.14649248123168945
0.16121983528137207
0.12435436248779297
0.1504514217376709
0.1343703269958496
0.18338489532470703
0.12786483764648438
0.12479352951049805
0.10928130149841309
0.14116287231445312
0.107177734375
0.18780016899108887
0.14182257652282715
0.12805771827697754
0.16586971282958984
0.1900920867919922
0.12147927284240723
0.13806819915771484
0.12492799758911133
0.12878775596618652
0.18051767349243164
0.1375589370727539
0.1313788890838623
0.0965421199798584
0.09063005447387695
0.1211843490600586
0.09392857551574707
0.09801125526428223
0.12602567672729492
0.11999821662902832
0.1591329574584961
0.08481383323669434
0.14651060104370117
0.14607691764831543
0.16622114181518555
0.15097928047180176
0.08560061454772949
0.10734820365905762
0.0697488784790039
0.10845255851745605
0.11321568489074707
0.07352662086486816
0.12554073333740234
0.11004328727722168
0.11792993545532227
0.08866262435913086
0.07047581672668457
0.0674595832824707
0.06854963302612305
0.07781577110290527
0.07803964614868164
0.07167863845825195
0.07803487777709961
0.07198905944824219
0.17188119888305664
0.05799388885498047
0.058486223220825195
0.04277825355529785
0.047247886657714844
0.0521547794342041
0.04418206214904785
0.05803871154785156
0.06331229209899902
0.06168389320373535
0.06768059730529785
0.05799365043640137
0.06623959541320801
0.06023740768432617
0.05829000473022461
0.06350445747375488
0.06794071197509766
0.07346677780151367
0.07104015350341797
0.06765437126159668
0.06429362297058105
0.07086396217346191
0.06595897674560547
0.08023357391357422
0.08122396469116211
0.08723568916320801
0.06474924087524414
0.0669393539428711
0.0878446102142334
0.08111000061035156
0.0756230354309082
0.05768918991088867
0.06792521476745605
0.07095170021057129
0.06118607521057129
0.0610508918762207
0.07297968864440918
0.06989622116088867
0.06256318092346191
0.06896042823791504
0.06546211242675781
0.05654454231262207
0.05693864822387695
0.05431246757507324
0.05849957466125488
0.07175898551940918
0.05975055694580078
0.06942319869995117
0.06448101997375488
0.0692131519317627
0.06594109535217285
0.07296967506408691
0.0570828914642334
0.06807136535644531
0.0713355541229248
0.07395124435424805
0.06642031669616699
0.0641176700592041
0.06457042694091797
0.07439923286437988
0.05811309814453125
0.07633614540100098
0.06138348579406738
0.07377076148986816
0.07581233978271484
0.08109688758850098
0.07965874671936035
0.08015847206115723
0.07396125793457031
0.07279396057128906
0.06271076202392578
0.07963895797729492
0.06448554992675781
0.06407833099365234
0.06204581260681152
0.07510042190551758
0.07208490371704102
0.07191634178161621
0.08017730712890625
0.08147001266479492
0.08312058448791504
0.08426666259765625
0.08781242370605469
0.08915281295776367
0.08738541603088379
0.15418601036071777
0.06772446632385254
0.0680394172668457
0.07667350769042969
0.06750726699829102
0.1611466407775879
0.06999850273132324
0.07444238662719727
0.18438220024108887
0.15409159660339355
0.19577431678771973
0.13007354736328125
0.10808110237121582
0.1157076358795166
0.12243175506591797
0.10505986213684082
0.12295079231262207
0.1522364616394043
0.08975005149841309
0.12371540069580078
0.08205986022949219
0.10125112533569336
0.14043855667114258
0.0944216251373291
0.0908360481262207
0.11709976196289062
0.11538290977478027
0.10423588752746582
0.11642789840698242
0.15477514266967773
0.09170961380004883
0.13986682891845703
0.11507725715637207
0.13528180122375488
0.08310079574584961
0.06372237205505371
0.061611175537109375
0.15326237678527832
0.17327594757080078
0.16372251510620117
0.17977523803710938
0.15366816520690918
0.3116879463195801
0.07336735725402832
0.13176774978637695
0.12771177291870117
0.07028841972351074
0.17403268814086914
0.1201472282409668
0.1964423656463623
0.25243377685546875
0.09805512428283691
0.13592743873596191
0.144622802734375
0.16614031791687012
0.06540560722351074
0.048241615295410156
0.05475354194641113
0.11819982528686523
0.10707569122314453
0.13863277435302734
0.12288093566894531
0.1559467315673828
0.14118528366088867
0.13568329811096191
0.10940217971801758
0.1138606071472168
0.13169622421264648
0.13599324226379395
0.19813275337219238
0.17086434364318848
0.11855816841125488
0.10862374305725098
0.11641955375671387
0.1327369213104248
0.12499785423278809
0.13396024703979492
0.1818678379058838
0.09470224380493164
0.07046985626220703
0.10310077667236328
0.06516718864440918
0.08600783348083496
0.10406279563903809
0.0970308780670166
0.14655613899230957
0.06912422180175781
0.05190253257751465
0.12336397171020508
0.09250116348266602
0.23467016220092773
0.05140566825866699
0.0861666202545166
0.04372382164001465
0.05062675476074219
0.05503726005554199
0.033143043518066406
0.13525152206420898
0.12785577774047852
0.26276087760925293
0.10349869728088379
0.09026694297790527
0.06438183784484863
0.07675528526306152
0.1776278018951416
0.04757499694824219
0.38094544410705566
0.14073443412780762
0.07741856575012207
0.047650814056396484
0.031086444854736328
0.047332048416137695
0.056372880935668945
0.04085540771484375
0.028957366943359375
0.06880450248718262
0.04976248741149902
0.046329498291015625
0.05902290344238281
0.030904054641723633
0.06982135772705078
0.14889264106750488
0.1350264549255371
0.13272786140441895
0.3751678466796875
0.14894604682922363
0.05710315704345703
0.036757469177246094
0.07185697555541992
0.04040980339050293
0.030879735946655273
0.04439592361450195
0.10563302040100098
0.03436684608459473
0.0605616569519043
0.12617158889770508
0.06412720680236816
0.1744983196258545
0.03795266151428223
0.14640021324157715
0.05246734619140625
0.1562027931213379
0.2241649627685547
0.21223998069763184
0.37330174446105957
0.1722855567932129
0.19274377822875977
0.17567753791809082
0.06276655197143555
0.05047130584716797
0.2078568935394287
0.15259814262390137
0.20492315292358398
0.05667233467102051
0.07742714881896973
0.07240128517150879
0.05775856971740723
0.16337227821350098
0.14523911476135254
0.09046626091003418
0.13433003425598145
0.1481170654296875
0.04152059555053711
0.06610798835754395
0.07891511917114258
0.041349172592163086
0.04866600036621094
0.0813894271850586
0.060031890869140625
0.13684701919555664
0.02985978126525879
0.03164505958557129
0.02435016632080078
0.021843671798706055
0.03960418701171875
0.049701690673828125
0.10863995552062988
0.08519983291625977
0.1589806079864502
0.13994073867797852
0.15002727508544922
0.1298978328704834
0.1372225284576416
0.1344442367553711
0.19791698455810547
0.10486555099487305
0.358806848526001
0.09910964965820312
0.42996644973754883
0.2068636417388916
0.14821672439575195
0.1334235668182373
0.09709286689758301
0.11739182472229004
0.1390080451965332
0.11201763153076172
0.11300182342529297
0.1131129264831543
0.1656193733215332
0.17219996452331543
0.12850546836853027
0.1265275478363037
0.1605665683746338
0.10224699974060059
0.169783353805542
0.12389111518859863
0.19196748733520508
0.09290266036987305
0.17600059509277344
0.1306905746459961
0.13307881355285645
0.08716821670532227
0.2487783432006836
0.43170952796936035
0.2136075496673584
0.08494067192077637
0.0807957649230957
0.14667773246765137
0.13224411010742188
0.10872840881347656
0.037667274475097656
0.0381627082824707
0.1437215805053711
0.2057340145111084
0.37166857719421387
0.15271496772766113
0.06638932228088379
0.0660092830657959
0.30705785751342773
0.11246991157531738
0.07134866714477539
0.07597064971923828
0.0581202507019043
0.12528371810913086
0.6392600536346436
0.6011276245117188
0.39556121826171875
0.13994383811950684
0.057430267333984375
0.10666942596435547
0.05826115608215332
0.09012055397033691
0.07108068466186523
0.0672450065612793
0.0417637825012207
0.03622150421142578
0.2168576717376709
0.16445374488830566
0.11094498634338379
0.2337636947631836
0.10885214805603027
0.17236113548278809
0.2543308734893799
0.09068918228149414
0.09058690071105957
0.06331992149353027
0.940413236618042
0.7251570224761963
0.49190664291381836
0.2529335021972656
0.3472900390625
0.27181553840637207
0.10525369644165039
0.17064309120178223
0.24835467338562012
0.1675565242767334
0.2447032928466797
0.22251152992248535
0.16475582122802734
0.16701769828796387
0.3800337314605713
0.16559815406799316
0.09318041801452637
0.1309041976928711
0.22619223594665527
0.2827162742614746
0.13950443267822266
0.06509971618652344
0.03869009017944336
0.08840060234069824
0.047074079513549805
0.041207313537597656
0.057294368743896484
0.026724576950073242
0.04420590400695801
0.049190521240234375
0.08873772621154785
0.08222842216491699
0.021480083465576172
0.02385878562927246
0.02710127830505371
0.027496814727783203
0.0389859676361084
0.13463187217712402
0.020241260528564453
0.04317951202392578
0.026904582977294922
0.024643898010253906
0.016865253448486328
0.015432596206665039
0.023313283920288086
0.018331289291381836
0.03374028205871582
0.027547597885131836
0.04774761199951172
0.09859776496887207
0.048957109451293945
0.03715229034423828
0.030388832092285156
0.02810192108154297
0.03789520263671875
0.031222105026245117
