0.03245377540588379
0.13228774070739746
0.06907343864440918
0.18919920921325684
0.04937028884887695
0.13337492942810059
0.07116174697875977
0.13112092018127441
0.1277754306793213
0.1370868682861328
0.03542733192443848
0.24070191383361816
0.14136385917663574
0.15453624725341797
0.134505033493042
0.03131246566772461
0.13478922843933105
0.13085603713989258
0.022675037384033203
0.025260448455810547
0.025128602981567383
0.04202985763549805
0.046483755111694336
0.0324399471282959
0.025316476821899414
0.04330158233642578
0.027271747589111328
0.028490781784057617
0.03367757797241211
0.03016185760498047
0.03721165657043457
0.045578718185424805
0.04408979415893555
0.1561882495880127
0.07132649421691895
0.03955888748168945
0.044208526611328125
0.03821420669555664
0.04347968101501465
0.05395793914794922
0.0387425422668457
0.039838314056396484
0.04750180244445801
0.05992460250854492
0.048510074615478516
0.04963254928588867
0.04999995231628418
0.06132841110229492
0.056279897689819336
0.04814934730529785
0.051477909088134766
0.04870009422302246
0.057436466217041016
0.0581815242767334
0.052613019943237305
0.06525683403015137
0.05773210525512695
0.0551152229309082
0.06030702590942383
0.0614013671875
0.07583904266357422
0.05899548530578613
0.05898594856262207
0.05982804298400879
0.07797765731811523
0.07770419120788574
0.07446408271789551
0.08005905151367188
0.08116674423217773
0.08455300331115723
0.06773233413696289
0.07992959022521973
0.06869721412658691
0.07983660697937012
0.06873774528503418
0.08842277526855469
0.08902430534362793
0.07675981521606445
0.09404277801513672
0.07995152473449707
0.09100031852722168
0.09975004196166992
0.08287405967712402
0.08894062042236328
0.09856224060058594
0.11422562599182129
0.0974416732788086
0.08846378326416016
0.1017909049987793
0.09418988227844238
0.11437606811523438
0.11207890510559082
0.09824657440185547
0.09850215911865234
0.09701657295227051
0.0993649959564209
0.09790563583374023
0.10296416282653809
0.11985135078430176
0.10207128524780273
0.10349726676940918
0.1037909984588623
0.1172943115234375
0.10962796211242676
0.10597681999206543
0.10892009735107422
0.11080598831176758
0.12660956382751465
0.13917136192321777
0.1147468090057373
0.1097414493560791
0.12785077095031738
0.021821975708007812
0.0231173038482666
0.012816429138183594
0.018696069717407227
0.017072439193725586
0.031004667282104492
0.023796796798706055
0.02294325828552246
0.021338224411010742
0.03244900703430176
0.05284237861633301
0.030983448028564453
0.018085002899169922
0.0638272762298584
0.03564286231994629
0.020123958587646484
0.0373692512512207
0.05477309226989746
0.023351669311523438
0.03096175193786621
0.03340649604797363
0.03197073936462402
0.03162050247192383
0.03304123878479004
0.03777503967285156
0.04423952102661133
0.04410099983215332
0.046346187591552734
0.03871273994445801
0.036579132080078125
0.04633188247680664
0.03444814682006836
0.04249000549316406
0.04386162757873535
0.061438560485839844
0.041938066482543945
0.03428196907043457
0.038808345794677734
0.036171674728393555
0.05213165283203125
0.03452110290527344
0.055582284927368164
0.04657435417175293
0.04055953025817871
0.040549278259277344
0.042675018310546875
0.04755592346191406
0.052005767822265625
0.05779743194580078
0.047864437103271484
0.05139660835266113
0.04693484306335449
0.0466303825378418
0.06096792221069336
0.05730104446411133
0.10043668746948242
0.06929850578308105
0.059957265853881836
0.06803321838378906
0.0591435432434082
0.055558204650878906
0.06927800178527832
0.05768942832946777
0.059786081314086914
0.058875322341918945
0.07665133476257324
0.0619351863861084
0.05677628517150879
0.060442447662353516
0.07398724555969238
0.07513785362243652
0.060292959213256836
0.07732343673706055
0.07455730438232422
0.05887293815612793
0.06261014938354492
0.0649268627166748
0.06511473655700684
0.057517051696777344
0.057470083236694336
0.07726168632507324
0.07819318771362305
0.05967140197753906
0.05958199501037598
0.054656028747558594
0.07032942771911621
0.04362154006958008
0.06247282028198242
0.059992313385009766
0.06758785247802734
0.04745006561279297
0.044135332107543945
0.0441436767578125
0.04364943504333496
0.04355955123901367
0.045891523361206055
0.02864360809326172
0.02939891815185547
0.033205270767211914
0.032093048095703125
0.028177499771118164
0.03234505653381348
0.051317691802978516
0.02297830581665039
0.03910636901855469
0.021807432174682617
0.0450596809387207
0.045682668685913086
0.028374433517456055
0.0243072509765625
0.0257112979888916
0.023975372314453125
0.023478031158447266
0.03878617286682129
0.044600486755371094
0.02696990966796875
0.025118112564086914
0.027561426162719727
0.028290510177612305
0.029644012451171875
0.03928112983703613
0.04221487045288086
0.03171873092651367
0.019766807556152344
0.03820061683654785
0.020345449447631836
0.0218355655670166
0.021834611892700195
0.036002159118652344
0.02794623374938965
0.032381296157836914
0.033067941665649414
0.026495933532714844
0.023455381393432617
0.023688793182373047
0.0333704948425293
0.023580074310302734
0.022385597229003906
0.038537025451660156
0.03414559364318848
0.04183506965637207
0.028675079345703125
0.04471278190612793
0.04919910430908203
0.03947639465332031
0.03355669975280762
0.03573203086853027
0.035596609115600586
0.03573250770568848
0.03593087196350098
0.046407222747802734
0.05508589744567871
0.04868626594543457
0.05496573448181152
0.04316353797912598
0.04543876647949219
0.04168820381164551
0.03997635841369629
0.03608512878417969
0.041321754455566406
0.039519548416137695
0.03614664077758789
0.045027732849121094
0.03749346733093262
0.039282798767089844
0.0341649055480957
0.03817248344421387
0.038112640380859375
0.03294229507446289
0.03481936454772949
0.03722238540649414
0.0607144832611084
0.04087066650390625
0.040703535079956055
0.03737926483154297
0.04700446128845215
0.05932188034057617
0.04219532012939453
0.03697919845581055
0.05340242385864258
0.03901863098144531
0.05222320556640625
0.15405917167663574
0.040402889251708984
0.15489649772644043
0.04401254653930664
0.1621391773223877
0.15892386436462402
0.057744503021240234
0.050978660583496094
0.17652416229248047
0.14902305603027344
0.056661128997802734
0.043157339096069336
0.14630389213562012
0.13973522186279297
0.037154436111450195
0.15710854530334473
0.04701828956604004
0.047749996185302734
0.039600372314453125
0.043295860290527344
0.03883671760559082
0.04040813446044922
0.04727363586425781
0.046291351318359375
0.04301095008850098
0.049833059310913086
0.07892799377441406
0.048551321029663086
0.04984426498413086
0.07502293586730957
0.14994215965270996
0.06814980506896973
0.06337332725524902
0.0606536865234375
0.060811758041381836
0.06954312324523926
0.06505632400512695
0.06263613700866699
0.06558990478515625
0.06814241409301758
0.07721304893493652
0.2349410057067871
0.3984241485595703
0.17614102363586426
0.05438065528869629
0.12514448165893555
0.1479930877685547
0.12362194061279297
0.10785579681396484
0.1117558479309082
0.1120755672454834
0.12245416641235352
0.00821542739868164
0.007272243499755859
0.019571781158447266
0.016324281692504883
0.013391256332397461
0.01981377601623535
0.03873443603515625
0.017744779586791992
0.03237414360046387
0.026767492294311523
0.026150941848754883
0.02362370491027832
0.02701711654663086
0.018163442611694336
0.017156124114990234
0.017982959747314453
0.018811464309692383
0.026320695877075195
0.03570103645324707
0.023420095443725586
0.03216218948364258
0.036594390869140625
0.023786067962646484
0.028419017791748047
0.02476811408996582
0.02195453643798828
0.031291961669921875
0.03509783744812012
0.028525829315185547
0.031383514404296875
0.02906513214111328
0.03712177276611328
0.03158259391784668
0.04145073890686035
0.04284381866455078
0.027281522750854492
0.04262185096740723
0.0698232650756836
0.042958974838256836
0.04855465888977051
0.03340578079223633
0.041574954986572266
0.03894853591918945
0.03618788719177246
0.050833702087402344
0.03850197792053223
0.04073214530944824
0.03756260871887207
0.03815603256225586
0.04330015182495117
0.05808138847351074
0.04183220863342285
0.05577278137207031
0.04216432571411133
0.05337953567504883
0.03755664825439453
0.03750944137573242
0.040513038635253906
0.03383135795593262
0.05275440216064453
0.061243295669555664
0.03360772132873535
0.061738014221191406
0.060450077056884766
0.03803515434265137
0.03794574737548828
0.03696942329406738
0.04892778396606445
0.03789567947387695
0.03751850128173828
0.04757046699523926
0.04257392883300781
0.045595407485961914
0.029117107391357422
0.04325580596923828
0.04269075393676758
0.03197050094604492
0.028342485427856445
0.04082059860229492
0.03623771667480469
0.028505563735961914
0.03247499465942383
0.03496575355529785
0.03188443183898926
0.03634452819824219
0.07933259010314941
0.03194379806518555
0.05084395408630371
0.05195784568786621
0.03877878189086914
0.052928924560546875
0.054271697998046875
0.04267263412475586
0.041779518127441406
0.03811168670654297
0.04509091377258301
0.041150808334350586
0.059809207916259766
0.05528998374938965
0.047220706939697266
0.0449070930480957
0.04749655723571777
0.06544351577758789
0.06580543518066406
0.04673576354980469
0.11250567436218262
0.054244279861450195
0.06261706352233887
0.043512582778930664
0.0492243766784668
0.042974233627319336
0.043192386627197266
0.042962074279785156
0.05556821823120117
0.046169281005859375
0.056543827056884766
0.04413342475891113
0.11539745330810547
0.029660940170288086
0.07255411148071289
0.025455474853515625
0.1067049503326416
0.10002565383911133
0.11556649208068848
0.11544108390808105
0.10883593559265137
0.11001229286193848
0.10868620872497559
0.011246204376220703
0.011035442352294922
0.02193164825439453
0.029840946197509766
0.030040979385375977
0.014150857925415039
0.029075145721435547
0.14461421966552734
0.12549614906311035
0.15132379531860352
0.17453503608703613
0.09009957313537598
0.07490873336791992
0.08850526809692383
0.07343816757202148
0.11441326141357422
0.08429718017578125
0.06087160110473633
0.06780409812927246
0.07790732383728027
0.05886507034301758
0.0526273250579834
0.06646513938903809
0.06679010391235352
0.06697607040405273
0.05854034423828125
0.06251049041748047
0.07019805908203125
0.0482935905456543
0.04328775405883789
0.04040884971618652
0.05711078643798828
0.06836342811584473
0.05855703353881836
0.04880166053771973
0.04822063446044922
0.05318760871887207
0.042746543884277344
0.04501605033874512
0.061200857162475586
0.04543137550354004
0.0494227409362793
0.05314159393310547
0.04789423942565918
0.05782961845397949
0.06129050254821777
0.05530381202697754
0.045067787170410156
0.03270101547241211
0.024628639221191406
0.029093265533447266
0.03234124183654785
0.0460505485534668
0.042058467864990234
0.04376816749572754
0.03200960159301758
0.06334519386291504
0.038068294525146484
0.042269229888916016
0.04096817970275879
0.06255722045898438
0.05799293518066406
0.0527040958404541
0.07506680488586426
0.056623220443725586
0.047141075134277344
0.060425519943237305
0.12507057189941406
0.1505424976348877
0.04988503456115723
0.12652015686035156
0.3802521228790283
0.171921968460083
0.12269830703735352
0.049707651138305664
0.05137467384338379
0.10207962989807129
0.041599273681640625
0.10976815223693848
0.11630630493164062
0.0474238395690918
0.14954495429992676
0.11884665489196777
0.1862506866455078
0.03029465675354004
0.18540120124816895
0.30028533935546875
0.4093635082244873
0.12363958358764648
0.12230515480041504
0.12679147720336914
0.09836554527282715
0.12068939208984375
0.12139320373535156
0.12249565124511719
0.11417722702026367
0.11008715629577637
0.09634661674499512
0.09325242042541504
0.09379053115844727
0.09791159629821777
0.10112261772155762
0.09531092643737793
0.09775114059448242
0.10303282737731934
0.1147010326385498
0.09933185577392578
0.11120247840881348
0.10378599166870117
0.10961341857910156
0.14323735237121582
0.1475820541381836
0.12326979637145996
0.11217355728149414
0.13492989540100098
0.11774921417236328
0.11179828643798828
0.10908007621765137
0.11271786689758301
0.018353939056396484
0.11790347099304199
0.1252579689025879
0.13420796394348145
0.11948895454406738
0.22626924514770508
0.11175417900085449
0.11676669120788574
0.12145352363586426
0.11911582946777344
0.11865091323852539
0.12531065940856934
0.011122703552246094
0.024869441986083984
0.010510683059692383
0.013327360153198242
0.014452695846557617
0.02097916603088379
0.020482301712036133
0.029796361923217773
0.019060850143432617
0.056891441345214844
0.022948265075683594
0.16208505630493164
0.19591951370239258
0.1882162094116211
0.13272881507873535
0.09190487861633301
0.12345194816589355
0.08627510070800781
0.10330986976623535
0.10615706443786621
0.10536026954650879
0.10646605491638184
0.12148785591125488
0.09197306632995605
0.10121583938598633
0.12284708023071289
0.09102654457092285
0.11786007881164551
0.09922957420349121
0.08826780319213867
0.10609650611877441
0.08961963653564453
0.17577767372131348
0.1449909210205078
0.0985713005065918
0.08266401290893555
0.18889284133911133
0.1874396800994873
0.12114858627319336
0.09537434577941895
0.16365838050842285
0.09266185760498047
0.13405108451843262
0.13806653022766113
0.09094619750976562
0.0936737060546875
0.12908196449279785
0.12557029724121094
0.11250829696655273
0.08609986305236816
0.10723376274108887
0.14765715599060059
0.10626387596130371
0.11795878410339355
0.11616706848144531
0.10430502891540527
0.07641267776489258
0.08743858337402344
0.09046339988708496
0.09334540367126465
0.11084675788879395
0.1269850730895996
0.08399009704589844
0.06957054138183594
0.07575798034667969
0.10239100456237793
0.10628581047058105
0.07980704307556152
0.14118099212646484
0.05402016639709473
0.05942034721374512
0.04859447479248047
0.06740570068359375
0.10171985626220703
0.05265355110168457
0.052881717681884766
0.05097341537475586
0.07034444808959961
0.11218690872192383
0.0796661376953125
0.05188179016113281
0.04773545265197754
0.07201862335205078
0.046343088150024414
0.056038618087768555
0.07122921943664551
0.05720376968383789
0.0465855598449707
0.04723405838012695
0.046532392501831055
0.04721522331237793
0.0510406494140625
0.05197620391845703
0.0643613338470459
0.06436944007873535
0.05074357986450195
0.05083870887756348
0.06349802017211914
0.05422568321228027
0.05683112144470215
0.0604403018951416
0.06537890434265137
0.07614731788635254
0.0702204704284668
0.07611536979675293
0.06052899360656738
0.07842016220092773
0.06930971145629883
0.06157493591308594
0.06772089004516602
0.07539558410644531
0.05967426300048828
0.07059335708618164
0.07532429695129395
0.08082127571105957
0.06542110443115234
0.06432700157165527
0.061040401458740234
0.06284165382385254
0.08121514320373535
0.07021808624267578
0.0767676830291748
0.07830095291137695
0.06891107559204102
0.10703754425048828
0.07448863983154297
0.07660102844238281
0.06875133514404297
0.08891415596008301
0.07968711853027344
0.08683586120605469
0.07830977439880371
0.07257580757141113
0.0751028060913086
0.07907986640930176
0.08116745948791504
0.07108139991760254
0.08024144172668457
0.08041858673095703
0.07396841049194336
0.09661483764648438
0.16372990608215332
0.23770451545715332
0.16221213340759277
0.3070981502532959
0.14818835258483887
0.14924073219299316
0.3436117172241211
0.16135811805725098
0.14905142784118652
1.2452149391174316
1.078768014907837
0.9269618988037109
0.8886585235595703
0.737236499786377
0.47244763374328613
0.2753591537475586
0.15997838973999023
0.1189725399017334
0.09764647483825684
0.08466982841491699
0.13931632041931152
0.09494400024414062
0.08793425559997559
0.1362621784210205
0.12204480171203613
0.1818218231201172
0.17566585540771484
0.0990288257598877
0.10524940490722656
0.12778329849243164
0.12858033180236816
0.11651229858398438
0.18707847595214844
0.08330321311950684
0.06240582466125488
0.12827181816101074
0.08416461944580078
0.081390380859375
0.05195951461791992
0.04861783981323242
0.07424616813659668
0.08382081985473633
0.08479475975036621
0.05703282356262207
0.13607192039489746
0.04502058029174805
0.05221247673034668
0.09154057502746582
0.060051918029785156
0.08845758438110352
0.05997323989868164
0.07492303848266602
0.07212209701538086
0.2890486717224121
0.20407676696777344
0.16441631317138672
0.16598820686340332
0.12794995307922363
0.2651183605194092
0.23831939697265625
0.0787343978881836
0.11487007141113281
0.06983542442321777
0.0700078010559082
0.11624574661254883
0.13995957374572754
0.1606612205505371
0.16507506370544434
0.18961429595947266
0.08746671676635742
0.07896137237548828
0.10951662063598633
0.12591314315795898
0.15932536125183105
0.10099411010742188
0.07858920097351074
0.09218406677246094
0.11273837089538574
0.06584024429321289
0.07255816459655762
0.15991854667663574
0.14599108695983887
0.0679483413696289
0.1671004295349121
0.05779242515563965
0.0794060230255127
0.0789957046508789
0.06345391273498535
0.12558412551879883
0.07022857666015625
0.13967514038085938
0.09818005561828613
0.09209871292114258
0.07578539848327637
0.11668848991394043
0.07963323593139648
0.20109963417053223
0.08878946304321289
0.0782766342163086
0.09325504302978516
0.08395934104919434
0.08555102348327637
0.08976578712463379
0.11653804779052734
0.07107949256896973
0.10608553886413574
0.07626700401306152
0.08712077140808105
0.15392374992370605
0.21274995803833008
0.08159542083740234
0.01924872398376465
0.11667394638061523
0.08392930030822754
0.09639549255371094
0.08301711082458496
0.07809901237487793
0.07509732246398926
0.09531092643737793
0.08300662040710449
0.09586691856384277
0.09374094009399414
0.0899190902709961
0.08343005180358887
0.08393216133117676
0.08123612403869629
0.06252408027648926
0.16845989227294922
0.07811808586120605
0.16812467575073242
0.06333637237548828
0.16890168190002441
0.11923623085021973
0.03936600685119629
0.11530447006225586
0.16357851028442383
0.1542224884033203
0.14755582809448242
0.21414494514465332
0.14496660232543945
0.1297004222869873
0.1275479793548584
0.1466355323791504
0.13893604278564453
0.1258559226989746
0.10586738586425781
0.12289810180664062
0.11241936683654785
0.11734199523925781
0.13297319412231445
0.18477153778076172
0.14498305320739746
0.11679625511169434
0.16216659545898438
0.1681194305419922
0.10052371025085449
0.09244418144226074
0.09918975830078125
0.11510682106018066
0.15310096740722656
0.12382936477661133
0.11643791198730469
0.10801386833190918
0.09933757781982422
0.10824131965637207
0.1030583381652832
0.08974242210388184
0.10307502746582031
0.09495115280151367
0.15287089347839355
0.14581775665283203
0.11930227279663086
0.0927736759185791
0.1602497100830078
0.13703465461730957
0.06928849220275879
0.09227609634399414
0.10136795043945312
0.06301522254943848
0.1098325252532959
0.11867713928222656
0.1323091983795166
0.10931801795959473
0.09932112693786621
0.07828998565673828
0.07706689834594727
0.08086466789245605
0.07745528221130371
0.08298945426940918
0.08197712898254395
0.08150863647460938
0.07610201835632324
0.061600446701049805
0.16246628761291504
0.06612086296081543
0.06964421272277832
0.041010141372680664
0.05335116386413574
0.04872488975524902
0.0519258975982666
0.04660630226135254
0.055971622467041016
0.07208371162414551
0.06850337982177734
0.05655169486999512
0.05044221878051758
0.05259370803833008
0.06723713874816895
0.07496452331542969
0.06623172760009766
0.07703876495361328
0.06818485260009766
0.060315608978271484
0.07927107810974121
0.0637674331665039
0.06784534454345703
0.06390619277954102
0.06905245780944824
0.06560993194580078
0.0670633316040039
0.06925153732299805
0.07794499397277832
0.07974362373352051
0.07256793975830078
0.05616927146911621
0.06583213806152344
0.06860947608947754
0.07688570022583008
0.05937933921813965
0.07523632049560547
0.06019997596740723
0.07226991653442383
0.0633082389831543
0.05732536315917969
0.05437755584716797
0.06067800521850586
0.06401515007019043
0.0670013427734375
0.07524561882019043
0.0948336124420166
0.06706500053405762
0.06743931770324707
0.07860279083251953
0.06360125541687012
0.05885457992553711
0.055005788803100586
0.05604219436645508
0.07899022102355957
0.06032681465148926
0.07840514183044434
0.05669140815734863
0.05228424072265625
0.05341172218322754
0.059975624084472656
0.05869793891906738
0.05980992317199707
0.07503056526184082
0.07371306419372559
0.06946229934692383
0.0671687126159668
0.07750177383422852
0.07052493095397949
0.060042619705200195
0.07452678680419922
0.07261157035827637
0.06610631942749023
0.0668337345123291
0.07540369033813477
0.0678873062133789
0.0747222900390625
0.06488966941833496
0.07819485664367676
0.07531595230102539
0.08781170845031738
0.08865571022033691
0.0755460262298584
0.07729458808898926
0.0813138484954834
0.1275336742401123
0.06361794471740723
0.0807497501373291
0.06785297393798828
0.08144497871398926
0.08409404754638672
0.07718467712402344
0.07187032699584961
0.07263875007629395
0.24955534934997559
0.15288519859313965
0.09730863571166992
0.09366869926452637
0.1169135570526123
0.12579846382141113
0.11542320251464844
0.11629104614257812
0.08641290664672852
0.09827423095703125
0.12790346145629883
0.07364106178283691
0.10136580467224121
0.10764431953430176
0.07673144340515137
0.08272910118103027
0.133087158203125
0.06589770317077637
0.08720564842224121
0.07967472076416016
0.12462687492370605
0.09037137031555176
0.09561371803283691
0.06884527206420898
0.09251022338867188
0.06940817832946777
0.08305859565734863
0.08831453323364258
0.16588950157165527
0.14980506896972656
0.16364693641662598
0.2110908031463623
0.39723634719848633
0.15053701400756836
0.12020492553710938
0.17861604690551758
0.0984957218170166
0.07917165756225586
0.15877819061279297
0.16230058670043945
0.18546056747436523
0.1436786651611328
0.12058115005493164
0.11204266548156738
0.16112089157104492
0.09024596214294434
0.06439566612243652
0.0523221492767334
0.03662276268005371
0.04157280921936035
0.10675168037414551
0.1621568202972412
0.15920639038085938
0.15607094764709473
0.1400775909423828
0.13499951362609863
0.15174126625061035
0.11667490005493164
0.12559914588928223
0.12944602966308594
0.19695472717285156
0.18751955032348633
0.11475253105163574
0.1068413257598877
0.10251045227050781
0.11311006546020508
0.1193540096282959
0.10239839553833008
0.1671907901763916
0.09277939796447754
0.05715131759643555
0.09501171112060547
0.09235501289367676
0.062040090560913086
0.054575204849243164
0.10227823257446289
0.1663351058959961
0.07450079917907715
0.08223795890808105
0.1627650260925293
0.09058332443237305
0.15112566947937012
0.06829595565795898
0.08345484733581543
0.042558908462524414
0.06774449348449707
0.0950784683227539
0.04760551452636719
0.11449337005615234
0.12050700187683105
0.14234256744384766
0.1328115463256836
0.06594657897949219
0.10335874557495117
0.0880424976348877
0.0789957046508789
0.06928443908691406
0.5152690410614014
0.2750711441040039
0.11500287055969238
0.06025981903076172
0.021119356155395508
0.04005551338195801
0.0204012393951416
0.05610346794128418
0.04542088508605957
0.15079569816589355
0.07167267799377441
0.024701833724975586
0.027039527893066406
0.02279353141784668
0.04274630546569824
0.13589692115783691
0.13788247108459473
0.4116332530975342
0.18744254112243652
0.11907529830932617
0.06608176231384277
0.027904748916625977
0.047579050064086914
0.03743577003479004
0.040048837661743164
0.06870222091674805
0.11164593696594238
0.054053306579589844
0.06980037689208984
0.09395623207092285
0.08984637260437012
0.19339942932128906
0.04102373123168945
0.1688082218170166
0.06196284294128418
0.15801620483398438
0.21283268928527832
0.20818495750427246
0.3471996784210205
0.15179133415222168
0.21432232856750488
0.16550445556640625
0.07208108901977539
0.06077265739440918
0.18783926963806152
0.17194795608520508
0.14791083335876465
0.039671897888183594
0.05528068542480469
0.05303311347961426
0.03976893424987793
0.15082836151123047
0.09141778945922852
0.08888673782348633
0.18648910522460938
0.09175419807434082
0.0793619155883789
0.046021461486816406
0.043843746185302734
0.04259347915649414
0.04544687271118164
0.06337475776672363
0.049124717712402344
0.05174589157104492
0.11667990684509277
0.04817676544189453
0.03755640983581543
0.055231571197509766
0.056603193283081055
0.0866708755493164
0.09138131141662598
0.08162951469421387
0.17998003959655762
0.12990689277648926
0.16227173805236816
0.14655518531799316
0.14675521850585938
0.1859891414642334
0.2073228359222412
0.12233161926269531
0.33395910263061523
0.18253159523010254
0.15135407447814941
0.15546822547912598
0.14278602600097656
0.12246465682983398
0.11577415466308594
0.1259753704071045
0.11619901657104492
0.1058509349822998
0.10972929000854492
0.19176340103149414
0.16083335876464844
0.21144676208496094
0.16916251182556152
0.14309048652648926
0.09886670112609863
0.16112709045410156
