0.04820680618286133
0.16099309921264648
0.06961250305175781
0.16969561576843262
0.027144908905029297
0.13443613052368164
0.07583475112915039
0.13233423233032227
0.13356828689575195
0.13355660438537598
0.029254436492919922
0.2304990291595459
0.12984085083007812
0.15821313858032227
0.1357882022857666
0.031748294830322266
0.1312236785888672
0.13214373588562012
0.03452610969543457
0.031398773193359375
0.035956382751464844
0.03709816932678223
0.03650546073913574
0.029328107833862305
0.03103327751159668
0.028714656829833984
0.03220844268798828
0.03438997268676758
0.035088300704956055
0.030873775482177734
0.039031028747558594
0.03847765922546387
0.040880680084228516
0.1060943603515625
0.06893467903137207
0.04536581039428711
0.06178450584411621
0.044065237045288086
0.055234670639038086
0.05069088935852051
0.04330134391784668
0.05171060562133789
0.054160118103027344
0.04939579963684082
0.05472230911254883
0.05112171173095703
0.04615592956542969
0.057543277740478516
0.05241560935974121
0.048712730407714844
0.05284523963928223
0.053575992584228516
0.04960060119628906
0.06273245811462402
0.053199052810668945
0.054624080657958984
0.054849863052368164
0.061400413513183594
0.06662750244140625
0.05782723426818848
0.06583261489868164
0.06450080871582031
0.06372594833374023
0.0699152946472168
0.06286883354187012
0.0700840950012207
0.07071352005004883
0.0666043758392334
0.08210873603820801
0.07315444946289062
0.07980680465698242
0.08100175857543945
0.07959604263305664
0.08137083053588867
0.06936430931091309
0.08921432495117188
0.07934761047363281
0.07764601707458496
0.0862283706665039
0.12119364738464355
0.09810829162597656
0.08283257484436035
0.09396696090698242
0.09104514122009277
0.09032273292541504
0.09658670425415039
0.08786678314208984
0.08916664123535156
0.10073232650756836
0.1068427562713623
0.09359908103942871
0.09857344627380371
0.1006770133972168
0.10015010833740234
0.09842157363891602
0.10224342346191406
0.09849381446838379
0.09935307502746582
0.10144901275634766
0.10691046714782715
0.10912513732910156
0.1099240779876709
0.10818243026733398
0.11186766624450684
0.10670065879821777
0.11034274101257324
0.11245489120483398
0.11812615394592285
0.13208580017089844
0.11564064025878906
0.11047482490539551
0.12123680114746094
0.01438283920288086
0.015532255172729492
0.018782615661621094
0.02047562599182129
0.02124762535095215
0.03601431846618652
0.02572035789489746
0.024884462356567383
0.022022724151611328
0.023254871368408203
0.0329136848449707
0.02801799774169922
0.018710851669311523
0.046773672103881836
0.02257513999938965
0.02640700340270996
0.0532991886138916
0.04700112342834473
0.025438547134399414
0.027237653732299805
0.03483319282531738
0.033657073974609375
0.032247066497802734
0.03479433059692383
0.03401494026184082
0.030007362365722656
0.02974843978881836
0.03209567070007324
0.03424692153930664
0.048589468002319336
0.0508575439453125
0.04640817642211914
0.04802751541137695
0.04941511154174805
0.05911684036254883
0.04848051071166992
0.03497171401977539
0.0457763671875
0.04225277900695801
0.04146742820739746
0.035181283950805664
0.040210723876953125
0.04766249656677246
0.04250288009643555
0.04242873191833496
0.039035797119140625
0.048322200775146484
0.04394245147705078
0.048821210861206055
0.055332183837890625
0.04766035079956055
0.04767870903015137
0.05141186714172363
0.05643057823181152
0.052581071853637695
0.06852388381958008
0.07120442390441895
0.061701297760009766
0.06025052070617676
0.05998349189758301
0.05641508102416992
0.06538128852844238
0.06855320930480957
0.06050443649291992
0.05958890914916992
0.06704998016357422
0.06840133666992188
0.05745363235473633
0.07163381576538086
0.06531071662902832
0.07185912132263184
0.0650639533996582
0.06336593627929688
0.0597996711730957
0.06463932991027832
0.06461215019226074
0.06179642677307129
0.0721590518951416
0.059734344482421875
0.058185577392578125
0.06205868721008301
0.0630488395690918
0.07165670394897461
0.0661306381225586
0.060112714767456055
0.05600094795227051
0.05931830406188965
0.049460411071777344
0.05090022087097168
0.05668020248413086
0.0532379150390625
0.0456540584564209
0.045922040939331055
0.04931378364562988
0.04862165451049805
0.056787967681884766
0.03419971466064453
0.04701733589172363
0.035210609436035156
0.029355764389038086
0.02881646156311035
0.03413820266723633
0.04334235191345215
0.019224166870117188
0.022421598434448242
0.026903629302978516
0.03364396095275879
0.03633451461791992
0.0297544002532959
0.029856443405151367
0.02295398712158203
0.030115604400634766
0.024188518524169922
0.035188913345336914
0.03788280487060547
0.0331270694732666
0.031031131744384766
0.043587684631347656
0.025412797927856445
0.03646135330200195
0.03076648712158203
0.02739429473876953
0.03847861289978027
0.025335311889648438
0.031391143798828125
0.03884530067443848
0.02743077278137207
0.03265047073364258
0.026778221130371094
0.028775453567504883
0.03475594520568848
0.03960537910461426
0.02766561508178711
0.024218082427978516
0.04161381721496582
0.039348602294921875
0.030518770217895508
0.028369426727294922
0.02455592155456543
0.0409238338470459
0.03300738334655762
0.04046893119812012
0.040608882904052734
0.0298917293548584
0.036100149154663086
0.039252281188964844
0.047025442123413086
0.03262519836425781
0.03252243995666504
0.03757619857788086
0.037654876708984375
0.04538536071777344
0.03457760810852051
0.04239296913146973
0.04946398735046387
0.057025909423828125
0.047852516174316406
0.04671669006347656
0.03676176071166992
0.047957420349121094
0.04165148735046387
0.036720991134643555
0.039373159408569336
0.04571199417114258
0.04083418846130371
0.0347752571105957
0.04061746597290039
0.04361104965209961
0.03908109664916992
0.04078793525695801
0.042253971099853516
0.03734445571899414
0.03853893280029297
0.03793740272521973
0.0434117317199707
0.07000064849853516
0.03902125358581543
0.044307708740234375
0.042711734771728516
0.04395174980163574
0.045508623123168945
0.04102516174316406
0.14874029159545898
0.041037559509277344
0.16386914253234863
0.045623779296875
0.15053653717041016
0.15010738372802734
0.04675483703613281
0.05727696418762207
0.18928074836730957
0.15101099014282227
0.05122709274291992
0.045618295669555664
0.15296244621276855
0.15097427368164062
0.048063039779663086
0.14843440055847168
0.043027400970458984
0.04848361015319824
0.044823408126831055
0.051558494567871094
0.03970646858215332
0.05083131790161133
0.043172597885131836
0.04810667037963867
0.04780125617980957
0.05048537254333496
0.08523821830749512
0.06535172462463379
0.06179618835449219
0.05973935127258301
0.06867837905883789
0.0630795955657959
0.059702157974243164
0.06667828559875488
0.06282830238342285
0.060259103775024414
0.06676554679870605
0.06904435157775879
0.06751012802124023
0.07901120185852051
0.08193826675415039
0.06939291954040527
0.3241918087005615
0.14111709594726562
0.12079143524169922
0.06650257110595703
0.1250932216644287
0.12557291984558105
0.10871529579162598
0.12374401092529297
0.11888456344604492
0.11478185653686523
0.01418924331665039
0.012012481689453125
0.015341758728027344
0.02278733253479004
0.024729013442993164
0.02518320083618164
0.036314964294433594
0.023622989654541016
0.026414155960083008
0.01204371452331543
0.01757955551147461
0.024298429489135742
0.018637895584106445
0.01549983024597168
0.01791548728942871
0.02429962158203125
0.019418954849243164
0.028503894805908203
0.02808833122253418
0.024950027465820312
0.021890878677368164
0.029362916946411133
0.02927684783935547
0.0302431583404541
0.02198052406311035
0.026723861694335938
0.0278167724609375
0.0211184024810791
0.03049921989440918
0.03454780578613281
0.03459930419921875
0.03334164619445801
0.033470869064331055
0.032872676849365234
0.026684045791625977
0.03351092338562012
0.033854007720947266
0.061757802963256836
0.034589529037475586
0.04346609115600586
0.03870391845703125
0.04281044006347656
0.0360262393951416
0.04212069511413574
0.04157304763793945
0.04070329666137695
0.04254937171936035
0.04349827766418457
0.04413628578186035
0.050904035568237305
0.04534745216369629
0.04729962348937988
0.04552292823791504
0.049772024154663086
0.04361391067504883
0.03821372985839844
0.052671194076538086
0.06457161903381348
0.0409090518951416
0.04144906997680664
0.06144571304321289
0.05077648162841797
0.03322267532348633
0.059870243072509766
0.050536155700683594
0.03972434997558594
0.03420567512512207
0.044013261795043945
0.03928828239440918
0.04255938529968262
0.043256282806396484
0.037511348724365234
0.031289100646972656
0.029812097549438477
0.034297943115234375
0.028449058532714844
0.033951759338378906
0.030338525772094727
0.030469894409179688
0.03306078910827637
0.03432297706604004
0.03461289405822754
0.03706479072570801
0.03237581253051758
0.05414843559265137
0.06763362884521484
0.04314255714416504
0.03963184356689453
0.0470430850982666
0.040421247482299805
0.046590328216552734
0.04490947723388672
0.044920921325683594
0.04372859001159668
0.04323458671569824
0.05098915100097656
0.04686260223388672
0.050130605697631836
0.048048973083496094
0.04384946823120117
0.05139946937561035
0.04961514472961426
0.04569053649902344
0.05106616020202637
0.051727294921875
0.05822563171386719
0.06685328483581543
0.08198952674865723
0.04434347152709961
0.0567774772644043
0.04945874214172363
0.04886960983276367
0.043496131896972656
0.0576474666595459
0.043515682220458984
0.0492701530456543
0.04487252235412598
0.11810517311096191
0.043860673904418945
0.12821531295776367
0.21311402320861816
0.10762143135070801
0.11296653747558594
0.10484719276428223
0.10700583457946777
0.11366152763366699
0.11135435104370117
0.10944628715515137
0.008718490600585938
0.0164642333984375
0.018706798553466797
0.015432119369506836
0.024673938751220703
0.019519329071044922
0.015532732009887695
0.13987088203430176
0.12622857093811035
0.13035845756530762
0.17143511772155762
0.10073566436767578
0.07561635971069336
0.07803821563720703
0.0741875171661377
0.11068129539489746
0.07276296615600586
0.07399177551269531
0.10016632080078125
0.07022309303283691
0.07367682456970215
0.0743553638458252
0.0575251579284668
0.05267763137817383
0.05835413932800293
0.05475592613220215
0.04750680923461914
0.05327415466308594
0.05496668815612793
0.04469108581542969
0.04656648635864258
0.05302166938781738
0.051908254623413086
0.040036916732788086
0.04106307029724121
0.039348602294921875
0.043268680572509766
0.04701089859008789
0.0469205379486084
0.05615592002868652
0.046190738677978516
0.051349639892578125
0.04968714714050293
0.04964470863342285
0.04932832717895508
0.04535531997680664
0.04622912406921387
0.04059100151062012
0.02895641326904297
0.030324459075927734
0.03096485137939453
0.040685415267944336
0.05652737617492676
0.029918670654296875
0.03713679313659668
0.03665423393249512
0.048213958740234375
0.044035911560058594
0.05348777770996094
0.04678702354431152
0.05893826484680176
0.04963350296020508
0.05390572547912598
0.06377267837524414
0.04170656204223633
0.048714399337768555
0.04827427864074707
0.10540652275085449
0.11327290534973145
0.13259387016296387
0.14129257202148438
0.37918925285339355
0.19123506546020508
0.12507271766662598
0.07624483108520508
0.04760336875915527
0.10095095634460449
0.06676268577575684
0.12071847915649414
0.040726423263549805
0.05228400230407715
0.1292250156402588
0.05142521858215332
0.20041871070861816
0.2614002227783203
0.19609737396240234
0.20772171020507812
0.40268921852111816
0.09682273864746094
0.10348796844482422
0.11725330352783203
0.10700654983520508
0.11217045783996582
0.13898324966430664
0.10497140884399414
0.09949994087219238
0.10567760467529297
0.09375786781311035
0.11106109619140625
0.09452056884765625
0.09468841552734375
0.103118896484375
0.11139082908630371
0.10893940925598145
0.1177518367767334
0.10905838012695312
0.10609841346740723
0.10781741142272949
0.10947275161743164
0.1062326431274414
0.17326688766479492
0.18758249282836914
0.1196889877319336
0.11373591423034668
0.11090207099914551
0.1140601634979248
0.11354565620422363
0.12041926383972168
0.11467170715332031
0.009299278259277344
0.12710285186767578
0.12102794647216797
0.13565921783447266
0.12169122695922852
0.22243833541870117
0.12265396118164062
0.11322736740112305
0.12325477600097656
0.1088869571685791
0.1099395751953125
0.11667203903198242
0.012851715087890625
0.016180992126464844
0.015045881271362305
0.01474142074584961
0.021268129348754883
0.017156600952148438
0.01717352867126465
0.015514612197875977
0.02099156379699707
0.046875953674316406
0.01756143569946289
0.20212817192077637
0.1694183349609375
0.17511272430419922
0.13466954231262207
0.12756919860839844
0.09745073318481445
0.09232139587402344
0.10525035858154297
0.09515523910522461
0.10492396354675293
0.10076141357421875
0.11756443977355957
0.10025429725646973
0.10516762733459473
0.09836935997009277
0.09285664558410645
0.1144874095916748
0.08844423294067383
0.0885782241821289
0.12818336486816406
0.10135030746459961
0.17763733863830566
0.12151598930358887
0.07865333557128906
0.08463096618652344
0.18666934967041016
0.2165226936340332
0.2245185375213623
0.07900834083557129
0.15655279159545898
0.1368701457977295
0.15446162223815918
0.12612438201904297
0.09692740440368652
0.11656379699707031
0.13120317459106445
0.1164710521697998
0.07914257049560547
0.08782172203063965
0.10883831977844238
0.14916539192199707
0.10158729553222656
0.11783576011657715
0.11348557472229004
0.08140873908996582
0.07853817939758301
0.06821250915527344
0.08055806159973145
0.08889293670654297
0.1545886993408203
0.11584591865539551
0.1022794246673584
0.07603049278259277
0.07755374908447266
0.08017897605895996
0.07652115821838379
0.06550359725952148
0.13796091079711914
0.06976127624511719
0.04961133003234863
0.050343990325927734
0.04560351371765137
0.06845974922180176
0.06444787979125977
0.059456586837768555
0.051920413970947266
0.06635308265686035
0.07906770706176758
0.08843731880187988
0.04190206527709961
0.06016993522644043
0.06076645851135254
0.05879330635070801
0.0422670841217041
0.06021237373352051
0.05224895477294922
0.0527191162109375
0.04413914680480957
0.051621437072753906
0.05328369140625
0.048464298248291016
0.06247735023498535
0.04964280128479004
0.059343814849853516
0.056459903717041016
0.060883283615112305
0.06939291954040527
0.05477595329284668
0.06394410133361816
0.07901954650878906
0.0781409740447998
0.06637787818908691
0.07282423973083496
0.0605316162109375
0.07233405113220215
0.06968998908996582
0.07532572746276855
0.05942821502685547
0.06479668617248535
0.0712888240814209
0.07065653800964355
0.07107806205749512
0.07211446762084961
0.07674264907836914
0.07165265083312988
0.07149958610534668
0.061714887619018555
0.06367754936218262
0.07115697860717773
0.08249759674072266
0.0726320743560791
0.08378052711486816
0.06956243515014648
0.11612176895141602
0.07646489143371582
0.07282757759094238
0.07454919815063477
0.07665348052978516
0.08002614974975586
0.07795047760009766
0.08412480354309082
0.07843279838562012
0.08096528053283691
0.08700823783874512
0.06926321983337402
0.08138585090637207
0.07722115516662598
0.0766141414642334
0.07956385612487793
0.1116783618927002
0.16040396690368652
0.05178260803222656
0.08963942527770996
0.22162389755249023
0.1412029266357422
0.11181020736694336
0.5123753547668457
0.2922666072845459
0.0459132194519043
0.21700024604797363
1.1602439880371094
1.0135211944580078
0.913877010345459
0.716289758682251
0.44596123695373535
0.22268056869506836
0.11433863639831543
0.13823342323303223
0.15862250328063965
0.0856020450592041
0.09407854080200195
0.15091228485107422
0.11345171928405762
0.13378190994262695
0.15074586868286133
0.11960411071777344
0.14142537117004395
0.1196136474609375
0.08321237564086914
0.1219947338104248
0.07906389236450195
0.07706499099731445
0.18108534812927246
0.09874534606933594
0.07728028297424316
0.13413333892822266
0.08286142349243164
0.05561518669128418
0.046320438385009766
0.05167269706726074
0.07779955863952637
0.06228160858154297
0.04847550392150879
0.053193092346191406
0.05111885070800781
0.09187984466552734
0.04841256141662598
0.0521082878112793
0.22064805030822754
0.06646108627319336
0.08942270278930664
0.22456955909729004
0.07062673568725586
0.2638716697692871
0.09798765182495117
0.0865781307220459
0.1638791561126709
0.1920018196105957
0.2716841697692871
0.20444750785827637
0.08556485176086426
0.12404417991638184
0.1046755313873291
0.10431790351867676
0.12900018692016602
0.10593271255493164
0.13636302947998047
0.16482210159301758
0.1228172779083252
0.0848851203918457
0.07811093330383301
0.06429123878479004
0.2022860050201416
0.0663912296295166
0.11175823211669922
0.08197450637817383
0.06641530990600586
0.06894612312316895
0.09397172927856445
0.13664555549621582
0.15259695053100586
0.15374994277954102
0.15277767181396484
0.21439075469970703
0.11307072639465332
0.12346816062927246
0.05628180503845215
0.07205986976623535
0.12365508079528809
0.06480932235717773
0.11075425148010254
0.09997034072875977
0.08986115455627441
0.048148155212402344
0.08395695686340332
0.05351972579956055
0.31323838233947754
0.1052396297454834
0.07914972305297852
0.10038518905639648
0.08495497703552246
0.09406661987304688
0.07941770553588867
0.11481094360351562
0.0776360034942627
0.12958574295043945
0.07726144790649414
0.10975527763366699
0.12875890731811523
0.11154007911682129
0.24706673622131348
0.16708993911743164
0.171858549118042
0.10203170776367188
0.0801398754119873
0.09593605995178223
0.07935833930969238
0.11171245574951172
0.06811952590942383
0.0989065170288086
0.11549639701843262
0.0933222770690918
0.0758509635925293
0.06911253929138184
0.0350034236907959
0.05840635299682617
0.050605058670043945
0.172288179397583
0.10340762138366699
0.16247916221618652
0.055381059646606445
0.1398153305053711
0.07877993583679199
0.0784444808959961
0.191148042678833
0.16454362869262695
0.14318370819091797
0.15646672248840332
0.23880863189697266
0.11158037185668945
0.15983939170837402
0.11236381530761719
0.16780400276184082
0.12845396995544434
0.14239048957824707
0.10670018196105957
0.12930941581726074
0.11970257759094238
0.143021821975708
0.13269805908203125
0.1645047664642334
0.12515854835510254
0.1299145221710205
0.16116666793823242
0.17497873306274414
0.13508152961730957
0.13059139251708984
0.12784600257873535
0.10482335090637207
0.1531982421875
0.10111713409423828
0.1277296543121338
0.11113762855529785
0.08948945999145508
0.10639643669128418
0.16280150413513184
0.12299275398254395
0.18357586860656738
0.09651899337768555
0.10186028480529785
0.15030455589294434
0.14100146293640137
0.14014887809753418
0.1625058650970459
0.12565255165100098
0.11305880546569824
0.0640249252319336
0.08719444274902344
0.07852649688720703
0.0810239315032959
0.07821011543273926
0.1287851333618164
0.13295435905456543
0.13492465019226074
0.08367323875427246
0.08340692520141602
0.07149744033813477
0.0671236515045166
0.06608414649963379
0.07291316986083984
0.08678078651428223
0.07216119766235352
0.05702376365661621
0.08407068252563477
0.04912519454956055
0.0661776065826416
0.04169869422912598
0.04546928405761719
0.04044175148010254
0.048004150390625
0.0531768798828125
0.06392502784729004
0.06980729103088379
0.06735873222351074
0.0529170036315918
0.055573225021362305
0.053232431411743164
0.05725860595703125
0.06282520294189453
0.06742262840270996
0.07168245315551758
0.06944060325622559
0.060961246490478516
0.07451796531677246
0.06456995010375977
0.06970715522766113
0.06976437568664551
0.06552338600158691
0.06624841690063477
0.07340431213378906
0.07134652137756348
0.08431148529052734
0.08802485466003418
0.07285332679748535
0.06101417541503906
0.06223034858703613
0.05967068672180176
0.06014871597290039
0.06009221076965332
0.0708308219909668
0.06493854522705078
0.05747079849243164
0.06422090530395508
0.05930304527282715
0.06619930267333984
0.05586433410644531
0.07086372375488281
0.05745053291320801
0.06155705451965332
0.09552288055419922
0.06855058670043945
0.05221843719482422
0.0615541934967041
0.05992841720581055
0.0769662857055664
0.06658363342285156
0.06634974479675293
0.07940506935119629
0.07514834403991699
0.07615256309509277
0.05264091491699219
0.05849313735961914
0.0541844367980957
0.057264089584350586
0.06502127647399902
0.07041740417480469
0.0623779296875
0.06460905075073242
0.07606387138366699
0.06791877746582031
0.06892800331115723
0.08275413513183594
0.06607580184936523
0.07855772972106934
0.06252121925354004
0.06746554374694824
0.06899619102478027
0.06622314453125
0.06959295272827148
0.07569289207458496
0.07049679756164551
0.07967805862426758
0.07658052444458008
0.07736444473266602
0.07476425170898438
0.07620978355407715
0.07800865173339844
0.08169198036193848
0.17428827285766602
0.06539511680603027
0.0711982250213623
0.09242033958435059
0.07739067077636719
0.08458304405212402
0.0631256103515625
0.08271670341491699
0.20652151107788086
0.0657644271850586
0.1394822597503662
0.10444474220275879
0.09465241432189941
0.10703802108764648
0.12048554420471191
0.09779953956604004
0.08720517158508301
0.17834877967834473
0.07669186592102051
0.10746383666992188
0.0922236442565918
0.08376502990722656
0.09058094024658203
0.09313797950744629
0.08876633644104004
0.10990762710571289
0.09610962867736816
0.09923529624938965
0.16907715797424316
0.09918069839477539
0.10689592361450195
0.06657242774963379
0.11929941177368164
0.13216042518615723
0.07575273513793945
0.08380413055419922
0.08343744277954102
0.15708565711975098
0.1807570457458496
0.14096355438232422
0.08663010597229004
0.06938552856445312
0.14261507987976074
0.11501550674438477
0.18194174766540527
0.10295653343200684
0.09469246864318848
0.20102810859680176
0.1418449878692627
0.1914680004119873
0.17073774337768555
0.09680032730102539
0.08899283409118652
0.14715170860290527
0.1576845645904541
0.08397102355957031
0.0774681568145752
0.061028242111206055
0.13590621948242188
0.09428858757019043
0.07592368125915527
0.11446619033813477
0.1737210750579834
0.13118505477905273
0.12670016288757324
0.1435716152191162
0.11506319046020508
0.13004207611083984
0.1267070770263672
0.2000887393951416
0.1891615390777588
0.13069725036621094
0.12455940246582031
0.09805798530578613
0.10419297218322754
0.13749361038208008
0.09613513946533203
0.19392752647399902
0.06900620460510254
0.05822038650512695
0.09821748733520508
0.06991052627563477
0.07955646514892578
0.05548810958862305
0.11307001113891602
0.07240796089172363
0.05973672866821289
0.050931692123413086
0.11872339248657227
0.20293807983398438
0.2274477481842041
0.05009746551513672
0.06973886489868164
0.05372929573059082
0.06453490257263184
0.051447391510009766
0.02407383918762207
0.1340188980102539
0.2011702060699463
0.16942143440246582
0.15384268760681152
0.10167598724365234
0.08509969711303711
0.08423852920532227
0.12030911445617676
0.05623173713684082
0.5389552116394043
0.31708669662475586
0.07117509841918945
0.07284164428710938
0.048339128494262695
0.04041171073913574
0.05254054069519043
0.02525806427001953
0.020860910415649414
0.06588339805603027
0.03278779983520508
0.03979349136352539
0.04425406455993652
0.01833653450012207
0.06391310691833496
0.1672532558441162
0.12791180610656738
0.5627651214599609
0.34668970108032227
0.12050056457519531
0.05659842491149902
0.05192971229553223
0.04408407211303711
0.0337681770324707
0.05452919006347656
0.04859304428100586
0.03235960006713867
0.03100728988647461
0.07808399200439453
0.10950613021850586
0.10075759887695312
0.18989896774291992
0.025152206420898438
0.15073370933532715
0.021792888641357422
0.09316110610961914
0.49723362922668457
0.42152976989746094
0.20320916175842285
0.12115001678466797
0.20380115509033203
0.16945910453796387
0.05984902381896973
0.06018209457397461
0.3772284984588623
0.17918777465820312
0.19183897972106934
0.06633901596069336
0.06337237358093262
0.03337812423706055
0.03462576866149902
0.15485334396362305
0.168135404586792
0.07280564308166504
0.12443399429321289
0.10259771347045898
0.09105372428894043
0.0691227912902832
0.07207703590393066
0.04410886764526367
0.047403812408447266
0.034575462341308594
0.07570314407348633
0.0990760326385498
0.05334281921386719
0.029748201370239258
0.0405881404876709
0.02077770233154297
0.049634695053100586
0.11349034309387207
0.13062262535095215
0.0388185977935791
0.1599419116973877
0.12072896957397461
0.1305370330810547
0.12459063529968262
0.10183453559875488
0.23810505867004395
0.26236438751220703
0.17078709602355957
0.33515262603759766
0.22563862800598145
0.38921499252319336
0.19800090789794922
0.14676880836486816
0.1098177433013916
0.03587508201599121
0.12321329116821289
0.12809348106384277
0.1204981803894043
0.12725424766540527
0.17885398864746094
0.17157554626464844
0.19862699508666992
0.1791396141052246
0.09907674789428711
0.13872408866882324
0.13320183753967285
0.20710325241088867
