0.15944290161132812
0.04793596267700195
0.150315523147583
0.04761958122253418
0.13687348365783691
0.060600996017456055
0.12923383712768555
0.14483022689819336
0.13617253303527832
0.036048173904418945
0.2380049228668213
0.14684391021728516
0.15965795516967773
0.13890886306762695
0.0292356014251709
0.1427001953125
0.12923216819763184
0.040343523025512695
0.028219938278198242
0.03970074653625488
0.029770374298095703
0.04182553291320801
0.042554616928100586
0.027855396270751953
0.044562339782714844
0.029607057571411133
0.04484081268310547
0.05118727684020996
0.042298078536987305
0.04601025581359863
0.04674172401428223
0.037723541259765625
0.13795804977416992
0.048157691955566406
0.04817056655883789
0.05953168869018555
0.05460214614868164
0.05693554878234863
0.04130387306213379
0.0515749454498291
0.042742013931274414
0.0457611083984375
0.05896639823913574
0.05880141258239746
0.061000823974609375
0.06347227096557617
0.049250125885009766
0.04988527297973633
0.05606245994567871
0.05061078071594238
0.05102396011352539
0.06511640548706055
0.06681418418884277
0.06785345077514648
0.06241607666015625
0.0672154426574707
0.057581186294555664
0.059017181396484375
0.07220911979675293
0.06906461715698242
0.06130170822143555
0.07153129577636719
0.06200814247131348
0.07325530052185059
0.06781148910522461
0.0791928768157959
0.07890748977661133
0.0680077075958252
0.07117557525634766
0.08205366134643555
0.08894562721252441
0.07146453857421875
0.07718586921691895
0.07154536247253418
0.09176898002624512
0.08536458015441895
0.09882140159606934
0.0791006088256836
0.09567737579345703
0.09894013404846191
0.09171462059020996
0.08686685562133789
0.09862136840820312
0.08705830574035645
0.12302708625793457
0.10890460014343262
0.14535093307495117
0.11247825622558594
0.09809207916259766
0.11137509346008301
0.1025087833404541
0.10252976417541504
0.10889673233032227
0.1050560474395752
0.11051392555236816
0.11531448364257812
0.11674785614013672
0.10871767997741699
0.1354351043701172
0.10633587837219238
0.11184024810791016
0.11806416511535645
0.11394810676574707
0.1241905689239502
0.11633515357971191
0.11995387077331543
0.12457823753356934
0.12911725044250488
0.11773967742919922
0.13385462760925293
0.12352681159973145
0.011110544204711914
0.012926578521728516
0.015605688095092773
0.017543554306030273
0.028867006301879883
0.021755695343017578
0.022826671600341797
0.032625675201416016
0.03518342971801758
0.025259971618652344
0.04276394844055176
0.020499229431152344
0.02614760398864746
0.06062793731689453
0.018863201141357422
0.034847259521484375
0.045984506607055664
0.04117107391357422
0.02814006805419922
0.029933929443359375
0.04147958755493164
0.041315317153930664
0.03412914276123047
0.04154610633850098
0.04191470146179199
0.037337541580200195
0.03197026252746582
0.04562664031982422
0.06259918212890625
0.050690650939941406
0.03528761863708496
0.03719186782836914
0.05653572082519531
0.04766488075256348
0.06397390365600586
0.04023098945617676
0.04709911346435547
0.03763604164123535
0.05580306053161621
0.051523685455322266
0.04764747619628906
0.03686404228210449
0.049546003341674805
0.05093216896057129
0.048596858978271484
0.052546024322509766
0.06033778190612793
0.057373762130737305
0.05979633331298828
0.0464017391204834
0.04961729049682617
0.06032419204711914
0.04909396171569824
0.06965970993041992
0.05440878868103027
0.0650632381439209
0.06277918815612793
0.06808042526245117
0.07029271125793457
0.06687474250793457
0.05848217010498047
0.07355451583862305
0.07115626335144043
0.07957696914672852
0.07723617553710938
0.06965398788452148
0.07002067565917969
0.06966519355773926
0.07451534271240234
0.07648730278015137
0.06334400177001953
0.0628044605255127
0.0754234790802002
0.06732559204101562
0.06122136116027832
0.06136369705200195
0.06868886947631836
0.07979702949523926
0.05599188804626465
0.06617045402526855
0.07636165618896484
0.08135342597961426
0.06255173683166504
0.07252621650695801
0.07201433181762695
0.07246923446655273
0.04625821113586426
0.051515817642211914
0.05742359161376953
0.06445455551147461
0.050176382064819336
0.05313849449157715
0.054491281509399414
0.05695366859436035
0.05975484848022461
0.0597226619720459
0.037021636962890625
0.03198814392089844
0.03185677528381348
0.04225039482116699
0.03592562675476074
0.04134178161621094
0.04790449142456055
0.021097421646118164
0.03421497344970703
0.03734111785888672
0.04103708267211914
0.025644540786743164
0.021343708038330078
0.03605389595031738
0.04046750068664551
0.043647050857543945
0.031598806381225586
0.03780841827392578
0.04262208938598633
0.03492403030395508
0.03346371650695801
0.0466768741607666
0.035753488540649414
0.03904080390930176
0.027449607849121094
0.03532052040100098
0.0417017936706543
0.0329439640045166
0.022841453552246094
0.044274330139160156
0.02419877052307129
0.024395465850830078
0.03891110420227051
0.04159188270568848
0.0464019775390625
0.03702735900878906
0.039601802825927734
0.037645816802978516
0.026195287704467773
0.03126335144042969
0.022443294525146484
0.030087709426879883
0.037312984466552734
0.049015045166015625
0.035347700119018555
0.03659486770629883
0.043219566345214844
0.03171849250793457
0.042555809020996094
0.03766989707946777
0.03341174125671387
0.04826807975769043
0.039975643157958984
0.04059624671936035
0.0341796875
0.04720711708068848
0.04755139350891113
0.03949332237243652
0.05185890197753906
0.04875922203063965
0.0397031307220459
0.049240827560424805
0.04384970664978027
0.04489445686340332
0.04898715019226074
0.04434633255004883
0.0417332649230957
0.04157829284667969
0.04430437088012695
0.036931514739990234
0.04231429100036621
0.035164833068847656
0.049109458923339844
0.04253840446472168
0.03977847099304199
0.03916645050048828
0.050034284591674805
0.056188106536865234
0.04563593864440918
0.062127113342285156
0.04096841812133789
0.04103350639343262
0.053873300552368164
0.05387997627258301
0.03689217567443848
0.04441118240356445
0.16058921813964844
0.06224632263183594
0.16313481330871582
0.04372382164001465
0.1472306251525879
0.15676593780517578
0.04373574256896973
0.06407690048217773
0.19846367835998535
0.14807605743408203
0.0487055778503418
0.05809831619262695
0.1552436351776123
0.14248347282409668
0.04007077217102051
0.1555018424987793
0.039655208587646484
0.04094576835632324
0.04205036163330078
0.057137489318847656
0.04178476333618164
0.0562586784362793
0.05671358108520508
0.04492068290710449
0.05611610412597656
0.06699037551879883
0.07222247123718262
0.06722545623779297
0.05254364013671875
0.05686044692993164
0.06175541877746582
0.06433582305908203
0.057372093200683594
0.07486224174499512
0.07091355323791504
0.08705496788024902
0.06427431106567383
0.07205843925476074
0.07824015617370605
0.07683777809143066
0.06639647483825684
0.09385395050048828
0.25972986221313477
0.1710340976715088
0.09924721717834473
0.12394976615905762
0.11682939529418945
0.11913943290710449
0.13406682014465332
0.12721037864685059
0.11606097221374512
0.12087702751159668
0.016686677932739258
0.009534358978271484
0.01290440559387207
0.028903961181640625
0.027295351028442383
0.027448654174804688
0.017321109771728516
0.03584408760070801
0.039147138595581055
0.02504277229309082
0.014132261276245117
0.026854991912841797
0.025596141815185547
0.03486990928649902
0.041648149490356445
0.032366037368774414
0.0310211181640625
0.02496337890625
0.02547454833984375
0.022502899169921875
0.03448128700256348
0.035445213317871094
0.03150153160095215
0.03722834587097168
0.023708343505859375
0.029331207275390625
0.035260677337646484
0.032625675201416016
0.03592944145202637
0.0383601188659668
0.03184151649475098
0.03558015823364258
0.03567004203796387
0.03514671325683594
0.034172773361206055
0.03537344932556152
0.030565977096557617
0.07780599594116211
0.04172158241271973
0.04591989517211914
0.04124569892883301
0.04910635948181152
0.049068450927734375
0.05224728584289551
0.04994559288024902
0.04728078842163086
0.039613962173461914
0.04583287239074707
0.04579663276672363
0.0413820743560791
0.04220890998840332
0.04410243034362793
0.037290334701538086
0.04528188705444336
0.051186323165893555
0.046888113021850586
0.045484066009521484
0.060124874114990234
0.06058692932128906
0.04377603530883789
0.05949211120605469
0.058492183685302734
0.041007280349731445
0.0367588996887207
0.0424952507019043
0.036777496337890625
0.03597092628479004
0.049346923828125
0.04793405532836914
0.04028463363647461
0.03448057174682617
0.029781579971313477
0.038947105407714844
0.04279303550720215
0.04389786720275879
0.030321359634399414
0.04026365280151367
0.03793668746948242
0.027346134185791016
0.04258108139038086
0.04153561592102051
0.04033613204956055
0.044504404067993164
0.03422236442565918
0.049810171127319336
0.06351447105407715
0.04636096954345703
0.04970574378967285
0.044342994689941406
0.04956865310668945
0.04950261116027832
0.0419316291809082
0.054535627365112305
0.04611063003540039
0.05109882354736328
0.05363297462463379
0.05755877494812012
0.04626035690307617
0.05442690849304199
0.0459597110748291
0.04286336898803711
0.05653238296508789
0.047502994537353516
0.04808759689331055
0.049929141998291016
0.12004590034484863
0.05226469039916992
0.08727145195007324
0.060263872146606445
0.0722966194152832
0.04572749137878418
0.05690717697143555
0.0559086799621582
0.05643010139465332
0.05499982833862305
0.05224800109863281
0.338972806930542
0.12799692153930664
0.047693729400634766
0.08444333076477051
0.2594771385192871
0.12894940376281738
0.10401773452758789
0.1072530746459961
0.11889433860778809
0.12132811546325684
0.1148674488067627
0.13670778274536133
0.010643482208251953
0.019530296325683594
0.025493621826171875
0.02809596061706543
0.02975320816040039
0.025402545928955078
0.017260313034057617
0.11939525604248047
0.11670374870300293
0.1260988712310791
0.159989595413208
0.08627176284790039
0.07782649993896484
0.09793233871459961
0.07639741897583008
0.07138586044311523
0.0699617862701416
0.07502555847167969
0.10869598388671875
0.06178927421569824
0.06736278533935547
0.06801581382751465
0.06946682929992676
0.060184478759765625
0.06584978103637695
0.057652950286865234
0.06059145927429199
0.06025409698486328
0.04638266563415527
0.05145549774169922
0.0487360954284668
0.06122016906738281
0.0687108039855957
0.04233288764953613
0.04496645927429199
0.04611849784851074
0.04533863067626953
0.053865671157836914
0.04424452781677246
0.059447526931762695
0.06278443336486816
0.048348426818847656
0.04679274559020996
0.0577692985534668
0.05204463005065918
0.053455352783203125
0.048501014709472656
0.0438542366027832
0.02649545669555664
0.027150630950927734
0.038861989974975586
0.03137612342834473
0.05018782615661621
0.03196215629577637
0.039526939392089844
0.042552947998046875
0.05057787895202637
0.040839433670043945
0.04036068916320801
0.04366707801818848
0.04511857032775879
0.04652214050292969
0.05506157875061035
0.07718992233276367
0.043482065200805664
0.05600786209106445
0.0676579475402832
0.10781621932983398
0.1497185230255127
0.11153817176818848
0.14294219017028809
0.05900740623474121
0.11745452880859375
0.125993013381958
0.09092092514038086
0.06449770927429199
0.08614897727966309
0.05119752883911133
0.13378453254699707
0.11141490936279297
0.08941149711608887
0.1493825912475586
0.11122751235961914
0.21191143989562988
0.11207246780395508
0.17992210388183594
0.21348214149475098
0.21437716484069824
0.14397478103637695
0.12581443786621094
0.12241959571838379
0.09693741798400879
0.10180544853210449
0.15079140663146973
0.10685896873474121
0.10753965377807617
0.11464500427246094
0.10706663131713867
0.1067512035369873
0.10242629051208496
0.09705090522766113
0.10533547401428223
0.11350822448730469
0.10603475570678711
0.11275029182434082
0.12114763259887695
0.11327862739562988
0.10523056983947754
0.11587929725646973
0.10862016677856445
0.1538984775543213
0.13213372230529785
0.1312730312347412
0.11756253242492676
0.11987423896789551
0.12227463722229004
0.12221765518188477
0.12283110618591309
0.11718416213989258
0.02230215072631836
0.13382625579833984
0.1323387622833252
0.14027142524719238
0.11875534057617188
0.22527360916137695
0.12587761878967285
0.1216127872467041
0.12627387046813965
0.11701202392578125
0.1123199462890625
0.12425565719604492
0.01559305191040039
0.023618221282958984
0.02334117889404297
0.012781620025634766
0.02364373207092285
0.01942157745361328
0.02315044403076172
0.017195463180541992
0.02812337875366211
0.06078839302062988
0.025433778762817383
0.12230706214904785
0.1934370994567871
0.14398956298828125
0.13085579872131348
0.0962531566619873
0.09702658653259277
0.08939671516418457
0.1225283145904541
0.10789132118225098
0.0896611213684082
0.10962414741516113
0.12978005409240723
0.09744858741760254
0.10178136825561523
0.09780001640319824
0.08987665176391602
0.1162710189819336
0.09281802177429199
0.09768080711364746
0.10193943977355957
0.09244370460510254
0.18535447120666504
0.14123177528381348
0.08139920234680176
0.10174155235290527
0.1523575782775879
0.20018935203552246
0.19649505615234375
0.0828239917755127
0.08554601669311523
0.13500618934631348
0.16159653663635254
0.14539122581481934
0.11158919334411621
0.10637259483337402
0.08504486083984375
0.11193585395812988
0.0818488597869873
0.09549665451049805
0.11628198623657227
0.12732338905334473
0.09998846054077148
0.13493609428405762
0.08790040016174316
0.09564781188964844
0.09252309799194336
0.08115792274475098
0.0829160213470459
0.0745401382446289
0.12715673446655273
0.11371898651123047
0.09679102897644043
0.08453822135925293
0.0914154052734375
0.11043429374694824
0.10396027565002441
0.06746459007263184
0.12339138984680176
0.052542924880981445
0.057355403900146484
0.04815554618835449
0.05410194396972656
0.08371663093566895
0.06594467163085938
0.05662083625793457
0.07443928718566895
0.06317782402038574
0.11295723915100098
0.07933616638183594
0.0501399040222168
0.057483673095703125
0.07452130317687988
0.05987143516540527
0.049825191497802734
0.043370723724365234
0.05499577522277832
0.055672645568847656
0.05619502067565918
0.04960489273071289
0.050066232681274414
0.06163144111633301
0.05669593811035156
0.05680108070373535
0.06755256652832031
0.05884838104248047
0.05321025848388672
0.07130146026611328
0.07034468650817871
0.07172250747680664
0.0774235725402832
0.06486892700195312
0.0694737434387207
0.06886959075927734
0.06304192543029785
0.08054327964782715
0.06604719161987305
0.07878828048706055
0.07108068466186523
0.07638025283813477
0.07853031158447266
0.06773757934570312
0.06865739822387695
0.07434773445129395
0.07837152481079102
0.07808923721313477
0.06928706169128418
0.07799935340881348
0.08269190788269043
0.07912182807922363
0.08344149589538574
0.0837867259979248
0.0762472152709961
0.08205151557922363
0.09576010704040527
0.07378602027893066
0.07570528984069824
0.08468413352966309
0.07343816757202148
0.08269858360290527
0.0852365493774414
0.08786654472351074
0.08062577247619629
0.08350229263305664
0.0828847885131836
0.07098698616027832
0.07402420043945312
0.08496236801147461
0.08409714698791504
0.09178686141967773
0.13205170631408691
0.13602972030639648
0.19896960258483887
0.19925403594970703
0.31639981269836426
0.1412675380706787
0.13799643516540527
0.16917133331298828
0.6171572208404541
1.577106237411499
1.466625452041626
1.2433736324310303
1.0246491432189941
0.8012344837188721
0.5968589782714844
0.4774758815765381
0.269726037979126
0.16409659385681152
0.13979411125183105
0.14702367782592773
0.12787246704101562
0.16325092315673828
0.10009312629699707
0.0968325138092041
0.13077378273010254
0.1414954662322998
0.14587020874023438
0.23642730712890625
0.10455203056335449
0.11320376396179199
0.10875129699707031
0.11289620399475098
0.11507010459899902
0.12408089637756348
0.0976407527923584
0.06192588806152344
0.12376523017883301
0.07233762741088867
0.10698199272155762
0.054639577865600586
0.0672605037689209
0.05915236473083496
0.060820817947387695
0.06556844711303711
0.056197404861450195
0.13971805572509766
0.06374597549438477
0.06186866760253906
0.07660388946533203
0.17934441566467285
0.05705857276916504
0.0911400318145752
0.04094672203063965
0.052962541580200195
0.2742879390716553
0.14718842506408691
0.11371922492980957
0.13699936866760254
0.1891798973083496
0.17983317375183105
0.27360987663269043
0.10396218299865723
0.11064767837524414
0.08426475524902344
0.08340096473693848
0.10385704040527344
0.16745400428771973
0.14012694358825684
0.12414002418518066
0.17749524116516113
0.07879257202148438
0.07331728935241699
0.08646106719970703
0.10694575309753418
0.1271207332611084
0.10106134414672852
0.09141921997070312
0.0754997730255127
0.1062159538269043
0.08005499839782715
0.07192611694335938
0.11548042297363281
0.1535642147064209
0.1642441749572754
0.20960474014282227
0.12539410591125488
0.10993719100952148
0.09627509117126465
0.14433979988098145
0.12511444091796875
0.09113383293151855
0.11458921432495117
0.10572624206542969
0.1111290454864502
0.05049443244934082
0.07384920120239258
0.06992030143737793
0.09065771102905273
0.10579442977905273
0.12205672264099121
0.08651041984558105
0.08214545249938965
0.09916329383850098
0.08524322509765625
0.09682631492614746
0.09324193000793457
0.11515283584594727
0.08082222938537598
0.10960650444030762
0.1488783359527588
0.267045259475708
0.4053306579589844
0.1650714874267578
0.12291479110717773
0.09283638000488281
0.09411096572875977
0.0848383903503418
0.08842754364013672
0.07393121719360352
0.08402514457702637
0.11064815521240234
0.11251688003540039
0.07574725151062012
0.08456110954284668
0.06551241874694824
0.07892012596130371
0.053083181381225586
0.05786299705505371
0.16366147994995117
0.11664509773254395
0.18772196769714355
0.07149863243103027
0.16337347030639648
0.11567544937133789
0.05481076240539551
0.18096280097961426
0.14101386070251465
0.1621251106262207
0.14776015281677246
0.22358083724975586
0.13901972770690918
0.16635656356811523
0.12548565864562988
0.13915419578552246
0.135284423828125
0.11207175254821777
0.1244192123413086
0.13042116165161133
0.12091732025146484
0.11308145523071289
0.14006805419921875
0.16663908958435059
0.15124773979187012
0.13042879104614258
0.12259435653686523
0.167924165725708
0.12274622917175293
0.12713980674743652
0.1304934024810791
0.11671686172485352
0.14081907272338867
0.12186527252197266
0.1233055591583252
0.11072421073913574
0.09201931953430176
0.11977410316467285
0.09584999084472656
0.09992408752441406
0.10990357398986816
0.12109375
0.15861749649047852
0.11115765571594238
0.13220500946044922
0.14716672897338867
0.14284801483154297
0.15696120262145996
0.11322474479675293
0.10604119300842285
0.09949493408203125
0.0675663948059082
0.07575750350952148
0.07431697845458984
0.10175943374633789
0.10673379898071289
0.1297588348388672
0.07478141784667969
0.08316349983215332
0.06875944137573242
0.07029128074645996
0.07953715324401855
0.06977987289428711
0.0836181640625
0.0748746395111084
0.07005572319030762
0.1685631275177002
0.058899879455566406
0.08189725875854492
0.04954266548156738
0.052817344665527344
0.04791617393493652
0.05669426918029785
0.05880308151245117
0.059505462646484375
0.06407523155212402
0.07575583457946777
0.04999184608459473
0.052591800689697266
0.07055282592773438
0.0649113655090332
0.07091331481933594
0.05968666076660156
0.05992722511291504
0.06136369705200195
0.0760505199432373
0.0655374526977539
0.07185721397399902
0.077392578125
0.08087682723999023
0.06772351264953613
0.06821203231811523
0.06610250473022461
0.07940053939819336
0.08012866973876953
0.08948183059692383
0.05931997299194336
0.06436443328857422
0.06870627403259277
0.07111287117004395
0.0733182430267334
0.0674285888671875
0.06251120567321777
0.0626528263092041
0.07022547721862793
0.06594514846801758
0.06740069389343262
0.0771794319152832
0.07514047622680664
0.06161928176879883
0.07891225814819336
0.07948923110961914
0.06086564064025879
0.06597328186035156
0.05442452430725098
0.05868721008300781
0.06697964668273926
0.07128763198852539
0.06926894187927246
0.06469392776489258
0.07184529304504395
0.07282209396362305
0.06763744354248047
0.05498075485229492
0.06471467018127441
0.07657980918884277
0.059261322021484375
0.06737637519836426
0.06255364418029785
0.07972860336303711
0.0669097900390625
0.0683596134185791
0.08025765419006348
0.07676100730895996
0.0798037052154541
0.0746469497680664
0.07515954971313477
0.08083844184875488
0.06554222106933594
0.07658243179321289
0.06304502487182617
0.07328224182128906
0.06798076629638672
0.07771062850952148
0.08242416381835938
0.0786740779876709
0.08732843399047852
0.07657575607299805
0.08957934379577637
0.08597040176391602
0.07275652885437012
0.1645200252532959
0.07422947883605957
0.0843973159790039
0.08926582336425781
0.07459378242492676
0.20320582389831543
0.06570219993591309
0.06448101997375488
0.12560200691223145
0.2556648254394531
0.18788647651672363
0.10120320320129395
0.10381913185119629
0.10965704917907715
0.09972810745239258
0.10061430931091309
0.11670851707458496
0.24922657012939453
0.07988619804382324
0.08731961250305176
0.097198486328125
0.09167695045471191
0.12740302085876465
0.09223604202270508
0.09138035774230957
0.13830828666687012
0.12436914443969727
0.08870601654052734
0.11736202239990234
0.11726498603820801
0.10635137557983398
0.1347804069519043
0.11574339866638184
0.13329792022705078
0.07315564155578613
0.07998800277709961
0.0800473690032959
0.16413474082946777
0.18340706825256348
0.14295721054077148
0.19785833358764648
0.04085493087768555
0.31945133209228516
0.20997071266174316
0.17698097229003906
0.13280558586120605
0.0788719654083252
0.16364049911499023
0.12037134170532227
0.1794590950012207
0.12427020072937012
0.16016411781311035
0.12265658378601074
0.15909957885742188
0.1678180694580078
0.07925748825073242
0.05913090705871582
0.05207180976867676
0.11896610260009766
0.12234926223754883
0.12662482261657715
0.16541028022766113
0.15160179138183594
0.10987448692321777
0.1172027587890625
0.1410369873046875
0.1044464111328125
0.12874603271484375
0.13940715789794922
0.19883298873901367
0.19010376930236816
0.1254715919494629
0.1106271743774414
0.10024690628051758
0.13294649124145508
0.09932684898376465
0.1311025619506836
0.17162704467773438
0.059377193450927734
0.06731677055358887
0.10079789161682129
0.07434844970703125
0.07868647575378418
0.1069331169128418
0.07620596885681152
0.1550765037536621
0.08130097389221191
0.07882118225097656
0.16309094429016113
0.0921335220336914
0.21149730682373047
0.10969805717468262
0.06045079231262207
0.057950496673583984
0.07340073585510254
0.13350987434387207
0.027378559112548828
0.143235445022583
0.1483769416809082
0.19153594970703125
0.10557007789611816
0.08537793159484863
0.08654356002807617
0.07280755043029785
0.0832674503326416
0.04875993728637695
0.4321866035461426
0.19199156761169434
0.06748056411743164
0.07125711441040039
0.0453794002532959
0.03872823715209961
0.05378007888793945
0.025356292724609375
0.04298758506774902
0.11487722396850586
0.0501096248626709
0.023445606231689453
0.0538787841796875
0.02117156982421875
0.06776833534240723
0.13389372825622559
0.1404132843017578
0.35817766189575195
0.13402748107910156
0.08439803123474121
0.06542825698852539
0.03135871887207031
0.07601165771484375
0.04266715049743652
0.03241991996765137
0.03951573371887207
0.10728669166564941
0.07807278633117676
0.07557988166809082
0.09635186195373535
0.036895751953125
0.19022846221923828
0.04068326950073242
0.16229724884033203
0.07446599006652832
0.1422441005706787
0.18690180778503418
0.212568998336792
0.26779842376708984
0.1786949634552002
0.1792759895324707
0.1571483612060547
0.05005621910095215
0.057346343994140625
0.23965191841125488
0.10104942321777344
0.2088460922241211
0.06386876106262207
0.06859707832336426
0.07356643676757812
0.061455488204956055
0.162031888961792
0.1837611198425293
0.07491326332092285
0.13381099700927734
0.14721345901489258
0.09937810897827148
0.05963706970214844
0.053739309310913086
0.057602882385253906
0.044614315032958984
0.04281187057495117
0.05985879898071289
0.056278228759765625
0.05094003677368164
0.043125152587890625
0.06525230407714844
0.029127836227416992
0.02718353271484375
0.025936603546142578
0.10842680931091309
0.07838153839111328
0.17514801025390625
0.12358355522155762
0.12720108032226562
0.13449907302856445
0.15370631217956543
0.09874248504638672
0.15824508666992188
0.10286307334899902
0.3418145179748535
0.22514033317565918
0.43115925788879395
0.21266984939575195
0.14411306381225586
0.13282155990600586
0.11306500434875488
0.12802815437316895
0.11775922775268555
0.12440204620361328
0.09276199340820312
0.1931765079498291
0.11104297637939453
0.18419623374938965
0.1815319061279297
0.14043736457824707
0.1555767059326172
0.14755463600158691
0.14673852920532227
0.16210699081420898
0.19204306602478027
0.11666464805603027
0.12835288047790527
0.14406275749206543
0.1383965015411377
0.13953685760498047
0.14811992645263672
0.444612979888916
0.22649693489074707
0.05821108818054199
0.08163166046142578
0.1594099998474121
0.15252995491027832
0.13462066650390625
0.04825544357299805
0.05175065994262695
0.1694474220275879
0.213578462600708
0.31392574310302734
0.07954835891723633
0.062201738357543945
0.06693911552429199
0.36421895027160645
0.16131949424743652
0.06345200538635254
0.10416007041931152
0.0638282299041748
0.13581562042236328
0.5215942859649658
0.2889111042022705
0.06233572959899902
0.20166873931884766
0.09963297843933105
0.06898641586303711
0.07935595512390137
0.06098651885986328
0.07671308517456055
0.08040452003479004
0.03065657615661621
0.04673576354980469
0.1604452133178711
0.2143404483795166
0.16563963890075684
0.23445749282836914
0.11157011985778809
0.17361688613891602
0.24620723724365234
0.19213175773620605
0.10145998001098633
0.11197066307067871
0.9544529914855957
0.739208459854126
0.988461971282959
0.9381968975067139
0.7038953304290771
0.4504992961883545
0.24344348907470703
0.1786336898803711
0.22599577903747559
0.16799139976501465
0.21665549278259277
0.1761479377746582
0.10327029228210449
0.1721513271331787
0.3612689971923828
0.16288161277770996
0.11590743064880371
0.20722055435180664
0.23271727561950684
0.2863798141479492
0.2116549015045166
0.07490062713623047
0.048625946044921875
0.09314370155334473
0.04765725135803223
0.029894113540649414
0.07282257080078125
0.044023990631103516
0.0638570785522461
0.029823780059814453
0.06337547302246094
0.030698776245117188
0.02282571792602539
0.02540111541748047
0.0357818603515625
0.04973196983337402
0.03970456123352051
0.05600547790527344
0.032224416732788086
0.038225412368774414
0.03386497497558594
0.021963834762573242
0.023659706115722656
0.01667618751525879
0.02968454360961914
0.03007340431213379
0.034963369369506836
0.08071470260620117
0.02969980239868164
0.04273629188537598
0.06445145606994629
0.03826284408569336
0.032007455825805664
0.03890538215637207
0.03476381301879883
0.04388141632080078
