0.04473066329956055
0.132232666015625
0.07090544700622559
0.16127371788024902
0.03701376914978027
0.14932918548583984
0.07110476493835449
0.1309833526611328
0.13687968254089355
0.1318192481994629
0.03545880317687988
0.23491120338439941
0.12941884994506836
0.1644601821899414
0.12463641166687012
0.020670175552368164
0.12483572959899902
0.14122366905212402
0.03734874725341797
0.030664920806884766
0.029030323028564453
0.031139850616455078
0.04641366004943848
0.028644561767578125
0.028982877731323242
0.04870176315307617
0.04037976264953613
0.04316520690917969
0.029003143310546875
0.039175987243652344
0.046923160552978516
0.03695487976074219
0.03528714179992676
0.042368412017822266
0.08002257347106934
0.043393850326538086
0.04925870895385742
0.04194927215576172
0.04903531074523926
0.056453704833984375
0.05264997482299805
0.049542903900146484
0.04868364334106445
0.06032395362854004
0.044106245040893555
0.04958081245422363
0.055536746978759766
0.061438798904418945
0.05086374282836914
0.06475114822387695
0.06538105010986328
0.05175352096557617
0.05228781700134277
0.05807304382324219
0.06726455688476562
0.06671786308288574
0.05769681930541992
0.07154059410095215
0.06573271751403809
0.057230472564697266
0.0639195442199707
0.07371163368225098
0.06763982772827148
0.06396484375
0.07637786865234375
0.06854796409606934
0.07882428169250488
0.08357524871826172
0.06524229049682617
0.07147669792175293
0.07215476036071777
0.08009028434753418
0.08406305313110352
0.07410287857055664
0.07314229011535645
0.0725870132446289
0.07433438301086426
0.09332060813903809
0.09015202522277832
0.11534404754638672
0.09597206115722656
0.10103201866149902
0.10336470603942871
0.08521318435668945
0.09858870506286621
0.09652900695800781
0.08722782135009766
0.09939289093017578
0.10182499885559082
0.1107478141784668
0.09293174743652344
0.11162590980529785
0.10943126678466797
0.0951395034790039
0.09420323371887207
0.09939765930175781
0.11648726463317871
0.10282087326049805
0.11990571022033691
0.10205197334289551
0.12405681610107422
0.10730934143066406
0.10609078407287598
0.10959196090698242
0.11646437644958496
0.1060791015625
0.12139391899108887
0.12676668167114258
0.12651753425598145
0.10938358306884766
0.12105035781860352
0.11513543128967285
0.022179603576660156
0.010354280471801758
0.030914306640625
0.01865696907043457
0.02548050880432129
0.0193634033203125
0.023646116256713867
0.03179121017456055
0.0249941349029541
0.017491817474365234
0.021564722061157227
0.017886638641357422
0.022281408309936523
0.02982020378112793
0.01633000373840332
0.04082226753234863
0.0561528205871582
0.023580551147460938
0.03331947326660156
0.021747827529907227
0.024272918701171875
0.03190922737121582
0.03591156005859375
0.04377245903015137
0.037694692611694336
0.03838372230529785
0.028990507125854492
0.0313563346862793
0.07198810577392578
0.03638720512390137
0.0569455623626709
0.03833746910095215
0.035997629165649414
0.04383063316345215
0.060509443283081055
0.047147512435913086
0.038665771484375
0.05285000801086426
0.04161214828491211
0.04477095603942871
0.03790140151977539
0.038498640060424805
0.051873207092285156
0.05572700500488281
0.03716278076171875
0.053716182708740234
0.047516822814941406
0.04325079917907715
0.0426483154296875
0.04378938674926758
0.0469515323638916
0.04690098762512207
0.04970979690551758
0.07072854042053223
0.05198025703430176
0.10276412963867188
0.06963086128234863
0.05988669395446777
0.06818103790283203
0.05894112586975098
0.0555269718170166
0.06372857093811035
0.06757259368896484
0.06492233276367188
0.08830022811889648
0.06116628646850586
0.056270599365234375
0.07595014572143555
0.07573938369750977
0.07467246055603027
0.06456446647644043
0.07598638534545898
0.0627279281616211
0.07474684715270996
0.07350802421569824
0.06266665458679199
0.06120634078979492
0.07541346549987793
0.05373668670654297
0.06277155876159668
0.07689023017883301
0.05666685104370117
0.06983184814453125
0.07036232948303223
0.05468463897705078
0.07046890258789062
0.0632164478302002
0.058937788009643555
0.06058835983276367
0.06764841079711914
0.042160749435424805
0.0549468994140625
0.043917179107666016
0.04760336875915527
0.04709959030151367
0.05495762825012207
0.03777670860290527
0.03395199775695801
0.03886699676513672
0.04479408264160156
0.037351131439208984
0.02861166000366211
0.040366411209106445
0.02294135093688965
0.03866100311279297
0.02514958381652832
0.021672964096069336
0.04516291618347168
0.01877880096435547
0.024431705474853516
0.02235865592956543
0.04544568061828613
0.03319597244262695
0.03970956802368164
0.04445195198059082
0.041953325271606445
0.030104637145996094
0.04330277442932129
0.04270052909851074
0.03975820541381836
0.043852806091308594
0.04321575164794922
0.0460050106048584
0.023906946182250977
0.034467458724975586
0.026298046112060547
0.03725147247314453
0.04487037658691406
0.030017852783203125
0.027975082397460938
0.032271623611450195
0.028860092163085938
0.032260894775390625
0.02348637580871582
0.04510188102722168
0.03339958190917969
0.03377175331115723
0.02638077735900879
0.03332853317260742
0.04111504554748535
0.026956796646118164
0.03278183937072754
0.033881425857543945
0.04995369911193848
0.0397796630859375
0.033434152603149414
0.030559301376342773
0.031981706619262695
0.03182363510131836
0.03243255615234375
0.03174161911010742
0.03392314910888672
0.03739571571350098
0.046527862548828125
0.05556797981262207
0.040532827377319336
0.036570072174072266
0.04006552696228027
0.03956198692321777
0.04614138603210449
0.05028343200683594
0.0511777400970459
0.04948306083679199
0.04830002784729004
0.036000728607177734
0.043534278869628906
0.034536123275756836
0.032819271087646484
0.0371243953704834
0.03870797157287598
0.05058622360229492
0.0420382022857666
0.04098653793334961
0.04055929183959961
0.046419620513916016
0.046941280364990234
0.05344080924987793
0.03877997398376465
0.05537080764770508
0.057024240493774414
0.034050941467285156
0.05230355262756348
0.15350008010864258
0.045526981353759766
0.14310622215270996
0.04395270347595215
0.16196775436401367
0.15374350547790527
0.05728578567504883
0.05091547966003418
0.19254660606384277
0.14898347854614258
0.039626359939575195
0.04312419891357422
0.15784525871276855
0.1583998203277588
0.03712654113769531
0.14249038696289062
0.03714466094970703
0.042305707931518555
0.03957962989807129
0.04885077476501465
0.03880643844604492
0.055428504943847656
0.05295300483703613
0.05147743225097656
0.05758309364318848
0.05063176155090332
0.07882261276245117
0.05383038520812988
0.054135799407958984
0.058789730072021484
0.09944319725036621
0.055390357971191406
0.057848453521728516
0.07195687294006348
0.060891151428222656
0.05959367752075195
0.0746762752532959
0.05901741981506348
0.07867741584777832
0.06809782981872559
0.08821964263916016
0.2196192741394043
0.26297974586486816
0.14290738105773926
0.054332733154296875
0.11435794830322266
0.14611434936523438
0.12322402000427246
0.10781979560852051
0.11171936988830566
0.12322688102722168
0.10995244979858398
0.012051820755004883
0.024693965911865234
0.010555267333984375
0.012177228927612305
0.028937816619873047
0.030620574951171875
0.030147552490234375
0.023012876510620117
0.021332979202270508
0.01593327522277832
0.01519012451171875
0.02346205711364746
0.026592731475830078
0.029468536376953125
0.0418248176574707
0.022665739059448242
0.0333709716796875
0.026202917098999023
0.023082256317138672
0.02338409423828125
0.021346092224121094
0.027428627014160156
0.027252197265625
0.02502751350402832
0.02130913734436035
0.0304410457611084
0.035378217697143555
0.036228179931640625
0.028789043426513672
0.04012179374694824
0.03274941444396973
0.031485795974731445
0.03151512145996094
0.04163622856140137
0.04254961013793945
0.04206490516662598
0.028028011322021484
0.06641721725463867
0.045166969299316406
0.04852700233459473
0.042435407638549805
0.04155087471008301
0.050394296646118164
0.04008793830871582
0.03987932205200195
0.04427480697631836
0.037271738052368164
0.0546269416809082
0.05179262161254883
0.05363965034484863
0.05819559097290039
0.06184029579162598
0.050385475158691406
0.04196310043334961
0.03755950927734375
0.06094670295715332
0.04256868362426758
0.04008626937866211
0.06764602661132812
0.03517770767211914
0.061042070388793945
0.03853583335876465
0.06167125701904297
0.06668734550476074
0.03791403770446777
0.03783726692199707
0.03361797332763672
0.03356528282165527
0.03786635398864746
0.03747439384460449
0.031614065170288086
0.026868581771850586
0.030480384826660156
0.03249692916870117
0.028148651123046875
0.04299020767211914
0.04195857048034668
0.024480342864990234
0.03955817222595215
0.02729010581970215
0.03177690505981445
0.028743743896484375
0.045638084411621094
0.04967641830444336
0.04012727737426758
0.07652926445007324
0.041471242904663086
0.05076313018798828
0.05150437355041504
0.044526100158691406
0.04047584533691406
0.052796125411987305
0.042710065841674805
0.0473175048828125
0.05207991600036621
0.041544198989868164
0.05064582824707031
0.0531771183013916
0.046190500259399414
0.03816628456115723
0.04503273963928223
0.05932450294494629
0.04834270477294922
0.06077241897583008
0.050063133239746094
0.11639142036437988
0.05420827865600586
0.07059812545776367
0.04714179039001465
0.049257755279541016
0.046875
0.04680800437927246
0.059687137603759766
0.04663348197937012
0.056633710861206055
0.0442814826965332
0.04830050468444824
0.1289215087890625
0.029627323150634766
0.07252049446105957
0.025394916534423828
0.12351369857788086
0.11041927337646484
0.10404562950134277
0.10635781288146973
0.12255454063415527
0.12030577659606934
0.11957240104675293
0.01121377944946289
0.01999831199645996
0.02205967903137207
0.029894590377807617
0.013512611389160156
0.014124631881713867
0.029132604598999023
0.13626599311828613
0.12565064430236816
0.15931916236877441
0.1474747657775879
0.1114511489868164
0.08619999885559082
0.1109163761138916
0.07677316665649414
0.11513876914978027
0.06734251976013184
0.08273601531982422
0.09342384338378906
0.06882977485656738
0.06176114082336426
0.06421470642089844
0.05525517463684082
0.05537128448486328
0.06681466102600098
0.05844616889953613
0.049666643142700195
0.09128189086914062
0.04832291603088379
0.052533864974975586
0.05526089668273926
0.0429379940032959
0.06981706619262695
0.05878257751464844
0.03624606132507324
0.034546613693237305
0.04674839973449707
0.055916786193847656
0.05519890785217285
0.045511484146118164
0.04990506172180176
0.04936575889587402
0.04397392272949219
0.04782271385192871
0.04371523857116699
0.04463791847229004
0.04901266098022461
0.051520347595214844
0.03281450271606445
0.02836775779724121
0.04192924499511719
0.03244829177856445
0.029000043869018555
0.04216361045837402
0.03164029121398926
0.04306936264038086
0.04709649085998535
0.03810572624206543
0.0374913215637207
0.05895853042602539
0.04228782653808594
0.0581355094909668
0.04694008827209473
0.06944632530212402
0.04113960266113281
0.05726933479309082
0.05443239212036133
0.1233682632446289
0.16819381713867188
0.0498504638671875
0.16316699981689453
0.20335149765014648
0.13515520095825195
0.1245584487915039
0.04967904090881348
0.04669833183288574
0.10310173034667969
0.06723880767822266
0.13454747200012207
0.11189651489257812
0.047191619873046875
0.1504654884338379
0.11881256103515625
0.18680834770202637
0.15295171737670898
0.14162445068359375
0.22047877311706543
0.4115738868713379
0.12357807159423828
0.11557698249816895
0.1291825771331787
0.09769582748413086
0.11095261573791504
0.1469876766204834
0.12222123146057129
0.11421465873718262
0.11011862754821777
0.10913467407226562
0.1136617660522461
0.10921406745910645
0.10340642929077148
0.11425900459289551
0.09960079193115234
0.10228228569030762
0.11718368530273438
0.11474108695983887
0.11003947257995605
0.1058199405670166
0.1174015998840332
0.12496185302734375
0.1626579761505127
0.14753031730651855
0.12322115898132324
0.11214041709899902
0.11016368865966797
0.11315131187438965
0.10832738876342773
0.10911083221435547
0.1280074119567871
0.012918233871459961
0.11786961555480957
0.12505459785461426
0.13425922393798828
0.11945557594299316
0.21203947067260742
0.11582088470458984
0.1292884349822998
0.1174168586730957
0.11369729042053223
0.11849808692932129
0.11522626876831055
0.011161088943481445
0.013980627059936523
0.027075767517089844
0.01322627067565918
0.01437830924987793
0.011332511901855469
0.01129770278930664
0.018461942672729492
0.02462935447692871
0.056540489196777344
0.03333568572998047
0.1620182991027832
0.1905198097229004
0.18803954124450684
0.11031103134155273
0.11516976356506348
0.12321686744689941
0.09171247482299805
0.10324811935424805
0.0997781753540039
0.11361956596374512
0.11367154121398926
0.12508511543273926
0.09194493293762207
0.10138893127441406
0.10242271423339844
0.09112215042114258
0.11782455444335938
0.09378600120544434
0.11549711227416992
0.10603451728820801
0.07737302780151367
0.18406391143798828
0.10878157615661621
0.09933757781982422
0.08288860321044922
0.1895737648010254
0.21265411376953125
0.12231731414794922
0.09533166885375977
0.1629343032836914
0.09271240234375
0.13414764404296875
0.1537492275238037
0.10169458389282227
0.10542464256286621
0.12903952598571777
0.1255323886871338
0.09235072135925293
0.08619976043701172
0.1507728099822998
0.14998674392700195
0.10629916191101074
0.13097548484802246
0.09873056411743164
0.10442781448364258
0.07247662544250488
0.08669304847717285
0.09042119979858398
0.07056379318237305
0.11664962768554688
0.12785959243774414
0.0783684253692627
0.08975911140441895
0.07570838928222656
0.07972073554992676
0.06882572174072266
0.07419991493225098
0.14238238334655762
0.053942203521728516
0.043213844299316406
0.04848623275756836
0.044783592224121094
0.07046723365783691
0.06901311874389648
0.04823184013366699
0.08807015419006348
0.06508326530456543
0.11222386360168457
0.05286598205566406
0.05191659927368164
0.04765605926513672
0.07703948020935059
0.04646706581115723
0.05775570869445801
0.04088115692138672
0.04087376594543457
0.04642224311828613
0.058658599853515625
0.06093955039978027
0.05207228660583496
0.05098295211791992
0.04889345169067383
0.049039602279663086
0.06077742576599121
0.06588888168334961
0.06039237976074219
0.05157184600830078
0.05414462089538574
0.0778665542602539
0.06435704231262207
0.07312202453613281
0.06089425086975098
0.060769081115722656
0.06471085548400879
0.07880687713623047
0.07257366180419922
0.06444811820983887
0.058683156967163086
0.05818653106689453
0.05984306335449219
0.06330037117004395
0.07052874565124512
0.06448578834533691
0.06393599510192871
0.07093071937561035
0.07744669914245605
0.07636070251464844
0.06281518936157227
0.0650627613067627
0.06622481346130371
0.07097005844116211
0.06810879707336426
0.08443140983581543
0.10696649551391602
0.07034587860107422
0.07647871971130371
0.08376264572143555
0.08618307113647461
0.0796208381652832
0.08966350555419922
0.07824254035949707
0.08203935623168945
0.07870125770568848
0.07534027099609375
0.08298707008361816
0.08414816856384277
0.07515525817871094
0.08446121215820312
0.07757329940795898
0.15952777862548828
0.1524815559387207
0.10857510566711426
0.16212248802185059
0.26494717597961426
0.12631988525390625
0.14389586448669434
0.4315826892852783
0.21085572242736816
0.18439912796020508
0.4637484550476074
0.24092769622802734
0.4467041492462158
0.674307107925415
0.4957709312438965
0.4370996952056885
0.21981072425842285
0.14664745330810547
0.11882901191711426
0.09755325317382812
0.13637065887451172
0.13424944877624512
0.10521721839904785
0.08787131309509277
0.13339567184448242
0.11339163780212402
0.18191862106323242
0.1763319969177246
0.09908938407897949
0.11819720268249512
0.1276717185974121
0.10831189155578613
0.10163235664367676
0.1547679901123047
0.06679964065551758
0.052288055419921875
0.09752202033996582
0.08354640007019043
0.07297849655151367
0.0760648250579834
0.08383727073669434
0.0673828125
0.06184577941894531
0.08498597145080566
0.05697965621948242
0.13090968132019043
0.09831023216247559
0.052165985107421875
0.08484196662902832
0.06000971794128418
0.07221746444702148
0.07336091995239258
0.22251296043395996
0.052268028259277344
0.2873225212097168
0.0981748104095459
0.15846562385559082
0.1867690086364746
0.12746906280517578
0.48520827293395996
0.2791876792907715
0.08439326286315918
0.13437724113464355
0.06980347633361816
0.09817123413085938
0.07409381866455078
0.1400434970855713
0.14692234992980957
0.07555937767028809
0.18925118446350098
0.07373428344726562
0.08437871932983398
0.17354989051818848
0.19132351875305176
0.15754294395446777
0.0714573860168457
0.07854318618774414
0.06546139717102051
0.07016754150390625
0.08107805252075195
0.07241320610046387
0.15687775611877441
0.13104605674743652
0.06803131103515625
0.2030479907989502
0.05776357650756836
0.12092471122741699
0.07903575897216797
0.06332278251647949
0.1298828125
0.07027697563171387
0.12620282173156738
0.09827375411987305
0.09206581115722656
0.07458376884460449
0.11660885810852051
0.05614423751831055
0.17757081985473633
0.10358667373657227
0.12043333053588867
0.09803485870361328
0.07260704040527344
0.07263398170471191
0.07751059532165527
0.15847539901733398
0.07595014572143555
0.13700127601623535
0.0832979679107666
0.07964682579040527
0.09168052673339844
0.21380114555358887
0.08172845840454102
0.1629316806793213
0.15686297416687012
0.10506629943847656
0.07921957969665527
0.09906339645385742
0.12375354766845703
0.09472441673278809
0.09159207344055176
0.0829474925994873
0.11565947532653809
0.09394550323486328
0.08008861541748047
0.05643415451049805
0.0879063606262207
0.0932924747467041
0.06312727928161621
0.1685652732849121
0.11443376541137695
0.19470739364624023
0.057936906814575195
0.16493463516235352
0.06240963935852051
0.11352086067199707
0.11519861221313477
0.1654064655303955
0.16219425201416016
0.14162230491638184
0.23440957069396973
0.13770556449890137
0.12967157363891602
0.12720084190368652
0.13876652717590332
0.1312580108642578
0.12575268745422363
0.11855459213256836
0.10577583312988281
0.10688233375549316
0.14230918884277344
0.12370491027832031
0.1912076473236084
0.1449415683746338
0.13149309158325195
0.14590239524841309
0.17309308052062988
0.1208345890045166
0.13381218910217285
0.09916019439697266
0.11472368240356445
0.16480326652526855
0.12845325469970703
0.15889716148376465
0.10817527770996094
0.10779333114624023
0.10820484161376953
0.13746356964111328
0.13626456260681152
0.09178900718688965
0.11920022964477539
0.10605216026306152
0.12322402000427246
0.09101581573486328
0.14324140548706055
0.14377284049987793
0.13778924942016602
0.0948333740234375
0.09232902526855469
0.1023855209350586
0.1086893081665039
0.10388064384460449
0.11990046501159668
0.11374640464782715
0.1348710060119629
0.13172507286071777
0.07840752601623535
0.0685586929321289
0.06564140319824219
0.07732915878295898
0.06890082359313965
0.0841226577758789
0.07571744918823242
0.0835881233215332
0.08854532241821289
0.16250228881835938
0.061621665954589844
0.07783317565917969
0.044512271881103516
0.03997349739074707
0.04328799247741699
0.046289920806884766
0.05754852294921875
0.04406905174255371
0.07248735427856445
0.06067824363708496
0.05627799034118652
0.06144976615905762
0.06747698783874512
0.07788419723510742
0.060225725173950195
0.056435346603393555
0.0612490177154541
0.06264853477478027
0.06029057502746582
0.07919526100158691
0.06706953048706055
0.06416177749633789
0.06821727752685547
0.07443642616271973
0.07010030746459961
0.07247185707092285
0.0835573673248291
0.06540203094482422
0.06265568733215332
0.07268142700195312
0.07003188133239746
0.05685019493103027
0.06843447685241699
0.06388401985168457
0.06963706016540527
0.06426119804382324
0.07314014434814453
0.06741023063659668
0.06317853927612305
0.05393791198730469
0.05432868003845215
0.0606386661529541
0.052573442459106445
0.05660820007324219
0.07511615753173828
0.09163928031921387
0.06690502166748047
0.05135321617126465
0.06046700477600098
0.054288625717163086
0.05455660820007324
0.07028341293334961
0.07479405403137207
0.07880830764770508
0.056826114654541016
0.07739591598510742
0.06218981742858887
0.0623774528503418
0.07816576957702637
0.0653374195098877
0.06281018257141113
0.0737452507019043
0.07641291618347168
0.08251571655273438
0.06940841674804688
0.08400440216064453
0.06820940971374512
0.07970380783081055
0.0600130558013916
0.07121706008911133
0.07264041900634766
0.06298828125
0.07706046104431152
0.06421899795532227
0.06393790245056152
0.06899285316467285
0.07386493682861328
0.07274127006530762
0.07042908668518066
0.07514381408691406
0.08873224258422852
0.07924532890319824
0.09497523307800293
0.08613395690917969
0.17241692543029785
0.060028791427612305
0.08069515228271484
0.07398366928100586
0.08427834510803223
0.20347118377685547
0.06611466407775879
0.0718386173248291
0.11067700386047363
0.24940705299377441
0.18735742568969727
0.12922120094299316
0.11200881004333496
0.111297607421875
0.09641885757446289
0.09686088562011719
0.12858867645263672
0.2159116268157959
0.07591128349304199
0.11539196968078613
0.07360363006591797
0.09837007522583008
0.10768938064575195
0.09195065498352051
0.0811011791229248
0.13304448127746582
0.08500862121582031
0.11989045143127441
0.07942056655883789
0.1565382480621338
0.1062617301940918
0.1395726203918457
0.12216401100158691
0.11493802070617676
0.06423783302307129
0.10763144493103027
0.06473588943481445
0.15926218032836914
0.16708755493164062
0.141524076461792
0.21919775009155273
0.6828129291534424
0.44838523864746094
0.20988988876342773
0.17852473258972168
0.12781381607055664
0.0642545223236084
0.1811363697052002
0.16142058372497559
0.17795515060424805
0.16783666610717773
0.1286933422088623
0.12533998489379883
0.16115021705627441
0.16508746147155762
0.06424283981323242
0.051665306091308594
0.04987525939941406
0.11868906021118164
0.10681891441345215
0.10061478614807129
0.11263513565063477
0.1639249324798584
0.1256246566772461
0.1371016502380371
0.14627766609191895
0.09914422035217285
0.12983274459838867
0.10250711441040039
0.1384873390197754
0.1760561466217041
0.11484742164611816
0.11795806884765625
0.10254883766174316
0.1268935203552246
0.09533095359802246
0.12270069122314453
0.16701149940490723
0.09271478652954102
0.06229853630065918
0.10094380378723145
0.0899972915649414
0.062490224838256836
0.06676077842712402
0.09718918800354004
0.10489106178283691
0.05370807647705078
0.049788713455200195
0.12970256805419922
0.2039625644683838
0.15028834342956543
0.06866645812988281
0.07326674461364746
0.04251289367675781
0.08410167694091797
0.04730033874511719
0.04756617546081543
0.11446261405944824
0.18843841552734375
0.2490086555480957
0.07771730422973633
0.08200287818908691
0.10349106788635254
0.06065845489501953
0.07894301414489746
0.07702779769897461
0.37988710403442383
0.14510250091552734
0.09140324592590332
0.06017494201660156
0.020906686782836914
0.045291900634765625
0.062354326248168945
0.04741787910461426
0.04026937484741211
0.14884018898010254
0.07951140403747559
0.04473280906677246
0.02698349952697754
0.03358340263366699
0.05971384048461914
0.14577388763427734
0.13139891624450684
0.45233845710754395
0.22814106941223145
0.09986662864685059
0.0607914924621582
0.0574953556060791
0.06660008430480957
0.03177452087402344
0.08676910400390625
0.047046661376953125
0.10759639739990234
0.030105113983154297
0.07003068923950195
0.0938260555267334
0.03645682334899902
0.18009519577026367
0.04133868217468262
0.14112138748168945
0.07016563415527344
0.15193414688110352
0.3638172149658203
0.26192593574523926
0.3039271831512451
0.12981629371643066
0.16945910453796387
0.16541099548339844
0.046439170837402344
0.060613393783569336
0.22807550430297852
0.17362737655639648
0.14787530899047852
0.03964424133300781
0.06156015396118164
0.053069353103637695
0.026937246322631836
0.16085267066955566
0.1952507495880127
0.08878612518310547
0.2701575756072998
0.09178876876831055
0.07223272323608398
0.04596996307373047
0.06420731544494629
0.057276248931884766
0.04102373123168945
0.09665250778198242
0.0372006893157959
0.01800060272216797
0.08855009078979492
0.021398067474365234
0.08001518249511719
0.03218960762023926
0.08736157417297363
0.10763025283813477
0.09311485290527344
0.08327937126159668
0.18250036239624023
0.1193380355834961
0.1723923683166504
0.15076899528503418
0.14669179916381836
0.18602800369262695
0.25776124000549316
0.12297534942626953
0.34095120429992676
0.09821295738220215
0.39808201789855957
0.1697535514831543
0.14281606674194336
0.12235784530639648
0.11573123931884766
0.12912964820861816
0.11925387382507324
0.1058814525604248
0.1097722053527832
0.18787193298339844
0.17385649681091309
0.1553947925567627
0.18089842796325684
0.14283013343811035
0.15671968460083008
0.08679366111755371
0.2133481502532959
0.17173051834106445
0.19276952743530273
