0.16110849380493164
0.05386018753051758
0.17915654182434082
0.04158806800842285
0.13094329833984375
0.04895210266113281
0.1291203498840332
0.136183500289917
0.1444699764251709
0.03280162811279297
0.23806095123291016
0.13229131698608398
0.1635890007019043
0.13881611824035645
0.028650760650634766
0.12809491157531738
0.1291055679321289
0.04018259048461914
0.03360271453857422
0.033245086669921875
0.03960561752319336
0.0502169132232666
0.04284524917602539
0.027736425399780273
0.0410919189453125
0.03797125816345215
0.03081822395324707
0.05164766311645508
0.04045462608337402
0.04131937026977539
0.04750704765319824
0.037627220153808594
0.15085768699645996
0.06801533699035645
0.042376041412353516
0.04797196388244629
0.05135703086853027
0.0469965934753418
0.052394866943359375
0.05069613456726074
0.04262995719909668
0.05927705764770508
0.05177450180053711
0.060410261154174805
0.04692840576171875
0.06302547454833984
0.06092214584350586
0.05478239059448242
0.05941176414489746
0.06352734565734863
0.05972719192504883
0.060717105865478516
0.06668901443481445
0.06567859649658203
0.06203651428222656
0.07075929641723633
0.06686854362487793
0.058820486068725586
0.059502363204956055
0.07225704193115234
0.06667256355285645
0.061365365982055664
0.07134604454040527
0.07476997375488281
0.07565760612487793
0.06824231147766113
0.07903933525085449
0.08477973937988281
0.07644438743591309
0.07012772560119629
0.08292436599731445
0.07719182968139648
0.08185243606567383
0.07140660285949707
0.08740067481994629
0.08621549606323242
0.09705305099487305
0.09398198127746582
0.11239886283874512
0.09461379051208496
0.10833358764648438
0.08674502372741699
0.09870076179504395
0.08695793151855469
0.1063377857208252
0.1087498664855957
0.09685897827148438
0.11343979835510254
0.09262633323669434
0.11229491233825684
0.09659028053283691
0.09720945358276367
0.09761309623718262
0.10198593139648438
0.11163115501403809
0.11470460891723633
0.11664438247680664
0.10846304893493652
0.13165831565856934
0.12286615371704102
0.1062324047088623
0.11573958396911621
0.10849285125732422
0.11395001411437988
0.10841822624206543
0.12006115913391113
0.12973666191101074
0.13435864448547363
0.1175074577331543
0.11225175857543945
0.12380814552307129
0.016309499740600586
0.018071651458740234
0.02082991600036621
0.01745891571044922
0.02856731414794922
0.03797769546508789
0.022742509841918945
0.030384540557861328
0.02400374412536621
0.019846200942993164
0.04261374473571777
0.030498027801513672
0.02606201171875
0.06523013114929199
0.018767118453979492
0.03887343406677246
0.05122780799865723
0.04674577713012695
0.03175044059753418
0.03438997268676758
0.026698589324951172
0.031137943267822266
0.05693769454956055
0.03175044059753418
0.030624866485595703
0.04244518280029297
0.04324698448181152
0.03980135917663574
0.06022143363952637
0.043741703033447266
0.056756019592285156
0.05520176887512207
0.055934906005859375
0.05566215515136719
0.04186892509460449
0.04013562202453613
0.03690028190612793
0.04362320899963379
0.05592751502990723
0.03838515281677246
0.042778968811035156
0.05150771141052246
0.04972577095031738
0.05099773406982422
0.05060410499572754
0.041155099868774414
0.060585737228393555
0.05178499221801758
0.050737857818603516
0.057953834533691406
0.05972623825073242
0.054962873458862305
0.060456037521362305
0.05990314483642578
0.05428743362426758
0.06910538673400879
0.07165718078613281
0.058301687240600586
0.07110762596130371
0.06668758392333984
0.058342933654785156
0.07656335830688477
0.06041312217712402
0.06909537315368652
0.09178447723388672
0.0637979507446289
0.0702199935913086
0.06980371475219727
0.06896018981933594
0.07569503784179688
0.06322240829467773
0.07552719116210938
0.07880830764770508
0.07183241844177246
0.07004547119140625
0.06698036193847656
0.07177972793579102
0.08002400398254395
0.0558927059173584
0.06577253341674805
0.07631325721740723
0.08087563514709473
0.07333540916442871
0.06282901763916016
0.07334518432617188
0.05769515037536621
0.051529884338378906
0.04606747627258301
0.06277871131896973
0.06645512580871582
0.05490827560424805
0.053545236587524414
0.054703474044799805
0.05688786506652832
0.06105470657348633
0.06200098991394043
0.03094959259033203
0.0375673770904541
0.03175759315490723
0.031122446060180664
0.04073739051818848
0.04111027717590332
0.052297115325927734
0.04046297073364258
0.03381180763244629
0.03764915466308594
0.035369157791137695
0.04284191131591797
0.021208524703979492
0.03616929054260254
0.03295111656188965
0.04352736473083496
0.03950929641723633
0.027308225631713867
0.04324197769165039
0.03907299041748047
0.03322267532348633
0.041330575942993164
0.03697538375854492
0.02832508087158203
0.04293322563171387
0.03491830825805664
0.04426002502441406
0.03311562538146973
0.022736072540283203
0.03992605209350586
0.029735565185546875
0.035483598709106445
0.028552532196044922
0.04162454605102539
0.046643733978271484
0.04400134086608887
0.031984806060791016
0.03944754600524902
0.03771805763244629
0.03609466552734375
0.022292375564575195
0.03852725028991699
0.026146650314331055
0.042591094970703125
0.04639625549316406
0.036309242248535156
0.04330778121948242
0.03160977363586426
0.043062448501586914
0.03731250762939453
0.0496213436126709
0.0491790771484375
0.05021357536315918
0.04027819633483887
0.03975653648376465
0.03654837608337402
0.0504453182220459
0.05005526542663574
0.05268716812133789
0.04862403869628906
0.04494881629943848
0.051352739334106445
0.03846025466918945
0.04956984519958496
0.04368734359741211
0.04414033889770508
0.04138469696044922
0.049340009689331055
0.043822288513183594
0.04258608818054199
0.04677700996398926
0.035039663314819336
0.04892444610595703
0.04700469970703125
0.04810523986816406
0.0595700740814209
0.05027318000793457
0.055994272232055664
0.045232295989990234
0.06256914138793945
0.046838998794555664
0.04707455635070801
0.05379605293273926
0.04641294479370117
0.0561673641204834
0.038416385650634766
0.16455292701721191
0.06151247024536133
0.1617879867553711
0.05506110191345215
0.16049885749816895
0.15690231323242188
0.05663657188415527
0.07875204086303711
0.19849371910095215
0.16448593139648438
0.04286932945251465
0.05872488021850586
0.15054607391357422
0.14237642288208008
0.05991649627685547
0.15533828735351562
0.05877494812011719
0.0505673885345459
0.057044267654418945
0.041806936264038086
0.05202937126159668
0.05305147171020508
0.06032919883728027
0.04480314254760742
0.0553433895111084
0.06618237495422363
0.08374309539794922
0.05691862106323242
0.05801200866699219
0.06185650825500488
0.11947441101074219
0.05457472801208496
0.06270337104797363
0.05908322334289551
0.05965542793273926
0.08490395545959473
0.06975555419921875
0.07223844528198242
0.07840538024902344
0.08576393127441406
0.09548664093017578
0.2197721004486084
0.3199424743652344
0.16262006759643555
0.05718684196472168
0.12868428230285645
0.1443934440612793
0.1239323616027832
0.1342778205871582
0.12865257263183594
0.12089228630065918
0.12174129486083984
0.01629161834716797
0.023667097091674805
0.012780904769897461
0.028154611587524414
0.03198862075805664
0.03304767608642578
0.03195548057556152
0.03556942939758301
0.029257535934448242
0.02519989013671875
0.019686460494995117
0.032979488372802734
0.020964384078979492
0.01746845245361328
0.019867897033691406
0.026387453079223633
0.031135082244873047
0.038149356842041016
0.025388240814208984
0.03306150436401367
0.03474855422973633
0.031696319580078125
0.035112619400024414
0.02723836898803711
0.0290524959564209
0.032019615173339844
0.025087833404541016
0.03174853324890137
0.03708076477050781
0.04308962821960449
0.040079593658447266
0.040348052978515625
0.03934025764465332
0.042856454849243164
0.03390097618103027
0.03512716293334961
0.04490947723388672
0.046375274658203125
0.04217648506164551
0.04560971260070801
0.04404640197753906
0.04869866371154785
0.05078768730163574
0.03879714012145996
0.05193829536437988
0.04321908950805664
0.04865908622741699
0.04003715515136719
0.04989790916442871
0.05151009559631348
0.0476679801940918
0.04398345947265625
0.05393338203430176
0.05013704299926758
0.05402398109436035
0.046473026275634766
0.05613303184509277
0.03692317008972168
0.07005190849304199
0.04319000244140625
0.03631997108459473
0.0529327392578125
0.06560659408569336
0.056238651275634766
0.042243003845214844
0.04660964012145996
0.04562020301818848
0.03602099418640137
0.04810452461242676
0.053479671478271484
0.0479426383972168
0.04339408874511719
0.04288744926452637
0.03191089630126953
0.03652167320251465
0.030173063278198242
0.04040336608886719
0.03824925422668457
0.038350582122802734
0.042296648025512695
0.03598332405090332
0.031172990798950195
0.03906130790710449
0.049327850341796875
0.04621601104736328
0.03653073310852051
0.048573970794677734
0.05041813850402832
0.04987978935241699
0.05085182189941406
0.03916358947753906
0.04184246063232422
0.05461716651916504
0.04972386360168457
0.04597830772399902
0.04369807243347168
0.05487203598022461
0.05752086639404297
0.05294156074523926
0.05081963539123535
0.05284619331359863
0.051666975021362305
0.0473942756652832
0.06340694427490234
0.054872989654541016
0.0541384220123291
0.0685877799987793
0.07923507690429688
0.04643893241882324
0.07123184204101562
0.05596780776977539
0.059079647064208984
0.058210134506225586
0.052016258239746094
0.05511212348937988
0.052010536193847656
0.04698920249938965
0.07704949378967285
0.05391120910644531
0.07198262214660645
0.28319811820983887
0.11543750762939453
0.10346317291259766
0.1242830753326416
0.10877871513366699
0.12138128280639648
0.11472511291503906
0.11737489700317383
0.010501623153686523
0.019220829010009766
0.021820068359375
0.02284860610961914
0.02172112464904785
0.02498793601989746
0.017172574996948242
0.1457357406616211
0.12243914604187012
0.14464378356933594
0.17529034614562988
0.11390948295593262
0.09186482429504395
0.09670019149780273
0.1003262996673584
0.07125282287597656
0.07549357414245605
0.07553529739379883
0.10789227485656738
0.07602119445800781
0.07168745994567871
0.06160712242126465
0.05386471748352051
0.06525373458862305
0.061011552810668945
0.057444095611572266
0.06266474723815918
0.04607248306274414
0.05551028251647949
0.047510385513305664
0.04830503463745117
0.06033921241760254
0.06238842010498047
0.04226541519165039
0.03894448280334473
0.03678274154663086
0.049054861068725586
0.045000314712524414
0.04415559768676758
0.05981874465942383
0.048387765884399414
0.05875134468078613
0.051935672760009766
0.057869672775268555
0.04669976234436035
0.05314183235168457
0.04835867881774902
0.06098675727844238
0.036322593688964844
0.03998827934265137
0.03895258903503418
0.03125882148742676
0.051276445388793945
0.03702187538146973
0.03930354118347168
0.03425931930541992
0.06187796592712402
0.04986238479614258
0.05246114730834961
0.04351639747619629
0.05602884292602539
0.056320905685424805
0.04469609260559082
0.06685829162597656
0.05375051498413086
0.05597209930419922
0.07092499732971191
0.12439799308776855
0.14137864112854004
0.10996174812316895
0.12048983573913574
0.05890321731567383
0.16283679008483887
0.05286717414855957
0.06731963157653809
0.061875104904174805
0.10204148292541504
0.05881762504577637
0.07101202011108398
0.1143336296081543
0.0989995002746582
0.14256834983825684
0.11218929290771484
0.19010114669799805
0.11231851577758789
0.17117571830749512
0.20936894416809082
0.21416425704956055
0.09956812858581543
0.1173548698425293
0.12220573425292969
0.11122512817382812
0.10150599479675293
0.15004873275756836
0.11822247505187988
0.11317992210388184
0.12367558479309082
0.09607982635498047
0.10891914367675781
0.1012272834777832
0.10238027572631836
0.11284089088439941
0.11381340026855469
0.11103010177612305
0.11292314529418945
0.10728812217712402
0.10312819480895996
0.11059308052062988
0.10657525062561035
0.1203610897064209
0.15900516510009766
0.16815662384033203
0.13076257705688477
0.11718940734863281
0.11295747756958008
0.12196850776672363
0.12270045280456543
0.11762595176696777
0.12202692031860352
0.011329889297485352
0.11691594123840332
0.11819243431091309
0.11984109878540039
0.1340947151184082
0.22498512268066406
0.11434483528137207
0.12677478790283203
0.13184547424316406
0.1222236156463623
0.11758875846862793
0.1147000789642334
0.01535940170288086
0.013036012649536133
0.01885199546813965
0.021945714950561523
0.012671947479248047
0.02261662483215332
0.013756990432739258
0.02669525146484375
0.028258800506591797
0.049098968505859375
0.026819467544555664
0.21255087852478027
0.19813990592956543
0.17783641815185547
0.11454367637634277
0.09595274925231934
0.11898255348205566
0.0945901870727539
0.12203383445739746
0.10311150550842285
0.0895223617553711
0.11505794525146484
0.1274425983428955
0.10176372528076172
0.12250542640686035
0.12945294380187988
0.09868550300598145
0.09917640686035156
0.09275078773498535
0.10768771171569824
0.10213279724121094
0.08088541030883789
0.11723041534423828
0.1411294937133789
0.08794426918029785
0.1343367099761963
0.14937663078308105
0.20836639404296875
0.20407819747924805
0.08844542503356934
0.08534002304077148
0.1403505802154541
0.15677833557128906
0.14255714416503906
0.11145591735839844
0.09755539894104004
0.08483362197875977
0.11184525489807129
0.11670231819152832
0.08506941795349121
0.1164705753326416
0.12742328643798828
0.1007683277130127
0.11561393737792969
0.08794832229614258
0.11521506309509277
0.08636975288391113
0.08124256134033203
0.08307909965515137
0.07971405982971191
0.14675498008728027
0.11391806602478027
0.10056543350219727
0.07312583923339844
0.09118342399597168
0.08233523368835449
0.10280013084411621
0.0752406120300293
0.07928180694580078
0.0522313117980957
0.057514190673828125
0.06629586219787598
0.06330490112304688
0.08084511756896973
0.06555891036987305
0.061144113540649414
0.07411670684814453
0.0511932373046875
0.0967710018157959
0.08112859725952148
0.049924373626708984
0.051397085189819336
0.08232593536376953
0.05960893630981445
0.04416513442993164
0.06937336921691895
0.043808937072753906
0.04473543167114258
0.0562741756439209
0.05832529067993164
0.05573415756225586
0.06313657760620117
0.06005120277404785
0.05141019821166992
0.06255888938903809
0.05297207832336426
0.07490253448486328
0.07116818428039551
0.05716347694396973
0.07727193832397461
0.07763481140136719
0.07578301429748535
0.07430744171142578
0.07412338256835938
0.06286430358886719
0.08011627197265625
0.07141351699829102
0.07265162467956543
0.07129478454589844
0.06657195091247559
0.0682370662689209
0.07359528541564941
0.06839966773986816
0.06911253929138184
0.0811154842376709
0.0747981071472168
0.07478761672973633
0.06355023384094238
0.08176636695861816
0.07376718521118164
0.07488322257995605
0.08214640617370605
0.07583951950073242
0.08218932151794434
0.10845541954040527
0.08324718475341797
0.07531285285949707
0.08439922332763672
0.08718299865722656
0.0768899917602539
0.08544921875
0.08139705657958984
0.07495617866516113
0.07750535011291504
0.08772754669189453
0.07924318313598633
0.07915329933166504
0.07479000091552734
0.08009147644042969
0.09139251708984375
0.1549067497253418
0.1361558437347412
0.17850303649902344
0.5325422286987305
0.3156566619873047
0.12737154960632324
0.1487729549407959
0.16933822631835938
0.4671213626861572
1.5689961910247803
1.3442726135253906
1.1404926776885986
1.1931490898132324
0.9807462692260742
0.7761883735656738
0.5058531761169434
0.28603601455688477
0.16016411781311035
0.14684486389160156
0.12266707420349121
0.13149261474609375
0.09089469909667969
0.1017765998840332
0.09148645401000977
0.12012553215026855
0.13282132148742676
0.14534354209899902
0.2016918659210205
0.08451247215270996
0.11594295501708984
0.12038040161132812
0.07257604598999023
0.11482882499694824
0.19030451774597168
0.08438324928283691
0.06196904182434082
0.10520243644714355
0.06846833229064941
0.10704874992370605
0.05121898651123047
0.08058500289916992
0.06624984741210938
0.08392977714538574
0.08979535102844238
0.0698552131652832
0.11695075035095215
0.07523703575134277
0.061716556549072266
0.09708809852600098
0.1841120719909668
0.07300686836242676
0.08769536018371582
0.22243952751159668
0.05502462387084961
0.2907683849334717
0.12610363960266113
0.17394018173217773
0.1367197036743164
0.18854475021362305
0.4732546806335449
0.2700023651123047
0.07717585563659668
0.1596829891204834
0.07878279685974121
0.09476375579833984
0.08688759803771973
0.12145876884460449
0.12785959243774414
0.07306361198425293
0.2069718837738037
0.12178373336791992
0.07949948310852051
0.07547330856323242
0.1383817195892334
0.06890439987182617
0.08567595481872559
0.08822274208068848
0.06950092315673828
0.06598544120788574
0.06963491439819336
0.06773924827575684
0.08928537368774414
0.15406274795532227
0.08712434768676758
0.21307039260864258
0.12489438056945801
0.0642852783203125
0.06929802894592285
0.13401460647583008
0.11718082427978516
0.10100626945495605
0.11189150810241699
0.08520388603210449
0.11104893684387207
0.08319544792175293
0.11781096458435059
0.06911110877990723
0.12353754043579102
0.12148737907409668
0.09415030479431152
0.10658836364746094
0.07625460624694824
0.09941625595092773
0.07746434211730957
0.11742877960205078
0.09204435348510742
0.10631752014160156
0.0910797119140625
0.08430194854736328
0.1570591926574707
0.2918713092803955
0.11745905876159668
0.15660977363586426
0.18228387832641602
0.08733677864074707
0.11003923416137695
0.09707164764404297
0.08850955963134766
0.07831168174743652
0.08272290229797363
0.07874202728271484
0.09944391250610352
0.14142942428588867
0.08495426177978516
0.07639837265014648
0.08301186561584473
0.07443618774414062
0.039292097091674805
0.1676490306854248
0.08948421478271484
0.19526338577270508
0.05439615249633789
0.15742707252502441
0.13272595405578613
0.06063222885131836
0.18142437934875488
0.16143465042114258
0.13795804977416992
0.14946341514587402
0.23971986770629883
0.1391754150390625
0.1608421802520752
0.12536835670471191
0.14548611640930176
0.16063308715820312
0.1686391830444336
0.1385972499847412
0.12939691543579102
0.12108349800109863
0.13889527320861816
0.11544251441955566
0.19137239456176758
0.1444237232208252
0.11501359939575195
0.16591095924377441
0.17287778854370117
0.12286090850830078
0.13520193099975586
0.12296175956726074
0.10066962242126465
0.14493513107299805
0.1299877166748047
0.13233637809753418
0.09212374687194824
0.1271381378173828
0.12104320526123047
0.09571146965026855
0.09884381294250488
0.08963179588317871
0.12166500091552734
0.10874652862548828
0.08575725555419922
0.12104272842407227
0.11873531341552734
0.1426389217376709
0.16623210906982422
0.10375595092773438
0.12367844581604004
0.07992720603942871
0.06748628616333008
0.07579207420349121
0.10134696960449219
0.1071174144744873
0.10949301719665527
0.13156628608703613
0.08858275413513184
0.08327150344848633
0.06863951683044434
0.08063983917236328
0.0681924819946289
0.08036231994628906
0.08374881744384766
0.06938529014587402
0.058854103088378906
0.16240215301513672
0.06723141670227051
0.08358621597290039
0.04923224449157715
0.04835319519042969
0.04251718521118164
0.05637693405151367
0.05859971046447754
0.04780888557434082
0.0739140510559082
0.06183266639709473
0.05536794662475586
0.052490949630737305
0.06847405433654785
0.0705873966217041
0.058913230895996094
0.06954598426818848
0.06483292579650879
0.07471966743469238
0.06911993026733398
0.06541776657104492
0.07622575759887695
0.07712626457214355
0.08054304122924805
0.07880210876464844
0.08663249015808105
0.06580948829650879
0.07936954498291016
0.08560562133789062
0.08811306953430176
0.05906081199645996
0.06410932540893555
0.06892156600952148
0.07178306579589844
0.07344722747802734
0.06219959259033203
0.07776355743408203
0.07253909111022949
0.05484318733215332
0.06622576713562012
0.0676114559173584
0.0733945369720459
0.058068037033081055
0.06131553649902344
0.07370233535766602
0.07967495918273926
0.09186077117919922
0.060356855392456055
0.06972813606262207
0.05854082107543945
0.06255459785461426
0.06916594505310059
0.06951069831848145
0.0695044994354248
0.07273316383361816
0.076568603515625
0.06189393997192383
0.06045103073120117
0.0661776065826416
0.06687450408935547
0.06468892097473145
0.07695817947387695
0.07293105125427246
0.07667231559753418
0.07205939292907715
0.07863402366638184
0.08050155639648438
0.08178853988647461
0.07036733627319336
0.07916402816772461
0.07048773765563965
0.08034038543701172
0.07523345947265625
0.06517243385314941
0.07342100143432617
0.07262492179870605
0.0733041763305664
0.07732653617858887
0.08578872680664062
0.07835197448730469
0.08697223663330078
0.08565783500671387
0.07791399955749512
0.08960318565368652
0.0726020336151123
0.14493131637573242
0.06341862678527832
0.0693049430847168
0.0898897647857666
0.07413601875305176
0.21068739891052246
0.07486724853515625
0.08067965507507324
0.12843728065490723
0.16055870056152344
0.15468311309814453
0.10102510452270508
0.09743094444274902
0.10392165184020996
0.1198887825012207
0.10045623779296875
0.09647607803344727
0.16993927955627441
0.09014034271240234
0.1011204719543457
0.09716153144836426
0.10121369361877441
0.12372565269470215
0.07489371299743652
0.09619879722595215
0.10733556747436523
0.11415386199951172
0.1105196475982666
0.13022208213806152
0.12586283683776855
0.09052228927612305
0.13451552391052246
0.11613035202026367
0.1301894187927246
0.07295393943786621
0.08759212493896484
0.06283140182495117
0.15894150733947754
0.17944955825805664
0.17529511451721191
0.20163726806640625
0.15442705154418945
0.43658447265625
0.2051103115081787
0.17418336868286133
0.12748312950134277
0.07364606857299805
0.1629345417022705
0.15851402282714844
0.1859133243560791
0.12407517433166504
0.19728899002075195
0.12462401390075684
0.15932846069335938
0.16238093376159668
0.09173011779785156
0.049013614654541016
0.040374040603637695
0.13120412826538086
0.11032676696777344
0.23312139511108398
0.16527533531188965
0.15167951583862305
0.10913705825805664
0.11683917045593262
0.1424703598022461
0.12711334228515625
0.12917828559875488
0.13138294219970703
0.19797968864440918
0.19508075714111328
0.12862253189086914
0.11507916450500488
0.10852313041687012
0.12641096115112305
0.09943318367004395
0.12986493110656738
0.16410040855407715
0.14499926567077637
0.07741403579711914
0.06051468849182129
0.09251713752746582
0.07856035232543945
0.10629725456237793
0.07911443710327148
0.15154528617858887
0.06768083572387695
0.07874131202697754
0.16368746757507324
0.09221744537353516
0.2362985610961914
0.09679841995239258
0.08789467811584473
0.03971362113952637
0.0846872329711914
0.05050349235534668
0.04719686508178711
0.14113354682922363
0.13249945640563965
0.14056849479675293
0.14981865882873535
0.07067751884460449
0.06594133377075195
0.0723574161529541
0.27628421783447266
0.06146860122680664
0.4342176914215088
0.19549036026000977
0.09188652038574219
0.060056447982788086
0.025208711624145508
0.03940725326538086
0.035585880279541016
0.05776190757751465
0.04385185241699219
0.1313767433166504
0.07727551460266113
0.02331686019897461
0.05807328224182129
0.021013498306274414
0.05893373489379883
0.1416635513305664
0.14104008674621582
0.3705623149871826
0.14635848999023438
0.15451288223266602
0.06424689292907715
0.050049781799316406
0.07611799240112305
0.03665947914123535
0.04874086380004883
0.06718707084655762
0.0969705581665039
0.05683779716491699
0.07117867469787598
0.10565423965454102
0.0900411605834961
0.17668914794921875
0.018189430236816406
0.16124558448791504
0.0746164321899414
0.11526298522949219
0.701714277267456
0.4891514778137207
0.2708089351654053
0.17488765716552734
0.179412841796875
0.15655183792114258
0.049910783767700195
0.05176806449890137
0.2404770851135254
0.10086488723754883
0.18686962127685547
0.06352877616882324
0.05179929733276367
0.04982399940490723
0.06123757362365723
0.16056156158447266
0.1898348331451416
0.09251666069030762
0.15247869491577148
0.09380078315734863
0.0755772590637207
0.0671694278717041
0.04696011543273926
0.05723071098327637
0.044425249099731445
0.042594194412231445
0.044960737228393555
0.06256484985351562
0.08696103096008301
0.043375253677368164
0.07324624061584473
0.028837919235229492
0.03678631782531738
0.10701870918273926
0.12906980514526367
0.057469844818115234
0.17830228805541992
0.11732029914855957
0.1290581226348877
0.13455510139465332
0.14880609512329102
0.13248252868652344
0.25315117835998535
0.13062691688537598
0.33420300483703613
0.23159074783325195
0.3951871395111084
0.1669015884399414
0.16562104225158691
0.125931978225708
0.11865949630737305
0.12421584129333496
0.13941144943237305
0.12164640426635742
0.1154787540435791
0.19208931922912598
0.11800169944763184
0.1938772201538086
0.18384718894958496
0.13956689834594727
0.13915395736694336
0.13827085494995117
0.1713700294494629
0.1928858757019043
0.10194158554077148
0.09548330307006836
0.15406441688537598
0.1274256706237793
0.1235816478729248
0.12793469429016113
0.18526577949523926
0.4258549213409424
0.20778608322143555
0.05785703659057617
0.074005126953125
0.14706945419311523
0.1458287239074707
0.1423940658569336
0.03792691230773926
0.03320479393005371
0.15092802047729492
0.2005901336669922
0.4210484027862549
0.18861150741577148
0.05624890327453613
0.056183576583862305
0.24608206748962402
0.10685086250305176
0.051642417907714844
0.08049178123474121
0.06739234924316406
0.13748669624328613
0.13526463508605957
0.1530895233154297
0.18081998825073242
0.12165522575378418
0.14358806610107422
0.06890201568603516
0.07202386856079102
0.09051275253295898
0.0766596794128418
0.06382894515991211
0.0537109375
0.058356285095214844
0.1502845287322998
0.27748727798461914
0.1679515838623047
0.23523402214050293
0.11144828796386719
0.17567133903503418
0.2487330436706543
0.19615507125854492
0.09169912338256836
0.15830063819885254
1.435539722442627
1.3825578689575195
1.1574795246124268
0.9404764175415039
0.7110931873321533
0.4589047431945801
0.2475109100341797
0.16424560546875
0.22190594673156738
0.22679996490478516
0.21843576431274414
0.21724557876586914
0.1516404151916504
0.17458772659301758
0.11174130439758301
0.14691615104675293
0.039127349853515625
0.16628670692443848
0.23756957054138184
0.2860527038574219
0.21292853355407715
0.06848764419555664
0.07946896553039551
0.06979608535766602
0.036478281021118164
0.02965831756591797
0.08547759056091309
0.12335991859436035
0.05487489700317383
0.029657602310180664
0.07150626182556152
0.041033267974853516
0.03917193412780762
0.02527904510498047
0.023207426071166992
0.040313720703125
0.02413463592529297
0.038596391677856445
0.021385669708251953
0.03803539276123047
0.03360748291015625
0.03163599967956543
0.023410558700561523
0.016545534133911133
0.019182443618774414
0.030806779861450195
0.030677080154418945
0.08206319808959961
0.04337191581726074
0.09900403022766113
0.06108498573303223
0.03905940055847168
0.03690147399902344
0.029330015182495117
0.038413047790527344
0.03788018226623535
