0.04996466636657715
0.16066455841064453
0.06685829162597656
0.16976571083068848
0.02719259262084961
0.12884187698364258
0.08342146873474121
0.13243412971496582
0.13381695747375488
0.1336195468902588
0.029334545135498047
0.23575735092163086
0.1299283504486084
0.15866947174072266
0.1360950469970703
0.02149343490600586
0.12570762634277344
0.12699079513549805
0.03380274772644043
0.042026519775390625
0.025911569595336914
0.033498287200927734
0.04859614372253418
0.03455495834350586
0.025963783264160156
0.03853249549865723
0.03254055976867676
0.034554243087768555
0.029661178588867188
0.030924558639526367
0.03911876678466797
0.03850412368774414
0.04100608825683594
0.13052773475646973
0.06976747512817383
0.05052685737609863
0.06182289123535156
0.0441896915435791
0.05541205406188965
0.05004429817199707
0.04343152046203613
0.0405888557434082
0.0537867546081543
0.04951667785644531
0.04472994804382324
0.04523801803588867
0.057320356369018555
0.04745078086853027
0.05234336853027344
0.04875302314758301
0.05311846733093262
0.04934978485107422
0.04962730407714844
0.053460121154785156
0.058413028717041016
0.05837059020996094
0.06511354446411133
0.06626510620117188
0.06649637222290039
0.06754684448242188
0.06148028373718262
0.06465315818786621
0.0638585090637207
0.06043505668640137
0.06747984886169434
0.07026863098144531
0.07100296020507812
0.07111787796020508
0.06594514846801758
0.07321929931640625
0.07969188690185547
0.08090615272521973
0.07953357696533203
0.07569026947021484
0.07920718193054199
0.07333493232727051
0.07503128051757812
0.08288764953613281
0.08665251731872559
0.11785411834716797
0.0981745719909668
0.094482421875
0.09403181076049805
0.0915529727935791
0.08521246910095215
0.12462186813354492
0.1024618148803711
0.10727834701538086
0.10068941116333008
0.0902411937713623
0.1040196418762207
0.09867668151855469
0.10080671310424805
0.09586834907531738
0.09484529495239258
0.10771393775939941
0.10382342338562012
0.09939050674438477
0.11126327514648438
0.10700392723083496
0.10921287536621094
0.11010599136352539
0.10345077514648438
0.11201667785644531
0.12229561805725098
0.11043500900268555
0.11266851425170898
0.11822772026062012
0.11555790901184082
0.11011719703674316
0.12744522094726562
0.12117671966552734
0.01446986198425293
0.015897750854492188
0.018944263458251953
0.020676136016845703
0.017763614654541016
0.03696465492248535
0.020986318588256836
0.024852275848388672
0.027190446853637695
0.023505210876464844
0.04613780975341797
0.01862955093383789
0.018744230270385742
0.031174421310424805
0.02754354476928711
0.026576519012451172
0.05899190902709961
0.057203054428100586
0.02556896209716797
0.027500391006469727
0.024863481521606445
0.033852577209472656
0.055708885192871094
0.034857749938964844
0.03414154052734375
0.03562188148498535
0.041246652603149414
0.04201769828796387
0.05133414268493652
0.038236379623413086
0.03289604187011719
0.03521609306335449
0.05259871482849121
0.03959393501281738
0.05920219421386719
0.04821038246154785
0.03499889373779297
0.04566812515258789
0.047827720642089844
0.04166889190673828
0.040186405181884766
0.040244340896606445
0.051557302474975586
0.03757357597351074
0.04245328903198242
0.04478144645690918
0.04843401908874512
0.05392813682556152
0.052289485931396484
0.05470466613769531
0.04768800735473633
0.05820298194885254
0.05153489112854004
0.05685305595397949
0.06219911575317383
0.051628828048706055
0.05423736572265625
0.0567021369934082
0.060396671295166016
0.05476188659667969
0.0565335750579834
0.0655972957611084
0.05841684341430664
0.06625533103942871
0.09173703193664551
0.06720900535583496
0.07415556907653809
0.06255674362182617
0.07157135009765625
0.0654304027557373
0.06124258041381836
0.06093335151672363
0.06845808029174805
0.06917834281921387
0.0646815299987793
0.0647280216217041
0.06698966026306152
0.07205796241760254
0.05959296226501465
0.06382608413696289
0.06217622756958008
0.07447266578674316
0.0714728832244873
0.060881853103637695
0.06003427505493164
0.05608391761779785
0.0561368465423584
0.044411420822143555
0.045000553131103516
0.05661296844482422
0.04280281066894531
0.04146742820739746
0.04624176025390625
0.05344891548156738
0.04867863655090332
0.04656076431274414
0.03469395637512207
0.04636430740356445
0.03537607192993164
0.029420852661132812
0.038125038146972656
0.02937912940979004
0.03655505180358887
0.03459310531616211
0.027241230010986328
0.027601003646850586
0.03332066535949707
0.023506641387939453
0.02890777587890625
0.020732402801513672
0.027364015579223633
0.03035759925842285
0.03443145751953125
0.03073859214782715
0.027410268783569336
0.027616500854492188
0.03111433982849121
0.02829575538635254
0.030025243759155273
0.036399126052856445
0.025391578674316406
0.0327305793762207
0.03861570358276367
0.025432348251342773
0.031049728393554688
0.026346206665039062
0.027564287185668945
0.0224611759185791
0.03607654571533203
0.04968714714050293
0.0349278450012207
0.03919219970703125
0.027752161026000977
0.029566287994384766
0.024320363998413086
0.03928971290588379
0.03043651580810547
0.028527021408081055
0.03514218330383301
0.04079437255859375
0.03900885581970215
0.029326438903808594
0.0305938720703125
0.034410715103149414
0.03598475456237793
0.040086984634399414
0.04791998863220215
0.03772473335266113
0.03782033920288086
0.0331263542175293
0.04260373115539551
0.04681277275085449
0.03463625907897949
0.03764796257019043
0.03962564468383789
0.052263498306274414
0.03741145133972168
0.04655790328979492
0.04137730598449707
0.0424652099609375
0.04190802574157715
0.04166412353515625
0.039971351623535156
0.049195051193237305
0.040923357009887695
0.04483389854431152
0.04076409339904785
0.042847394943237305
0.03918051719665527
0.040824174880981445
0.04238080978393555
0.0491490364074707
0.03857278823852539
0.04288029670715332
0.038039207458496094
0.06977200508117676
0.05528616905212402
0.03941512107849121
0.04274868965148926
0.03894662857055664
0.04530787467956543
0.05278515815734863
0.14890599250793457
0.046710968017578125
0.1611168384552002
0.04195427894592285
0.15059781074523926
0.15023469924926758
0.04693746566772461
0.057159423828125
0.19948911666870117
0.1511225700378418
0.046031951904296875
0.04574108123779297
0.1428675651550293
0.14559054374694824
0.03792715072631836
0.1531517505645752
0.0530552864074707
0.039087533950805664
0.04501795768737793
0.05049753189086914
0.050084590911865234
0.0411982536315918
0.059235572814941406
0.04822087287902832
0.04806995391845703
0.050803184509277344
0.0652925968170166
0.06481027603149414
0.05593252182006836
0.07096409797668457
0.056232452392578125
0.06305098533630371
0.0597994327545166
0.07272648811340332
0.06293344497680664
0.06029367446899414
0.062445640563964844
0.06912946701049805
0.06754183769226074
0.07450747489929199
0.08189940452575684
0.17740488052368164
0.2689809799194336
0.13248586654663086
0.119476318359375
0.06655001640319824
0.11462807655334473
0.10901546478271484
0.10882019996643066
0.11979508399963379
0.11918449401855469
0.11064410209655762
0.014484882354736328
0.012090206146240234
0.01118922233581543
0.022657155990600586
0.014202117919921875
0.014519453048706055
0.029506921768188477
0.018559694290161133
0.0215301513671875
0.022869586944580078
0.017699480056762695
0.02433180809020996
0.013614416122436523
0.020256757736206055
0.02308511734008789
0.01882338523864746
0.024419307708740234
0.028676748275756836
0.023722410202026367
0.024977445602416992
0.026965856552124023
0.02940201759338379
0.024402856826782227
0.02570796012878418
0.02634882926940918
0.02251911163330078
0.023372888565063477
0.02530956268310547
0.025448083877563477
0.03445267677307129
0.029786109924316406
0.0338590145111084
0.028805255889892578
0.0277097225189209
0.026729345321655273
0.028065919876098633
0.03402996063232422
0.062424659729003906
0.03930258750915527
0.0433497428894043
0.03401470184326172
0.042975425720214844
0.04553556442260742
0.04656577110290527
0.041738033294677734
0.0407869815826416
0.037897348403930664
0.04380178451538086
0.04405474662780762
0.05447125434875488
0.0456392765045166
0.04241347312927246
0.035637855529785156
0.0381011962890625
0.04399919509887695
0.055861473083496094
0.04742574691772461
0.06841492652893066
0.06990671157836914
0.041799306869506836
0.0616297721862793
0.034271955490112305
0.03970813751220703
0.04926609992980957
0.050679922103881836
0.03484678268432617
0.038865089416503906
0.04380607604980469
0.035308122634887695
0.04273223876953125
0.04322361946105957
0.033059120178222656
0.031316280364990234
0.029866933822631836
0.02891373634338379
0.03881335258483887
0.03408169746398926
0.030446767807006836
0.03057098388671875
0.03334307670593262
0.035236358642578125
0.03450322151184082
0.04097318649291992
0.04281020164489746
0.04204225540161133
0.08223414421081543
0.032761335372924805
0.03972315788269043
0.04755902290344238
0.03586316108703613
0.04272890090942383
0.045079708099365234
0.039475202560424805
0.039196014404296875
0.04352402687072754
0.05057573318481445
0.046961307525634766
0.054729461669921875
0.048186540603637695
0.03871965408325195
0.05052900314331055
0.044527292251586914
0.04572129249572754
0.051265716552734375
0.04780387878417969
0.05834484100341797
0.06689167022705078
0.08194279670715332
0.044406890869140625
0.058656930923461914
0.04938960075378418
0.04914975166320801
0.04907512664794922
0.04464221000671387
0.04815983772277832
0.04946184158325195
0.21607446670532227
0.12969088554382324
0.04388594627380371
0.050333261489868164
0.20516300201416016
0.1278836727142334
0.11777520179748535
0.12097573280334473
0.1120753288269043
0.10954761505126953
0.11142992973327637
0.1438453197479248
0.008761167526245117
0.016624927520751953
0.014343738555908203
0.020536422729492188
0.024640321731567383
0.01473093032836914
0.019916534423828125
0.14017510414123535
0.1264023780822754
0.12512969970703125
0.16893601417541504
0.10101914405822754
0.07985353469848633
0.10208821296691895
0.07855224609375
0.08781719207763672
0.06803274154663086
0.06159639358520508
0.07853174209594727
0.06482696533203125
0.06364798545837402
0.07027220726013184
0.057604312896728516
0.05273103713989258
0.05823397636413574
0.054800987243652344
0.05121564865112305
0.053369998931884766
0.04433083534240723
0.04483747482299805
0.04676246643066406
0.04367828369140625
0.08178591728210449
0.040074825286865234
0.03700900077819824
0.039467573165893555
0.04315376281738281
0.047080039978027344
0.04707074165344238
0.05580258369445801
0.04623603820800781
0.051381587982177734
0.04975175857543945
0.04979348182678223
0.04977774620056152
0.05545544624328613
0.05134129524230957
0.040480613708496094
0.02429676055908203
0.030295133590698242
0.026602983474731445
0.04079699516296387
0.055089712142944336
0.0343928337097168
0.03726053237915039
0.03680419921875
0.04795408248901367
0.04807925224304199
0.04365062713623047
0.041693925857543945
0.05457782745361328
0.04982948303222656
0.04250311851501465
0.06426525115966797
0.0417332649230957
0.043990135192871094
0.04831647872924805
0.12787961959838867
0.12687969207763672
0.13324570655822754
0.053342580795288086
0.4015054702758789
0.19312644004821777
0.05415654182434082
0.07409238815307617
0.07029032707214355
0.09003829956054688
0.04799604415893555
0.1308145523071289
0.11162710189819336
0.05215644836425781
0.06861066818237305
0.07230567932128906
0.20125436782836914
0.22580337524414062
0.15640616416931152
0.20768332481384277
0.12020730972290039
0.10854482650756836
0.10344910621643066
0.11748147010803223
0.10674595832824707
0.11067914962768555
0.1382007598876953
0.09937167167663574
0.0994560718536377
0.09302067756652832
0.09382176399230957
0.09403181076049805
0.11042356491088867
0.09989166259765625
0.10335922241210938
0.11151742935180664
0.10841512680053711
0.10504293441772461
0.10501599311828613
0.10612821578979492
0.10795235633850098
0.10958290100097656
0.12188220024108887
0.17246770858764648
0.19237184524536133
0.11932706832885742
0.10989570617675781
0.11636590957641602
0.12516140937805176
0.11390876770019531
0.11496949195861816
0.11476445198059082
0.01906418800354004
0.13173460960388184
0.12593340873718262
0.12335348129272461
0.1218111515045166
0.21792268753051758
0.11246514320373535
0.12828779220581055
0.1181328296661377
0.11553168296813965
0.11535477638244629
0.11277437210083008
0.012913942337036133
0.016376256942749023
0.015297174453735352
0.014805078506469727
0.01639533042907715
0.017348766326904297
0.021254301071166992
0.020268678665161133
0.02115941047668457
0.05779147148132324
0.01774311065673828
0.14209437370300293
0.18793821334838867
0.18082356452941895
0.12958121299743652
0.09269094467163086
0.13357758522033691
0.0924379825592041
0.10509109497070312
0.10683202743530273
0.10379290580749512
0.1065669059753418
0.11235952377319336
0.10020589828491211
0.09851288795471191
0.1379239559173584
0.09280824661254883
0.10157036781311035
0.09515547752380371
0.08862018585205078
0.12815380096435547
0.10130453109741211
0.17766928672790527
0.15299558639526367
0.10407114028930664
0.0796194076538086
0.18579626083374023
0.21640300750732422
0.22405338287353516
0.10222411155700684
0.14934825897216797
0.1379683017730713
0.15442800521850586
0.15398192405700684
0.09688997268676758
0.11662888526916504
0.1252298355102539
0.12257266044616699
0.09489560127258301
0.08178877830505371
0.13003802299499512
0.14009761810302734
0.10828280448913574
0.12281537055969238
0.10782742500305176
0.08136773109436035
0.08632969856262207
0.08773994445800781
0.08614921569824219
0.08892679214477539
0.1545412540435791
0.11594724655151367
0.0980379581451416
0.07616567611694336
0.08774399757385254
0.08044695854187012
0.07745981216430664
0.122222900390625
0.0907130241394043
0.07082962989807129
0.04982328414916992
0.04583549499511719
0.056107521057128906
0.06824827194213867
0.06482243537902832
0.059393882751464844
0.05929112434387207
0.06643056869506836
0.06012916564941406
0.07663512229919434
0.0419619083404541
0.060140132904052734
0.08366775512695312
0.05831003189086914
0.04727339744567871
0.07420492172241211
0.052182674407958984
0.05278897285461426
0.04929089546203613
0.05167698860168457
0.053383827209472656
0.05281186103820801
0.05356764793395996
0.06102156639099121
0.0590205192565918
0.056626319885253906
0.06272506713867188
0.05269742012023926
0.07994413375854492
0.06857085227966309
0.0706338882446289
0.07297801971435547
0.06650447845458984
0.0616145133972168
0.06591010093688965
0.06124234199523926
0.06990575790405273
0.07620739936828613
0.06311440467834473
0.07020378112792969
0.06678271293640137
0.07037687301635742
0.07666182518005371
0.07208108901977539
0.07331728935241699
0.0713338851928711
0.06707906723022461
0.061748504638671875
0.06373739242553711
0.07135868072509766
0.07751226425170898
0.07278180122375488
0.08428621292114258
0.0789799690246582
0.11733675003051758
0.07658243179321289
0.06768393516540527
0.07961750030517578
0.07166838645935059
0.0800020694732666
0.07813525199890137
0.08393287658691406
0.07855796813964844
0.0812065601348877
0.08677101135253906
0.07380294799804688
0.07186365127563477
0.07739639282226562
0.0766746997833252
0.07480716705322266
0.11178016662597656
0.15609431266784668
0.17218518257141113
0.08982443809509277
0.24810194969177246
0.12664103507995605
0.11185312271118164
0.14611124992370605
0.18215274810791016
0.11638545989990234
0.09551787376403809
1.3380939960479736
1.1450860500335693
0.9431321620941162
0.7444651126861572
0.5089483261108398
0.37222933769226074
0.16956686973571777
0.09100890159606934
0.1540970802307129
0.13976097106933594
0.0883934497833252
0.12008023262023926
0.10769081115722656
0.09322357177734375
0.13797736167907715
0.20299577713012695
0.22313237190246582
0.10776734352111816
0.11545205116271973
0.10497093200683594
0.1136021614074707
0.08409237861633301
0.1851661205291748
0.10508322715759277
0.06594300270080566
0.1329793930053711
0.08316445350646973
0.06007862091064453
0.04634809494018555
0.0713186264038086
0.0774993896484375
0.08404684066772461
0.04863882064819336
0.05322122573852539
0.12879037857055664
0.09401726722717285
0.05439352989196777
0.0954122543334961
0.15627026557922363
0.05347847938537598
0.08472681045532227
0.04754495620727539
0.03705930709838867
0.2713778018951416
0.20557951927185059
0.0807497501373291
0.11042428016662598
0.17452454566955566
0.15708374977111816
0.2547268867492676
0.07451939582824707
0.15087366104125977
0.08246707916259766
0.07097697257995605
0.16350889205932617
0.14028692245483398
0.10409164428710938
0.10286760330200195
0.08468937873840332
0.09147500991821289
0.09578752517700195
0.08192062377929688
0.2005479335784912
0.15860843658447266
0.09867739677429199
0.0938723087310791
0.09000205993652344
0.06379342079162598
0.07241392135620117
0.12960433959960938
0.13324308395385742
0.1340477466583252
0.15849900245666504
0.21422076225280762
0.12002134323120117
0.06807732582092285
0.05639052391052246
0.06735372543334961
0.07466411590576172
0.06451177597045898
0.12895631790161133
0.06636810302734375
0.06873607635498047
0.0468292236328125
0.0691366195678711
0.0729367733001709
0.07807803153991699
0.11528491973876953
0.11442422866821289
0.10029006004333496
0.08490180969238281
0.07386374473571777
0.07956504821777344
0.15923142433166504
0.07213115692138672
0.10990548133850098
0.07178902626037598
0.1156473159790039
0.12141060829162598
0.2570173740386963
0.18649625778198242
0.1583719253540039
0.15262460708618164
0.09086418151855469
0.10463857650756836
0.10486912727355957
0.06655001640319824
0.11145210266113281
0.06815099716186523
0.10085344314575195
0.08095836639404297
0.09335899353027344
0.08237195014953613
0.057399749755859375
0.07234883308410645
0.040036916732788086
0.05045294761657715
0.13810086250305176
0.10626792907714844
0.15431451797485352
0.06974077224731445
0.13976669311523438
0.07864594459533691
0.11471247673034668
0.19515752792358398
0.16900873184204102
0.13840270042419434
0.16115641593933105
0.22551298141479492
0.11163091659545898
0.16539716720581055
0.11242079734802246
0.17378020286560059
0.10597991943359375
0.16802263259887695
0.10672736167907715
0.12459492683410645
0.1412944793701172
0.14298272132873535
0.1293497085571289
0.15547704696655273
0.15350055694580078
0.13002562522888184
0.14989447593688965
0.18620824813842773
0.13565921783447266
0.10918450355529785
0.12790799140930176
0.10674667358398438
0.1748800277709961
0.10070085525512695
0.12766361236572266
0.11148691177368164
0.13100218772888184
0.1064293384552002
0.17001819610595703
0.09087443351745605
0.11209654808044434
0.11880087852478027
0.10146498680114746
0.1303853988647461
0.14081907272338867
0.08938050270080566
0.16293811798095703
0.13956236839294434
0.11311006546020508
0.06419992446899414
0.09833240509033203
0.06413674354553223
0.10189509391784668
0.10875320434570312
0.1287386417388916
0.13244342803955078
0.10121965408325195
0.08508920669555664
0.07342529296875
0.06649470329284668
0.0824437141418457
0.07077383995056152
0.06763863563537598
0.08691120147705078
0.07232832908630371
0.08314275741577148
0.05273890495300293
0.04900550842285156
0.0661313533782959
0.046054840087890625
0.045874595642089844
0.04050493240356445
0.04327511787414551
0.04278373718261719
0.06464838981628418
0.056322574615478516
0.06117868423461914
0.04788088798522949
0.05561256408691406
0.05334663391113281
0.057318687438964844
0.06805419921875
0.06284379959106445
0.06299257278442383
0.06972956657409668
0.06582498550415039
0.07444930076599121
0.06959199905395508
0.0650172233581543
0.06970691680908203
0.06555795669555664
0.07729840278625488
0.06379866600036621
0.06603288650512695
0.08796119689941406
0.06140327453613281
0.05686068534851074
0.061148643493652344
0.06243085861206055
0.06928896903991699
0.06561112403869629
0.07005143165588379
0.06049513816833496
0.06501102447509766
0.057692766189575195
0.053636789321899414
0.05960798263549805
0.06651616096496582
0.05593132972717285
0.0708932876586914
0.0679478645324707
0.07885193824768066
0.0913088321685791
0.06846094131469727
0.06850004196166992
0.06686234474182129
0.05503034591674805
0.055359840393066406
0.06122088432312012
0.05681967735290527
0.07074737548828125
0.0637812614440918
0.05955862998962402
0.06293106079101562
0.06305885314941406
0.07137441635131836
0.0621342658996582
0.07073354721069336
0.0705115795135498
0.06839156150817871
0.07453632354736328
0.07588386535644531
0.07834577560424805
0.07893705368041992
0.0832676887512207
0.060895442962646484
0.06161975860595703
0.06802725791931152
0.0674901008605957
0.06325888633728027
0.0662987232208252
0.06470203399658203
0.0755925178527832
0.0654606819152832
0.07978510856628418
0.07670092582702637
0.07229304313659668
0.07991361618041992
0.08167839050292969
0.08253359794616699
0.08166170120239258
0.1637122631072998
0.0655052661895752
0.06692862510681152
0.08015322685241699
0.07752084732055664
0.20199012756347656
0.06794285774230957
0.0735630989074707
0.04732942581176758
0.08494448661804199
0.10120725631713867
0.1042630672454834
0.11025190353393555
0.09517645835876465
0.11926054954528809
0.12751078605651855
0.11178231239318848
0.0873558521270752
0.08211565017700195
0.10749173164367676
0.09142661094665527
0.08468341827392578
0.08923983573913574
0.07795071601867676
0.0890662670135498
0.10982418060302734
0.0955667495727539
0.11193704605102539
0.1092386245727539
0.11223077774047852
0.10814237594604492
0.06612658500671387
0.06929516792297363
0.06759929656982422
0.07571840286254883
0.08423662185668945
0.060565948486328125
0.13274478912353516
0.17780208587646484
0.13511157035827637
0.08635878562927246
0.13364887237548828
0.21644306182861328
0.1136629581451416
0.1392662525177002
0.03239107131958008
0.08272314071655273
0.19069910049438477
0.12192416191101074
0.16582989692687988
0.22990918159484863
0.17345285415649414
0.12645506858825684
0.09958744049072266
0.2726619243621826
0.09612345695495605
0.07931113243103027
0.037705421447753906
0.18160700798034668
0.1028892993927002
0.08772993087768555
0.13815855979919434
0.12329936027526855
0.13127517700195312
0.13814258575439453
0.1455059051513672
0.1199953556060791
0.10172200202941895
0.13843655586242676
0.200120210647583
0.1891031265258789
0.10584759712219238
0.12452292442321777
0.11152863502502441
0.10423016548156738
0.10119438171386719
0.10222673416137695
0.07866668701171875
0.0688173770904541
0.06983613967895508
0.09813523292541504
0.0585935115814209
0.0796055793762207
0.05555224418640137
0.08402299880981445
0.07254385948181152
0.054112911224365234
0.08417582511901855
0.15640640258789062
0.20147252082824707
0.21460270881652832
0.08681178092956543
0.06957364082336426
0.04848599433898926
0.09565162658691406
0.05598592758178711
0.029146671295166016
0.13927245140075684
0.2545454502105713
0.1618030071258545
0.1224217414855957
0.06681466102600098
0.07057785987854004
0.07972598075866699
0.2963099479675293
0.08149218559265137
0.5290963649749756
0.3140735626220703
0.06621265411376953
0.07362771034240723
0.034975528717041016
0.035315752029418945
0.061676979064941406
0.06328773498535156
0.02615070343017578
0.06652998924255371
0.0328516960144043
0.039879798889160156
0.044219970703125
0.029776573181152344
0.03802490234375
0.15366435050964355
0.13105320930480957
0.47328639030456543
0.24909663200378418
0.0913228988647461
0.07515740394592285
0.02886486053466797
0.07646393775939941
0.03385043144226074
0.08652067184448242
0.04862356185913086
0.04363822937011719
0.05005526542663574
0.07988953590393066
0.10953736305236816
0.05774497985839844
0.15874385833740234
0.022519588470458984
0.1561906337738037
0.02183842658996582
0.12801194190979004
0.6384809017181396
0.4259040355682373
0.2075517177581787
0.1679229736328125
0.18450069427490234
0.14825916290283203
0.07168841361999512
0.06014370918273926
0.38945865631103516
0.18518447875976562
0.19036102294921875
0.08439373970031738
0.06581759452819824
0.04107189178466797
0.03457760810852051
0.14702844619750977
0.1380622386932373
0.09107494354248047
0.12455058097839355
0.11214733123779297
0.09588170051574707
0.06919336318969727
0.07708263397216797
0.04420828819274902
0.04192852973937988
0.0346372127532959
0.052033424377441406
0.1168828010559082
0.06506466865539551
0.029143571853637695
0.021692514419555664
0.04473137855529785
0.049407005310058594
0.0985720157623291
0.1305830478668213
0.03891468048095703
0.16762757301330566
0.12714409828186035
0.12667560577392578
0.10872030258178711
0.0945897102355957
0.2379930019378662
0.22275853157043457
0.17446351051330566
0.2485039234161377
0.22728443145751953
0.04443001747131348
0.033693790435791016
0.14008593559265137
0.0516819953918457
0.09804439544677734
0.10064220428466797
0.12951421737670898
0.12993073463439941
0.1238851547241211
0.1800851821899414
0.09984636306762695
0.0936591625213623
0.16826319694519043
0.09877300262451172
0.14460039138793945
0.13332033157348633
0.1801588535308838
0.1789994239807129
