0.037439584732055664
0.0360569953918457
0.13858580589294434
0.044803619384765625
0.12766075134277344
0.028229475021362305
0.12712597846984863
0.0491790771484375
0.14592289924621582
0.13862991333007812
0.1395125389099121
0.03015422821044922
0.22663426399230957
0.1470186710357666
0.13708758354187012
0.1266031265258789
0.034380197525024414
0.12365984916687012
0.1279616355895996
0.0242767333984375
0.024365901947021484
0.026685237884521484
0.04026484489440918
0.04782724380493164
0.03032064437866211
0.03278779983520508
0.044486284255981445
0.026444196701049805
0.0416407585144043
0.054677486419677734
0.03557848930358887
0.03189516067504883
0.04459643363952637
0.04700756072998047
0.15687274932861328
0.07720041275024414
0.03845477104187012
0.03827381134033203
0.0452272891998291
0.04668378829956055
0.03806328773498535
0.04478931427001953
0.047026872634887695
0.056627750396728516
0.04549050331115723
0.04633784294128418
0.05851125717163086
0.05298781394958496
0.04875349998474121
0.04618382453918457
0.0491480827331543
0.04748392105102539
0.05566811561584473
0.05060911178588867
0.061612606048583984
0.06390571594238281
0.05519390106201172
0.05332183837890625
0.056873321533203125
0.05770063400268555
0.05913496017456055
0.07126402854919434
0.058229684829711914
0.0663766860961914
0.0721738338470459
0.06345033645629883
0.07213687896728516
0.07746362686157227
0.06725859642028809
0.06732010841369629
0.07438468933105469
0.08401155471801758
0.07899904251098633
0.07092523574829102
0.06760454177856445
0.0711517333984375
0.07164812088012695
0.08449912071228027
0.07963132858276367
0.07523322105407715
0.07840585708618164
0.0810849666595459
0.10171294212341309
0.09735107421875
0.08661031723022461
0.08359408378601074
0.12710261344909668
0.10865020751953125
0.09657573699951172
0.11111640930175781
0.08856773376464844
0.09204339981079102
0.10455155372619629
0.09399175643920898
0.09419012069702148
0.09958767890930176
0.10864424705505371
0.11357235908508301
0.11190223693847656
0.11658501625061035
0.1011207103729248
0.10253071784973145
0.10524964332580566
0.11529850959777832
0.10478687286376953
0.10883426666259766
0.10729575157165527
0.11779141426086426
0.11090373992919922
0.13082242012023926
0.10831260681152344
0.11843085289001465
0.12202787399291992
0.019619464874267578
0.00955057144165039
0.01483464241027832
0.025627613067626953
0.016098499298095703
0.03828310966491699
0.029835939407348633
0.026227235794067383
0.0375523567199707
0.029979705810546875
0.024482011795043945
0.028856992721557617
0.028485774993896484
0.04810380935668945
0.015187263488769531
0.027316570281982422
0.01936793327331543
0.022164344787597656
0.02128911018371582
0.02077317237854004
0.023365020751953125
0.02770066261291504
0.030722618103027344
0.03914952278137207
0.027258634567260742
0.03672146797180176
0.031033992767333984
0.042275190353393555
0.033184051513671875
0.0331571102142334
0.03410077095031738
0.053450822830200195
0.04324054718017578
0.04179835319519043
0.06595993041992188
0.03971123695373535
0.04154539108276367
0.0364222526550293
0.0526278018951416
0.03695321083068848
0.04572868347167969
0.03577136993408203
0.05674576759338379
0.05015301704406738
0.03864741325378418
0.04027414321899414
0.041036128997802734
0.054609060287475586
0.04186439514160156
0.05669689178466797
0.05929970741271973
0.045964956283569336
0.04777073860168457
0.04749035835266113
0.06595301628112793
0.050780296325683594
0.07336854934692383
0.06631350517272949
0.055853843688964844
0.06713628768920898
0.06366348266601562
0.05820894241333008
0.05678296089172363
0.05878281593322754
0.0608062744140625
0.0735013484954834
0.05549216270446777
0.05576515197753906
0.06208229064941406
0.05882382392883301
0.05954718589782715
0.06737732887268066
0.061849117279052734
0.0757145881652832
0.07108378410339355
0.07065343856811523
0.060410261154174805
0.07854557037353516
0.06461834907531738
0.061002254486083984
0.07360363006591797
0.07887148857116699
0.07241296768188477
0.0688624382019043
0.06672525405883789
0.05431795120239258
0.050455570220947266
0.054464101791381836
0.048596858978271484
0.04346728324890137
0.04132962226867676
0.04206657409667969
0.03963470458984375
0.058999061584472656
0.04271650314331055
0.044714927673339844
0.04148364067077637
0.02849125862121582
0.028552532196044922
0.027860641479492188
0.03511166572570801
0.030278921127319336
0.047179460525512695
0.03472590446472168
0.02068352699279785
0.03338932991027832
0.023592472076416016
0.021968364715576172
0.030312061309814453
0.019274473190307617
0.023743152618408203
0.042661428451538086
0.02555990219116211
0.026572704315185547
0.03861832618713379
0.025869369506835938
0.0424039363861084
0.029460668563842773
0.04126167297363281
0.024866819381713867
0.03737282752990723
0.028113842010498047
0.02945089340209961
0.027511119842529297
0.03170323371887207
0.024277210235595703
0.028868913650512695
0.042109012603759766
0.024565696716308594
0.049324989318847656
0.04457807540893555
0.04244804382324219
0.02549433708190918
0.03035879135131836
0.025624513626098633
0.025163888931274414
0.01880669593811035
0.024172067642211914
0.02550506591796875
0.04464578628540039
0.025944232940673828
0.030636072158813477
0.041906118392944336
0.030782461166381836
0.029422760009765625
0.04574394226074219
0.043946027755737305
0.044310569763183594
0.031064987182617188
0.031590938568115234
0.03089737892150879
0.03576922416687012
0.04044342041015625
0.036171674728393555
0.05031275749206543
0.0532379150390625
0.03549385070800781
0.04319024085998535
0.03527498245239258
0.044791221618652344
0.03495192527770996
0.04354047775268555
0.05222940444946289
0.04963517189025879
0.035193443298339844
0.03590989112854004
0.04169726371765137
0.03145623207092285
0.03219270706176758
0.03407788276672363
0.04760575294494629
0.04019927978515625
0.04902458190917969
0.03649544715881348
0.0388338565826416
0.05066227912902832
0.05721640586853027
0.04036116600036621
0.038611412048339844
0.05135798454284668
0.05349278450012207
0.04426741600036621
0.14050078392028809
0.05966353416442871
0.14203453063964844
0.04692721366882324
0.15636825561523438
0.15177702903747559
0.0485994815826416
0.0498507022857666
0.19354009628295898
0.1441962718963623
0.059021711349487305
0.046293020248413086
0.1438426971435547
0.15683698654174805
0.03618621826171875
0.1538245677947998
0.04475045204162598
0.03762698173522949
0.04119062423706055
0.052469491958618164
0.03782773017883301
0.04195690155029297
0.05566835403442383
0.052376508712768555
0.04205155372619629
0.07216167449951172
0.08387970924377441
0.06169915199279785
0.05164146423339844
0.05502891540527344
0.13066387176513672
0.05057239532470703
0.05568051338195801
0.06415510177612305
0.05668234825134277
0.0728762149810791
0.06836605072021484
0.06650853157043457
0.07307076454162598
0.06557250022888184
0.06194806098937988
0.17635440826416016
0.1266777515411377
0.09960794448852539
0.06897616386413574
0.04382014274597168
0.14173173904418945
0.10683917999267578
0.12524938583374023
0.10930299758911133
0.121490478515625
0.12016868591308594
0.015223264694213867
0.01804947853088379
0.012099266052246094
0.02210831642150879
0.026836395263671875
0.017019987106323242
0.033942222595214844
0.031155109405517578
0.014419794082641602
0.010355234146118164
0.024025440216064453
0.02253270149230957
0.01166081428527832
0.021368741989135742
0.018770456314086914
0.031748294830322266
0.017899036407470703
0.035189151763916016
0.022292137145996094
0.019482851028442383
0.02533435821533203
0.025805234909057617
0.025542497634887695
0.02421426773071289
0.031080007553100586
0.023610830307006836
0.02386307716369629
0.01963210105895996
0.026638269424438477
0.038523197174072266
0.028191804885864258
0.027147769927978516
0.03950333595275879
0.02623295783996582
0.03337597846984863
0.03873133659362793
0.0390169620513916
0.05585646629333496
0.041208505630493164
0.04493236541748047
0.040271759033203125
0.03968453407287598
0.04695725440979004
0.048575639724731445
0.048635005950927734
0.04593181610107422
0.03888368606567383
0.03931021690368652
0.03740048408508301
0.03822803497314453
0.03913617134094238
0.043526649475097656
0.05277729034423828
0.0365605354309082
0.03934597969055176
0.03634810447692871
0.05058622360229492
0.04188370704650879
0.06387519836425781
0.060054779052734375
0.03660726547241211
0.03581595420837402
0.07674860954284668
0.0588226318359375
0.032505035400390625
0.04123115539550781
0.044203996658325195
0.04663538932800293
0.03615760803222656
0.043552398681640625
0.03345537185668945
0.040151357650756836
0.029494762420654297
0.040143728256225586
0.02724003791809082
0.0399479866027832
0.027032852172851562
0.02615666389465332
0.03597760200500488
0.028921842575073242
0.027649402618408203
0.03670549392700195
0.0328218936920166
0.04737234115600586
0.04783463478088379
0.07905340194702148
0.03328847885131836
0.040567874908447266
0.05424165725708008
0.04197549819946289
0.03632640838623047
0.038857221603393555
0.03795933723449707
0.040210723876953125
0.03726029396057129
0.043225765228271484
0.04026293754577637
0.055561065673828125
0.04186081886291504
0.04843592643737793
0.05302309989929199
0.05441880226135254
0.05663752555847168
0.04479241371154785
0.052553415298461914
0.13025856018066406
0.05127215385437012
0.08126997947692871
0.04236912727355957
0.0556948184967041
0.05044674873352051
0.04223179817199707
0.04465508460998535
0.04311347007751465
0.0443418025970459
0.05533599853515625
0.18622612953186035
0.11875081062316895
0.032915592193603516
0.06426835060119629
0.20502734184265137
0.10527682304382324
0.11202526092529297
0.12378120422363281
0.10551023483276367
0.12006974220275879
0.10794782638549805
0.10746312141418457
0.013765096664428711
0.022006511688232422
0.023889541625976562
0.01634526252746582
0.015149354934692383
0.02104949951171875
0.014253854751586914
0.12691760063171387
0.11846804618835449
0.12793374061584473
0.1382734775543213
0.07352352142333984
0.07384800910949707
0.10568714141845703
0.07471609115600586
0.09159731864929199
0.06871628761291504
0.05982708930969238
0.10169219970703125
0.05738973617553711
0.06388568878173828
0.05134105682373047
0.05307340621948242
0.0533447265625
0.05457925796508789
0.05683445930480957
0.0479731559753418
0.05920100212097168
0.04003429412841797
0.04996156692504883
0.042236328125
0.04834127426147461
0.05081510543823242
0.04689502716064453
0.04654836654663086
0.03365468978881836
0.044388771057128906
0.05307626724243164
0.04331254959106445
0.04467916488647461
0.05885028839111328
0.04744911193847656
0.04529738426208496
0.05142951011657715
0.045320987701416016
0.04367637634277344
0.05704641342163086
0.044137001037597656
0.030402660369873047
0.03148651123046875
0.03788185119628906
0.04977226257324219
0.04918313026428223
0.028260231018066406
0.04232478141784668
0.041486263275146484
0.051377296447753906
0.03981447219848633
0.03916645050048828
0.04238009452819824
0.04494643211364746
0.04221367835998535
0.0405275821685791
0.07941341400146484
0.040316104888916016
0.05062580108642578
0.05755305290222168
0.08176064491271973
0.09488916397094727
0.12848329544067383
0.1768946647644043
0.10226225852966309
0.10198211669921875
0.04555082321166992
0.06956315040588379
0.04550504684448242
0.10073304176330566
0.05021405220031738
0.06552243232727051
0.09001016616821289
0.026032447814941406
0.12779736518859863
0.08048725128173828
0.1639266014099121
0.02522754669189453
0.19985651969909668
0.2730574607849121
0.2205355167388916
0.09918451309204102
0.11850500106811523
0.11285519599914551
0.10245418548583984
0.12271761894226074
0.14506959915161133
0.09975552558898926
0.114501953125
0.09125542640686035
0.09203219413757324
0.09527993202209473
0.10871100425720215
0.09289002418518066
0.0988156795501709
0.09750938415527344
0.09947085380554199
0.10079789161682129
0.10290932655334473
0.10826659202575684
0.10100936889648438
0.10259747505187988
0.10448884963989258
0.14293885231018066
0.2052466869354248
0.10535287857055664
0.11439204216003418
0.11702251434326172
0.13262486457824707
0.11919331550598145
0.11102700233459473
0.12446141242980957
0.01045370101928711
0.13169121742248535
0.12292098999023438
0.11546969413757324
0.1147458553314209
0.21345853805541992
0.1240987777709961
0.11436724662780762
0.11895036697387695
0.1251392364501953
0.10824251174926758
0.11105012893676758
0.006722688674926758
0.011903524398803711
0.011949539184570312
0.009192466735839844
0.02832961082458496
0.010286808013916016
0.02170276641845703
0.02623462677001953
0.01721477508544922
0.05672311782836914
0.01437520980834961
0.12686729431152344
0.11040282249450684
0.15720367431640625
0.10799384117126465
0.09364914894104004
0.08619499206542969
0.09027385711669922
0.09794974327087402
0.09123969078063965
0.08430361747741699
0.1173560619354248
0.11751389503479004
0.08609652519226074
0.11668276786804199
0.13866782188415527
0.09503388404846191
0.10819005966186523
0.09858560562133789
0.11109066009521484
0.12357854843139648
0.08093667030334473
0.1769101619720459
0.11819577217102051
0.07663989067077637
0.0802764892578125
0.1698915958404541
0.12420272827148438
0.20659208297729492
0.08892822265625
0.15338802337646484
0.13704490661621094
0.15413260459899902
0.13404560089111328
0.09980249404907227
0.10791468620300293
0.1427152156829834
0.09692263603210449
0.11522364616394043
0.0784001350402832
0.11978483200073242
0.15091776847839355
0.0941934585571289
0.13214349746704102
0.10590434074401855
0.10434198379516602
0.07378005981445312
0.06589126586914062
0.0665426254272461
0.08007240295410156
0.13971424102783203
0.13436627388000488
0.09939289093017578
0.07149171829223633
0.06939005851745605
0.08798360824584961
0.1159048080444336
0.06286120414733887
0.06343960762023926
0.0474545955657959
0.05808091163635254
0.04626584053039551
0.052826881408691406
0.08422088623046875
0.04557991027832031
0.05588364601135254
0.05281400680541992
0.04657483100891113
0.10729074478149414
0.09608674049377441
0.047623634338378906
0.06084489822387695
0.06937599182128906
0.04311561584472656
0.04077029228210449
0.054733991622924805
0.05351543426513672
0.05590963363647461
0.042311906814575195
0.0480656623840332
0.060492515563964844
0.04696154594421387
0.0479884147644043
0.048229217529296875
0.06284713745117188
0.04983234405517578
0.052361488342285156
0.05044698715209961
0.07152509689331055
0.06920027732849121
0.06790852546691895
0.07989621162414551
0.07228875160217285
0.06250834465026855
0.07999634742736816
0.0732271671295166
0.07084417343139648
0.06349992752075195
0.06379008293151855
0.06638145446777344
0.06448912620544434
0.07652902603149414
0.07889127731323242
0.07611989974975586
0.0590052604675293
0.07332754135131836
0.06259751319885254
0.07428336143493652
0.06207108497619629
0.06705451011657715
0.06773900985717773
0.0692453384399414
0.06733012199401855
0.0851755142211914
0.11653470993041992
0.07164812088012695
0.06609821319580078
0.07024717330932617
0.07024550437927246
0.0874929428100586
0.0741720199584961
0.07192087173461914
0.08451175689697266
0.07423019409179688
0.07701611518859863
0.06994962692260742
0.07730245590209961
0.07055163383483887
0.07258343696594238
0.08581280708312988
0.07232475280761719
0.14824843406677246
0.0493776798248291
0.19608855247497559
0.24887347221374512
0.14232468605041504
0.10737299919128418
0.419492244720459
0.19868159294128418
0.1867232322692871
0.19367408752441406
0.2775559425354004
0.10385847091674805
0.21893906593322754
0.5835726261138916
0.4210186004638672
0.20295476913452148
0.15158891677856445
0.08735823631286621
0.15446996688842773
0.1077425479888916
0.11343789100646973
0.14877080917358398
0.08645129203796387
0.09609198570251465
0.1403646469116211
0.0932912826538086
0.14625954627990723
0.1366112232208252
0.06568551063537598
0.11034941673278809
0.10100436210632324
0.0820167064666748
0.18234705924987793
0.08923506736755371
0.053734779357910156
0.09866094589233398
0.07040143013000488
0.07400846481323242
0.0751190185546875
0.08406448364257812
0.04636716842651367
0.06016063690185547
0.04858255386352539
0.05478978157043457
0.05142498016357422
0.08716487884521484
0.06023430824279785
0.07911920547485352
0.10663914680480957
0.05098128318786621
0.07458043098449707
0.043517351150512695
0.07012414932250977
0.12386584281921387
0.22429752349853516
0.1347522735595703
0.11165118217468262
0.18256044387817383
0.2580544948577881
0.23769497871398926
0.07528853416442871
0.06892013549804688
0.10516595840454102
0.1029961109161377
0.1535170078277588
0.17149829864501953
0.15010547637939453
0.11949706077575684
0.07062172889709473
0.09047484397888184
0.1088869571685791
0.0811774730682373
0.12335205078125
0.08227348327636719
0.10433316230773926
0.06351161003112793
0.06665587425231934
0.06153392791748047
0.06467819213867188
0.09650111198425293
0.08933424949645996
0.15071678161621094
0.11467981338500977
0.21180009841918945
0.1090993881225586
0.06834244728088379
0.05392003059387207
0.08123493194580078
0.06487917900085449
0.057471275329589844
0.1438605785369873
0.09916210174560547
0.11227011680603027
0.07355475425720215
0.08492588996887207
0.07138609886169434
0.3142814636230469
0.10649442672729492
0.10723114013671875
0.10630393028259277
0.08781075477600098
0.07148957252502441
0.09308028221130371
0.15906357765197754
0.08103680610656738
0.09607243537902832
0.06958150863647461
0.0867924690246582
0.07243514060974121
0.08284425735473633
0.2459728717803955
0.15877532958984375
0.15696954727172852
0.08715581893920898
0.08677840232849121
0.07404065132141113
0.10019683837890625
0.07726669311523438
0.07690024375915527
0.10180878639221191
0.10573077201843262
0.1400282382965088
0.05128836631774902
0.08066463470458984
0.08605551719665527
0.033687591552734375
0.0493772029876709
0.1359565258026123
0.06354308128356934
0.15663862228393555
0.07642841339111328
0.13459062576293945
0.12319254875183105
0.03128409385681152
0.18222832679748535
0.15252017974853516
0.10966086387634277
0.14829754829406738
0.22980618476867676
0.12716412544250488
0.1635746955871582
0.10874414443969727
0.1417522430419922
0.12125945091247559
0.11065316200256348
0.10432100296020508
0.10445356369018555
0.11046290397644043
0.11121082305908203
0.1224064826965332
0.15362071990966797
0.14612388610839844
0.11006999015808105
0.14603781700134277
0.1896684169769287
0.15709829330444336
0.13007426261901855
0.1281883716583252
0.10878443717956543
0.1842794418334961
0.125838041305542
0.15562152862548828
0.10298705101013184
0.11358189582824707
0.12291526794433594
0.12035846710205078
0.08802366256713867
0.1211245059967041
0.09171271324157715
0.1384906768798828
0.08942580223083496
0.1263575553894043
0.13161230087280273
0.13841915130615234
0.06690859794616699
0.11013674736022949
0.10549616813659668
0.09236598014831543
0.11154437065124512
0.11164402961730957
0.09111285209655762
0.13279080390930176
0.06973147392272949
0.10703086853027344
0.08270788192749023
0.07371902465820312
0.06712722778320312
0.0693974494934082
0.06434392929077148
0.07932209968566895
0.06894445419311523
0.06833958625793457
0.08354711532592773
0.15802001953125
0.07148528099060059
0.0615842342376709
0.05248379707336426
0.04128122329711914
0.050841331481933594
0.043904781341552734
0.040720462799072266
0.046064138412475586
0.05520486831665039
0.06192183494567871
0.05912947654724121
0.048639774322509766
0.06248760223388672
0.07675623893737793
0.06667232513427734
0.06914401054382324
0.07521700859069824
0.070404052734375
0.0700979232788086
0.06509542465209961
0.07121968269348145
0.07610201835632324
0.06295943260192871
0.06371498107910156
0.08600330352783203
0.061864376068115234
0.0643467903137207
0.06816935539245605
0.08167481422424316
0.06440258026123047
0.06261444091796875
0.057839393615722656
0.0579226016998291
0.07676124572753906
0.06723427772521973
0.05875253677368164
0.07005548477172852
0.06403422355651855
0.06511712074279785
0.052904605865478516
0.05763649940490723
0.07352972030639648
0.054609060287475586
0.05548095703125
0.07560396194458008
0.09144067764282227
0.05907106399536133
0.06876826286315918
0.07523131370544434
0.05551862716674805
0.056459665298461914
0.07152009010314941
0.0634145736694336
0.07160282135009766
0.05587601661682129
0.06790351867675781
0.05102133750915527
0.051209211349487305
0.0522923469543457
0.05796551704406738
0.06062436103820801
0.07159948348999023
0.06287789344787598
0.06585335731506348
0.07832717895507812
0.06882739067077637
0.08027148246765137
0.06689453125
0.06136369705200195
0.05977916717529297
0.06900691986083984
0.06212615966796875
0.07035613059997559
0.07085204124450684
0.07523441314697266
0.06672835350036621
0.07242488861083984
0.07040190696716309
0.06947827339172363
0.08271145820617676
0.08127856254577637
0.07474040985107422
0.0840451717376709
0.08427596092224121
0.15544366836547852
0.06604886054992676
0.06718850135803223
0.08137273788452148
0.06721258163452148
0.08280205726623535
0.06881833076477051
0.07131052017211914
0.13337063789367676
0.1072382926940918
0.14084553718566895
0.10029053688049316
0.09689974784851074
0.0924983024597168
0.09508824348449707
0.1120157241821289
0.08441448211669922
0.17694950103759766
0.09480404853820801
0.11658787727355957
0.07232213020324707
0.07268905639648438
0.07199788093566895
0.08067607879638672
0.0695497989654541
0.12268877029418945
0.0765528678894043
0.08695507049560547
0.06528234481811523
0.06746530532836914
0.10144972801208496
0.06479597091674805
0.12420415878295898
0.07247185707092285
0.06725692749023438
0.08528351783752441
0.05864977836608887
0.1490788459777832
0.07629251480102539
0.1438274383544922
0.04965043067932129
0.06254386901855469
0.2200009822845459
0.11703181266784668
0.0345768928527832
0.12348127365112305
0.09119367599487305
0.18557977676391602
0.15640640258789062
0.13882923126220703
0.17069673538208008
0.12485980987548828
0.10814452171325684
0.10744500160217285
0.17227482795715332
0.07996892929077148
0.04236006736755371
0.035269737243652344
0.1630263328552246
0.10292720794677734
0.06113100051879883
0.11732196807861328
0.17574548721313477
0.13289737701416016
0.1328434944152832
0.1444077491760254
0.12759900093078613
0.09870243072509766
0.10109567642211914
0.21123075485229492
0.10349082946777344
0.13423538208007812
0.12351489067077637
0.11109662055969238
0.09572076797485352
0.12116599082946777
0.07533383369445801
0.1614234447479248
0.05378437042236328
0.05578732490539551
0.06691288948059082
0.056746482849121094
0.05386996269226074
0.056774139404296875
0.11254525184631348
0.07417583465576172
0.05184125900268555
0.08710074424743652
0.14025306701660156
0.16867494583129883
0.2148447036743164
0.04800009727478027
0.06626319885253906
0.057866811752319336
0.0978543758392334
0.0537264347076416
0.012739896774291992
0.1325550079345703
0.13083767890930176
0.129180908203125
0.1734318733215332
0.07074689865112305
0.0657200813293457
0.07704401016235352
0.27448010444641113
0.06638956069946289
0.3872859477996826
0.27294087409973145
0.0799264907836914
0.036537885665893555
0.04752802848815918
0.043845415115356445
0.049059152603149414
0.021064043045043945
0.036435604095458984
0.08283662796020508
0.0224761962890625
0.033173322677612305
0.0436556339263916
0.031069517135620117
0.01562809944152832
0.11951828002929688
0.12090659141540527
0.49158215522766113
0.35054874420166016
0.13631296157836914
0.04549241065979004
0.0406339168548584
0.06896042823791504
0.02908802032470703
0.028202533721923828
0.07835674285888672
0.030362844467163086
0.06321430206298828
0.0661778450012207
0.06725692749023438
0.0295565128326416
0.1827843189239502
0.03960466384887695
0.16147541999816895
0.013994932174682617
0.09128093719482422
0.11064720153808594
0.44074487686157227
0.2223949432373047
0.11926126480102539
0.17729592323303223
0.1744992733001709
0.06779837608337402
0.04160881042480469
0.36729955673217773
0.18503046035766602
0.2167809009552002
0.05773615837097168
0.08225107192993164
0.03109145164489746
0.03536081314086914
0.15445184707641602
0.19079375267028809
0.07459783554077148
0.22381281852722168
0.06978154182434082
0.09670472145080566
0.07845401763916016
0.07182788848876953
0.04469609260559082
0.0424342155456543
0.0852048397064209
0.07994270324707031
0.07443952560424805
0.06423497200012207
0.04814338684082031
0.04568290710449219
0.05948233604431152
0.05066204071044922
0.09809446334838867
0.1091759204864502
0.09085845947265625
0.18012619018554688
0.13972878456115723
0.17168903350830078
0.12106108665466309
0.09200096130371094
0.13210701942443848
0.22237944602966309
0.06203460693359375
0.32708168029785156
0.1848597526550293
0.45142316818237305
0.2260761260986328
0.0642697811126709
0.04570817947387695
0.03311920166015625
0.12662220001220703
0.13374042510986328
0.09500646591186523
0.1074366569519043
0.17100977897644043
0.1721343994140625
0.19645380973815918
0.11501026153564453
0.08544516563415527
0.12408328056335449
0.17546844482421875
0.17297625541687012
