0.03899121284484863
0.17452263832092285
0.07321643829345703
0.16109228134155273
0.02620553970336914
0.13885498046875
0.06674599647521973
0.14789938926696777
0.1414966583251953
0.13156938552856445
0.036196231842041016
0.22417044639587402
0.13558506965637207
0.15075969696044922
0.12454366683959961
0.020554542541503906
0.14158892631530762
0.14156317710876465
0.04141640663146973
0.029998064041137695
0.028738021850585938
0.03594326972961426
0.04657292366027832
0.03220343589782715
0.02523040771484375
0.032320499420166016
0.030248403549194336
0.043412208557128906
0.03331112861633301
0.03005528450012207
0.04716968536376953
0.04218554496765137
0.038659095764160156
0.1555798053741455
0.08436942100524902
0.05395627021789551
0.03925919532775879
0.056159257888793945
0.04320693016052246
0.042487144470214844
0.03863525390625
0.039746761322021484
0.04878520965576172
0.06027817726135254
0.048242807388305664
0.049251556396484375
0.06591606140136719
0.0654764175415039
0.05064988136291504
0.04802560806274414
0.06308150291442871
0.061681270599365234
0.04895162582397461
0.062090396881103516
0.06140565872192383
0.05682110786437988
0.05747818946838379
0.05853629112243652
0.05590319633483887
0.06105637550354004
0.06069517135620117
0.06812477111816406
0.0709846019744873
0.0597381591796875
0.062195777893066406
0.06554126739501953
0.07942485809326172
0.07456016540527344
0.08630847930908203
0.07122325897216797
0.08958053588867188
0.09195137023925781
0.06850385665893555
0.0740206241607666
0.08475637435913086
0.09228253364562988
0.08876895904541016
0.0934908390045166
0.09050297737121582
0.08386111259460449
0.10199809074401855
0.10064101219177246
0.09940028190612793
0.09391427040100098
0.09878969192504883
0.12271904945373535
0.08713030815124512
0.0883185863494873
0.08929634094238281
0.09372901916503906
0.09721660614013672
0.09691572189331055
0.11063838005065918
0.10991883277893066
0.09411501884460449
0.0991823673248291
0.1012115478515625
0.11983728408813477
0.10072588920593262
0.10508036613464355
0.10714149475097656
0.1070408821105957
0.10591983795166016
0.10584688186645508
0.10590600967407227
0.11678862571716309
0.12239956855773926
0.12147021293640137
0.12623333930969238
0.10923504829406738
0.11509132385253906
0.1258862018585205
0.01781153678894043
0.024019956588745117
0.012658119201660156
0.031219959259033203
0.027291059494018555
0.030886411666870117
0.023421764373779297
0.03171586990356445
0.024743318557739258
0.020781278610229492
0.05248618125915527
0.021184206008911133
0.01797008514404297
0.0488739013671875
0.019957542419433594
0.01995563507080078
0.020177841186523438
0.023471832275390625
0.022977590560913086
0.025479555130004883
0.027802228927612305
0.03168463706970215
0.03558993339538574
0.048163414001464844
0.032073259353637695
0.02921748161315918
0.04434561729431152
0.03126382827758789
0.06171917915344238
0.05270051956176758
0.057159423828125
0.05644536018371582
0.04259514808654785
0.03860831260681152
0.05228114128112793
0.03749489784240723
0.038338422775268555
0.04484987258911133
0.0564424991607666
0.04912614822387695
0.04718184471130371
0.05483579635620117
0.03590226173400879
0.03667187690734863
0.037035465240478516
0.042406558990478516
0.04796290397644043
0.04315519332885742
0.04617452621459961
0.058296918869018555
0.05633258819580078
0.06559538841247559
0.04653501510620117
0.05492115020751953
0.05671834945678711
0.10281944274902344
0.05309486389160156
0.05586647987365723
0.06879448890686035
0.05391693115234375
0.06544852256774902
0.06337332725524902
0.057587623596191406
0.0819551944732666
0.0946958065032959
0.06107354164123535
0.07690048217773438
0.056694746017456055
0.07559323310852051
0.05966830253601074
0.06433463096618652
0.07642984390258789
0.08008027076721191
0.07470893859863281
0.06220245361328125
0.07178544998168945
0.06114077568054199
0.08054375648498535
0.05368638038635254
0.06815266609191895
0.07665205001831055
0.06062507629394531
0.06390023231506348
0.07318329811096191
0.054548025131225586
0.05877995491027832
0.04706835746765137
0.04745626449584961
0.04426431655883789
0.044595956802368164
0.046961069107055664
0.04932236671447754
0.04940152168273926
0.0473170280456543
0.05272531509399414
0.06399941444396973
0.028528213500976562
0.033376216888427734
0.02933788299560547
0.02860736846923828
0.031757354736328125
0.03751397132873535
0.05617189407348633
0.03989768028259277
0.02488422393798828
0.024811983108520508
0.04320573806762695
0.0400850772857666
0.022614002227783203
0.035071611404418945
0.022285938262939453
0.04595303535461426
0.02337169647216797
0.03380322456359863
0.0308682918548584
0.03646111488342285
0.025038480758666992
0.043328285217285156
0.04315495491027832
0.02570343017578125
0.028219223022460938
0.030323266983032227
0.0315093994140625
0.019664287567138672
0.02383589744567871
0.03720736503601074
0.02172708511352539
0.03772759437561035
0.04422259330749512
0.03306913375854492
0.03757977485656738
0.03275656700134277
0.03233456611633301
0.023329496383666992
0.04576516151428223
0.034253835678100586
0.01951146125793457
0.02616405487060547
0.03890657424926758
0.039465904235839844
0.030935287475585938
0.03244972229003906
0.03351926803588867
0.0518336296081543
0.0444185733795166
0.04466557502746582
0.04121994972229004
0.049959421157836914
0.03173232078552246
0.04461097717285156
0.031644582748413086
0.03380918502807617
0.04250836372375488
0.03690290451049805
0.052892208099365234
0.04044294357299805
0.05879497528076172
0.04538702964782715
0.05041098594665527
0.03640866279602051
0.03918576240539551
0.052529096603393555
0.03911948204040527
0.03357124328613281
0.039011240005493164
0.03794407844543457
0.04393434524536133
0.049695730209350586
0.04206252098083496
0.03843545913696289
0.040544986724853516
0.04702901840209961
0.0460515022277832
0.051427364349365234
0.03725767135620117
0.046825408935546875
0.05378532409667969
0.05718731880187988
0.036870479583740234
0.053133249282836914
0.0339512825012207
0.051988840103149414
0.14123773574829102
0.04030036926269531
0.14298534393310547
0.051282644271850586
0.14809107780456543
0.1448652744293213
0.05725240707397461
0.05605196952819824
0.18988776206970215
0.16536235809326172
0.05023050308227539
0.05911874771118164
0.14599084854125977
0.13957786560058594
0.03699946403503418
0.14240097999572754
0.04099464416503906
0.047155141830444336
0.04275822639465332
0.054468393325805664
0.04293179512023926
0.057186126708984375
0.04174923896789551
0.046034812927246094
0.04290151596069336
0.07034516334533691
0.06319832801818848
0.048330068588256836
0.0644521713256836
0.058609962463378906
0.14909839630126953
0.055056095123291016
0.05756258964538574
0.060369014739990234
0.07107305526733398
0.0700235366821289
0.06154060363769531
0.07828402519226074
0.06523013114929199
0.06784343719482422
0.07337379455566406
0.1864757537841797
0.17870235443115234
0.14058780670166016
0.050050973892211914
0.12537908554077148
0.13961124420166016
0.12829971313476562
0.10770750045776367
0.10751104354858398
0.1077725887298584
0.12222886085510254
0.025967121124267578
0.007148027420043945
0.023262500762939453
0.015980958938598633
0.01323080062866211
0.030320167541503906
0.014829397201538086
0.02264714241027832
0.020952463150024414
0.027457237243652344
0.020603418350219727
0.018306255340576172
0.016012907028198242
0.014631271362304688
0.03467607498168945
0.03305697441101074
0.03474140167236328
0.032012939453125
0.02606940269470215
0.03405356407165527
0.03145956993103027
0.0370481014251709
0.027065038681030273
0.041687965393066406
0.021209001541137695
0.030275583267211914
0.03519248962402344
0.036943674087524414
0.03918790817260742
0.03693866729736328
0.03805041313171387
0.04252219200134277
0.02804112434387207
0.026975631713867188
0.03474926948547363
0.03600168228149414
0.042951107025146484
0.07829642295837402
0.045083045959472656
0.047342777252197266
0.03329348564147949
0.03821873664855957
0.038645029067993164
0.053032875061035156
0.03606081008911133
0.03526139259338379
0.04943060874938965
0.051451683044433594
0.038082122802734375
0.05351972579956055
0.03982686996459961
0.05810427665710449
0.038385629653930664
0.04161548614501953
0.0374453067779541
0.06195855140686035
0.0427858829498291
0.045458078384399414
0.03370261192321777
0.05790853500366211
0.0607147216796875
0.03817391395568848
0.06154751777648926
0.07148170471191406
0.04286623001098633
0.03400421142578125
0.04734396934509277
0.03752470016479492
0.04349398612976074
0.05351972579956055
0.047971248626708984
0.03106093406677246
0.03374767303466797
0.032258033752441406
0.028033733367919922
0.02764129638671875
0.031723737716674805
0.04242897033691406
0.028206348419189453
0.03026556968688965
0.04571390151977539
0.04632425308227539
0.046071529388427734
0.03519439697265625
0.03620624542236328
0.07098603248596191
0.04614424705505371
0.03354954719543457
0.040349721908569336
0.043657541275024414
0.03693532943725586
0.053031206130981445
0.04242110252380371
0.046942710876464844
0.04123854637145996
0.05549740791320801
0.04987478256225586
0.058629751205444336
0.045943260192871094
0.05212235450744629
0.04443812370300293
0.05303764343261719
0.04818296432495117
0.04552721977233887
0.04982399940490723
0.1175999641418457
0.059490203857421875
0.08112335205078125
0.04686880111694336
0.04912090301513672
0.051688194274902344
0.052301883697509766
0.04619431495666504
0.04382658004760742
0.045931339263916016
0.0594477653503418
0.04785752296447754
0.11528182029724121
0.029518604278564453
0.07248663902282715
0.2735612392425537
0.12323856353759766
0.11502432823181152
0.10391545295715332
0.10972929000854492
0.1119835376739502
0.1097567081451416
0.11799073219299316
0.022329330444335938
0.024288177490234375
0.01666545867919922
0.030237197875976562
0.017040491104125977
0.014023065567016602
0.014884710311889648
0.12290549278259277
0.13132619857788086
0.11042475700378418
0.1745920181274414
0.09038686752319336
0.07790899276733398
0.0830845832824707
0.10877418518066406
0.11600446701049805
0.06727743148803711
0.060742855072021484
0.06271862983703613
0.07816720008850098
0.05875229835510254
0.06971025466918945
0.05491805076599121
0.05515313148498535
0.056287527084350586
0.06032514572143555
0.06047630310058594
0.09115195274353027
0.03749537467956543
0.039429426193237305
0.04421257972717285
0.061122894287109375
0.06940126419067383
0.03910660743713379
0.03929567337036133
0.04855227470397949
0.04076123237609863
0.04554033279418945
0.04175972938537598
0.04542875289916992
0.049649715423583984
0.04915952682495117
0.06130170822143555
0.04762601852416992
0.04743313789367676
0.048609018325805664
0.05945897102355957
0.05160713195800781
0.03602099418640137
0.024526596069335938
0.028939008712768555
0.05311250686645508
0.046007633209228516
0.03208112716674805
0.03507351875305176
0.04244637489318848
0.05225372314453125
0.05228090286254883
0.05296134948730469
0.0583958625793457
0.06168723106384277
0.06050467491149902
0.06076526641845703
0.07384562492370605
0.041043758392333984
0.056977272033691406
0.0696570873260498
0.1221926212310791
0.16080904006958008
0.0972743034362793
0.16176915168762207
0.20339131355285645
0.172074556350708
0.12276816368103027
0.09677648544311523
0.0744788646697998
0.0643312931060791
0.04678630828857422
0.07109904289245605
0.0390172004699707
0.04598593711853027
0.15063118934631348
0.11869382858276367
0.21319198608398438
0.10498809814453125
0.1313304901123047
0.4346320629119873
0.22132325172424316
0.1244654655456543
0.12445330619812012
0.1296854019165039
0.11716723442077637
0.12030434608459473
0.12136483192443848
0.11923456192016602
0.11425042152404785
0.11641836166381836
0.1062159538269043
0.09313368797302246
0.10967445373535156
0.09383893013000488
0.1070108413696289
0.09934663772583008
0.10191583633422852
0.10828471183776855
0.1273791790008545
0.11017012596130371
0.1018667221069336
0.11812376976013184
0.12449002265930176
0.16550374031066895
0.15023589134216309
0.13594770431518555
0.11189746856689453
0.11325192451477051
0.11305499076843262
0.1114802360534668
0.11442255973815918
0.12749004364013672
0.012667417526245117
0.12845993041992188
0.13407492637634277
0.12221240997314453
0.11918497085571289
0.21523118019104004
0.1309068202972412
0.12981295585632324
0.13202595710754395
0.11320137977600098
0.10909175872802734
0.11505961418151855
0.01080322265625
0.010494470596313477
0.01340627670288086
0.013082027435302734
0.01415109634399414
0.020030498504638672
0.014901399612426758
0.023591995239257812
0.01555013656616211
0.03715062141418457
0.03475809097290039
0.19440388679504395
0.15876126289367676
0.1759798526763916
0.12659120559692383
0.1136331558227539
0.08743500709533691
0.09198808670043945
0.10312080383300781
0.10580205917358398
0.10621190071105957
0.10890412330627441
0.13243508338928223
0.08709216117858887
0.11510205268859863
0.09802865982055664
0.0904991626739502
0.09950089454650879
0.0993814468383789
0.11367464065551758
0.12069892883300781
0.10655426979064941
0.11740922927856445
0.14360928535461426
0.10108184814453125
0.08240270614624023
0.18943428993225098
0.18758702278137207
0.12592411041259766
0.09554719924926758
0.16573715209960938
0.12448740005493164
0.13811898231506348
0.1377265453338623
0.11213850975036621
0.10033130645751953
0.13042283058166504
0.11807465553283691
0.11555361747741699
0.08728265762329102
0.14940905570983887
0.15117478370666504
0.1063692569732666
0.13457345962524414
0.10371756553649902
0.09868407249450684
0.07606387138366699
0.08719968795776367
0.06771016120910645
0.07042956352233887
0.11777234077453613
0.11316466331481934
0.0777120590209961
0.09022808074951172
0.08050942420959473
0.0848703384399414
0.10223770141601562
0.0709373950958252
0.08403825759887695
0.06510257720947266
0.048139095306396484
0.06645345687866211
0.049765825271606445
0.1020047664642334
0.06348037719726562
0.06365609169006348
0.0508112907409668
0.05298614501953125
0.09120392799377441
0.0541689395904541
0.056509971618652344
0.062015533447265625
0.07716631889343262
0.04080057144165039
0.05790114402770996
0.05992531776428223
0.05041623115539551
0.04651236534118652
0.05223345756530762
0.05525040626525879
0.05696606636047363
0.04773974418640137
0.05176115036010742
0.04894733428955078
0.06429028511047363
0.05982208251953125
0.07299375534057617
0.05706906318664551
0.05851340293884277
0.07346463203430176
0.06658411026000977
0.06514215469360352
0.06078910827636719
0.07513928413391113
0.0697321891784668
0.0759572982788086
0.07783985137939453
0.07999563217163086
0.061356306076049805
0.0756378173828125
0.07536125183105469
0.06310820579528809
0.0703287124633789
0.07573461532592773
0.07012128829956055
0.07641887664794922
0.0612032413482666
0.06466555595397949
0.06266260147094727
0.06494784355163574
0.06983160972595215
0.08135771751403809
0.06804680824279785
0.0688326358795166
0.1154639720916748
0.0702211856842041
0.07595205307006836
0.07213521003723145
0.08613038063049316
0.0794517993927002
0.09043359756469727
0.08329129219055176
0.07247400283813477
0.07842040061950684
0.0787954330444336
0.08283114433288574
0.07947897911071777
0.07152938842773438
0.08016061782836914
0.08314347267150879
0.14493417739868164
0.1620333194732666
0.1089019775390625
0.5375030040740967
0.3226892948150635
0.14831042289733887
0.14755821228027344
0.25579118728637695
0.4517068862915039
0.4904613494873047
0.2670583724975586
0.6116552352905273
0.3928794860839844
0.16909527778625488
0.472808837890625
0.20247387886047363
0.14758658409118652
0.1651618480682373
0.11830401420593262
0.09716486930847168
0.13313579559326172
0.13436436653137207
0.12534475326538086
0.0920414924621582
0.1310865879058838
0.13790106773376465
0.19539737701416016
0.22135210037231445
0.0991508960723877
0.11954450607299805
0.12394833564758301
0.12734746932983398
0.12082767486572266
0.1531059741973877
0.08335185050964355
0.05635643005371094
0.12394928932189941
0.07047319412231445
0.07849860191345215
0.05142521858215332
0.08417654037475586
0.06723785400390625
0.08254265785217285
0.09037017822265625
0.0567624568939209
0.13867425918579102
0.09774947166442871
0.057355403900146484
0.06505608558654785
0.05988478660583496
0.0758812427520752
0.07324671745300293
0.17081475257873535
0.07208704948425293
0.11052918434143066
0.22241497039794922
0.16463780403137207
0.13593840599060059
0.188493013381958
0.24240970611572266
0.27686524391174316
0.07878351211547852
0.11352086067199707
0.08614850044250488
0.09778642654418945
0.07402157783508301
0.15301990509033203
0.12853264808654785
0.12135577201843262
0.11862874031066895
0.0766904354095459
0.08134317398071289
0.10965347290039062
0.08627748489379883
0.09904313087463379
0.08384919166564941
0.07839035987854004
0.06533193588256836
0.06834936141967773
0.06563186645507812
0.18168258666992188
0.0905768871307373
0.16286635398864746
0.15412640571594238
0.20426416397094727
0.057637691497802734
0.13255572319030762
0.08505058288574219
0.1435244083404541
0.11373734474182129
0.07043147087097168
0.05029630661010742
0.06538653373718262
0.0919647216796875
0.049573659896850586
0.10934019088745117
0.055528879165649414
0.28396177291870117
0.10644149780273438
0.07813453674316406
0.11107587814331055
0.09527111053466797
0.10507655143737793
0.07410335540771484
0.1164093017578125
0.07563519477844238
0.06882452964782715
0.08952498435974121
0.08716511726379395
0.1554574966430664
0.24156403541564941
0.23334932327270508
0.14591479301452637
0.15675711631774902
0.08982253074645996
0.07907533645629883
0.0989534854888916
0.12613153457641602
0.07813286781311035
0.08787751197814941
0.08251285552978516
0.06985712051391602
0.09441184997558594
0.07012677192687988
0.06268644332885742
0.08547687530517578
0.08136224746704102
0.05919909477233887
0.17299151420593262
0.09004354476928711
0.19160723686218262
0.06530499458312988
0.1330273151397705
0.12222886085510254
0.04973411560058594
0.17804718017578125
0.16679000854492188
0.11065530776977539
0.14405250549316406
0.22581124305725098
0.1287379264831543
0.1610720157623291
0.1277306079864502
0.1866452693939209
0.13899445533752441
0.18267440795898438
0.10551643371582031
0.11668872833251953
0.12967967987060547
0.13490891456604004
0.13256216049194336
0.1834888458251953
0.13780641555786133
0.11131143569946289
0.11890053749084473
0.13996505737304688
0.09927225112915039
0.13889241218566895
0.13796234130859375
0.1335160732269287
0.17323756217956543
0.1354382038116455
0.13207626342773438
0.11187362670898438
0.15758991241455078
0.10816121101379395
0.12097334861755371
0.10597443580627441
0.0918271541595459
0.12105536460876465
0.10385990142822266
0.14822673797607422
0.12744903564453125
0.09308290481567383
0.14867591857910156
0.1352229118347168
0.09452557563781738
0.0918586254119873
0.09601569175720215
0.06282353401184082
0.0698251724243164
0.11885643005371094
0.10909271240234375
0.11296916007995605
0.12062573432922363
0.07852530479431152
0.08159613609313965
0.06556439399719238
0.0714421272277832
0.07884860038757324
0.08423733711242676
0.08804655075073242
0.0840766429901123
0.08702301979064941
0.1765906810760498
0.04123353958129883
0.07774591445922852
0.04427289962768555
0.03986406326293945
0.03955268859863281
0.04237723350524902
0.051577091217041016
0.043970584869384766
0.055750370025634766
0.07032608985900879
0.046938419342041016
0.05957961082458496
0.05250144004821777
0.056380271911621094
0.07470417022705078
0.056351423263549805
0.06638193130493164
0.06232810020446777
0.07614731788635254
0.07881331443786621
0.07209086418151855
0.06402373313903809
0.07939481735229492
0.06874871253967285
0.06549715995788574
0.06289792060852051
0.07448315620422363
0.08753275871276855
0.0789647102355957
0.06165623664855957
0.07006311416625977
0.06972241401672363
0.07221245765686035
0.07481217384338379
0.07484006881713867
0.05976581573486328
0.06335949897766113
0.05211520195007324
0.05724334716796875
0.06322574615478516
0.05423593521118164
0.05997490882873535
0.05783414840698242
0.056479454040527344
0.0715179443359375
0.06323051452636719
0.07172203063964844
0.06112408638000488
0.05510377883911133
0.0628364086151123
0.054445505142211914
0.054857492446899414
0.060132741928100586
0.07492280006408691
0.07547116279602051
0.058534860610961914
0.056369781494140625
0.05651450157165527
0.05327916145324707
0.05975055694580078
0.07771158218383789
0.06343698501586914
0.06145977973937988
0.06365108489990234
0.07456731796264648
0.06706500053405762
0.0831153392791748
0.08023691177368164
0.06429100036621094
0.06063580513000488
0.07799744606018066
0.06290864944458008
0.07737565040588379
0.07585382461547852
0.07783269882202148
0.07866263389587402
0.06476569175720215
0.0836324691772461
0.07494378089904785
0.07145953178405762
0.08285927772521973
0.07899641990661621
0.09217023849487305
0.07552361488342285
0.1708533763885498
0.05988764762878418
0.06585979461669922
0.07407927513122559
0.07992386817932129
0.10803651809692383
0.0713205337524414
0.07229161262512207
0.0822756290435791
0.2503514289855957
0.1441950798034668
0.09717345237731934
0.09351563453674316
0.10007357597351074
0.10156869888305664
0.12680578231811523
0.1175687313079834
0.24829936027526855
0.09564614295959473
0.12783575057983398
0.08476734161376953
0.09129953384399414
0.12395668029785156
0.07680320739746094
0.08114147186279297
0.14163708686828613
0.08101892471313477
0.08701372146606445
0.09949302673339844
0.1244509220123291
0.0688025951385498
0.15755176544189453
0.11530518531799316
0.07076692581176758
0.07452821731567383
0.1112363338470459
0.06447887420654297
0.11726641654968262
0.16717171669006348
0.16382575035095215
0.20804071426391602
0.025567054748535156
0.409898042678833
0.2084817886352539
0.1614687442779541
0.11075067520141602
0.07933950424194336
0.19968605041503906
0.11716890335083008
0.20078372955322266
0.16780662536621094
0.17503118515014648
0.08606600761413574
0.1612083911895752
0.09302353858947754
0.06415343284606934
0.04040050506591797
0.05192875862121582
0.11842894554138184
0.1430819034576416
0.20359563827514648
0.1181192398071289
0.1419527530670166
0.1301429271697998
0.13581132888793945
0.14197635650634766
0.12469768524169922
0.12029123306274414
0.12929534912109375
0.15680360794067383
0.17217659950256348
0.1205744743347168
0.1226644515991211
0.10278844833374023
0.1334984302520752
0.12085604667663574
0.11038398742675781
0.17014813423156738
0.10598611831665039
0.08590459823608398
0.09539055824279785
0.0714111328125
0.06274914741516113
0.06670904159545898
0.07291603088378906
0.10486817359924316
0.052813053131103516
0.08247184753417969
0.1632223129272461
0.1690998077392578
0.14996647834777832
0.15344023704528809
0.08800506591796875
0.04202866554260254
0.09530329704284668
0.12558984756469727
0.046549320220947266
0.14521098136901855
0.1265103816986084
0.15925860404968262
0.07619690895080566
0.08196425437927246
0.1043694019317627
0.060555458068847656
0.07882165908813477
0.08040237426757812
0.27380990982055664
0.14392471313476562
0.0915684700012207
0.07149195671081543
0.026036977767944336
0.04613018035888672
0.019833803176879883
0.06162738800048828
0.04004693031311035
0.15028715133666992
0.04879188537597656
0.024329423904418945
0.026805639266967773
0.021890878677368164
0.04261493682861328
0.13527178764343262
0.1402263641357422
0.49822163581848145
0.3056612014770508
0.07944178581237793
0.0609586238861084
0.027753353118896484
0.05620169639587402
0.031455039978027344
0.07520914077758789
0.04865407943725586
0.10637092590332031
0.05414581298828125
0.07899761199951172
0.09247159957885742
0.05722641944885254
0.16112089157104492
0.04235529899597168
0.15961623191833496
0.07028770446777344
0.14228343963623047
0.21298718452453613
0.20811820030212402
0.35875964164733887
0.13927364349365234
0.2084190845489502
0.1471714973449707
0.046198368072509766
0.05389285087585449
0.17544054985046387
0.15381169319152832
0.14165425300598145
0.039534807205200195
0.05324745178222656
0.05785489082336426
0.026831388473510742
0.10220909118652344
0.14560580253601074
0.07152986526489258
0.25219297409057617
0.09063291549682617
0.07603812217712402
0.045800209045410156
0.07601404190063477
0.0574955940246582
0.0408475399017334
0.09437727928161621
0.03135037422180176
0.0249021053314209
0.02298283576965332
0.05048871040344238
0.06564760208129883
0.062229156494140625
0.04205322265625
0.02258777618408203
0.1000983715057373
0.044922828674316406
0.17490434646606445
0.1302809715270996
0.1614842414855957
0.12070608139038086
0.14655852317810059
0.21247243881225586
0.19801545143127441
0.06333231925964355
0.3415505886077881
0.058868408203125
0.15143966674804688
0.1621253490447998
0.14290571212768555
0.12595868110656738
0.08451557159423828
0.12872099876403809
0.1197049617767334
0.10594463348388672
0.10985279083251953
0.17534613609313965
0.1081092357635498
0.16406011581420898
0.16373538970947266
0.0865316390991211
0.15691757202148438
0.11765885353088379
0.1633307933807373
0.16260504722595215
