0.13895368576049805
0.05515170097351074
0.17654633522033691
0.046231985092163086
0.1312401294708252
0.07277798652648926
0.15069866180419922
0.14451932907104492
0.13606047630310059
0.03656435012817383
0.2384965419769287
0.13905787467956543
0.13973426818847656
0.13303565979003906
0.040696144104003906
0.1415085792541504
0.14054632186889648
0.025446414947509766
0.03987908363342285
0.02841925621032715
0.04429769515991211
0.04234600067138672
0.04221320152282715
0.027997493743896484
0.04471182823181152
0.03827834129333496
0.03103780746459961
0.04913902282714844
0.03843355178833008
0.04586076736450195
0.04756522178649902
0.03786277770996094
0.155287504196167
0.07115745544433594
0.042675018310546875
0.05968308448791504
0.05505800247192383
0.059749603271484375
0.05227494239807129
0.052680015563964844
0.05364537239074707
0.04590177536010742
0.05664491653442383
0.06019926071166992
0.04721999168395996
0.04828047752380371
0.06437063217163086
0.05003523826599121
0.05652761459350586
0.05073356628417969
0.05693221092224121
0.0647885799407959
0.06534051895141602
0.06525897979736328
0.06615591049194336
0.06259894371032715
0.06322026252746582
0.06467747688293457
0.07240724563598633
0.07185912132263184
0.07282876968383789
0.0720667839050293
0.06797575950622559
0.07486152648925781
0.06792235374450684
0.06852030754089355
0.0823812484741211
0.08443951606750488
0.08259797096252441
0.08674430847167969
0.07779955863952637
0.07158565521240234
0.08297562599182129
0.08235287666320801
0.08718991279602051
0.08235311508178711
0.07990717887878418
0.09033679962158203
0.11993408203125
0.08831334114074707
0.10300993919372559
0.09847736358642578
0.08818793296813965
0.08719134330749512
0.12241911888122559
0.08980727195739746
0.10376358032226562
0.10960078239440918
0.0987706184387207
0.1114201545715332
0.09686565399169922
0.09744524955749512
0.10725641250610352
0.10458922386169434
0.10470843315124512
0.11182880401611328
0.11725783348083496
0.10905265808105469
0.10490083694458008
0.12468791007995605
0.10649251937866211
0.10526442527770996
0.11435484886169434
0.12520337104797363
0.10866332054138184
0.11891961097717285
0.12018299102783203
0.11733317375183105
0.12302470207214355
0.12427091598510742
0.11397647857666016
0.0167999267578125
0.02396988868713379
0.021442413330078125
0.017679214477539062
0.027402400970458984
0.027258872985839844
0.02840566635131836
0.0220644474029541
0.03739571571350098
0.020060062408447266
0.05156540870666504
0.02956247329711914
0.03360939025878906
0.05257391929626465
0.019001007080078125
0.023276329040527344
0.04886364936828613
0.05215597152709961
0.023075103759765625
0.024765729904174805
0.026978731155395508
0.04483795166015625
0.04604697227478027
0.03199315071105957
0.04579472541809082
0.037757158279418945
0.043166399002075195
0.04503941535949707
0.06430721282958984
0.04707193374633789
0.0351557731628418
0.043744802474975586
0.056237220764160156
0.057798147201538086
0.05623745918273926
0.054119110107421875
0.04692721366882324
0.04304099082946777
0.044808387756347656
0.051752328872680664
0.04728579521179199
0.05308938026428223
0.04938387870788574
0.05338096618652344
0.039698123931884766
0.055356740951538086
0.06030106544494629
0.046431779861450195
0.04521632194519043
0.06185770034790039
0.04974365234375
0.061669349670410156
0.049243927001953125
0.0699453353881836
0.07075023651123047
0.06922292709350586
0.07128047943115234
0.05850052833557129
0.06264066696166992
0.06251192092895508
0.07435107231140137
0.0735018253326416
0.06606745719909668
0.07393860816955566
0.09656524658203125
0.07487010955810547
0.07557082176208496
0.059636592864990234
0.0636751651763916
0.06270313262939453
0.07464599609375
0.06856942176818848
0.06537771224975586
0.07636427879333496
0.06707549095153809
0.07167768478393555
0.0635833740234375
0.07959198951721191
0.05611705780029297
0.07213902473449707
0.07499527931213379
0.07694411277770996
0.06272435188293457
0.07212090492248535
0.0572359561920166
0.07254242897033691
0.06177997589111328
0.05949854850769043
0.0635538101196289
0.05389285087585449
0.05052351951599121
0.052271127700805664
0.05704665184020996
0.05590248107910156
0.06042313575744629
0.05944204330444336
0.04880046844482422
0.05160951614379883
0.03763747215270996
0.0426025390625
0.030889272689819336
0.041083335876464844
0.05666041374206543
0.03722834587097168
0.029844999313354492
0.0348663330078125
0.030680418014526367
0.0395660400390625
0.03570270538330078
0.033026933670043945
0.030373334884643555
0.03843045234680176
0.031760215759277344
0.027563810348510742
0.035630226135253906
0.03523111343383789
0.04305887222290039
0.0462493896484375
0.04091501235961914
0.028586387634277344
0.038483381271362305
0.04299306869506836
0.04462790489196777
0.022356033325195312
0.0337982177734375
0.03423261642456055
0.03535628318786621
0.034952640533447266
0.03497171401977539
0.04354691505432129
0.04582476615905762
0.031472206115722656
0.04194998741149902
0.039678335189819336
0.048232078552246094
0.03158760070800781
0.028065919876098633
0.03064584732055664
0.03199648857116699
0.04862260818481445
0.03532576560974121
0.03126096725463867
0.03247189521789551
0.05084681510925293
0.04253268241882324
0.046329498291015625
0.051989078521728516
0.0444948673248291
0.05080270767211914
0.046433210372924805
0.04767942428588867
0.0372159481048584
0.04732227325439453
0.039635658264160156
0.0561213493347168
0.05913186073303223
0.0405123233795166
0.038350582122802734
0.044382333755493164
0.05774855613708496
0.04851055145263672
0.05262589454650879
0.04201936721801758
0.03613781929016113
0.038786888122558594
0.04265570640563965
0.03699970245361328
0.03529644012451172
0.035521507263183594
0.04290199279785156
0.04784679412841797
0.05071282386779785
0.04039120674133301
0.05502676963806152
0.04007244110107422
0.06714916229248047
0.05855441093444824
0.0566098690032959
0.03987383842468262
0.05467033386230469
0.05565929412841797
0.053629398345947266
0.14505314826965332
0.060502052307128906
0.15690827369689941
0.053167104721069336
0.15848851203918457
0.15651392936706543
0.04386425018310547
0.0657508373260498
0.15205669403076172
0.16458821296691895
0.05449342727661133
0.05869030952453613
0.15588951110839844
0.14842891693115234
0.06134390830993652
0.15560674667358398
0.05720949172973633
0.04693746566772461
0.0421755313873291
0.05733513832092285
0.041962623596191406
0.05356001853942871
0.05631709098815918
0.04506802558898926
0.058324575424194336
0.05887460708618164
0.08477282524108887
0.06727719306945801
0.06805825233459473
0.06749296188354492
0.09313273429870605
0.060124874114990234
0.06294727325439453
0.0706167221069336
0.06524920463562012
0.08450460433959961
0.06444263458251953
0.0721588134765625
0.07503366470336914
0.07646560668945312
0.06737565994262695
0.18210363388061523
0.21070313453674316
0.10878372192382812
0.11812567710876465
0.06947517395019531
0.1291813850402832
0.11240124702453613
0.12619376182556152
0.12137269973754883
0.11660242080688477
0.11267495155334473
0.022364377975463867
0.022829771041870117
0.01860332489013672
0.025386333465576172
0.016202449798583984
0.033153533935546875
0.03553009033203125
0.020592212677001953
0.035959482192993164
0.028714656829833984
0.025104761123657227
0.026419401168823242
0.024684906005859375
0.029959678649902344
0.041394710540771484
0.026741504669189453
0.03058767318725586
0.03959512710571289
0.03656625747680664
0.030432701110839844
0.038007497787475586
0.03541898727416992
0.03833580017089844
0.027471065521240234
0.02950763702392578
0.029582738876342773
0.034674882888793945
0.02827310562133789
0.035601139068603516
0.0329890251159668
0.03727602958679199
0.043479204177856445
0.03610563278198242
0.03983259201049805
0.04181265830993652
0.04109358787536621
0.0439755916595459
0.05902576446533203
0.037200212478637695
0.04208493232727051
0.03588509559631348
0.04852867126464844
0.049448251724243164
0.044870853424072266
0.05148434638977051
0.04748368263244629
0.03977823257446289
0.053763389587402344
0.04958820343017578
0.04149746894836426
0.05481457710266113
0.06134605407714844
0.03740882873535156
0.05672812461853027
0.057552337646484375
0.052985191345214844
0.04516458511352539
0.03721785545349121
0.048805952072143555
0.049880266189575195
0.04728865623474121
0.053366661071777344
0.06350088119506836
0.05764007568359375
0.048403024673461914
0.04224133491516113
0.04489469528198242
0.050641775131225586
0.04752469062805176
0.05342864990234375
0.049574851989746094
0.03549766540527344
0.033840179443359375
0.03216123580932617
0.04261946678161621
0.04477334022521973
0.04100441932678223
0.038387298583984375
0.03281259536743164
0.02973461151123047
0.036479949951171875
0.04605913162231445
0.033725738525390625
0.03434300422668457
0.039734601974487305
0.08198904991149902
0.04677319526672363
0.036285400390625
0.0564272403717041
0.03810238838195801
0.048778533935546875
0.05076956748962402
0.054842472076416016
0.04095625877380371
0.049955129623413086
0.05431675910949707
0.05466866493225098
0.057726383209228516
0.054280757904052734
0.05084562301635742
0.04862546920776367
0.057120323181152344
0.05841469764709473
0.04820704460144043
0.061369895935058594
0.09453296661376953
0.0678553581237793
0.06173348426818848
0.060851335525512695
0.047456979751586914
0.06230640411376953
0.04594087600708008
0.05558657646179199
0.05676460266113281
0.05452227592468262
0.05273747444152832
0.33092474937438965
0.12011885643005371
0.03347182273864746
0.031173229217529297
0.21500825881958008
0.12164044380187988
0.10920023918151855
0.12414789199829102
0.10901618003845215
0.12068796157836914
0.11957836151123047
0.1176447868347168
0.016235828399658203
0.026236295700073242
0.02565145492553711
0.02892446517944336
0.027670860290527344
0.016646146774291992
0.01744365692138672
0.12188315391540527
0.11715555191040039
0.1259474754333496
0.16196608543395996
0.10592913627624512
0.07797765731811523
0.08751249313354492
0.1044762134552002
0.11350393295288086
0.08161449432373047
0.08087944984436035
0.09703874588012695
0.06195569038391113
0.06772017478942871
0.06751799583435059
0.07071518898010254
0.06076765060424805
0.06504297256469727
0.06114006042480469
0.05857586860656738
0.07410788536071777
0.05669879913330078
0.04231381416320801
0.05654549598693848
0.04595232009887695
0.06054568290710449
0.05442500114440918
0.0493927001953125
0.04596567153930664
0.04573225975036621
0.053731679916381836
0.04992938041687012
0.059119224548339844
0.06258606910705566
0.05794858932495117
0.060433149337768555
0.058003902435302734
0.047071218490600586
0.05935835838317871
0.0540013313293457
0.038056135177612305
0.026659250259399414
0.027309179306030273
0.03429818153381348
0.04346299171447754
0.04664921760559082
0.03761124610900879
0.0397641658782959
0.0426030158996582
0.05623507499694824
0.04092264175415039
0.05640816688537598
0.043776750564575195
0.05722665786743164
0.059836626052856445
0.05070996284484863
0.07595038414001465
0.05173087120056152
0.05495166778564453
0.060570716857910156
0.08002138137817383
0.11374855041503906
0.12685894966125488
0.07636523246765137
0.38557887077331543
0.19132614135742188
0.12026500701904297
0.07505273818969727
0.07570242881774902
0.10039019584655762
0.0517878532409668
0.13101553916931152
0.11016011238098145
0.09473609924316406
0.03842425346374512
0.08660173416137695
0.21261954307556152
0.2257521152496338
0.18158888816833496
0.252730131149292
0.3312075138092041
0.10005784034729004
0.10697102546691895
0.12649774551391602
0.11332154273986816
0.10850930213928223
0.1326611042022705
0.11121582984924316
0.10166120529174805
0.12467145919799805
0.09638595581054688
0.10236287117004395
0.10705804824829102
0.09724044799804688
0.10541653633117676
0.1148378849029541
0.11217880249023438
0.10824203491210938
0.11300349235534668
0.1143183708190918
0.11625003814697266
0.11568117141723633
0.12433981895446777
0.1383070945739746
0.2053825855255127
0.12627506256103516
0.1239175796508789
0.1197054386138916
0.13220930099487305
0.1111302375793457
0.11216616630554199
0.12488079071044922
0.022101879119873047
0.1327056884765625
0.11849617958068848
0.13727378845214844
0.13312053680419922
0.22035503387451172
0.1146392822265625
0.12579774856567383
0.13481831550598145
0.12497806549072266
0.12385082244873047
0.11492347717285156
0.0158538818359375
0.02303290367126465
0.02324962615966797
0.02057671546936035
0.02307438850402832
0.019923686981201172
0.024326324462890625
0.02304983139038086
0.028310060501098633
0.05179405212402344
0.014933347702026367
0.20294952392578125
0.1701352596282959
0.17329740524291992
0.1268165111541748
0.11358642578125
0.12252116203308105
0.09537267684936523
0.12139749526977539
0.10419511795043945
0.09666728973388672
0.1167612075805664
0.11852502822875977
0.10691094398498535
0.11799097061157227
0.13860750198364258
0.09999895095825195
0.10660266876220703
0.10503602027893066
0.10900998115539551
0.17349004745483398
0.0868980884552002
0.09545421600341797
0.12685346603393555
0.0893402099609375
0.08913731575012207
0.17113566398620605
0.08635544776916504
0.1844346523284912
0.10538458824157715
0.16191768646240234
0.09198760986328125
0.12187695503234863
0.14824151992797852
0.09332776069641113
0.11898398399353027
0.13974475860595703
0.09918856620788574
0.11476850509643555
0.09584832191467285
0.13037705421447754
0.13876938819885254
0.1371474266052246
0.12499141693115234
0.1178739070892334
0.10688614845275879
0.08771967887878418
0.08259415626525879
0.08077287673950195
0.0911712646484375
0.10448098182678223
0.0846259593963623
0.08434700965881348
0.07950019836425781
0.09097433090209961
0.09553170204162598
0.10632085800170898
0.12943315505981445
0.1298661231994629
0.05280590057373047
0.04656791687011719
0.06023263931274414
0.06488943099975586
0.08214592933654785
0.06000328063964844
0.0569920539855957
0.08900833129882812
0.0681295394897461
0.10754919052124023
0.09136438369750977
0.04511380195617676
0.057622671127319336
0.06363773345947266
0.060312747955322266
0.05730891227722168
0.07326030731201172
0.05922389030456543
0.055175065994262695
0.05719947814941406
0.059252023696899414
0.05024242401123047
0.050427913665771484
0.05704641342163086
0.05718541145324707
0.06297826766967773
0.06392097473144531
0.07046055793762207
0.06144142150878906
0.07408499717712402
0.05964088439941406
0.07706522941589355
0.08200335502624512
0.0750281810760498
0.06962037086486816
0.07797551155090332
0.08045101165771484
0.08066868782043457
0.07865619659423828
0.06160140037536621
0.07579970359802246
0.07778644561767578
0.07367610931396484
0.08009672164916992
0.07471537590026855
0.07466435432434082
0.07455134391784668
0.06964254379272461
0.0638132095336914
0.06640005111694336
0.08113765716552734
0.06943988800048828
0.08444809913635254
0.07077527046203613
0.08595919609069824
0.11766695976257324
0.07934808731079102
0.07039999961853027
0.08229255676269531
0.07358598709106445
0.08317017555236816
0.08493494987487793
0.09246063232421875
0.07517409324645996
0.0892329216003418
0.08333182334899902
0.07673168182373047
0.08453083038330078
0.08597421646118164
0.07483768463134766
0.09187960624694824
0.12315177917480469
0.16100597381591797
0.31769824028015137
0.11424064636230469
0.2602202892303467
0.14579033851623535
0.11304926872253418
0.25572872161865234
0.45390772819519043
0.19391727447509766
0.304058313369751
1.393064260482788
1.1742517948150635
0.9615416526794434
0.7756702899932861
0.5065982341766357
0.2863748073577881
0.11451387405395508
0.09192419052124023
0.15217256546020508
0.1071326732635498
0.15285491943359375
0.1274242401123047
0.09838485717773438
0.09373211860656738
0.13741374015808105
0.19150662422180176
0.22282981872558594
0.1305539608001709
0.10657310485839844
0.11141037940979004
0.09866642951965332
0.07234477996826172
0.14049625396728516
0.10583925247192383
0.05679011344909668
0.11932778358459473
0.06701326370239258
0.07387161254882812
0.055512428283691406
0.06964325904846191
0.06269097328186035
0.08493304252624512
0.07088947296142578
0.07172846794128418
0.09160900115966797
0.08562946319580078
0.06125807762145996
0.05448341369628906
0.21835541725158691
0.0861368179321289
0.08117437362670898
0.06173968315124512
0.03757762908935547
0.12355375289916992
0.12093567848205566
0.11496758460998535
0.17920541763305664
0.18082690238952637
0.1934523582458496
0.26723575592041016
0.08861875534057617
0.15058445930480957
0.0734858512878418
0.1024923324584961
0.15272903442382812
0.07634329795837402
0.08903384208679199
0.1644759178161621
0.13092827796936035
0.09162640571594238
0.08156085014343262
0.13135886192321777
0.20200872421264648
0.06927609443664551
0.08050203323364258
0.08067989349365234
0.07545161247253418
0.08364462852478027
0.08116745948791504
0.12550950050354004
0.16682815551757812
0.16171050071716309
0.15268778800964355
0.18269610404968262
0.09774017333984375
0.12323594093322754
0.06220531463623047
0.06094527244567871
0.12200117111206055
0.0932762622833252
0.11805248260498047
0.1015622615814209
0.08818936347961426
0.06433439254760742
0.07584142684936523
0.06557226181030273
0.3135843276977539
0.10843014717102051
0.09805822372436523
0.10097408294677734
0.0766000747680664
0.07669210433959961
0.09447503089904785
0.1329333782196045
0.09118008613586426
0.11413288116455078
0.08702754974365234
0.12158846855163574
0.09341120719909668
0.2546224594116211
0.11590790748596191
0.1491086483001709
0.16178321838378906
0.09323263168334961
0.10931277275085449
0.0795903205871582
0.10814237594604492
0.0822150707244873
0.0810236930847168
0.11654257774353027
0.11341524124145508
0.12968039512634277
0.08558964729309082
0.07906532287597656
0.048685312271118164
0.10054540634155273
0.04643726348876953
0.16639494895935059
0.09981894493103027
0.192793607711792
0.04637718200683594
0.14585399627685547
0.12926030158996582
0.057687997817993164
0.12938785552978516
0.130967378616333
0.145646333694458
0.13044381141662598
0.2296466827392578
0.12578988075256348
0.11188435554504395
0.10962390899658203
0.1545705795288086
0.15166974067687988
0.12233233451843262
0.11564970016479492
0.13057684898376465
0.11077547073364258
0.13164067268371582
0.12723731994628906
0.15289878845214844
0.15461397171020508
0.12246823310852051
0.16328954696655273
0.1696016788482666
0.1361558437347412
0.14205503463745117
0.10155415534973145
0.1051793098449707
0.15837645530700684
0.1260216236114502
0.1692671775817871
0.1080935001373291
0.1251072883605957
0.11032390594482422
0.16976690292358398
0.1031036376953125
0.08991813659667969
0.09478354454040527
0.16028165817260742
0.1331939697265625
0.14368319511413574
0.12857508659362793
0.13367891311645508
0.13338470458984375
0.09499025344848633
0.11667394638061523
0.07068657875061035
0.11205244064331055
0.0746152400970459
0.11917757987976074
0.12452006340026855
0.13675332069396973
0.11107635498046875
0.08080720901489258
0.08274435997009277
0.06894159317016602
0.07048392295837402
0.07944774627685547
0.06992149353027344
0.08367633819580078
0.07535004615783691
0.07861065864562988
0.05876517295837402
0.07059240341186523
0.07210803031921387
0.0498960018157959
0.052788496017456055
0.05325126647949219
0.05626559257507324
0.05632495880126953
0.05935549736022949
0.06560492515563965
0.06172323226928711
0.06423664093017578
0.06383728981018066
0.06712841987609863
0.07934403419494629
0.07068252563476562
0.05976295471191406
0.06580924987792969
0.06154990196228027
0.07380890846252441
0.07653403282165527
0.07552099227905273
0.0674126148223877
0.07187771797180176
0.07818222045898438
0.07925748825073242
0.06614065170288086
0.08296847343444824
0.08954143524169922
0.08513665199279785
0.07010626792907715
0.05886387825012207
0.06957745552062988
0.06714773178100586
0.07326483726501465
0.06812763214111328
0.07378768920898438
0.06810998916625977
0.05510973930358887
0.06155109405517578
0.06744623184204102
0.06446957588195801
0.07019352912902832
0.06183767318725586
0.07909297943115234
0.07022976875305176
0.09631681442260742
0.07447648048400879
0.05469465255737305
0.07886672019958496
0.0670466423034668
0.05776500701904297
0.06974959373474121
0.07451748847961426
0.06300973892211914
0.05983138084411621
0.06705856323242188
0.05513882637023926
0.06532764434814453
0.07547926902770996
0.07347702980041504
0.07372379302978516
0.06269264221191406
0.08145546913146973
0.08187484741210938
0.06852579116821289
0.07033061981201172
0.07134437561035156
0.0801079273223877
0.06376242637634277
0.07551217079162598
0.08104228973388672
0.07450151443481445
0.07634878158569336
0.07345962524414062
0.08109903335571289
0.07402658462524414
0.07262206077575684
0.08291935920715332
0.08891820907592773
0.08513069152832031
0.08518385887145996
0.09161734580993652
0.09412717819213867
0.07838797569274902
0.15725231170654297
0.0689702033996582
0.07969379425048828
0.07861018180847168
0.06914877891540527
0.21372461318969727
0.07136011123657227
0.07013249397277832
0.20659351348876953
0.07416892051696777
0.16851258277893066
0.12897014617919922
0.10367178916931152
0.11378192901611328
0.1130974292755127
0.10681867599487305
0.11615300178527832
0.17087841033935547
0.08686304092407227
0.12685298919677734
0.08421730995178223
0.10428905487060547
0.10395359992980957
0.07532429695129395
0.08586382865905762
0.1133875846862793
0.07826662063598633
0.1139519214630127
0.11228275299072266
0.11720776557922363
0.09228706359863281
0.10036897659301758
0.11078023910522461
0.08401370048522949
0.08487486839294434
0.09101247787475586
0.07963871955871582
0.16204333305358887
0.10363197326660156
0.14586567878723145
0.21995234489440918
0.14092421531677246
0.29587435722351074
0.057305097579956055
0.17898988723754883
0.12331748008728027
0.06579446792602539
0.200150728225708
0.12476968765258789
0.1873002052307129
0.20946192741394043
0.09980511665344238
0.10615134239196777
0.15642166137695312
0.1589667797088623
0.08461332321166992
0.049811601638793945
0.040627241134643555
0.11654496192932129
0.038619279861450195
0.13357043266296387
0.1289215087890625
0.1751713752746582
0.12353134155273438
0.122772216796875
0.144622802734375
0.12535357475280762
0.12207674980163574
0.1494741439819336
0.21212363243103027
0.2115166187286377
0.13492035865783691
0.12082648277282715
0.11216473579406738
0.1118614673614502
0.1404409408569336
0.10720515251159668
0.14360594749450684
0.07706522941589355
0.061170339584350586
0.08613228797912598
0.07214164733886719
0.08119487762451172
0.06472063064575195
0.09102296829223633
0.0844869613647461
0.06599545478820801
0.0811302661895752
0.15530943870544434
0.17152881622314453
0.21448969841003418
0.05331993103027344
0.05190587043762207
0.057753562927246094
0.06347870826721191
0.05242633819580078
0.023931026458740234
0.13082027435302734
0.21996665000915527
0.18183088302612305
0.15388274192810059
0.10082888603210449
0.06622076034545898
0.0846550464630127
0.28792333602905273
0.07314610481262207
0.4011654853820801
0.16098332405090332
0.03966164588928223
0.07105088233947754
0.024665355682373047
0.04391217231750488
0.06632471084594727
0.057488441467285156
0.046113014221191406
0.07969069480895996
0.06399345397949219
0.0236053466796875
0.0511476993560791
0.032621145248413086
0.0372769832611084
0.1382758617401123
0.11575508117675781
0.43297457695007324
0.26938676834106445
0.15831923484802246
0.06708765029907227
0.05376124382019043
0.055535316467285156
0.046028852462768555
0.08611631393432617
0.04620003700256348
0.03341031074523926
0.08938837051391602
0.07442855834960938
0.0743112564086914
0.09626555442810059
0.17723608016967773
0.02617478370666504
0.16105961799621582
0.02493572235107422
0.15600299835205078
0.6618120670318604
0.449967622756958
0.2317643165588379
0.12863779067993164
0.21709895133972168
0.1743788719177246
0.07492184638977051
0.046761274337768555
0.19027042388916016
0.18015646934509277
0.14557433128356934
0.05709099769592285
0.07845616340637207
0.03660249710083008
0.06067347526550293
0.1034395694732666
0.16370868682861328
0.08045029640197754
0.08492875099182129
0.15009856224060059
0.10248446464538574
0.07769179344177246
0.040380239486694336
0.05011248588562012
0.05658459663391113
0.07932066917419434
0.07090902328491211
0.12935400009155273
0.10175156593322754
0.04458117485046387
0.09607505798339844
0.050832271575927734
0.09057164192199707
0.02613377571105957
0.1370389461517334
0.0843806266784668
0.1765892505645752
0.12606573104858398
0.16520118713378906
0.14303827285766602
0.1039896011352539
0.23639893531799316
0.2159132957458496
0.17607951164245605
0.08675885200500488
0.22548174858093262
0.14810395240783691
0.03647041320800781
0.0682382583618164
0.052466630935668945
0.04847097396850586
0.12645435333251953
0.12597084045410156
0.10407352447509766
0.1309957504272461
0.19001054763793945
0.12459874153137207
0.09528040885925293
0.17685818672180176
0.13488435745239258
0.1560821533203125
0.12395071983337402
0.1990656852722168
0.19397473335266113
0.15720343589782715
0.1178288459777832
0.1699683666229248
0.13987112045288086
0.11113238334655762
0.15552806854248047
0.22215533256530762
0.37347865104675293
0.15535879135131836
0.12524843215942383
0.06478214263916016
0.04962158203125
0.1313927173614502
0.15104436874389648
0.051971435546875
0.032698869705200195
0.17032623291015625
0.1839463710784912
0.2697939872741699
0.19637012481689453
0.07188749313354492
0.056441545486450195
0.23872590065002441
0.13339686393737793
0.05154871940612793
0.10954713821411133
0.06307482719421387
0.1463468074798584
0.19327163696289062
0.4079148769378662
0.2601747512817383
0.11581182479858398
0.09655976295471191
0.09753108024597168
0.056303977966308594
0.11964178085327148
0.1221160888671875
0.07082033157348633
0.04237055778503418
0.04557633399963379
0.1851184368133545
0.2428586483001709
0.19817805290222168
0.1087958812713623
0.10699820518493652
0.13525700569152832
0.28969740867614746
0.175201416015625
0.1027834415435791
0.07657361030578613
0.07290911674499512
0.6595025062561035
0.4262518882751465
0.18727326393127441
0.6917638778686523
0.43915462493896484
0.2328939437866211
0.1032719612121582
0.21110749244689941
0.2122633457183838
0.20840239524841309
0.11664843559265137
0.10439276695251465
0.133253812789917
0.17528152465820312
0.13625407218933105
0.0954287052154541
0.11374092102050781
0.22057318687438965
0.22602009773254395
0.12848353385925293
0.06649446487426758
0.04041028022766113
0.09813356399536133
0.0552973747253418
0.04152321815490723
0.0684056282043457
0.12840700149536133
0.04178214073181152
0.030046939849853516
0.10063433647155762
0.03599405288696289
0.04004931449890137
0.052824974060058594
0.03777813911437988
0.04069662094116211
0.03609061241149902
0.11229920387268066
0.04628419876098633
0.052141427993774414
0.017537593841552734
0.019097328186035156
0.029532909393310547
0.01682281494140625
0.02994084358215332
0.025166034698486328
0.03127694129943848
0.0639793872833252
0.03550243377685547
0.043425559997558594
0.05661964416503906
0.03351926803588867
0.04233908653259277
0.03487706184387207
0.03848695755004883
0.04528307914733887
