0.06283068656921387
0.1750962734222412
0.0425107479095459
0.13216900825500488
0.07093596458435059
0.13018226623535156
0.13698434829711914
0.14545702934265137
0.03370237350463867
0.23968243598937988
0.1278374195098877
0.1596982479095459
0.13914012908935547
0.030080318450927734
0.13471388816833496
0.14129209518432617
0.03765058517456055
0.029329299926757812
0.040763139724731445
0.0409853458404541
0.040174007415771484
0.0432438850402832
0.028721332550048828
0.0467991828918457
0.030364513397216797
0.0317842960357666
0.0485386848449707
0.03369545936584473
0.04730033874511719
0.04292726516723633
0.03861045837402344
0.15346860885620117
0.08234500885009766
0.04915142059326172
0.06386637687683105
0.05576777458190918
0.042762041091918945
0.04222249984741211
0.052819252014160156
0.0581057071685791
0.057630300521850586
0.05262446403503418
0.05369448661804199
0.04811549186706543
0.06602215766906738
0.05617523193359375
0.05092501640319824
0.051347970962524414
0.06533122062683105
0.06111454963684082
0.052080631256103516
0.06148076057434082
0.061043500900268555
0.06475830078125
0.06867742538452148
0.06874418258666992
0.06523776054382324
0.06609249114990234
0.07621955871582031
0.0715630054473877
0.07448983192443848
0.07313299179077148
0.0780031681060791
0.06859040260314941
0.07499313354492188
0.08569955825805664
0.07570171356201172
0.0783696174621582
0.08740758895874023
0.08360600471496582
0.09196615219116211
0.07799243927001953
0.08298420906066895
0.0885627269744873
0.08807778358459473
0.08078622817993164
0.08597803115844727
0.08360528945922852
0.08910083770751953
0.10435271263122559
0.09964489936828613
0.08897829055786133
0.0879979133605957
0.10995864868164062
0.10908198356628418
0.12291193008422852
0.10479593276977539
0.09951472282409668
0.11520934104919434
0.10884976387023926
0.10912227630615234
0.10942220687866211
0.09747838973999023
0.11136007308959961
0.11658525466918945
0.10194897651672363
0.10402131080627441
0.12230944633483887
0.11796784400939941
0.10722541809082031
0.10594868659973145
0.1147165298461914
0.11458325386047363
0.11835432052612305
0.12253069877624512
0.11525750160217285
0.12402105331420898
0.11851048469543457
0.12431478500366211
0.12716174125671387
0.017223119735717773
0.013896465301513672
0.022004365921020508
0.03159832954406738
0.020486831665039062
0.022572755813598633
0.023677825927734375
0.03142809867858887
0.03637218475341797
0.03132772445678711
0.044782400131225586
0.03226923942565918
0.026940584182739258
0.028736352920532227
0.02539849281311035
0.03579998016357422
0.02780318260192871
0.042665719985961914
0.029398679733276367
0.025631189346313477
0.043146610260009766
0.03217720985412598
0.05476641654968262
0.03801083564758301
0.04672718048095703
0.03283834457397461
0.04574227333068848
0.034974098205566406
0.07328939437866211
0.05273032188415527
0.04807543754577637
0.038159847259521484
0.06187105178833008
0.048815250396728516
0.06551313400268555
0.05519366264343262
0.04863762855529785
0.03856778144836426
0.05670499801635742
0.03952932357788086
0.03823661804199219
0.05426478385925293
0.04500937461853027
0.040441036224365234
0.05104994773864746
0.05363821983337402
0.046399831771850586
0.060408830642700195
0.05133175849914551
0.06288623809814453
0.06239676475524902
0.061000823974609375
0.05002164840698242
0.055582523345947266
0.07237362861633301
0.10318684577941895
0.06320977210998535
0.05924677848815918
0.0683131217956543
0.06798648834228516
0.07052183151245117
0.07735466957092285
0.0754847526550293
0.07560062408447266
0.07392644882202148
0.07070612907409668
0.07590150833129883
0.06710624694824219
0.07908368110656738
0.06356143951416016
0.07005023956298828
0.06360483169555664
0.06617522239685059
0.06828427314758301
0.072052001953125
0.07312226295471191
0.0642862319946289
0.07596492767333984
0.06214499473571777
0.07296204566955566
0.06025052070617676
0.08076906204223633
0.07460999488830566
0.0646052360534668
0.0636606216430664
0.07229304313659668
0.052816152572631836
0.05796456336975098
0.058654069900512695
0.07024669647216797
0.060068368911743164
0.05529189109802246
0.05480527877807617
0.05833792686462402
0.052063703536987305
0.06382536888122559
0.04277992248535156
0.038466691970825195
0.04632282257080078
0.04508090019226074
0.031569719314575195
0.04212236404418945
0.05516767501831055
0.03912162780761719
0.0305173397064209
0.038721323013305664
0.025850772857666016
0.034024953842163086
0.0364375114440918
0.034107208251953125
0.02553391456604004
0.04588603973388672
0.038535118103027344
0.039809465408325195
0.04064750671386719
0.0404815673828125
0.03426814079284668
0.03132343292236328
0.028036832809448242
0.02944493293762207
0.03920555114746094
0.03615307807922363
0.046695709228515625
0.03583168983459473
0.023906230926513672
0.023463964462280273
0.025018930435180664
0.03580951690673828
0.042992591857910156
0.0374295711517334
0.047301292419433594
0.032120704650878906
0.04947042465209961
0.02721261978149414
0.03782010078430176
0.03216409683227539
0.03765559196472168
0.02579474449157715
0.032395362854003906
0.0437164306640625
0.04102897644042969
0.032041311264038086
0.03321647644042969
0.032599687576293945
0.033670663833618164
0.04635286331176758
0.05211138725280762
0.04683279991149902
0.03515934944152832
0.04634690284729004
0.035039663314819336
0.03784942626953125
0.03757619857788086
0.05483651161193848
0.05275321006774902
0.049561500549316406
0.057881832122802734
0.05014967918395996
0.05051159858703613
0.05106520652770996
0.050928592681884766
0.04991555213928223
0.04293036460876465
0.04721236228942871
0.04930233955383301
0.04308629035949707
0.037719011306762695
0.048842430114746094
0.03644871711730957
0.0487668514251709
0.04921913146972656
0.06012439727783203
0.0542454719543457
0.0525972843170166
0.046386003494262695
0.07205915451049805
0.04227614402770996
0.047583580017089844
0.05521392822265625
0.057196617126464844
0.04908871650695801
0.05634045600891113
0.16709446907043457
0.054738759994506836
0.15378522872924805
0.057794809341430664
0.14812350273132324
0.15971875190734863
0.05783200263977051
0.0734708309173584
0.1983039379119873
0.14913129806518555
0.044136762619018555
0.04332590103149414
0.14594674110412598
0.15420198440551758
0.05204296112060547
0.15755867958068848
0.040587425231933594
0.05187535285949707
0.048728227615356445
0.04859137535095215
0.055856943130493164
0.05679631233215332
0.046541452407836914
0.05547332763671875
0.05874156951904297
0.06730294227600098
0.06198287010192871
0.052585601806640625
0.05350303649902344
0.07352948188781738
0.14947986602783203
0.06144571304321289
0.058521270751953125
0.06001782417297363
0.0727391242980957
0.0855717658996582
0.07054519653320312
0.07372450828552246
0.06537270545959473
0.08524775505065918
0.09535670280456543
0.23476600646972656
0.39992666244506836
0.17511343955993652
0.05725216865539551
0.10128641128540039
0.1459195613861084
0.12287092208862305
0.1291980743408203
0.12267494201660156
0.11195158958435059
0.12184453010559082
0.01750469207763672
0.024583816528320312
0.018906593322753906
0.029114246368408203
0.033203840255737305
0.017776966094970703
0.03678536415100098
0.0213623046875
0.025212764739990234
0.015161991119384766
0.026701688766479492
0.027902603149414062
0.016794681549072266
0.03546571731567383
0.0393216609954834
0.033432722091674805
0.033128976821899414
0.03782510757446289
0.03647160530090332
0.033760786056518555
0.024394989013671875
0.032248497009277344
0.02687668800354004
0.03973197937011719
0.02452540397644043
0.030111312866210938
0.03180432319641113
0.03447890281677246
0.0396733283996582
0.04393601417541504
0.04197072982788086
0.04198265075683594
0.03127145767211914
0.04417824745178223
0.035185813903808594
0.04095578193664551
0.03133082389831543
0.07448601722717285
0.043102264404296875
0.05056190490722656
0.04719281196594238
0.04684925079345703
0.05068564414978027
0.04507923126220703
0.05019545555114746
0.04367542266845703
0.04934358596801758
0.054499149322509766
0.04133462905883789
0.05610156059265137
0.052704572677612305
0.044965267181396484
0.049004316329956055
0.04097771644592285
0.04111170768737793
0.05983138084411621
0.035317182540893555
0.043790340423583984
0.04387807846069336
0.056635141372680664
0.059752464294433594
0.059571027755737305
0.06419920921325684
0.04513359069824219
0.04924583435058594
0.04317426681518555
0.04746603965759277
0.05124783515930176
0.050861358642578125
0.05849742889404297
0.035593509674072266
0.04141879081726074
0.03463864326477051
0.04656481742858887
0.0319066047668457
0.04688239097595215
0.04223060607910156
0.027893781661987305
0.040795087814331055
0.04144740104675293
0.036937713623046875
0.032190799713134766
0.0400388240814209
0.0496063232421875
0.05332589149475098
0.06512713432312012
0.04740715026855469
0.04888749122619629
0.04552507400512695
0.03896307945251465
0.040134429931640625
0.048537492752075195
0.053938865661621094
0.0470433235168457
0.05236196517944336
0.05687308311462402
0.05017852783203125
0.0529024600982666
0.05567288398742676
0.05228066444396973
0.05545663833618164
0.04697108268737793
0.06551146507263184
0.06573009490966797
0.06191110610961914
0.1198129653930664
0.064788818359375
0.08846616744995117
0.04764533042907715
0.07253146171569824
0.05739760398864746
0.06155037879943848
0.06009650230407715
0.05278158187866211
0.046100616455078125
0.05952882766723633
0.04835367202758789
0.14042305946350098
0.0459287166595459
0.09823489189147949
0.2857975959777832
0.12207841873168945
0.11037921905517578
0.12801170349121094
0.11992216110229492
0.12232351303100586
0.11553382873535156
0.1421518325805664
0.021408796310424805
0.023878097534179688
0.017377376556396484
0.030186176300048828
0.022865772247314453
0.026548147201538086
0.029273271560668945
0.1419670581817627
0.12996745109558105
0.16694927215576172
0.15827465057373047
0.10556197166442871
0.09275507926940918
0.10157036781311035
0.11087393760681152
0.1145024299621582
0.07680487632751465
0.07151293754577637
0.07277035713195801
0.06292510032653809
0.06833171844482422
0.07273507118225098
0.06762862205505371
0.061277151107788086
0.0672457218170166
0.05822920799255371
0.05027651786804199
0.058145999908447266
0.04805326461791992
0.04309511184692383
0.049399614334106445
0.06216144561767578
0.08372640609741211
0.053209543228149414
0.04552602767944336
0.04842948913574219
0.05054473876953125
0.05788087844848633
0.05510091781616211
0.061884164810180664
0.06368494033813477
0.049132585525512695
0.05357170104980469
0.05424642562866211
0.05315756797790527
0.06048154830932617
0.06008028984069824
0.03898978233337402
0.02757883071899414
0.041493892669677734
0.04197525978088379
0.05270028114318848
0.05287504196166992
0.03291583061218262
0.04024767875671387
0.035182952880859375
0.06125831604003906
0.05406641960144043
0.0582120418548584
0.055219411849975586
0.061379194259643555
0.058577775955200195
0.051538944244384766
0.07938790321350098
0.05683422088623047
0.05222773551940918
0.06278014183044434
0.11005234718322754
0.14785170555114746
0.07306528091430664
0.1427450180053711
0.24825048446655273
0.11712932586669922
0.1260843276977539
0.08547544479370117
0.05112266540527344
0.09237146377563477
0.06600451469421387
0.04010152816772461
0.06360697746276855
0.09459733963012695
0.13954830169677734
0.10667657852172852
0.21174001693725586
0.024857521057128906
0.16936063766479492
0.6206307411193848
0.4073026180267334
0.12717556953430176
0.11947011947631836
0.11547422409057617
0.11529231071472168
0.1166384220123291
0.14470672607421875
0.12048029899597168
0.11917901039123535
0.11793160438537598
0.10239696502685547
0.10990738868713379
0.0978996753692627
0.10956192016601562
0.11219596862792969
0.09871745109558105
0.10732030868530273
0.10867881774902344
0.1306934356689453
0.11030125617980957
0.10637140274047852
0.1173100471496582
0.12503361701965332
0.16476774215698242
0.20680642127990723
0.13347148895263672
0.11869692802429199
0.12717008590698242
0.12360239028930664
0.12522339820861816
0.11934709548950195
0.11816906929016113
0.02281665802001953
0.13481593132019043
0.13100314140319824
0.14015889167785645
0.13148713111877441
0.22126460075378418
0.12688159942626953
0.12744498252868652
0.12094855308532715
0.11245584487915039
0.11344075202941895
0.1256091594696045
0.011032819747924805
0.025285720825195312
0.027110576629638672
0.013649940490722656
0.02492046356201172
0.025220632553100586
0.0264739990234375
0.018014192581176758
0.030745744705200195
0.0591280460357666
0.03889918327331543
0.15684270858764648
0.19108319282531738
0.18914389610290527
0.13074493408203125
0.12460112571716309
0.12630581855773926
0.10007381439208984
0.09679150581359863
0.10875558853149414
0.11600375175476074
0.09371542930603027
0.12223196029663086
0.10732889175415039
0.10502815246582031
0.1136777400970459
0.09079408645629883
0.10601305961608887
0.0961909294128418
0.1055138111114502
0.22139358520507812
0.0825033187866211
0.19019150733947754
0.14346957206726074
0.10067415237426758
0.1341996192932129
0.18465590476989746
0.2110600471496582
0.10948038101196289
0.0892646312713623
0.09358453750610352
0.13066768646240234
0.16523432731628418
0.14621806144714355
0.10523843765258789
0.11946249008178711
0.1257777214050293
0.11758589744567871
0.09969425201416016
0.09622859954833984
0.15383005142211914
0.15124893188476562
0.11976385116577148
0.13478541374206543
0.09421277046203613
0.0877068042755127
0.09351634979248047
0.07203435897827148
0.07314133644104004
0.08764100074768066
0.15179848670959473
0.1349174976348877
0.0828404426574707
0.07461190223693848
0.08626008033752441
0.0854647159576416
0.1154184341430664
0.08944296836853027
0.06943535804748535
0.04812121391296387
0.04749274253845215
0.04915881156921387
0.05460476875305176
0.06790995597839355
0.05714273452758789
0.06344246864318848
0.05529952049255371
0.06345677375793457
0.10446429252624512
0.0802152156829834
0.0459747314453125
0.06187558174133301
0.07951021194458008
0.060921430587768555
0.0576932430267334
0.04434013366699219
0.05534243583679199
0.045832157135009766
0.05913352966308594
0.05056333541870117
0.056513071060180664
0.06440472602844238
0.06089591979980469
0.05760073661804199
0.05266237258911133
0.05394792556762695
0.05405616760253906
0.0743405818939209
0.07880592346191406
0.060556888580322266
0.07767367362976074
0.07947993278503418
0.06475377082824707
0.08120918273925781
0.07024073600769043
0.07006144523620605
0.07231640815734863
0.07976436614990234
0.07304978370666504
0.06201028823852539
0.06366705894470215
0.07862401008605957
0.06424999237060547
0.07570886611938477
0.08089208602905273
0.07904052734375
0.07508301734924316
0.0757911205291748
0.08275818824768066
0.06942868232727051
0.08377647399902344
0.07123708724975586
0.07718682289123535
0.08646726608276367
0.11534953117370605
0.08112859725952148
0.07125997543334961
0.0720667839050293
0.08518695831298828
0.08382582664489746
0.08697223663330078
0.08816099166870117
0.07587790489196777
0.0784764289855957
0.08878684043884277
0.08405566215515137
0.0856325626373291
0.07610797882080078
0.0847935676574707
0.08479738235473633
0.09786033630371094
0.12825870513916016
0.10355472564697266
0.5424866676330566
0.3255910873413086
0.1266005039215088
0.146528959274292
0.16874098777770996
0.4371984004974365
0.1925661563873291
1.3124964237213135
1.089123010635376
0.8703112602233887
0.6465411186218262
0.44199061393737793
0.17165040969848633
0.24682140350341797
0.14817094802856445
0.15045666694641113
0.1552119255065918
0.13270854949951172
0.1108999252319336
0.11862373352050781
0.09296894073486328
0.12516355514526367
0.13429760932922363
0.1555008888244629
0.2090625762939453
0.11957645416259766
0.10510921478271484
0.12063765525817871
0.11520838737487793
0.10831832885742188
0.18630433082580566
0.09822726249694824
0.06806230545043945
0.12892913818359375
0.07902193069458008
0.11094379425048828
0.06867218017578125
0.07901120185852051
0.08020305633544922
0.06267666816711426
0.07942867279052734
0.0632789134979248
0.10071730613708496
0.06403374671936035
0.06222939491271973
0.08613419532775879
0.18353056907653809
0.08115553855895996
0.0714874267578125
0.07181072235107422
0.05066418647766113
0.1247553825378418
0.123779296875
0.17093229293823242
0.16286778450012207
0.1709272861480713
0.2708256244659424
0.24673104286193848
0.08458709716796875
0.1621112823486328
0.07459402084350586
0.09735345840454102
0.14568281173706055
0.1728658676147461
0.10725021362304688
0.09176373481750488
0.17794251441955566
0.07946944236755371
0.0804145336151123
0.1057136058807373
0.08459758758544922
0.07039141654968262
0.0893867015838623
0.08296418190002441
0.09174656867980957
0.07858729362487793
0.08047080039978027
0.18101191520690918
0.16140127182006836
0.14602875709533691
0.13205456733703613
0.21531987190246582
0.07540011405944824
0.13225388526916504
0.07609915733337402
0.1109616756439209
0.11646270751953125
0.10273504257202148
0.1027979850769043
0.10539484024047852
0.09075760841369629
0.09226012229919434
0.11270332336425781
0.05115485191345215
0.16214251518249512
0.09869527816772461
0.1035466194152832
0.10958003997802734
0.08305716514587402
0.09841156005859375
0.09144258499145508
0.13360118865966797
0.07627201080322266
0.11494994163513184
0.08352279663085938
0.07773947715759277
0.10659384727478027
0.24856352806091309
0.25134944915771484
0.1368556022644043
0.18075132369995117
0.08874034881591797
0.09569191932678223
0.08585190773010254
0.08309578895568848
0.11152815818786621
0.08246612548828125
0.09191131591796875
0.09628844261169434
0.08687567710876465
0.08485031127929688
0.0843353271484375
0.08140301704406738
0.08810973167419434
0.040694475173950195
0.16359210014343262
0.09366083145141602
0.19106101989746094
0.05468940734863281
0.15724420547485352
0.12419748306274414
0.05647993087768555
0.1777346134185791
0.1627650260925293
0.16580510139465332
0.15178894996643066
0.230743408203125
0.11579227447509766
0.16455769538879395
0.12143254280090332
0.1831648349761963
0.1310715675354004
0.1814894676208496
0.12247085571289062
0.12223196029663086
0.11696577072143555
0.11374545097351074
0.12160634994506836
0.18865323066711426
0.12402915954589844
0.13068652153015137
0.1523454189300537
0.1905219554901123
0.1358802318572998
0.13387608528137207
0.13828754425048828
0.13502907752990723
0.10676455497741699
0.12734651565551758
0.13479232788085938
0.10677361488342285
0.09757781028747559
0.10225129127502441
0.14173412322998047
0.12013745307922363
0.0911703109741211
0.09597301483154297
0.14557600021362305
0.1464829444885254
0.14412188529968262
0.1426858901977539
0.15843629837036133
0.10792112350463867
0.10477352142333984
0.09538936614990234
0.08773255348205566
0.06862974166870117
0.11008739471435547
0.10678339004516602
0.10098671913146973
0.13019704818725586
0.12222170829772949
0.08736062049865723
0.08508825302124023
0.0876607894897461
0.0812070369720459
0.08283042907714844
0.0848538875579834
0.07410573959350586
0.07651400566101074
0.09428000450134277
0.13006353378295898
0.0776820182800293
0.07869219779968262
0.04513049125671387
0.05426025390625
0.05396151542663574
0.06022214889526367
0.05719923973083496
0.05548214912414551
0.04792618751525879
0.07269573211669922
0.05102944374084473
0.0684349536895752
0.06670331954956055
0.06658053398132324
0.07467770576477051
0.0661168098449707
0.06724047660827637
0.06238579750061035
0.06955480575561523
0.07709240913391113
0.0771639347076416
0.08040046691894531
0.06722736358642578
0.08268547058105469
0.08551621437072754
0.06702852249145508
0.08350157737731934
0.08221888542175293
0.08984112739562988
0.07181000709533691
0.06509613990783691
0.07046723365783691
0.07290077209472656
0.07484889030456543
0.0734565258026123
0.06378316879272461
0.07302284240722656
0.0675802230834961
0.056710004806518555
0.0726780891418457
0.05907750129699707
0.05929851531982422
0.07381534576416016
0.06081819534301758
0.0800011157989502
0.07896995544433594
0.06716632843017578
0.055678367614746094
0.07114052772521973
0.06932353973388672
0.07555198669433594
0.05963301658630371
0.06531929969787598
0.06850361824035645
0.07465863227844238
0.07705116271972656
0.06742429733276367
0.056012630462646484
0.07233715057373047
0.06039547920227051
0.06857967376708984
0.06350183486938477
0.07468223571777344
0.0736076831817627
0.08212065696716309
0.07123112678527832
0.07224893569946289
0.08158302307128906
0.0701897144317627
0.07457089424133301
0.07723164558410645
0.07676076889038086
0.07721400260925293
0.07572746276855469
0.06799459457397461
0.07991957664489746
0.07871556282043457
0.07247495651245117
0.07990789413452148
0.08602023124694824
0.0830533504486084
0.09251809120178223
0.08694815635681152
0.08484601974487305
0.15732574462890625
0.07029175758361816
0.08169865608215332
0.09192609786987305
0.07029175758361816
0.21333837509155273
0.0668189525604248
0.07137465476989746
0.13131403923034668
0.16283464431762695
0.19533276557922363
0.1281585693359375
0.11252808570861816
0.11937355995178223
0.1163642406463623
0.12075400352478027
0.10573101043701172
0.2061159610748291
0.08121585845947266
0.09982800483703613
0.09055161476135254
0.09857511520385742
0.14136528968811035
0.09219932556152344
0.07547593116760254
0.1310875415802002
0.08869218826293945
0.07569289207458496
0.13004803657531738
0.1365664005279541
0.1101524829864502
0.13504385948181152
0.10915446281433105
0.07136392593383789
0.08021855354309082
0.10241389274597168
0.08669209480285645
0.1649169921875
0.1664729118347168
0.14330625534057617
0.2158215045928955
0.05588650703430176
0.4511070251464844
0.21257567405700684
0.15423345565795898
0.11191272735595703
0.07425045967102051
0.16817092895507812
0.1244499683380127
0.19603753089904785
0.25882911682128906
0.17507195472717285
0.09201860427856445
0.10531353950500488
0.1478712558746338
0.07900881767272949
0.055788516998291016
0.04181623458862305
0.17958498001098633
0.11711597442626953
0.10128331184387207
0.16560673713684082
0.17113280296325684
0.13325095176696777
0.14221858978271484
0.15077686309814453
0.11851978302001953
0.12336850166320801
0.12292885780334473
0.197798490524292
0.18643474578857422
0.1343533992767334
0.12190604209899902
0.12251114845275879
0.11104273796081543
0.12435722351074219
0.1649329662322998
0.16710495948791504
0.1168222427368164
0.06222701072692871
0.08416104316711426
0.0625765323638916
0.07876920700073242
0.1045992374420166
0.09655570983886719
0.1539921760559082
0.059145450592041016
0.060907602310180664
0.1548621654510498
0.19203948974609375
0.2100973129272461
0.06793999671936035
0.08412909507751465
0.04688143730163574
0.04889416694641113
0.13356518745422363
0.03603339195251465
0.12958598136901855
0.2493758201599121
0.14602255821228027
0.13097000122070312
0.09846949577331543
0.06732344627380371
0.07962179183959961
0.2059638500213623
0.0331721305847168
0.3956623077392578
0.15578484535217285
0.06625986099243164
0.04530501365661621
0.05188417434692383
0.04616284370422363
0.053975582122802734
0.04290270805358887
0.04335784912109375
0.14826250076293945
0.07576227188110352
0.03821301460266113
0.052616119384765625
0.033716440200805664
0.0472865104675293
0.15221595764160156
0.1418623924255371
0.42093825340270996
0.32645106315612793
0.15005993843078613
0.05373430252075195
0.057953834533691406
0.062278032302856445
0.04643559455871582
0.04828596115112305
0.05986785888671875
0.10357165336608887
0.035264015197753906
0.08318901062011719
0.11281776428222656
0.06488275527954102
0.13415217399597168
0.04241752624511719
0.1656644344329834
0.06944656372070312
0.1324617862701416
0.19924521446228027
0.21349310874938965
0.27036333084106445
0.12965130805969238
0.22063922882080078
0.15746068954467773
0.051275014877319336
0.05293750762939453
0.2277064323425293
0.15397095680236816
0.19072389602661133
0.07047915458679199
0.07681417465209961
0.056061744689941406
0.04233980178833008
0.15136289596557617
0.19330477714538574
0.08737540245056152
0.251845121383667
0.12402749061584473
0.04950094223022461
0.06071114540100098
0.058730125427246094
0.05437350273132324
0.05767321586608887
0.09210395812988281
0.07318472862243652
0.08608293533325195
0.04967641830444336
0.03325605392456055
0.0872049331665039
0.06352782249450684
0.09062743186950684
0.09422755241394043
0.10326719284057617
0.07179927825927734
0.15696120262145996
0.13109874725341797
0.13010382652282715
0.1440436840057373
0.1510758399963379
0.23849177360534668
0.17633485794067383
0.1189424991607666
0.34185099601745605
0.09261965751647949
0.4298057556152344
0.20661163330078125
0.12351584434509277
0.13052988052368164
0.12248826026916504
0.13058900833129883
0.12103605270385742
0.11993241310119629
0.11667180061340332
0.1726839542388916
0.11339354515075684
0.12328505516052246
0.17986106872558594
0.11965489387512207
0.14668917655944824
0.10702705383300781
0.14783525466918945
0.15438485145568848
0.1932063102722168
0.11658453941345215
0.11129450798034668
0.12362432479858398
0.08711862564086914
0.1321849822998047
0.18426728248596191
0.43949460983276367
0.2336564064025879
0.12315106391906738
0.06200432777404785
0.11131763458251953
0.08288764953613281
0.15427613258361816
0.05469393730163574
0.03903698921203613
0.20858120918273926
0.20633435249328613
0.3862721920013428
0.1878068447113037
0.06864190101623535
0.06885719299316406
0.2743535041809082
0.1532423496246338
0.06839680671691895
0.05630373954772949
0.030724287033081055
0.14044713973999023
0.10323405265808105
0.13207530975341797
0.3741953372955322
0.12889671325683594
0.14400267601013184
0.10494875907897949
0.0797572135925293
0.14162135124206543
0.07634305953979492
0.04773569107055664
0.037073612213134766
0.034157752990722656
0.1599738597869873
0.268934965133667
0.16517853736877441
0.2346487045288086
0.11089348793029785
0.16619420051574707
0.288621187210083
0.2532069683074951
0.10517048835754395
0.11350226402282715
0.5868422985076904
0.3781871795654297
0.1521615982055664
0.2791473865509033
0.7047929763793945
0.4471147060394287
0.23571252822875977
0.1699540615081787
0.19426178932189941
0.1706843376159668
0.26526570320129395
0.10387372970581055
0.17143559455871582
0.0783376693725586
0.20232939720153809
0.11443805694580078
0.06058931350708008
0.20524907112121582
0.23076105117797852
0.27970027923583984
0.12692952156066895
0.0696723461151123
0.0415952205657959
0.08903717994689941
0.03801584243774414
0.03635120391845703
0.09202098846435547
0.09368443489074707
0.04326319694519043
0.04051804542541504
0.08902549743652344
0.040970802307128906
0.040326833724975586
0.03217816352844238
0.03762650489807129
0.030370473861694336
0.04054903984069824
0.10665297508239746
0.03524923324584961
0.055176734924316406
0.029767751693725586
0.031085491180419922
0.02491164207458496
0.01770806312561035
0.03112006187438965
0.026155948638916016
0.03682351112365723
0.02442002296447754
0.049155235290527344
0.09657168388366699
0.05934333801269531
0.039951324462890625
0.03382110595703125
0.03996562957763672
0.030395984649658203
0.03315305709838867
