0.036446332931518555
0.030951976776123047
0.13843226432800293
0.049634695053100586
0.15149760246276855
0.025213956832885742
0.14654088020324707
0.08139228820800781
0.1286776065826416
0.1289505958557129
0.12638163566589355
0.023804187774658203
0.23194241523742676
0.13650250434875488
0.12378883361816406
0.12350225448608398
0.028557777404785156
0.13796067237854004
0.1278524398803711
0.02413773536682129
0.02730846405029297
0.02411484718322754
0.03740358352661133
0.027388334274291992
0.030099868774414062
0.02436232566833496
0.02707362174987793
0.03418397903442383
0.04375791549682617
0.05412769317626953
0.03530097007751465
0.04468846321105957
0.040660858154296875
0.03438687324523926
0.14959311485290527
0.07844686508178711
0.05170845985412598
0.061861515045166016
0.04483532905578613
0.046404361724853516
0.0510098934173584
0.044553518295288086
0.03893089294433594
0.042230844497680664
0.04543161392211914
0.05964374542236328
0.043680429458618164
0.04750466346740723
0.045845985412597656
0.05430293083190918
0.05328845977783203
0.04967212677001953
0.05521583557128906
0.05057835578918457
0.05588817596435547
0.06410050392150879
0.05979037284851074
0.05329394340515137
0.05681490898132324
0.06694746017456055
0.05916452407836914
0.06723856925964355
0.06052994728088379
0.06020855903625488
0.0590207576751709
0.06133770942687988
0.07526135444641113
0.06713652610778809
0.07194161415100098
0.07792544364929199
0.06718158721923828
0.08023214340209961
0.07909846305847168
0.0760958194732666
0.07283306121826172
0.06787800788879395
0.07436561584472656
0.08436894416809082
0.07573723793029785
0.08737993240356445
0.07832551002502441
0.07811307907104492
0.08071351051330566
0.08180475234985352
0.09220504760742188
0.09598231315612793
0.11237478256225586
0.0863344669342041
0.1279771327972412
0.11204290390014648
0.09644508361816406
0.0919790267944336
0.0932621955871582
0.09393715858459473
0.10662221908569336
0.09947562217712402
0.09518790245056152
0.0969703197479248
0.1002500057220459
0.11317586898803711
0.1084589958190918
0.1104421615600586
0.11027646064758301
0.114990234375
0.11615228652954102
0.10866332054138184
0.10720419883728027
0.11813116073608398
0.1108548641204834
0.13095521926879883
0.11708879470825195
0.13348031044006348
0.11269235610961914
0.007414817810058594
0.011893033981323242
0.025936603546142578
0.014011144638061523
0.01826167106628418
0.03842902183532715
0.021521806716918945
0.02954864501953125
0.022664546966552734
0.030170679092407227
0.017849206924438477
0.02898383140563965
0.02940964698791504
0.017066478729248047
0.0334322452545166
0.03172135353088379
0.04188942909240723
0.05259299278259277
0.02112865447998047
0.03276562690734863
0.03127622604370117
0.027681350708007812
0.04506182670593262
0.02819657325744629
0.03505563735961914
0.030783414840698242
0.04209542274475098
0.032449960708618164
0.053360700607299805
0.053848981857299805
0.031003713607788086
0.03333234786987305
0.05189323425292969
0.03749370574951172
0.03764748573303223
0.03958773612976074
0.045084476470947266
0.03380537033081055
0.051258087158203125
0.04630160331726074
0.045181989669799805
0.046010494232177734
0.03907489776611328
0.043341636657714844
0.038482666015625
0.05487203598022461
0.055676937103271484
0.04442882537841797
0.0559844970703125
0.04523587226867676
0.04588198661804199
0.06401586532592773
0.047611236572265625
0.04739022254943848
0.05386042594909668
0.09028244018554688
0.052051544189453125
0.06759166717529297
0.06479573249816895
0.05307292938232422
0.0577542781829834
0.07578229904174805
0.06977677345275879
0.06805109977722168
0.06670498847961426
0.06294846534729004
0.06945419311523438
0.06959700584411621
0.07683539390563965
0.06119132041931152
0.061975717544555664
0.06167960166931152
0.06399202346801758
0.06526923179626465
0.06047821044921875
0.06047987937927246
0.06258726119995117
0.07804417610168457
0.06372714042663574
0.06649971008300781
0.05548548698425293
0.07964801788330078
0.0727546215057373
0.07160043716430664
0.055956125259399414
0.05686163902282715
0.042717933654785156
0.05589723587036133
0.04853200912475586
0.05869770050048828
0.05876517295837402
0.04197549819946289
0.04842710494995117
0.05739331245422363
0.05570387840270996
0.04739546775817871
0.02770829200744629
0.02843785285949707
0.036371707916259766
0.04077506065368652
0.027133464813232422
0.03560185432434082
0.04124760627746582
0.020222902297973633
0.032158851623535156
0.028775691986083984
0.04433751106262207
0.021687984466552734
0.031346797943115234
0.019173145294189453
0.021567344665527344
0.022739887237548828
0.022362709045410156
0.03711080551147461
0.033391475677490234
0.025784015655517578
0.024188756942749023
0.026694536209106445
0.023964643478393555
0.024806976318359375
0.02626323699951172
0.037755489349365234
0.029200315475463867
0.030777454376220703
0.03246712684631348
0.03540658950805664
0.020943880081176758
0.04423022270202637
0.02447795867919922
0.03740334510803223
0.027957677841186523
0.03637957572937012
0.025432348251342773
0.024837732315063477
0.027309894561767578
0.025016307830810547
0.021245479583740234
0.029692888259887695
0.02301645278930664
0.03883695602416992
0.028646230697631836
0.04762125015258789
0.042406558990478516
0.044582366943359375
0.03197836875915527
0.045638084411621094
0.038718223571777344
0.03327345848083496
0.030956745147705078
0.03923392295837402
0.030832767486572266
0.03302121162414551
0.03493618965148926
0.049292564392089844
0.03808331489562988
0.053305864334106445
0.05917835235595703
0.034729719161987305
0.03524637222290039
0.04831671714782715
0.03490090370178223
0.03534221649169922
0.04220914840698242
0.04980659484863281
0.047052860260009766
0.05032944679260254
0.03598213195800781
0.04392385482788086
0.04114365577697754
0.03660154342651367
0.04353642463684082
0.03573417663574219
0.04451727867126465
0.05408215522766113
0.04951906204223633
0.045013427734375
0.04013347625732422
0.0379643440246582
0.05015730857849121
0.0373992919921875
0.03307747840881348
0.049674272537231445
0.162522554397583
0.04244542121887207
0.14194488525390625
0.0402836799621582
0.14367270469665527
0.1513659954071045
0.04039597511291504
0.08107686042785645
0.19934701919555664
0.14413189888000488
0.058275461196899414
0.03858160972595215
0.1544029712677002
0.15729951858520508
0.03985786437988281
0.14405417442321777
0.03624105453491211
0.04023313522338867
0.03860902786254883
0.05628061294555664
0.05120205879211426
0.04184126853942871
0.05968523025512695
0.04132962226867676
0.049219369888305664
0.0624544620513916
0.08298301696777344
0.04734611511230469
0.06201505661010742
0.05488133430480957
0.13561296463012695
0.0528559684753418
0.052867889404296875
0.06796073913574219
0.0648033618927002
0.06139516830444336
0.06298017501831055
0.06627845764160156
0.07335662841796875
0.07743334770202637
0.09163713455200195
0.1350545883178711
0.0645296573638916
0.04360175132751465
0.12082624435424805
0.04375123977661133
0.13907623291015625
0.10921502113342285
0.10674405097961426
0.10913968086242676
0.10691976547241211
0.11988949775695801
0.009746074676513672
0.008472204208374023
0.017282962799072266
0.013756513595581055
0.012207508087158203
0.022071123123168945
0.014039039611816406
0.03166699409484863
0.03022456169128418
0.02763986587524414
0.013030767440795898
0.011794805526733398
0.0193784236907959
0.02568960189819336
0.029804229736328125
0.016852378845214844
0.020090579986572266
0.021268367767333984
0.03341794013977051
0.02152848243713379
0.030356407165527344
0.02308058738708496
0.03641510009765625
0.024190425872802734
0.020449399948120117
0.021061420440673828
0.023786306381225586
0.030965328216552734
0.03242659568786621
0.02696824073791504
0.03981828689575195
0.04072928428649902
0.0348353385925293
0.03831124305725098
0.025206327438354492
0.03458261489868164
0.029697179794311523
0.05541229248046875
0.03058338165283203
0.034528493881225586
0.040068626403808594
0.037477731704711914
0.03700852394104004
0.04787945747375488
0.04312753677368164
0.03456854820251465
0.03865170478820801
0.03666496276855469
0.04786396026611328
0.054697275161743164
0.04134202003479004
0.04097294807434082
0.0508732795715332
0.03650212287902832
0.04438614845275879
0.041543006896972656
0.033888816833496094
0.03654980659484863
0.032616376876831055
0.04471015930175781
0.032378196716308594
0.03559160232543945
0.03377842903137207
0.06413984298706055
0.046624183654785156
0.04491376876831055
0.04024958610534668
0.04123353958129883
0.035787105560302734
0.038216590881347656
0.048682451248168945
0.029187440872192383
0.02943253517150879
0.030315637588500977
0.027179479598999023
0.02680516242980957
0.03984665870666504
0.039821624755859375
0.03548431396484375
0.03942584991455078
0.04019522666931152
0.02791905403137207
0.03038191795349121
0.04332756996154785
0.03747224807739258
0.05668926239013672
0.04411649703979492
0.03269648551940918
0.0383148193359375
0.04570436477661133
0.04817795753479004
0.03873705863952637
0.03789329528808594
0.045613765716552734
0.04468035697937012
0.04071378707885742
0.04242587089538574
0.05563783645629883
0.041808366775512695
0.03731966018676758
0.05687308311462402
0.04545116424560547
0.052178382873535156
0.06226396560668945
0.0454859733581543
0.04716992378234863
0.057779788970947266
0.08484196662902832
0.05460762977600098
0.06260180473327637
0.041808128356933594
0.05002856254577637
0.044545650482177734
0.044788360595703125
0.05413007736206055
0.05119752883911133
0.04547572135925293
0.07889771461486816
0.032743215560913086
0.06430339813232422
0.23064374923706055
0.10994482040405273
0.09884357452392578
0.1275160312652588
0.11317253112792969
0.11975955963134766
0.10591673851013184
0.13260984420776367
0.013470649719238281
0.009959936141967773
0.01975226402282715
0.016232967376708984
0.014974594116210938
0.02133488655090332
0.025575876235961914
0.1268758773803711
0.11758542060852051
0.12760519981384277
0.13782954216003418
0.11975574493408203
0.07586431503295898
0.0848395824432373
0.07460165023803711
0.1034691333770752
0.06860733032226562
0.06207275390625
0.05902361869812012
0.06596851348876953
0.06341552734375
0.05124545097351074
0.05304312705993652
0.0509190559387207
0.05202364921569824
0.051023244857788086
0.05790281295776367
0.07121491432189941
0.05052065849304199
0.03865790367126465
0.039576053619384766
0.04807567596435547
0.03573346138000488
0.04136991500854492
0.04615950584411621
0.035741329193115234
0.04728507995605469
0.04184293746948242
0.043221235275268555
0.05688047409057617
0.0520472526550293
0.04518413543701172
0.04517316818237305
0.043592214584350586
0.042679786682128906
0.05150461196899414
0.056665658950805664
0.033412933349609375
0.03025221824645996
0.026093721389770508
0.02697587013244629
0.04574894905090332
0.04470252990722656
0.030305147171020508
0.04237103462219238
0.03852677345275879
0.06290626525878906
0.03712964057922363
0.05381941795349121
0.05261850357055664
0.05920600891113281
0.042143821716308594
0.040480613708496094
0.0796041488647461
0.042653560638427734
0.05376625061035156
0.04574847221374512
0.10605216026306152
0.14404535293579102
0.048218488693237305
0.17718982696533203
0.3051166534423828
0.09683990478515625
0.12407207489013672
0.08178091049194336
0.04543018341064453
0.046605825424194336
0.058617353439331055
0.06547927856445312
0.03057551383972168
0.02597641944885254
0.11679267883300781
0.08060503005981445
0.1639881134033203
0.016080379486083984
0.18859195709228516
0.27466797828674316
0.22013449668884277
0.1265428066253662
0.10021328926086426
0.12357592582702637
0.10599088668823242
0.11979913711547852
0.12344598770141602
0.08803105354309082
0.11222290992736816
0.09065532684326172
0.09915828704833984
0.10612225532531738
0.09262323379516602
0.10544562339782715
0.10793232917785645
0.10864543914794922
0.09676170349121094
0.10570764541625977
0.10909891128540039
0.10252976417541504
0.11299943923950195
0.10522294044494629
0.10442829132080078
0.1389620304107666
0.19530129432678223
0.13464856147766113
0.1099703311920166
0.13521599769592285
0.13062715530395508
0.11931800842285156
0.12151122093200684
0.1206521987915039
0.010328531265258789
0.11570954322814941
0.11426925659179688
0.11541533470153809
0.11708831787109375
0.22802209854125977
0.12378907203674316
0.12370443344116211
0.11882734298706055
0.11098051071166992
0.11078214645385742
0.11098909378051758
0.009155511856079102
0.011776447296142578
0.00960540771484375
0.01570916175842285
0.02841973304748535
0.012845754623413086
0.022267580032348633
0.01632380485534668
0.0171053409576416
0.0393064022064209
0.031090497970581055
0.12665462493896484
0.17607665061950684
0.17973899841308594
0.11794304847717285
0.11760282516479492
0.09518623352050781
0.08517265319824219
0.09805870056152344
0.10191679000854492
0.08422160148620605
0.09394502639770508
0.08503270149230957
0.1049652099609375
0.08608722686767578
0.13490724563598633
0.09233403205871582
0.10822653770446777
0.09347653388977051
0.11451411247253418
0.12647223472595215
0.0762789249420166
0.1702122688293457
0.11871528625488281
0.10578012466430664
0.08010530471801758
0.17635607719421387
0.2091665267944336
0.20555377006530762
0.08707499504089355
0.149979829788208
0.1372380256652832
0.1550431251525879
0.12899255752563477
0.09920096397399902
0.11324477195739746
0.1252596378326416
0.11455941200256348
0.11294865608215332
0.08954644203186035
0.10082554817199707
0.13216018676757812
0.11789727210998535
0.1283247470855713
0.10594391822814941
0.10942506790161133
0.07365703582763672
0.08039569854736328
0.06645846366882324
0.07422709465026855
0.11008477210998535
0.11742854118347168
0.10273003578186035
0.0771334171295166
0.06926369667053223
0.08127069473266602
0.06727719306945801
0.0920267105102539
0.09099125862121582
0.07350039482116699
0.052106380462646484
0.06251740455627441
0.046575307846069336
0.05019855499267578
0.06598138809204102
0.05552363395690918
0.058428049087524414
0.05737781524658203
0.05830812454223633
0.0972898006439209
0.039937734603881836
0.04443192481994629
0.046254634857177734
0.048467159271240234
0.04060769081115723
0.04003548622131348
0.039916276931762695
0.05025887489318848
0.05422520637512207
0.05284309387207031
0.049640655517578125
0.054686784744262695
0.050008296966552734
0.05049586296081543
0.05690288543701172
0.04977774620056152
0.06356382369995117
0.05040311813354492
0.055845022201538086
0.06928205490112305
0.0583500862121582
0.05999135971069336
0.07244086265563965
0.062383174896240234
0.06143641471862793
0.05964779853820801
0.07435917854309082
0.07690811157226562
0.05730247497558594
0.0571599006652832
0.07663130760192871
0.07632994651794434
0.0676584243774414
0.06767416000366211
0.07566714286804199
0.07307958602905273
0.07285904884338379
0.06851887702941895
0.06132316589355469
0.06367087364196777
0.07306504249572754
0.07460403442382812
0.0722653865814209
0.08513569831848145
0.09986758232116699
0.06917166709899902
0.0684347152709961
0.08102583885192871
0.07819342613220215
0.09254312515258789
0.08423733711242676
0.08171916007995605
0.07410120964050293
0.07420706748962402
0.0745236873626709
0.07895231246948242
0.0769655704498291
0.07817792892456055
0.0723567008972168
0.07277464866638184
0.1481642723083496
0.15345168113708496
0.04929018020629883
0.19612812995910645
0.2547581195831299
0.10822224617004395
0.10845470428466797
0.2814457416534424
0.19817733764648438
0.18957829475402832
0.19356036186218262
0.27731871604919434
0.10404443740844727
0.3108348846435547
0.7706170082092285
0.5002951622009277
0.2770347595214844
0.15074920654296875
0.0870199203491211
0.15893077850341797
0.08370614051818848
0.15015316009521484
0.12049460411071777
0.08955764770507812
0.09605646133422852
0.08329248428344727
0.19621586799621582
0.08529281616210938
0.13143372535705566
0.06429338455200195
0.11043930053710938
0.11719632148742676
0.0769033432006836
0.19107627868652344
0.08070015907287598
0.059740543365478516
0.08026480674743652
0.08277606964111328
0.053145647048950195
0.07740139961242676
0.06810998916625977
0.05652904510498047
0.06004905700683594
0.046706199645996094
0.05026102066040039
0.1382005214691162
0.08742570877075195
0.059311866760253906
0.11580824851989746
0.21726441383361816
0.0509035587310791
0.07454919815063477
0.043647050857543945
0.06945967674255371
0.2706108093261719
0.15064549446105957
0.17935943603515625
0.18206572532653809
0.10136938095092773
0.15900230407714844
0.2647886276245117
0.1028892993927002
0.08464336395263672
0.0789790153503418
0.07240724563598633
0.16386747360229492
0.10163521766662598
0.130204439163208
0.1681959629058838
0.07027912139892578
0.09033966064453125
0.09523320198059082
0.06646561622619629
0.08536744117736816
0.06977725028991699
0.09983134269714355
0.09019160270690918
0.09022974967956543
0.08400201797485352
0.06753325462341309
0.13084650039672852
0.1724262237548828
0.1368563175201416
0.05702996253967285
0.21456456184387207
0.056484222412109375
0.1219327449798584
0.057074785232543945
0.07158279418945312
0.11579442024230957
0.059093475341796875
0.14276695251464844
0.0864863395690918
0.10164737701416016
0.052813053131103516
0.10799789428710938
0.05634355545043945
0.3145327568054199
0.11541986465454102
0.0941169261932373
0.08889961242675781
0.07447981834411621
0.07143712043762207
0.07922720909118652
0.14571571350097656
0.07301115989685059
0.09733247756958008
0.07360076904296875
0.08134818077087402
0.07232284545898438
0.08281826972961426
0.21633338928222656
0.14996027946472168
0.1511530876159668
0.09817314147949219
0.07804608345031738
0.09297871589660645
0.10504388809204102
0.11028480529785156
0.08161330223083496
0.09775376319885254
0.10929107666015625
0.12965011596679688
0.05117535591125488
0.07195019721984863
0.07547211647033691
0.10064268112182617
0.03993511199951172
0.15947461128234863
0.10950517654418945
0.16059374809265137
0.04057049751281738
0.16554760932922363
0.07913994789123535
0.030812978744506836
0.19208312034606934
0.1701366901397705
0.13927769660949707
0.10900616645812988
0.21668052673339844
0.14661383628845215
0.16842436790466309
0.1085824966430664
0.13538765907287598
0.16280436515808105
0.18932294845581055
0.1345994472503662
0.1043550968170166
0.12191200256347656
0.11071562767028809
0.1359577178955078
0.15677118301391602
0.1399831771850586
0.1099090576171875
0.16100859642028809
0.17084312438964844
0.14113211631774902
0.13117694854736328
0.13099455833435059
0.1088874340057373
0.12544870376586914
0.0959327220916748
0.16947460174560547
0.08696198463439941
0.1237947940826416
0.12053918838500977
0.11997723579406738
0.10313558578491211
0.11691999435424805
0.09155631065368652
0.1046290397644043
0.13404464721679688
0.12668156623840332
0.1262664794921875
0.13857388496398926
0.15770745277404785
0.1107337474822998
0.10576629638671875
0.06630802154541016
0.08350014686584473
0.11325621604919434
0.09628963470458984
0.13294577598571777
0.06966757774353027
0.11116909980773926
0.08266544342041016
0.06951403617858887
0.0669405460357666
0.06920886039733887
0.07617759704589844
0.07938885688781738
0.08759784698486328
0.07425808906555176
0.05453205108642578
0.07901859283447266
0.07429170608520508
0.061386823654174805
0.03995323181152344
0.04098916053771973
0.04069995880126953
0.05326652526855469
0.05459737777709961
0.058954477310180664
0.061263322830200195
0.0771031379699707
0.04850888252258301
0.04856419563293457
0.06362581253051758
0.07668256759643555
0.0670778751373291
0.05531716346740723
0.055677175521850586
0.07062101364135742
0.06154131889343262
0.07049441337585449
0.06508684158325195
0.06536698341369629
0.06572484970092773
0.06625080108642578
0.07794022560119629
0.07555174827575684
0.06428933143615723
0.08837628364562988
0.0756845474243164
0.06401467323303223
0.057121992111206055
0.055713653564453125
0.06065630912780762
0.06126737594604492
0.06697440147399902
0.06143951416015625
0.059348106384277344
0.06443119049072266
0.05457305908203125
0.05285000801086426
0.05311775207519531
0.05392026901245117
0.054433584213256836
0.07360982894897461
0.06971096992492676
0.06187748908996582
0.05872154235839844
0.053206443786621094
0.0581355094909668
0.05325579643249512
0.05621743202209473
0.05651259422302246
0.054879188537597656
0.06029343605041504
0.05584836006164551
0.06730365753173828
0.06905484199523926
0.05114030838012695
0.07398772239685059
0.05783724784851074
0.07133245468139648
0.0587160587310791
0.07302069664001465
0.0625312328338623
0.07656478881835938
0.07968926429748535
0.08108401298522949
0.06869196891784668
0.06122183799743652
0.05971264839172363
0.07958745956420898
0.06875205039978027
0.07581543922424316
0.05980801582336426
0.07638263702392578
0.07639145851135254
0.06621670722961426
0.06783938407897949
0.06940746307373047
0.07074284553527832
0.07555222511291504
0.07687139511108398
0.07839059829711914
0.08534860610961914
0.15006089210510254
0.06110095977783203
0.06471133232116699
0.06908178329467773
0.06705665588378906
0.2053844928741455
0.06043672561645508
0.07590866088867188
0.14354443550109863
0.06361842155456543
0.18164944648742676
0.1000058650970459
0.11742305755615234
0.10884928703308105
0.11191272735595703
0.10041594505310059
0.08425164222717285
0.1770024299621582
0.07910966873168945
0.1255817413330078
0.0748586654663086
0.07266569137573242
0.07187747955322266
0.0700693130493164
0.09145140647888184
0.07039928436279297
0.0841064453125
0.1116938591003418
0.06505036354064941
0.06741547584533691
0.10434222221374512
0.06468415260314941
0.1257762908935547
0.1247873306274414
0.08418917655944824
0.08502793312072754
0.07852029800415039
0.04672408103942871
0.1816866397857666
0.1403801441192627
0.0491032600402832
0.062494754791259766
0.23427557945251465
0.11239743232727051
0.03431892395019531
0.10452675819396973
0.08311152458190918
0.1768198013305664
0.16052007675170898
0.12221550941467285
0.23015618324279785
0.12483024597167969
0.10797524452209473
0.1490955352783203
0.27081298828125
0.04709815979003906
0.0421147346496582
0.043517112731933594
0.06597661972045898
0.03354024887084961
0.1311664581298828
0.1148524284362793
0.14561247825622559
0.12502217292785645
0.13305401802062988
0.14949893951416016
0.10298490524291992
0.11376762390136719
0.12865734100341797
0.1477370262145996
0.10338950157165527
0.13330864906311035
0.11314654350280762
0.09623384475708008
0.10918164253234863
0.12110471725463867
0.07528257369995117
0.19074392318725586
0.07620716094970703
0.05571866035461426
0.09405803680419922
0.05667734146118164
0.05649256706237793
0.05657696723937988
0.11246371269226074
0.16259264945983887
0.07274079322814941
0.06130409240722656
0.1500251293182373
0.20347857475280762
0.21510672569274902
0.07853913307189941
0.05893278121948242
0.050685882568359375
0.09956765174865723
0.1053917407989502
0.012651920318603516
0.129014253616333
0.26420021057128906
0.1699066162109375
0.15407991409301758
0.10361480712890625
0.0607147216796875
0.09251666069030762
0.2560572624206543
0.041300058364868164
0.5213003158569336
0.3177793025970459
0.07750892639160156
0.036508798599243164
0.03935432434082031
0.022108078002929688
0.04873919486999512
0.055931806564331055
0.01878499984741211
0.06300187110900879
0.0753936767578125
0.052294015884399414
0.06538558006286621
0.03527021408081055
0.0602414608001709
0.16335296630859375
0.12280964851379395
0.4288506507873535
0.2046494483947754
0.1082768440246582
0.06750869750976562
0.030197620391845703
0.0705556869506836
0.03418779373168945
0.03178739547729492
0.04136347770690918
0.0303192138671875
0.061569929122924805
0.0662240982055664
0.06732344627380371
0.029689550399780273
0.18291497230529785
0.044170379638671875
0.16828346252441406
0.07243728637695312
0.14525413513183594
0.1587827205657959
0.2666900157928467
0.34392762184143066
0.14257454872131348
0.21675896644592285
0.17422699928283691
0.06475639343261719
0.06170082092285156
0.19593501091003418
0.06081366539001465
0.19140100479125977
0.05745100975036621
0.04948139190673828
0.03101658821105957
0.029213905334472656
0.13229608535766602
0.12450146675109863
0.07427501678466797
0.12481260299682617
0.08820414543151855
0.09662055969238281
0.07860660552978516
0.07794880867004395
0.04971051216125488
0.03967118263244629
0.08514666557312012
0.05042719841003418
0.13440895080566406
0.02931380271911621
0.044753074645996094
0.0947268009185791
0.035833120346069336
0.08836817741394043
0.02132248878479004
0.13086557388305664
0.07921409606933594
0.1812436580657959
0.11716508865356445
0.16551423072814941
0.12135577201843262
0.09194183349609375
0.2288682460784912
0.07165265083312988
0.17548251152038574
0.24632906913757324
0.646273136138916
0.44767236709594727
0.22417068481445312
0.06672954559326172
0.04562687873840332
0.1178896427154541
0.1257338523864746
0.13783884048461914
0.09477925300598145
0.1305081844329834
0.17681360244750977
0.12294340133666992
0.19928431510925293
0.1820087432861328
0.13860416412353516
0.08744263648986816
0.17392897605895996
0.20355653762817383
