0.14469122886657715
0.06946778297424316
0.1311490535736084
0.028163671493530273
0.13552284240722656
0.07972455024719238
0.13374948501586914
0.14124345779418945
0.13487887382507324
0.031158924102783203
0.2372744083404541
0.12548446655273438
0.1632554531097412
0.13718295097351074
0.022418498992919922
0.13700509071350098
0.13360190391540527
0.03878211975097656
0.04389667510986328
0.03222846984863281
0.037657737731933594
0.04461264610290527
0.041771888732910156
0.031964778900146484
0.029546022415161133
0.03406357765197754
0.04075264930725098
0.055968523025512695
0.036670684814453125
0.03458380699157715
0.04446697235107422
0.046088457107543945
0.058930158615112305
0.08016800880432129
0.05083441734313965
0.05813479423522949
0.05084872245788574
0.051755428314208984
0.04022526741027832
0.04024982452392578
0.041530609130859375
0.05529594421386719
0.051204681396484375
0.045607566833496094
0.05227231979370117
0.06219124794006348
0.04817819595336914
0.057137250900268555
0.058992624282836914
0.04972267150878906
0.050075531005859375
0.05920839309692383
0.06428837776184082
0.06407356262207031
0.06071352958679199
0.06129336357116699
0.05656290054321289
0.0672147274017334
0.07202506065368652
0.062242746353149414
0.06590461730957031
0.0604398250579834
0.061118125915527344
0.07224059104919434
0.07193255424499512
0.07735395431518555
0.07656741142272949
0.0837864875793457
0.07521986961364746
0.06915736198425293
0.08782076835632324
0.07046318054199219
0.08513212203979492
0.08579635620117188
0.08559536933898926
0.08423566818237305
0.09035181999206543
0.08307886123657227
0.11928129196166992
0.09288191795349121
0.09018230438232422
0.09658002853393555
0.0979006290435791
0.09566116333007812
0.12174057960510254
0.1038355827331543
0.13953304290771484
0.10944890975952148
0.11143660545349121
0.10046672821044922
0.10146474838256836
0.09635686874389648
0.09667205810546875
0.10051655769348145
0.09752559661865234
0.10563540458679199
0.11507916450500488
0.10221552848815918
0.11320137977600098
0.1212456226348877
0.11068344116210938
0.11341643333435059
0.11310529708862305
0.11305665969848633
0.10751461982727051
0.11819696426391602
0.11330866813659668
0.12809324264526367
0.11104774475097656
0.11725831031799316
0.11265921592712402
0.015281438827514648
0.01709890365600586
0.014510631561279297
0.016503572463989258
0.01859140396118164
0.036695003509521484
0.021798372268676758
0.026143789291381836
0.033824920654296875
0.02468276023864746
0.03197908401489258
0.02869558334350586
0.01949167251586914
0.058706045150756836
0.030025005340576172
0.021926403045654297
0.06221723556518555
0.025625228881835938
0.021589994430541992
0.03292655944824219
0.03578686714172363
0.03988242149353027
0.05043196678161621
0.03954315185546875
0.044644832611083984
0.03642773628234863
0.03081679344177246
0.03853130340576172
0.0353085994720459
0.03916215896606445
0.05591464042663574
0.03607344627380371
0.05887293815612793
0.05692577362060547
0.058225154876708984
0.039225101470947266
0.03590512275695801
0.04789447784423828
0.037844181060791016
0.048514366149902344
0.041394710540771484
0.0356903076171875
0.04874086380004883
0.03839755058288574
0.03854656219482422
0.05467629432678223
0.043979644775390625
0.05048346519470215
0.044106245040893555
0.05145144462585449
0.04855942726135254
0.05922508239746094
0.048059940338134766
0.05824017524719238
0.06508302688598633
0.06461429595947266
0.07192182540893555
0.06693625450134277
0.055922746658325195
0.055593252182006836
0.0735483169555664
0.06652283668518066
0.07009243965148926
0.06743836402893066
0.06598353385925293
0.07131791114807129
0.07487630844116211
0.06946349143981934
0.07337212562561035
0.07014274597167969
0.07364916801452637
0.07102799415588379
0.07470011711120605
0.06612372398376465
0.06020045280456543
0.06600213050842285
0.06795930862426758
0.06256818771362305
0.06570601463317871
0.05912518501281738
0.0769643783569336
0.058243751525878906
0.07249593734741211
0.06738042831420898
0.056107521057128906
0.05680489540100098
0.05062150955200195
0.04515862464904785
0.06106305122375488
0.06890273094177246
0.053752899169921875
0.05189204216003418
0.056643009185791016
0.05569767951965332
0.044988155364990234
0.05880618095397949
0.030019760131835938
0.030820846557617188
0.03610086441040039
0.039366960525512695
0.029734373092651367
0.03600311279296875
0.03909444808959961
0.020064115524291992
0.023331165313720703
0.029633283615112305
0.023468494415283203
0.04645085334777832
0.03168129920959473
0.03565859794616699
0.028981685638427734
0.04116392135620117
0.025101900100708008
0.026328325271606445
0.03443408012390137
0.03376340866088867
0.04147744178771973
0.04072928428649902
0.03171491622924805
0.03827023506164551
0.04137444496154785
0.03720998764038086
0.040569305419921875
0.029857635498046875
0.03256058692932129
0.04198169708251953
0.023215770721435547
0.034574031829833984
0.03708934783935547
0.02963089942932129
0.03045964241027832
0.030350446701049805
0.04610753059387207
0.03666210174560547
0.025142669677734375
0.03912067413330078
0.03200578689575195
0.03234124183654785
0.030961036682128906
0.04757118225097656
0.043662309646606445
0.03589224815368652
0.0313258171081543
0.030750751495361328
0.031786441802978516
0.03667783737182617
0.04347419738769531
0.04385256767272949
0.04424452781677246
0.03912615776062012
0.0332789421081543
0.03547525405883789
0.0448613166809082
0.04887199401855469
0.05495762825012207
0.04206967353820801
0.038426876068115234
0.04821920394897461
0.04312729835510254
0.05293393135070801
0.0428318977355957
0.04305887222290039
0.04978752136230469
0.040528297424316406
0.046491384506225586
0.046933889389038086
0.03587985038757324
0.04469752311706543
0.034253597259521484
0.03611588478088379
0.044243574142456055
0.0573430061340332
0.04467010498046875
0.04862666130065918
0.0477449893951416
0.0647892951965332
0.04549217224121094
0.05431866645812988
0.04897451400756836
0.05061841011047363
0.04740142822265625
0.04774165153503418
0.1561880111694336
0.06201004981994629
0.14931035041809082
0.04273104667663574
0.1565234661102295
0.15505456924438477
0.04852771759033203
0.05903196334838867
0.19052863121032715
0.16233372688293457
0.05218768119812012
0.05772542953491211
0.1545252799987793
0.14138484001159668
0.04934835433959961
0.15400958061218262
0.06052827835083008
0.050507307052612305
0.05617189407348633
0.04656219482421875
0.051000118255615234
0.042104244232177734
0.05971884727478027
0.05267906188964844
0.053236961364746094
0.061301469802856445
0.08498525619506836
0.055914878845214844
0.06210923194885254
0.0720357894897461
0.05862712860107422
0.053470611572265625
0.05608367919921875
0.07387328147888184
0.06743311882019043
0.08149838447570801
0.06872248649597168
0.07062673568725586
0.07787013053894043
0.08017420768737793
0.09368348121643066
0.23390531539916992
0.12658238410949707
0.1279160976409912
0.1057436466217041
0.11153721809387207
0.13608431816101074
0.12275099754333496
0.13655853271484375
0.12658143043518066
0.1198890209197998
0.12038874626159668
0.015340328216552734
0.018791913986206055
0.017380952835083008
0.013498306274414062
0.026433706283569336
0.026880979537963867
0.04099774360656738
0.029535770416259766
0.02725505828857422
0.028136730194091797
0.018660783767700195
0.03655409812927246
0.02392268180847168
0.032022953033447266
0.029917240142822266
0.019715309143066406
0.029137134552001953
0.02946925163269043
0.029965639114379883
0.026742935180664062
0.033324480056762695
0.03420567512512207
0.02514934539794922
0.026404380798339844
0.02826833724975586
0.03127336502075195
0.029447317123413086
0.027331113815307617
0.034451961517333984
0.04167747497558594
0.03917527198791504
0.04018092155456543
0.034889936447143555
0.02840113639831543
0.03823685646057129
0.028781414031982422
0.03968310356140137
0.06743884086608887
0.04020881652832031
0.03422808647155762
0.04001212120056152
0.04760861396789551
0.04709291458129883
0.047257184982299805
0.04310250282287598
0.045397281646728516
0.04662752151489258
0.04465460777282715
0.03954720497131348
0.04031801223754883
0.051222801208496094
0.048505306243896484
0.04813385009765625
0.038866281509399414
0.050193071365356445
0.039336442947387695
0.05257987976074219
0.0418553352355957
0.0521848201751709
0.03688335418701172
0.05263972282409668
0.05769920349121094
0.03396797180175781
0.06346988677978516
0.04620051383972168
0.04563164710998535
0.03498244285583496
0.044904470443725586
0.04490184783935547
0.05572700500488281
0.03329944610595703
0.02860236167907715
0.03810524940490723
0.03603410720825195
0.029807090759277344
0.029320716857910156
0.02959156036376953
0.036344051361083984
0.032239675521850586
0.028675079345703125
0.03820013999938965
0.036295175552368164
0.0439908504486084
0.043547868728637695
0.038202762603759766
0.03552985191345215
0.044309139251708984
0.04079556465148926
0.05298614501953125
0.042327880859375
0.04695296287536621
0.04978489875793457
0.050553321838378906
0.03987550735473633
0.04816460609436035
0.05245399475097656
0.04796934127807617
0.05655646324157715
0.044294118881225586
0.04836225509643555
0.04201340675354004
0.054891109466552734
0.05720043182373047
0.06151223182678223
0.053864479064941406
0.12982392311096191
0.06925463676452637
0.08901715278625488
0.054964542388916016
0.06031656265258789
0.044737815856933594
0.058673858642578125
0.04421806335449219
0.050115108489990234
0.05304455757141113
0.051169633865356445
0.11145162582397461
0.12025809288024902
0.04372119903564453
0.11663985252380371
0.2725260257720947
0.11408567428588867
0.11373448371887207
0.12268638610839844
0.11359286308288574
0.11961841583251953
0.11377382278442383
0.13619256019592285
0.014858245849609375
0.021637439727783203
0.015271663665771484
0.021942138671875
0.02683568000793457
0.023673295974731445
0.02631211280822754
0.14053773880004883
0.11560273170471191
0.1471543312072754
0.16652750968933105
0.12017583847045898
0.08584380149841309
0.08494925498962402
0.09507489204406738
0.06947875022888184
0.0745229721069336
0.06261539459228516
0.07838726043701172
0.06054401397705078
0.07022523880004883
0.0713808536529541
0.05846548080444336
0.06320595741271973
0.06347942352294922
0.056794166564941406
0.05935955047607422
0.053199052810668945
0.05064058303833008
0.04655599594116211
0.04719400405883789
0.054766178131103516
0.08469104766845703
0.05246472358703613
0.03791618347167969
0.04527878761291504
0.04803895950317383
0.044109344482421875
0.04324173927307129
0.04728507995605469
0.04732942581176758
0.05633068084716797
0.055866241455078125
0.05668020248413086
0.05551767349243164
0.05170845985412598
0.058397531509399414
0.03674626350402832
0.03436470031738281
0.035748958587646484
0.027445554733276367
0.030431032180786133
0.03712010383605957
0.03948187828063965
0.0387120246887207
0.03337693214416504
0.04901862144470215
0.04548048973083496
0.05587434768676758
0.05271267890930176
0.05924510955810547
0.055886268615722656
0.04352521896362305
0.06641936302185059
0.050757646560668945
0.044844627380371094
0.07128214836120605
0.1111302375793457
0.14673423767089844
0.05771350860595703
0.12546873092651367
0.25110936164855957
0.17262601852416992
0.12531733512878418
0.08458876609802246
0.06065630912780762
0.09858131408691406
0.05063915252685547
0.0701751708984375
0.11083173751831055
0.09235715866088867
0.11008477210998535
0.07656693458557129
0.21202659606933594
0.10508418083190918
0.1772756576538086
0.2228248119354248
0.405059814453125
0.13919329643249512
0.12141823768615723
0.11388254165649414
0.09537601470947266
0.09161996841430664
0.15009164810180664
0.09892034530639648
0.11867499351501465
0.10929107666015625
0.10048532485961914
0.11179780960083008
0.09571313858032227
0.09569334983825684
0.10465693473815918
0.11373472213745117
0.1096181869506836
0.1113128662109375
0.10603761672973633
0.1069948673248291
0.10378503799438477
0.11453676223754883
0.10723400115966797
0.14498257637023926
0.18639302253723145
0.11017584800720215
0.12079882621765137
0.11743307113647461
0.11530160903930664
0.11522388458251953
0.1309187412261963
0.11560869216918945
0.010236978530883789
0.12171196937561035
0.11705732345581055
0.11815142631530762
0.1175069808959961
0.21357417106628418
0.11898970603942871
0.12531137466430664
0.11903071403503418
0.11583399772644043
0.11649012565612793
0.1220700740814209
0.014625310897827148
0.021826982498168945
0.020321369171142578
0.020278215408325195
0.02161717414855957
0.018165111541748047
0.02219247817993164
0.02660083770751953
0.027741193771362305
0.04965519905090332
0.01954936981201172
0.2014598846435547
0.19007039070129395
0.1424267292022705
0.12401056289672852
0.12618541717529297
0.13366961479187012
0.11334991455078125
0.12590980529785156
0.09057474136352539
0.11393523216247559
0.09712052345275879
0.12214159965515137
0.08929085731506348
0.08995914459228516
0.11899685859680176
0.09418416023254395
0.10598397254943848
0.09244084358215332
0.1133577823638916
0.12063908576965332
0.08060979843139648
0.07598614692687988
0.16179966926574707
0.0919804573059082
0.1001427173614502
0.14388632774353027
0.2123112678527832
0.09977269172668457
0.10461664199829102
0.16417217254638672
0.12486028671264648
0.14624285697937012
0.14353561401367188
0.08008408546447754
0.1015005111694336
0.08363723754882812
0.10242748260498047
0.09876132011413574
0.08368277549743652
0.13595843315124512
0.1380176544189453
0.12900972366333008
0.10474061965942383
0.09913110733032227
0.10098743438720703
0.07463502883911133
0.06942987442016602
0.07583808898925781
0.08433341979980469
0.09922194480895996
0.13103652000427246
0.08018827438354492
0.07749032974243164
0.07826375961303711
0.07584547996520996
0.10487699508666992
0.13049817085266113
0.0857536792755127
0.0513608455657959
0.061487436294555664
0.0612483024597168
0.061629533767700195
0.0744791030883789
0.06897401809692383
0.05995917320251465
0.0872950553894043
0.0612032413482666
0.10283327102661133
0.0469050407409668
0.04301261901855469
0.04473376274108887
0.07833623886108398
0.059307098388671875
0.04870128631591797
0.06411862373352051
0.042801856994628906
0.05453968048095703
0.050575971603393555
0.054345130920410156
0.05472707748413086
0.05915641784667969
0.05873870849609375
0.05596184730529785
0.06131434440612793
0.0626366138458252
0.05220341682434082
0.06482958793640137
0.07852792739868164
0.07158732414245605
0.06763386726379395
0.07529616355895996
0.07310652732849121
0.0735318660736084
0.07857108116149902
0.06817030906677246
0.06508398056030273
0.07152056694030762
0.06033134460449219
0.06820130348205566
0.06146669387817383
0.07255840301513672
0.06736969947814941
0.06226658821105957
0.07314348220825195
0.0736384391784668
0.06288576126098633
0.07421278953552246
0.0704336166381836
0.06691527366638184
0.07403349876403809
0.0692756175994873
0.07512426376342773
0.08522367477416992
0.09540128707885742
0.08210563659667969
0.07381248474121094
0.07014679908752441
0.08363652229309082
0.07563972473144531
0.08314752578735352
0.0797886848449707
0.07406234741210938
0.08619856834411621
0.08235979080200195
0.07006311416625977
0.07805514335632324
0.07363104820251465
0.07865309715270996
0.08137893676757812
0.10252928733825684
0.1567094326019287
0.09753108024597168
0.24713778495788574
0.21635055541992188
0.13893890380859375
0.14893412590026855
0.1691277027130127
0.3595468997955322
0.19866037368774414
0.3096485137939453
1.3439829349517822
1.1309657096862793
0.9447042942047119
0.7760884761810303
0.5092988014221191
0.3564136028289795
0.1526329517364502
0.12455916404724121
0.15824341773986816
0.10541200637817383
0.08994340896606445
0.09092164039611816
0.09571075439453125
0.09709405899047852
0.12606263160705566
0.18092966079711914
0.23248553276062012
0.07351875305175781
0.1203458309173584
0.12426137924194336
0.10777544975280762
0.10742378234863281
0.1586618423461914
0.08084344863891602
0.07114458084106445
0.12960076332092285
0.08374166488647461
0.07432270050048828
0.0477292537689209
0.06625676155090332
0.06549811363220215
0.06983733177185059
0.06187176704406738
0.06552267074584961
0.1317744255065918
0.07416892051696777
0.06540274620056152
0.08747553825378418
0.15258026123046875
0.06588220596313477
0.08475494384765625
0.07326149940490723
0.05359077453613281
0.285290002822876
0.14594459533691406
0.16958332061767578
0.0828702449798584
0.14565443992614746
0.48497867584228516
0.2780146598815918
0.08139491081237793
0.1072838306427002
0.07779216766357422
0.0722966194152832
0.14296960830688477
0.1732180118560791
0.1153874397277832
0.13934993743896484
0.11755204200744629
0.08863162994384766
0.07213044166564941
0.12178444862365723
0.1974787712097168
0.08281517028808594
0.0738213062286377
0.09138083457946777
0.07336616516113281
0.1128392219543457
0.07874393463134766
0.18121027946472168
0.16092562675476074
0.13869571685791016
0.15788030624389648
0.20868635177612305
0.09729719161987305
0.11030054092407227
0.06813311576843262
0.13981914520263672
0.09556221961975098
0.09593534469604492
0.1300203800201416
0.08939981460571289
0.11141157150268555
0.09469127655029297
0.07418107986450195
0.06231880187988281
0.2843024730682373
0.11726689338684082
0.08045315742492676
0.10897588729858398
0.08679342269897461
0.07494544982910156
0.08186626434326172
0.11545324325561523
0.0859065055847168
0.08769822120666504
0.09484291076660156
0.11150956153869629
0.1565845012664795
0.26890134811401367
0.19515466690063477
0.031758785247802734
0.15444421768188477
0.09169173240661621
0.10785865783691406
0.09683537483215332
0.10664105415344238
0.08261919021606445
0.08088159561157227
0.11110353469848633
0.09867238998413086
0.14251494407653809
0.054937124252319336
0.07068347930908203
0.06037545204162598
0.10182619094848633
0.05246686935424805
0.13922452926635742
0.08922457695007324
0.19572162628173828
0.05317044258117676
0.16690683364868164
0.1246793270111084
0.061762332916259766
0.18765616416931152
0.16862201690673828
0.16806793212890625
0.16479992866516113
0.22690701484680176
0.14269161224365234
0.15702486038208008
0.12452435493469238
0.1504044532775879
0.16308856010437012
0.14220738410949707
0.12203454971313477
0.11932134628295898
0.12041878700256348
0.14119338989257812
0.11928868293762207
0.18857622146606445
0.1225728988647461
0.1275923252105713
0.14892029762268066
0.1724247932434082
0.17289018630981445
0.12238907814025879
0.12488031387329102
0.12188911437988281
0.15638089179992676
0.13720226287841797
0.1313166618347168
0.09660816192626953
0.11044025421142578
0.1250624656677246
0.09403276443481445
0.09806442260742188
0.11829495429992676
0.1128842830657959
0.15740203857421875
0.08486604690551758
0.12048745155334473
0.14207959175109863
0.14434313774108887
0.15706300735473633
0.11340451240539551
0.10614585876464844
0.08939456939697266
0.1089468002319336
0.06712722778320312
0.07355976104736328
0.10483980178833008
0.11014986038208008
0.11771368980407715
0.0858159065246582
0.07603168487548828
0.08299732208251953
0.07949995994567871
0.07773065567016602
0.0781090259552002
0.0771937370300293
0.07929134368896484
0.07205486297607422
0.16338181495666504
0.06989908218383789
0.08061027526855469
0.059317827224731445
0.0472867488861084
0.051989078521728516
0.05039072036743164
0.0538334846496582
0.06823182106018066
0.05647158622741699
0.0678558349609375
0.04879140853881836
0.05784487724304199
0.06867122650146484
0.07457542419433594
0.06355500221252441
0.05840611457824707
0.05852389335632324
0.07088136672973633
0.061844587326049805
0.07578253746032715
0.07411503791809082
0.07597780227661133
0.06532573699951172
0.07676577568054199
0.07285094261169434
0.07562136650085449
0.0786139965057373
0.08427238464355469
0.07857871055603027
0.05802273750305176
0.0634622573852539
0.06801772117614746
0.0605616569519043
0.06672430038452148
0.07201504707336426
0.07275032997131348
0.06986427307128906
0.053807973861694336
0.06970524787902832
0.06530380249023438
0.07308030128479004
0.0696415901184082
0.07149147987365723
0.05853009223937988
0.05653715133666992
0.09479999542236328
0.06939220428466797
0.06451678276062012
0.07937932014465332
0.06651735305786133
0.05628204345703125
0.06273818016052246
0.06803202629089355
0.07747507095336914
0.0737464427947998
0.06648468971252441
0.05913186073303223
0.05394721031188965
0.07447290420532227
0.06732010841369629
0.07636380195617676
0.06141948699951172
0.06341218948364258
0.06570863723754883
0.07659268379211426
0.07962894439697266
0.08009147644042969
0.07399773597717285
0.07269620895385742
0.08123326301574707
0.0636744499206543
0.07336568832397461
0.0754706859588623
0.0711965560913086
0.07571840286254883
0.0668020248413086
0.07194018363952637
0.07052278518676758
0.0820915699005127
0.08423256874084473
0.08481502532958984
0.0770263671875
0.07901811599731445
0.08775997161865234
0.16498422622680664
0.062059640884399414
0.06806707382202148
0.06988954544067383
0.08286356925964355
0.19385623931884766
0.07368159294128418
0.08052587509155273
0.08206748962402344
0.15439558029174805
0.19232392311096191
0.12668323516845703
0.10804343223571777
0.10991287231445312
0.12204813957214355
0.11169791221618652
0.12390422821044922
0.15217351913452148
0.08954691886901855
0.12149834632873535
0.07614350318908691
0.09624123573303223
0.13913512229919434
0.07890725135803223
0.09492063522338867
0.13087224960327148
0.06819701194763184
0.10550189018249512
0.12834763526916504
0.12287139892578125
0.09624004364013672
0.13921403884887695
0.1256422996520996
0.06873869895935059
0.06614160537719727
0.06374669075012207
0.08517313003540039
0.16061186790466309
0.10307645797729492
0.14595890045166016
0.2059643268585205
0.15348124504089355
0.311525821685791
0.07297635078430176
0.16308879852294922
0.10590863227844238
0.07322192192077637
0.1774921417236328
0.12132835388183594
0.14723634719848633
0.2547774314880371
0.17516469955444336
0.11768984794616699
0.1595630645751953
0.33704543113708496
0.10026955604553223
0.04831695556640625
0.044036865234375
0.13389849662780762
0.09510564804077148
0.2338247299194336
0.1226351261138916
0.17349481582641602
0.12527060508728027
0.14197421073913574
0.10944867134094238
0.11948990821838379
0.12622833251953125
0.10657143592834473
0.1402587890625
0.17093181610107422
0.11864471435546875
0.1090247631072998
0.09902071952819824
0.12288928031921387
0.13856935501098633
0.10616087913513184
0.18236589431762695
0.09467363357543945
0.07042884826660156
0.08625531196594238
0.0596926212310791
0.05743050575256348
0.1051180362701416
0.10707640647888184
0.1557941436767578
0.06331014633178711
0.08457446098327637
0.12962007522583008
0.21044707298278809
0.16302013397216797
0.05143904685974121
0.07259225845336914
0.0489346981048584
0.05072951316833496
0.049603939056396484
0.0330357551574707
0.13506793975830078
0.2682156562805176
0.26372551918029785
0.1039583683013916
0.0952906608581543
0.10585951805114746
0.06566452980041504
0.23267078399658203
0.0596771240234375
0.5139017105102539
0.2736945152282715
0.09247756004333496
0.04542732238769531
0.030962228775024414
0.037534236907958984
0.06231427192687988
0.03104114532470703
0.04645705223083496
0.07224702835083008
0.049834251403808594
0.03844332695007324
0.048979759216308594
0.030733346939086914
0.039671897888183594
0.15141940116882324
0.14164018630981445
0.13264822959899902
0.22725796699523926
0.11266565322875977
0.05725693702697754
0.02987813949584961
0.0667726993560791
0.029655933380126953
0.030908584594726562
0.04960489273071289
0.10568118095397949
0.08467316627502441
0.06551504135131836
0.12620782852172852
0.038854360580444336
0.16168451309204102
0.03799724578857422
0.16504430770874023
0.07623004913330078
0.1537621021270752
0.23883962631225586
0.4886305332183838
0.35849475860595703
0.18401765823364258
0.22165155410766602
0.1714341640472412
0.04857325553894043
0.0451200008392334
0.2266404628753662
0.10048270225524902
0.16648483276367188
0.05703234672546387
0.06332254409790039
0.0681464672088623
0.06119680404663086
0.12125158309936523
0.1953270435333252
0.0853567123413086
0.13435912132263184
0.14480066299438477
0.07258987426757812
0.06606292724609375
0.04507708549499512
0.046708106994628906
0.048778533935546875
0.11288309097290039
0.05500602722167969
0.09412884712219238
0.11772751808166504
0.03168296813964844
0.024472475051879883
0.027010440826416016
0.05136370658874512
0.024423837661743164
0.12878847122192383
0.0720357894897461
0.1537480354309082
0.1275036334991455
0.16174554824829102
0.14588665962219238
0.14734697341918945
0.18342351913452148
0.24946975708007812
0.15851616859436035
0.3426086902618408
0.16845417022705078
0.3958001136779785
0.2087414264678955
0.14825654029846191
0.12538790702819824
0.09704756736755371
0.11630630493164062
0.13541436195373535
0.10712361335754395
0.10840749740600586
0.11839818954467773
0.11834144592285156
0.17903828620910645
0.12890887260437012
0.11272239685058594
0.16040420532226562
0.09854626655578613
0.1642472743988037
0.12223672866821289
0.17873716354370117
0.08179020881652832
0.16788816452026367
0.13057184219360352
0.1241295337677002
0.15463590621948242
0.2071094512939453
0.4300239086151123
0.23945236206054688
0.07454824447631836
0.08238434791564941
0.15724658966064453
0.1551828384399414
0.0642693042755127
0.022927522659301758
0.03824925422668457
0.1436293125152588
0.15205645561218262
0.2629983425140381
0.08962202072143555
0.06626701354980469
0.06588625907897949
0.2559692859649658
0.0999760627746582
0.06682324409484863
0.05321216583251953
0.07134366035461426
0.1810307502746582
0.39899110794067383
0.6208193302154541
0.4082205295562744
0.1526045799255371
0.05735611915588379
0.10186100006103516
0.038549184799194336
0.11124801635742188
0.07058572769165039
0.08331632614135742
0.048607587814331055
0.03615593910217285
0.16007518768310547
0.27403759956359863
0.11097097396850586
0.18326115608215332
0.11579489707946777
0.17523431777954102
0.24888920783996582
0.26888370513916016
0.08493924140930176
0.06364202499389648
0.8144607543945312
0.5992512702941895
0.3660142421722412
0.12705254554748535
0.1687636375427246
0.2569129467010498
0.16818952560424805
0.1124870777130127
0.18212199211120605
0.14819097518920898
0.24477291107177734
0.22204923629760742
0.0875544548034668
0.09857702255249023
0.2979896068572998
0.08843183517456055
0.09519433975219727
0.13086891174316406
0.22788476943969727
0.28841567039489746
0.21363186836242676
0.07241964340209961
0.043865203857421875
0.10076403617858887
0.05769968032836914
0.04187417030334473
0.09696221351623535
0.12836384773254395
0.053635358810424805
0.03454184532165527
0.0997774600982666
0.0822610855102539
0.036337852478027344
0.0303194522857666
0.02176952362060547
0.05014991760253906
0.03890490531921387
0.135178804397583
0.020270586013793945
0.029986858367919922
0.032434701919555664
0.03452467918395996
0.02700638771057129
0.024958133697509766
0.02334880828857422
0.024343013763427734
0.03303265571594238
0.02758479118347168
0.04778599739074707
0.028688669204711914
0.06416201591491699
0.03788137435913086
0.03046131134033203
0.0335385799407959
0.03741788864135742
0.03687334060668945
