0.03415417671203613
0.173933744430542
0.05007052421569824
0.17933964729309082
0.03963279724121094
0.1460108757019043
0.07869648933410645
0.14467883110046387
0.13870668411254883
0.12859892845153809
0.02985835075378418
0.2412276268005371
0.1414783000946045
0.15567588806152344
0.13528919219970703
0.03773021697998047
0.1368241310119629
0.1382582187652588
0.03328299522399902
0.03166532516479492
0.037354230880737305
0.038620948791503906
0.037694692611694336
0.03546571731567383
0.026256561279296875
0.0290071964263916
0.03327751159667969
0.02946758270263672
0.029937267303466797
0.035454511642456055
0.03392601013183594
0.0392763614654541
0.04165315628051758
0.1536245346069336
0.08072233200073242
0.04623556137084961
0.05664706230163574
0.04915785789489746
0.04569292068481445
0.04942584037780762
0.0443723201751709
0.04614686965942383
0.044182538986206055
0.0446171760559082
0.050391197204589844
0.05619025230407715
0.056151390075683594
0.05794095993041992
0.05912446975708008
0.0528719425201416
0.054250478744506836
0.0545964241027832
0.060143470764160156
0.062331199645996094
0.062242746353149414
0.05489802360534668
0.055132389068603516
0.06570696830749512
0.0680532455444336
0.0664818286895752
0.07020831108093262
0.05984687805175781
0.06503820419311523
0.07072234153747559
0.06830167770385742
0.07100343704223633
0.07204222679138184
0.06693172454833984
0.07599067687988281
0.06932497024536133
0.07861995697021484
0.07007479667663574
0.06983685493469238
0.08121204376220703
0.07479166984558105
0.08969449996948242
0.08067870140075684
0.07796239852905273
0.08278536796569824
0.11110186576843262
0.10314249992370605
0.09099197387695312
0.09573101997375488
0.08632302284240723
0.08541703224182129
0.09718561172485352
0.09924864768981934
0.08952093124389648
0.09752917289733887
0.09053397178649902
0.10480117797851562
0.09511399269104004
0.1058201789855957
0.10170173645019531
0.09926629066467285
0.09701299667358398
0.0987396240234375
0.1083064079284668
0.11083388328552246
0.10778379440307617
0.10964536666870117
0.10475850105285645
0.10910820960998535
0.1070547103881836
0.10688900947570801
0.1111752986907959
0.11351919174194336
0.12369513511657715
0.13707780838012695
0.12059378623962402
0.12837958335876465
0.11734533309936523
0.018669843673706055
0.016559839248657227
0.01974964141845703
0.021109342575073242
0.02222466468811035
0.0314784049987793
0.02994704246520996
0.025399208068847656
0.03258848190307617
0.028608083724975586
0.0361177921295166
0.02409648895263672
0.01897883415222168
0.01919078826904297
0.03226518630981445
0.03662824630737305
0.05069327354431152
0.03355669975280762
0.0209658145904541
0.03234744071960449
0.04386138916015625
0.03465080261230469
0.048477888107299805
0.03543663024902344
0.039380788803100586
0.040328264236450195
0.04039168357849121
0.04133033752441406
0.07258367538452148
0.03791403770446777
0.052275896072387695
0.035516977310180664
0.06321096420288086
0.04016304016113281
0.058545589447021484
0.04765963554382324
0.04110860824584961
0.04151272773742676
0.0429072380065918
0.04662203788757324
0.04091167449951172
0.04078269004821777
0.03685188293457031
0.0476994514465332
0.03806114196777344
0.04982876777648926
0.04332447052001953
0.05515933036804199
0.052633047103881836
0.05431771278381348
0.04798173904418945
0.06363320350646973
0.047498226165771484
0.05729222297668457
0.05859065055847168
0.06795048713684082
0.07225775718688965
0.062386512756347656
0.06516218185424805
0.055080413818359375
0.05676102638244629
0.07107377052307129
0.06803321838378906
0.06086874008178711
0.09686970710754395
0.07251310348510742
0.06849288940429688
0.07353949546813965
0.07114839553833008
0.06084871292114258
0.07142043113708496
0.061188697814941406
0.07429075241088867
0.07053732872009277
0.05973458290100098
0.06882238388061523
0.06203293800354004
0.07212162017822266
0.06295323371887207
0.07532644271850586
0.06353306770324707
0.07355284690856934
0.07091069221496582
0.06170773506164551
0.05554914474487305
0.06624007225036621
0.054879188537597656
0.05547022819519043
0.06154894828796387
0.06869721412658691
0.043030738830566406
0.041745901107788086
0.05125164985656738
0.05572509765625
0.044402360916137695
0.052403926849365234
0.04412269592285156
0.04728960990905762
0.03982210159301758
0.034113168716430664
0.039371490478515625
0.03939509391784668
0.0340883731842041
0.019526004791259766
0.02818465232849121
0.02272319793701172
0.03260970115661621
0.04704737663269043
0.030112028121948242
0.03285813331604004
0.028011083602905273
0.025199413299560547
0.03411555290222168
0.031070947647094727
0.027688980102539062
0.03746652603149414
0.03785204887390137
0.033926963806152344
0.030658245086669922
0.032379150390625
0.04064512252807617
0.02776646614074707
0.03884291648864746
0.02064800262451172
0.02118086814880371
0.03815412521362305
0.03138279914855957
0.028432130813598633
0.03266716003417969
0.04591035842895508
0.0353395938873291
0.03838467597961426
0.028307437896728516
0.03432202339172363
0.045999765396118164
0.02423238754272461
0.020681142807006836
0.02332282066345215
0.035459280014038086
0.047867536544799805
0.033364295959472656
0.03825497627258301
0.0361478328704834
0.0455629825592041
0.03662395477294922
0.03612112998962402
0.0318448543548584
0.03292989730834961
0.04220938682556152
0.033383846282958984
0.04180598258972168
0.03480887413024902
0.040155649185180664
0.04312729835510254
0.04655814170837402
0.04149961471557617
0.04346895217895508
0.04208064079284668
0.04247903823852539
0.037415266036987305
0.036719322204589844
0.046715736389160156
0.050231218338012695
0.03455615043640137
0.03702425956726074
0.03511166572570801
0.046034812927246094
0.03874468803405762
0.04406619071960449
0.03568434715270996
0.03826713562011719
0.053267478942871094
0.03878188133239746
0.04700350761413574
0.038292646408081055
0.05257678031921387
0.05446314811706543
0.05070304870605469
0.04784059524536133
0.04451131820678711
0.0350494384765625
0.05704832077026367
0.14909768104553223
0.057374000549316406
0.1555933952331543
0.04221343994140625
0.15118098258972168
0.15087008476257324
0.050925493240356445
0.06448197364807129
0.18863630294799805
0.14626097679138184
0.04099559783935547
0.05143451690673828
0.1486351490020752
0.1560225486755371
0.049592018127441406
0.15784239768981934
0.04379987716674805
0.044779300689697266
0.05010581016540527
0.05484795570373535
0.04552316665649414
0.046476125717163086
0.04361605644226074
0.04838275909423828
0.04857778549194336
0.06565737724304199
0.07463717460632324
0.06589770317077637
0.05640745162963867
0.06528186798095703
0.14990019798278809
0.062070369720458984
0.060477495193481445
0.06652712821960449
0.05832409858703613
0.07207179069519043
0.06789278984069824
0.0753018856048584
0.06788468360900879
0.06391119956970215
0.07240486145019531
0.2419130802154541
0.2638688087463379
0.15968084335327148
0.07304096221923828
0.12079620361328125
0.1473374366760254
0.10935568809509277
0.1313917636871338
0.12778496742248535
0.11442708969116211
0.11593103408813477
0.020478248596191406
0.012740135192871094
0.016201257705688477
0.018171072006225586
0.02404022216796875
0.03147292137145996
0.02696537971496582
0.024568796157836914
0.030081510543823242
0.012353897094726562
0.012513160705566406
0.03085947036743164
0.013869524002075195
0.02608513832092285
0.02778768539428711
0.030179262161254883
0.0294036865234375
0.023389816284179688
0.029035329818725586
0.025644302368164062
0.036637306213378906
0.03325939178466797
0.03413033485412598
0.03523683547973633
0.0222475528717041
0.027664899826049805
0.028862476348876953
0.02626633644104004
0.031090736389160156
0.04207921028137207
0.03003382682800293
0.0378568172454834
0.0382230281829834
0.03331899642944336
0.032132863998413086
0.037656307220458984
0.03414344787597656
0.06984996795654297
0.029888391494750977
0.03304910659790039
0.039465904235839844
0.043601274490356445
0.041658639907836914
0.04245877265930176
0.04677724838256836
0.04131484031677246
0.043141841888427734
0.043987274169921875
0.049453020095825195
0.039879798889160156
0.050733327865600586
0.04264020919799805
0.050908565521240234
0.03835797309875488
0.049507856369018555
0.038549184799194336
0.04749655723571777
0.05252432823181152
0.04920005798339844
0.05338430404663086
0.06256866455078125
0.04562807083129883
0.054865121841430664
0.0574185848236084
0.0404362678527832
0.03512239456176758
0.03970956802368164
0.04569554328918457
0.04413580894470215
0.060178518295288086
0.038164615631103516
0.03359341621398926
0.03162384033203125
0.03502011299133301
0.03882098197937012
0.03796672821044922
0.03842449188232422
0.03471827507019043
0.025791406631469727
0.03856778144836426
0.029365062713623047
0.029706954956054688
0.041207075119018555
0.04267477989196777
0.037502288818359375
0.06952857971191406
0.038648128509521484
0.03451991081237793
0.05348968505859375
0.03616046905517578
0.04323434829711914
0.04581332206726074
0.039716482162475586
0.03941655158996582
0.03898286819458008
0.042432308197021484
0.042027950286865234
0.04479837417602539
0.04853463172912598
0.0493466854095459
0.05231904983520508
0.053619384765625
0.06209516525268555
0.04659128189086914
0.052674293518066406
0.05133056640625
0.06624174118041992
0.07620072364807129
0.04471921920776367
0.07093358039855957
0.05536627769470215
0.05359148979187012
0.043794870376586914
0.04871988296508789
0.048952579498291016
0.05016636848449707
0.3752617835998535
0.16608524322509766
0.031149864196777344
0.11891531944274902
0.28450942039489746
0.11343789100646973
0.11784696578979492
0.105255126953125
0.10729384422302246
0.11492705345153809
0.11219024658203125
0.10982966423034668
0.013275384902954102
0.017413616180419922
0.01464533805847168
0.015725374221801758
0.023632287979125977
0.020145416259765625
0.02072739601135254
0.14119482040405273
0.12058758735656738
0.14698195457458496
0.17284846305847168
0.11916375160217285
0.08108162879943848
0.08451581001281738
0.10534882545471191
0.0858309268951416
0.06836056709289551
0.07347941398620605
0.06961536407470703
0.06521058082580566
0.06474161148071289
0.0742194652557373
0.06349992752075195
0.05844402313232422
0.053864479064941406
0.055461883544921875
0.06019020080566406
0.08993339538574219
0.03853750228881836
0.045542001724243164
0.05174660682678223
0.048226118087768555
0.06889152526855469
0.040445566177368164
0.042206764221191406
0.035387277603149414
0.04809713363647461
0.04790639877319336
0.04779982566833496
0.05589771270751953
0.046494245529174805
0.05555367469787598
0.0450441837310791
0.055083274841308594
0.050426483154296875
0.04582691192626953
0.056635379791259766
0.04577040672302246
0.02969980239868164
0.025522708892822266
0.03224301338195801
0.04528307914733887
0.030794382095336914
0.03520679473876953
0.04130983352661133
0.0375518798828125
0.06703805923461914
0.04449343681335449
0.03850221633911133
0.047417402267456055
0.05361795425415039
0.044471025466918945
0.053263187408447266
0.0588688850402832
0.047331809997558594
0.049324989318847656
0.05984616279602051
0.11309266090393066
0.14748620986938477
0.13528203964233398
0.1200556755065918
0.36948060989379883
0.17231512069702148
0.05507850646972656
0.0522608757019043
0.0603489875793457
0.09226822853088379
0.048757076263427734
0.13407158851623535
0.11324906349182129
0.08110451698303223
0.12833213806152344
0.0822601318359375
0.21071743965148926
0.10214400291442871
0.1535477638244629
0.12001729011535645
0.35398316383361816
0.13755583763122559
0.11435198783874512
0.117950439453125
0.11198139190673828
0.09982872009277344
0.1344907283782959
0.1034080982208252
0.10125923156738281
0.09336185455322266
0.09971117973327637
0.10520219802856445
0.09484052658081055
0.10614705085754395
0.10377287864685059
0.10161352157592773
0.10436534881591797
0.10595202445983887
0.10991597175598145
0.10682487487792969
0.10311555862426758
0.11055660247802734
0.12280678749084473
0.15053319931030273
0.19111895561218262
0.12404894828796387
0.11479544639587402
0.11122441291809082
0.11971926689147949
0.10930418968200684
0.11579751968383789
0.1155252456665039
0.015172243118286133
0.12652897834777832
0.11631298065185547
0.12297511100769043
0.12866520881652832
0.22446894645690918
0.11813163757324219
0.12361598014831543
0.12919950485229492
0.11482787132263184
0.11033773422241211
0.11763286590576172
0.008606433868408203
0.016599416732788086
0.015772342681884766
0.015535831451416016
0.02652597427368164
0.022003173828125
0.017461061477661133
0.025002717971801758
0.021892070770263672
0.05933427810668945
0.012636661529541016
0.15496468544006348
0.1426558494567871
0.13859057426452637
0.11254358291625977
0.11494970321655273
0.12068367004394531
0.08733463287353516
0.10913944244384766
0.08985376358032227
0.11620402336120605
0.10759639739990234
0.10633540153503418
0.0940248966217041
0.12153410911560059
0.11886763572692871
0.0923006534576416
0.11630868911743164
0.10826253890991211
0.09039425849914551
0.11985945701599121
0.10201787948608398
0.11773800849914551
0.14231061935424805
0.08528304100036621
0.10439252853393555
0.18922090530395508
0.21547269821166992
0.12680482864379883
0.08511042594909668
0.16619133949279785
0.09516000747680664
0.1466529369354248
0.1427910327911377
0.0793161392211914
0.10403609275817871
0.0829310417175293
0.12912893295288086
0.0791022777557373
0.09429669380187988
0.15699410438537598
0.14093899726867676
0.1077117919921875
0.13094210624694824
0.11196088790893555
0.08788514137268066
0.08436846733093262
0.08019256591796875
0.07038307189941406
0.08334660530090332
0.11734890937805176
0.13417339324951172
0.09559202194213867
0.08174943923950195
0.0830686092376709
0.08033275604248047
0.10213112831115723
0.0735480785369873
0.1327502727508545
0.06761336326599121
0.05562162399291992
0.05756998062133789
0.04594564437866211
0.07117247581481934
0.05344200134277344
0.05507063865661621
0.08878326416015625
0.06063103675842285
0.08318352699279785
0.09801769256591797
0.05876493453979492
0.04947328567504883
0.07366442680358887
0.05817723274230957
0.042577505111694336
0.055428504943847656
0.04223775863647461
0.053685665130615234
0.04449343681335449
0.05237007141113281
0.058969974517822266
0.05440950393676758
0.05414152145385742
0.060370683670043945
0.061719655990600586
0.06055164337158203
0.06146430969238281
0.05897092819213867
0.07077169418334961
0.07477378845214844
0.07175397872924805
0.07922053337097168
0.07145881652832031
0.06711435317993164
0.07200765609741211
0.07299041748046875
0.07401466369628906
0.07714080810546875
0.06412053108215332
0.05921125411987305
0.0706322193145752
0.060732364654541016
0.06649351119995117
0.06716322898864746
0.060770511627197266
0.07285213470458984
0.07313108444213867
0.07643628120422363
0.07458686828613281
0.07669997215270996
0.07747030258178711
0.07384705543518066
0.08310127258300781
0.06979155540466309
0.10277533531188965
0.07684159278869629
0.07349991798400879
0.08388471603393555
0.08165454864501953
0.08050227165222168
0.07932162284851074
0.0908670425415039
0.08251953125
0.08695650100708008
0.07613611221313477
0.0748443603515625
0.07683968544006348
0.08305525779724121
0.07734298706054688
0.08048701286315918
0.12345242500305176
0.16872215270996094
0.10065555572509766
0.20688509941101074
0.29549527168273926
0.12027239799499512
0.14149236679077148
0.21979808807373047
0.45461344718933105
0.3096442222595215
0.08487319946289062
1.07551908493042
0.8918561935424805
0.6734435558319092
0.6943416595458984
0.47193241119384766
0.2752265930175781
0.14835739135742188
0.11553478240966797
0.15302801132202148
0.08887505531311035
0.16230392456054688
0.11941003799438477
0.0949094295501709
0.12906694412231445
0.1419532299041748
0.1807265281677246
0.23877882957458496
0.0726921558380127
0.12131738662719727
0.11851930618286133
0.12939167022705078
0.11316657066345215
0.15400481224060059
0.09282302856445312
0.05380654335021973
0.12967944145202637
0.057176828384399414
0.08045363426208496
0.06839561462402344
0.060318946838378906
0.07473635673522949
0.08295106887817383
0.08501553535461426
0.06031680107116699
0.12697386741638184
0.09549641609191895
0.060152530670166016
0.06615352630615234
0.0693359375
0.08507680892944336
0.08448266983032227
0.04265165328979492
0.04152083396911621
0.18212556838989258
0.2194380760192871
0.08131575584411621
0.18570780754089355
0.14292335510253906
0.26520657539367676
0.27733373641967773
0.07491040229797363
0.10505247116088867
0.10137796401977539
0.08765673637390137
0.07459449768066406
0.12056994438171387
0.08506441116333008
0.07074618339538574
0.20589256286621094
0.07674741744995117
0.07865715026855469
0.14226984977722168
0.1377558708190918
0.1574993133544922
0.09752178192138672
0.08484768867492676
0.09152555465698242
0.08952021598815918
0.0672304630279541
0.07527804374694824
0.17603588104248047
0.14629483222961426
0.15841078758239746
0.18809843063354492
0.07528376579284668
0.07923078536987305
0.05669689178466797
0.08570551872253418
0.07580089569091797
0.09560823440551758
0.11024093627929688
0.061170339584350586
0.11294269561767578
0.04926419258117676
0.09154653549194336
0.05573534965515137
0.1749708652496338
0.09033942222595215
0.11234474182128906
0.10706233978271484
0.09090232849121094
0.09878158569335938
0.08052754402160645
0.12872719764709473
0.07786893844604492
0.11507487297058105
0.07213044166564941
0.10611176490783691
0.15141677856445312
0.1868295669555664
0.38689422607421875
0.1412355899810791
0.17760372161865234
0.10254979133605957
0.10232043266296387
0.10069632530212402
0.08778023719787598
0.08251357078552246
0.07891392707824707
0.09573245048522949
0.07197356224060059
0.05832815170288086
0.05424380302429199
0.07490754127502441
0.07629036903381348
0.09296107292175293
0.05988192558288574
0.13844728469848633
0.058815956115722656
0.14247918128967285
0.0702669620513916
0.16292929649353027
0.06660103797912598
0.0838472843170166
0.12943148612976074
0.1604936122894287
0.1390693187713623
0.15610980987548828
0.21479535102844238
0.1454308032989502
0.14328408241271973
0.10707926750183105
0.13909482955932617
0.13468456268310547
0.17826247215270996
0.13410234451293945
0.11315083503723145
0.13652634620666504
0.10940051078796387
0.1250467300415039
0.15796971321105957
0.10944247245788574
0.11760830879211426
0.1482410430908203
0.17246413230895996
0.13204383850097656
0.10036277770996094
0.1360783576965332
0.10928606986999512
0.13541650772094727
0.11979103088378906
0.16193056106567383
0.10908293724060059
0.1552128791809082
0.12133669853210449
0.09259343147277832
0.10282731056213379
0.1840348243713379
0.1251661777496338
0.15922021865844727
0.14507389068603516
0.11154866218566895
0.11896634101867676
0.15082859992980957
0.13566350936889648
0.08532929420471191
0.11290383338928223
0.08603096008300781
0.08935284614562988
0.08781862258911133
0.10533809661865234
0.10811185836791992
0.08701896667480469
0.13001680374145508
0.07966351509094238
0.07424783706665039
0.06678557395935059
0.07932901382446289
0.07638096809387207
0.07375597953796387
0.07099676132202148
0.07893586158752441
0.09667611122131348
0.15551400184631348
0.05774426460266113
0.07820630073547363
0.042093515396118164
0.05070018768310547
0.05005240440368652
0.05429959297180176
0.043314218521118164
0.06287479400634766
0.04508233070373535
0.06881284713745117
0.0629587173461914
0.06549835205078125
0.063140869140625
0.05762839317321777
0.07231926918029785
0.07289791107177734
0.06331133842468262
0.0647120475769043
0.06668353080749512
0.07401895523071289
0.07015204429626465
0.07066726684570312
0.06479644775390625
0.0658576488494873
0.06653642654418945
0.06410026550292969
0.07697343826293945
0.07842135429382324
0.08469486236572266
0.06284189224243164
0.062329769134521484
0.057951927185058594
0.06538248062133789
0.06050825119018555
0.07626557350158691
0.07035565376281738
0.06559276580810547
0.06358814239501953
0.059731483459472656
0.06353950500488281
0.055806636810302734
0.05625462532043457
0.0699000358581543
0.07473230361938477
0.07828927040100098
0.05919766426086426
0.05844569206237793
0.06388592720031738
0.06798839569091797
0.05528092384338379
0.06718158721923828
0.0561823844909668
0.06280779838562012
0.05938267707824707
0.06633615493774414
0.07170653343200684
0.0530850887298584
0.058454036712646484
0.0773630142211914
0.06884884834289551
0.06514310836791992
0.060796499252319336
0.06275248527526855
0.08013129234313965
0.07743620872497559
0.07346725463867188
0.06919670104980469
0.07258152961730957
0.0729975700378418
0.07746648788452148
0.06864166259765625
0.06394243240356445
0.07462906837463379
0.06693720817565918
0.07069039344787598
0.07161331176757812
0.06568503379821777
0.07543635368347168
0.07155966758728027
0.07773303985595703
0.08344793319702148
0.08554458618164062
0.08458328247070312
0.08145737648010254
0.15312433242797852
0.06630969047546387
0.07203149795532227
0.09086394309997559
0.07217907905578613
0.1957869529724121
0.06869029998779297
0.08313322067260742
0.1984705924987793
0.20113730430603027
0.1531543731689453
0.12384152412414551
0.09509015083312988
0.1011662483215332
0.1033165454864502
0.12801337242126465
0.0981144905090332
0.08772635459899902
0.09409785270690918
0.12642788887023926
0.07511782646179199
0.09713959693908691
0.14221429824829102
0.09068775177001953
0.09506678581237793
0.12909150123596191
0.10136246681213379
0.08715105056762695
0.14148497581481934
0.0996253490447998
0.09446144104003906
0.1277143955230713
0.11831259727478027
0.13504600524902344
0.07102322578430176
0.10735559463500977
0.08507990837097168
0.15999102592468262
0.16878199577331543
0.143524169921875
0.2015671730041504
0.6187379360198975
0.3722374439239502
0.20433330535888672
0.13195300102233887
0.12896966934204102
0.0816183090209961
0.13954710960388184
0.13566851615905762
0.1942887306213379
0.20520949363708496
0.16863203048706055
0.1161506175994873
0.13949298858642578
0.1652677059173584
0.0929257869720459
0.04161548614501953
0.04356265068054199
0.1356215476989746
0.0742645263671875
0.09497356414794922
0.12881064414978027
0.15592002868652344
0.14278316497802734
0.1363353729248047
0.10240006446838379
0.11833715438842773
0.12633800506591797
0.14045310020446777
0.19614338874816895
0.17584013938903809
0.11594200134277344
0.11360335350036621
0.09841418266296387
0.1226496696472168
0.11841464042663574
0.09015083312988281
0.06158709526062012
0.09503865242004395
0.0807485580444336
0.09893083572387695
0.0645747184753418
0.06313037872314453
0.10217022895812988
0.09955668449401855
0.1526648998260498
0.06217145919799805
0.06830525398254395
0.1244349479675293
0.20603322982788086
0.14936256408691406
0.14089059829711914
0.05559396743774414
0.06425595283508301
0.07265067100524902
0.048422813415527344
0.04343414306640625
0.1457815170288086
0.12870049476623535
0.14545679092407227
0.11598634719848633
0.09928584098815918
0.06348395347595215
0.08714580535888672
0.16117572784423828
0.07554483413696289
0.5030767917633057
0.2628977298736572
0.04126429557800293
0.04102492332458496
0.03502321243286133
0.031169414520263672
0.02809453010559082
0.031162738800048828
0.02823805809020996
0.050466299057006836
0.024950265884399414
0.052366018295288086
0.046993255615234375
0.018773555755615234
0.04395937919616699
0.134535551071167
0.11843991279602051
0.29114198684692383
0.17072224617004395
0.1466984748840332
0.05231595039367676
0.029160737991333008
0.060539960861206055
0.03409123420715332
0.04174637794494629
0.0661008358001709
0.11137843132019043
0.03137016296386719
0.08315229415893555
0.12709784507751465
0.08050966262817383
0.16928339004516602
0.03826904296875
0.14986944198608398
0.053328752517700195
0.14252066612243652
0.6874673366546631
0.4749257564544678
0.26824498176574707
0.07694840431213379
0.19252443313598633
0.1485433578491211
0.06929850578308105
0.04431915283203125
0.18546223640441895
0.09664368629455566
0.2200016975402832
0.08388090133666992
0.0628502368927002
0.03385043144226074
0.04808783531188965
0.13371825218200684
0.1955869197845459
0.08448624610900879
0.2516968250274658
0.09254932403564453
0.07773876190185547
0.0503382682800293
0.04931521415710449
0.04100441932678223
0.05329012870788574
0.09830951690673828
0.0449223518371582
0.08332228660583496
0.11781477928161621
0.04037666320800781
0.09556078910827637
0.03278207778930664
0.05127120018005371
0.10038423538208008
0.09672093391418457
0.0681610107421875
0.15392017364501953
0.11617064476013184
0.16469883918762207
0.13600850105285645
0.14632463455200195
0.23871183395385742
0.15884160995483398
0.16824841499328613
0.35538625717163086
0.23749065399169922
0.3638887405395508
0.20374774932861328
0.1418900489807129
0.11759638786315918
0.11324644088745117
0.10665416717529297
0.13567113876342773
0.11168694496154785
0.12920928001403809
0.1709592342376709
0.11653590202331543
0.09226489067077637
0.1188821792602539
0.0977621078491211
0.15786242485046387
0.16136407852172852
0.1454761028289795
0.1644127368927002
0.1870710849761963
0.0810246467590332
0.12897300720214844
0.14052057266235352
0.1370677947998047
0.1269986629486084
0.12195992469787598
0.4300661087036133
0.23103690147399902
0.05550217628479004
0.05361485481262207
0.1296367645263672
0.1452338695526123
0.09191322326660156
0.05894899368286133
0.03212237358093262
0.18694043159484863
0.20547223091125488
0.25919675827026367
0.1528475284576416
0.05412650108337402
0.059687137603759766
0.3687114715576172
0.161726713180542
0.05525994300842285
0.09468841552734375
0.05472707748413086
0.19895029067993164
0.25989246368408203
0.16602706909179688
0.3235957622528076
0.12186074256896973
0.05769753456115723
0.07783150672912598
0.04414558410644531
0.07026243209838867
0.07605218887329102
0.06418848037719727
0.06226325035095215
0.06124591827392578
0.14194917678833008
0.2440941333770752
0.11040687561035156
0.2211136817932129
0.09809422492980957
0.14835023880004883
0.1856679916381836
0.2691032886505127
0.10010242462158203
0.1130530834197998
1.4336252212524414
1.2242794036865234
0.9910933971405029
0.9198529720306396
0.6964385509490967
0.4492018222808838
0.24280405044555664
0.20806074142456055
0.21037030220031738
0.14783644676208496
0.4612619876861572
0.24572348594665527
0.12793469429016113
0.0767357349395752
0.3736724853515625
0.16321063041687012
0.0973806381225586
0.20694303512573242
0.24031734466552734
0.453021764755249
0.20027923583984375
0.05719304084777832
0.05018949508666992
0.06563091278076172
0.046395063400268555
0.034340620040893555
0.0897526741027832
0.04820990562438965
0.07162046432495117
0.04123187065124512
0.030831336975097656
0.028305530548095703
0.020809412002563477
0.05557870864868164
0.020978689193725586
0.03822493553161621
0.03316521644592285
0.12878942489624023
0.031674861907958984
0.02896904945373535
0.028171539306640625
0.027226686477661133
0.021847963333129883
0.014809131622314453
0.01737809181213379
0.028730154037475586
0.02349567413330078
0.021657228469848633
0.04478812217712402
0.02814340591430664
0.028694868087768555
0.03545212745666504
0.024657726287841797
0.037468910217285156
0.0328974723815918
0.03985118865966797
