0.060086965560913086
0.14988183975219727
0.06802654266357422
0.16767287254333496
0.03427529335021973
0.14014077186584473
0.0703284740447998
0.144819974899292
0.13808536529541016
0.1289231777191162
0.030448198318481445
0.2307586669921875
0.1250619888305664
0.16416335105895996
0.13162565231323242
0.02205681800842285
0.12630915641784668
0.1380927562713623
0.02899336814880371
0.036463022232055664
0.036847591400146484
0.038486480712890625
0.043105363845825195
0.041649580001831055
0.03551912307739258
0.040090084075927734
0.028350353240966797
0.02973651885986328
0.03013134002685547
0.03139686584472656
0.04405379295349121
0.0403599739074707
0.03642535209655762
0.14238309860229492
0.05238199234008789
0.050977468490600586
0.046703338623046875
0.04480624198913574
0.05672883987426758
0.050635576248168945
0.03992605209350586
0.05616497993469238
0.050168752670288086
0.05314993858337402
0.051162004470825195
0.045784950256347656
0.05230998992919922
0.058571815490722656
0.048309326171875
0.04918074607849121
0.055029869079589844
0.05853986740112305
0.06059765815734863
0.05388832092285156
0.06214737892150879
0.05510306358337402
0.06596660614013672
0.06541800498962402
0.06761884689331055
0.06381082534790039
0.07123756408691406
0.06003761291503906
0.06006169319152832
0.07106161117553711
0.07231307029724121
0.07166767120361328
0.07529687881469727
0.07809138298034668
0.07220339775085449
0.06962895393371582
0.07792997360229492
0.08263587951660156
0.07013940811157227
0.08040261268615723
0.08575916290283203
0.07384848594665527
0.08518362045288086
0.09406781196594238
0.08846282958984375
0.11374044418334961
0.08065223693847656
0.0906825065612793
0.08453059196472168
0.08656954765319824
0.08562731742858887
0.10513544082641602
0.09434080123901367
0.09511852264404297
0.11026787757873535
0.09633517265319824
0.09414505958557129
0.10405778884887695
0.10493350028991699
0.10623359680175781
0.09975790977478027
0.1024162769317627
0.10435271263122559
0.10538959503173828
0.10192394256591797
0.10835886001586914
0.10483837127685547
0.11466383934020996
0.10392165184020996
0.11252903938293457
0.10712862014770508
0.1116800308227539
0.11805510520935059
0.11300039291381836
0.11015009880065918
0.11069345474243164
0.11119699478149414
0.12299776077270508
0.018386363983154297
0.02042675018310547
0.02468085289001465
0.026821136474609375
0.022756338119506836
0.020512819290161133
0.031238317489624023
0.02971649169921875
0.02785658836364746
0.02835988998413086
0.03241562843322754
0.024649381637573242
0.028776884078979492
0.019421100616455078
0.01753973960876465
0.021557331085205078
0.03915762901306152
0.05103611946105957
0.02658820152282715
0.028484582901000977
0.03645491600036621
0.02982473373413086
0.04378390312194824
0.041350364685058594
0.03972673416137695
0.030550241470336914
0.04013514518737793
0.03261685371398926
0.06740117073059082
0.052551984786987305
0.05746626853942871
0.046692848205566406
0.0592503547668457
0.052115440368652344
0.06486725807189941
0.04445695877075195
0.04578971862792969
0.05137157440185547
0.04889059066772461
0.04608440399169922
0.04515433311462402
0.03538036346435547
0.05452990531921387
0.04381680488586426
0.047950029373168945
0.044852495193481445
0.05450296401977539
0.055074453353881836
0.0524449348449707
0.0601654052734375
0.058702707290649414
0.04831671714782715
0.05675148963928223
0.06318211555480957
0.05307364463806152
0.08616232872009277
0.06294560432434082
0.05717897415161133
0.06475949287414551
0.06580615043640137
0.06262326240539551
0.07140660285949707
0.0647587776184082
0.08286476135253906
0.0657048225402832
0.06241035461425781
0.06307053565979004
0.07410764694213867
0.06706547737121582
0.0720682144165039
0.061942100524902344
0.06684708595275879
0.06389975547790527
0.07481622695922852
0.06896066665649414
0.060140132904052734
0.07068228721618652
0.06227564811706543
0.05484437942504883
0.05879616737365723
0.06764984130859375
0.07409048080444336
0.06672453880310059
0.06678080558776855
0.06792616844177246
0.0654604434967041
0.05408048629760742
0.05612349510192871
0.0612490177154541
0.04604983329772949
0.054486989974975586
0.04708242416381836
0.05070137977600098
0.05531740188598633
0.05385589599609375
0.061569929122924805
0.03608202934265137
0.04717850685119629
0.04007601737976074
0.03485703468322754
0.03905844688415527
0.035108327865600586
0.05104255676269531
0.01973748207092285
0.03341174125671387
0.028145551681518555
0.02857804298400879
0.03665328025817871
0.02563786506652832
0.021200180053710938
0.023432016372680664
0.031337738037109375
0.030190467834472656
0.03637218475341797
0.03935861587524414
0.037129878997802734
0.03752779960632324
0.04405021667480469
0.035346269607543945
0.03772592544555664
0.03693532943725586
0.027985811233520508
0.037966012954711914
0.026584148406982422
0.027028799057006836
0.03846406936645508
0.02807784080505371
0.04350733757019043
0.03819417953491211
0.03476691246032715
0.044771432876586914
0.029993534088134766
0.05302095413208008
0.03388476371765137
0.04629182815551758
0.03894162178039551
0.02744579315185547
0.02352452278137207
0.030435800552368164
0.04221916198730469
0.033440351486206055
0.029804468154907227
0.0363163948059082
0.04644274711608887
0.04163837432861328
0.04481196403503418
0.04920816421508789
0.03314661979675293
0.038718461990356445
0.04237055778503418
0.042334556579589844
0.04692888259887695
0.04067349433898926
0.047864675521850586
0.05176854133605957
0.056508779525756836
0.05499887466430664
0.05080723762512207
0.03725910186767578
0.048975229263305664
0.04193687438964844
0.04688620567321777
0.04570794105529785
0.04559493064880371
0.03723454475402832
0.04655122756958008
0.03561258316040039
0.033716678619384766
0.04372811317443848
0.03585076332092285
0.043300628662109375
0.04797983169555664
0.03901100158691406
0.03839540481567383
0.03850245475769043
0.04210829734802246
0.03953886032104492
0.049378395080566406
0.04378151893615723
0.05479598045349121
0.04793977737426758
0.042021751403808594
0.14979314804077148
0.05750107765197754
0.15744900703430176
0.04726767539978027
0.1519918441772461
0.14624738693237305
0.04775404930114746
0.058583736419677734
0.18791913986206055
0.14648795127868652
0.05734086036682129
0.046152353286743164
0.15511727333068848
0.14103364944458008
0.03853273391723633
0.14369964599609375
0.04438209533691406
0.05042290687561035
0.049492835998535156
0.050267934799194336
0.05175471305847168
0.04711151123046875
0.04392552375793457
0.04940629005432129
0.04909038543701172
0.046061038970947266
0.07211589813232422
0.06577467918395996
0.06720685958862305
0.06083512306213379
0.05829334259033203
0.058596134185791016
0.05564999580383301
0.06310129165649414
0.06772828102111816
0.07644867897033691
0.07158422470092773
0.07494091987609863
0.06893491744995117
0.06957364082336426
0.0774531364440918
0.2252206802368164
0.3698127269744873
0.16271734237670898
0.03862261772155762
0.10077548027038574
0.12270784378051758
0.13208842277526855
0.12577295303344727
0.11445331573486328
0.12052631378173828
0.11112737655639648
0.01947498321533203
0.013463020324707031
0.011623859405517578
0.02811121940612793
0.025969266891479492
0.03439474105834961
0.02598404884338379
0.03440213203430176
0.029779672622680664
0.01804637908935547
0.021747350692749023
0.0314030647277832
0.019539594650268555
0.035422325134277344
0.029375076293945312
0.030660629272460938
0.025713205337524414
0.032187700271606445
0.024178266525268555
0.0261688232421875
0.037049055099487305
0.03054523468017578
0.03371834754943848
0.026116132736206055
0.022472381591796875
0.022952795028686523
0.032991647720336914
0.030391454696655273
0.03482413291931152
0.0418400764465332
0.03956294059753418
0.03739023208618164
0.03836941719055176
0.028126955032348633
0.03231024742126465
0.033591270446777344
0.034860849380493164
0.0677480697631836
0.04080462455749512
0.04397416114807129
0.034425973892211914
0.044298410415649414
0.03652453422546387
0.04303479194641113
0.04261493682861328
0.04178166389465332
0.03838229179382324
0.04780173301696777
0.03922629356384277
0.04948234558105469
0.046503305435180664
0.052973270416259766
0.042641401290893555
0.03856062889099121
0.03885912895202637
0.04920506477355957
0.04876828193664551
0.04646611213684082
0.048119544982910156
0.05933260917663574
0.03998398780822754
0.0347902774810791
0.05057334899902344
0.06871485710144043
0.035199642181396484
0.04573941230773926
0.04019498825073242
0.04528212547302246
0.04136180877685547
0.052257537841796875
0.032943010330200195
0.03951835632324219
0.04163551330566406
0.030382156372070312
0.038573265075683594
0.034616947174072266
0.03459000587463379
0.030803918838500977
0.03172659873962402
0.034276723861694336
0.029564619064331055
0.02994513511657715
0.03747820854187012
0.048668622970581055
0.05340242385864258
0.03510141372680664
0.04434061050415039
0.0441129207611084
0.0535430908203125
0.046047210693359375
0.0380403995513916
0.04065346717834473
0.0453953742980957
0.048364877700805664
0.049115657806396484
0.042589426040649414
0.04222822189331055
0.04501056671142578
0.04917550086975098
0.04902338981628418
0.05031085014343262
0.050148963928222656
0.06234455108642578
0.061225175857543945
0.04847359657287598
0.051898956298828125
0.06880831718444824
0.07616019248962402
0.04501914978027344
0.060288429260253906
0.04438662528991699
0.044477224349975586
0.04404091835021973
0.049344539642333984
0.053443193435668945
0.05052828788757324
0.3420677185058594
0.1583099365234375
0.053473472595214844
0.08237338066101074
0.2888493537902832
0.13067340850830078
0.1070857048034668
0.10554885864257812
0.1162726879119873
0.11013007164001465
0.11277556419372559
0.11010909080505371
0.013728857040405273
0.022076845169067383
0.0238034725189209
0.025260210037231445
0.023761749267578125
0.015162944793701172
0.021561384201049805
0.13123154640197754
0.12617754936218262
0.16513705253601074
0.15691900253295898
0.1206965446472168
0.09711527824401855
0.07895493507385254
0.1054379940032959
0.11477041244506836
0.06855106353759766
0.07337403297424316
0.07105278968811035
0.07125186920166016
0.0657658576965332
0.05978107452392578
0.06255960464477539
0.0628197193145752
0.05987668037414551
0.0557858943939209
0.05975770950317383
0.053646087646484375
0.043883562088012695
0.04941272735595703
0.05131721496582031
0.05358409881591797
0.08617234230041504
0.056835174560546875
0.03754472732543945
0.03555560111999512
0.04788804054260254
0.0485994815826416
0.05229353904724121
0.05213522911071777
0.04682660102844238
0.04700803756713867
0.05533123016357422
0.04579591751098633
0.054930925369262695
0.05153298377990723
0.05219554901123047
0.04202699661254883
0.024889469146728516
0.035779714584350586
0.027109861373901367
0.0417933464050293
0.036835670471191406
0.035733938217163086
0.03281712532043457
0.03808188438415527
0.05949997901916504
0.039443254470825195
0.050154685974121094
0.05321812629699707
0.0489802360534668
0.05423879623413086
0.0431060791015625
0.0714101791381836
0.05163216590881348
0.050057411193847656
0.06035256385803223
0.12596845626831055
0.1469712257385254
0.10911989212036133
0.1432816982269287
0.3432295322418213
0.18877553939819336
0.06690120697021484
0.09264874458312988
0.05437898635864258
0.06694769859313965
0.055306196212768555
0.04280710220336914
0.1190638542175293
0.09424471855163574
0.15169119834899902
0.10978579521179199
0.18543076515197754
0.22434544563293457
0.15462946891784668
0.5583944320678711
0.3450927734375
0.09767746925354004
0.11008286476135254
0.11251020431518555
0.11974096298217773
0.12396454811096191
0.1492621898651123
0.10856437683105469
0.11992597579956055
0.1162714958190918
0.09988045692443848
0.11351871490478516
0.09522151947021484
0.10602688789367676
0.10789990425109863
0.10233664512634277
0.10999608039855957
0.11109042167663574
0.12103891372680664
0.1118776798248291
0.10879254341125488
0.11490178108215332
0.11840319633483887
0.17363929748535156
0.15648508071899414
0.11375570297241211
0.11588048934936523
0.12679362297058105
0.12681150436401367
0.11911582946777344
0.11037421226501465
0.12024140357971191
0.009891986846923828
0.11548924446105957
0.12702035903930664
0.13445830345153809
0.12703824043273926
0.22434425354003906
0.11295819282531738
0.11904597282409668
0.12970209121704102
0.10960245132446289
0.11636590957641602
0.1183924674987793
0.01729559898376465
0.017404556274414062
0.016344547271728516
0.016037702560424805
0.026000499725341797
0.012707710266113281
0.021580219268798828
0.0253143310546875
0.021942615509033203
0.03191971778869629
0.023968935012817383
0.16100668907165527
0.19854068756103516
0.19290924072265625
0.13006925582885742
0.12077546119689941
0.13054966926574707
0.11632871627807617
0.13141345977783203
0.1009054183959961
0.08743047714233398
0.09629487991333008
0.11338138580322266
0.10563540458679199
0.08954596519470215
0.11688590049743652
0.08837366104125977
0.11624002456665039
0.08291482925415039
0.11447978019714355
0.10946154594421387
0.08583498001098633
0.17341256141662598
0.1419985294342041
0.092376708984375
0.08633565902709961
0.1881694793701172
0.18878698348999023
0.09680581092834473
0.07981753349304199
0.16667604446411133
0.1273634433746338
0.1554563045501709
0.15245461463928223
0.07965660095214844
0.08609795570373535
0.08319497108459473
0.11009526252746582
0.10989832878112793
0.09467482566833496
0.11009526252746582
0.15405535697937012
0.10683608055114746
0.10141682624816895
0.10429835319519043
0.09442520141601562
0.07920575141906738
0.08546566963195801
0.07482504844665527
0.07730388641357422
0.11756062507629395
0.12790703773498535
0.09988927841186523
0.07703781127929688
0.0834345817565918
0.07543683052062988
0.11695480346679688
0.07333636283874512
0.08580780029296875
0.06629371643066406
0.05527663230895996
0.05254626274108887
0.04629921913146973
0.09940385818481445
0.05379509925842285
0.04963254928588867
0.12096571922302246
0.055278778076171875
0.09056591987609863
0.07383179664611816
0.04256558418273926
0.05550956726074219
0.07940530776977539
0.05806255340576172
0.04279446601867676
0.06267619132995605
0.058434486389160156
0.04320502281188965
0.05373215675354004
0.05301833152770996
0.05429983139038086
0.0597994327545166
0.0548095703125
0.05942487716674805
0.05050086975097656
0.06029319763183594
0.06113314628601074
0.06738591194152832
0.07088112831115723
0.07503700256347656
0.06135821342468262
0.07507133483886719
0.0682525634765625
0.07758283615112305
0.07169580459594727
0.08076286315917969
0.07378172874450684
0.0804603099822998
0.059973716735839844
0.06836485862731934
0.06683921813964844
0.06667089462280273
0.0729365348815918
0.06705641746520996
0.07939267158508301
0.06222701072692871
0.07214117050170898
0.07653331756591797
0.06981134414672852
0.07634639739990234
0.06753134727478027
0.07776761054992676
0.08391332626342773
0.0849912166595459
0.09518980979919434
0.07738661766052246
0.07883429527282715
0.06982922554016113
0.07764172554016113
0.09175467491149902
0.07387351989746094
0.090087890625
0.07374143600463867
0.08724021911621094
0.08688092231750488
0.07898449897766113
0.07242369651794434
0.07316851615905762
0.07795357704162598
0.08105087280273438
0.15949630737304688
0.16808056831359863
0.10037755966186523
0.5321285724639893
0.321488618850708
0.1165010929107666
0.14622139930725098
0.1770799160003662
0.2110905647277832
0.1876225471496582
0.8875629901885986
0.931481122970581
0.7129709720611572
0.48923492431640625
0.28467392921447754
0.1706373691558838
0.1954665184020996
0.15981388092041016
0.11574316024780273
0.1576979160308838
0.10583162307739258
0.11695432662963867
0.1251850128173828
0.08930587768554688
0.13401031494140625
0.13987159729003906
0.14294743537902832
0.22128939628601074
0.13315606117248535
0.10387325286865234
0.12442779541015625
0.1189115047454834
0.09792566299438477
0.15381979942321777
0.09731483459472656
0.05983281135559082
0.1275930404663086
0.07195401191711426
0.07948637008666992
0.06744217872619629
0.06081676483154297
0.0674288272857666
0.060396432876586914
0.06920742988586426
0.059328556060791016
0.14030909538269043
0.07319378852844238
0.04863715171813965
0.05222511291503906
0.13179397583007812
0.08739137649536133
0.08459591865539551
0.043305158615112305
0.04130053520202637
0.28719449043273926
0.2229466438293457
0.16538143157958984
0.08949708938598633
0.1915597915649414
0.09673833847045898
0.2283008098602295
0.07524847984313965
0.15883994102478027
0.08810091018676758
0.09442353248596191
0.1886293888092041
0.15499615669250488
0.13584542274475098
0.13476800918579102
0.21411728858947754
0.09010672569274902
0.0657186508178711
0.08700847625732422
0.13755416870117188
0.08164453506469727
0.10090208053588867
0.07711935043334961
0.06754136085510254
0.12914013862609863
0.06759476661682129
0.18190836906433105
0.1568441390991211
0.15428805351257324
0.12894415855407715
0.18009114265441895
0.1254732608795166
0.13057756423950195
0.06855535507202148
0.07537102699279785
0.08954310417175293
0.09575176239013672
0.09907865524291992
0.10460162162780762
0.0800783634185791
0.0919806957244873
0.07407951354980469
0.05562448501586914
0.17485642433166504
0.09063315391540527
0.0971369743347168
0.11073851585388184
0.07432031631469727
0.09712553024291992
0.07577013969421387
0.15707778930664062
0.07284188270568848
0.12336540222167969
0.07801699638366699
0.08216571807861328
0.15425419807434082
0.214277982711792
0.3866257667541504
0.15906333923339844
0.1628706455230713
0.10153746604919434
0.09814143180847168
0.09657931327819824
0.10701870918273926
0.11246585845947266
0.09124588966369629
0.10282039642333984
0.07039570808410645
0.05868887901306152
0.054486989974975586
0.0580596923828125
0.0720365047454834
0.054151058197021484
0.0623774528503418
0.16208124160766602
0.06840157508850098
0.1438283920288086
0.06491637229919434
0.15763616561889648
0.12161397933959961
0.08396625518798828
0.13207793235778809
0.1595628261566162
0.16466021537780762
0.14282989501953125
0.22773122787475586
0.1605970859527588
0.13073182106018066
0.10742354393005371
0.1859276294708252
0.15481185913085938
0.11007857322692871
0.12616539001464844
0.12616419792175293
0.11429047584533691
0.14220714569091797
0.12537908554077148
0.19196867942810059
0.10994458198547363
0.11906790733337402
0.12447166442871094
0.1396317481994629
0.17264485359191895
0.12754368782043457
0.10854101181030273
0.11076664924621582
0.18242478370666504
0.1301126480102539
0.17060446739196777
0.10924577713012695
0.14324617385864258
0.11426305770874023
0.18348193168640137
0.12602496147155762
0.18287205696105957
0.09752368927001953
0.16115880012512207
0.14560890197753906
0.09624886512756348
0.14235258102416992
0.14394712448120117
0.10913491249084473
0.10473823547363281
0.1074225902557373
0.101776123046875
0.07824039459228516
0.07950758934020996
0.0727238655090332
0.12041330337524414
0.10390520095825195
0.12767577171325684
0.08012962341308594
0.07524514198303223
0.07272171974182129
0.07922124862670898
0.07642006874084473
0.07875990867614746
0.08684515953063965
0.07864522933959961
0.06785941123962402
0.16859936714172363
0.05769991874694824
0.08282828330993652
0.04235959053039551
0.05046963691711426
0.04666590690612793
0.054048776626586914
0.0434260368347168
0.045470237731933594
0.0685586929321289
0.0668785572052002
0.05970454216003418
0.05135226249694824
0.06288433074951172
0.07915759086608887
0.06848692893981934
0.06876850128173828
0.058094024658203125
0.0595555305480957
0.07069706916809082
0.06915020942687988
0.06517267227172852
0.06559252738952637
0.07963275909423828
0.07194972038269043
0.08412313461303711
0.07508611679077148
0.07585024833679199
0.08324575424194336
0.0763552188873291
0.057378530502319336
0.0628504753112793
0.06776595115661621
0.07088947296142578
0.06076645851135254
0.07753443717956543
0.06633710861206055
0.06620311737060547
0.06291389465332031
0.05416250228881836
0.06058812141418457
0.06811809539794922
0.06726217269897461
0.059593915939331055
0.07406330108642578
0.07435464859008789
0.05934643745422363
0.0737156867980957
0.05785250663757324
0.056894540786743164
0.061235666275024414
0.07561302185058594
0.056468963623046875
0.07245516777038574
0.05958819389343262
0.06695818901062012
0.06565165519714355
0.06846070289611816
0.06921744346618652
0.05498766899108887
0.05776476860046387
0.060141801834106445
0.0610811710357666
0.07166647911071777
0.07683444023132324
0.06676602363586426
0.07419824600219727
0.08098030090332031
0.07313942909240723
0.061499595642089844
0.062297821044921875
0.07825422286987305
0.06878137588500977
0.06374788284301758
0.06744050979614258
0.07657670974731445
0.07660269737243652
0.07098531723022461
0.08097147941589355
0.0819087028503418
0.07824254035949707
0.08466434478759766
0.08539795875549316
0.08812642097473145
0.07096099853515625
0.15511655807495117
0.06160306930541992
0.07794690132141113
0.0916140079498291
0.07282376289367676
0.10768342018127441
0.06914997100830078
0.06827378273010254
0.13711333274841309
0.16707777976989746
0.15520763397216797
0.09919071197509766
0.11954259872436523
0.09630632400512695
0.097900390625
0.10440921783447266
0.12411117553710938
0.14919304847717285
0.08327102661132812
0.07638072967529297
0.07550525665283203
0.0968179702758789
0.1426229476928711
0.09023928642272949
0.07770824432373047
0.11660194396972656
0.11435317993164062
0.10105609893798828
0.0991048812866211
0.1545276641845703
0.0918574333190918
0.10297250747680664
0.11800479888916016
0.1372981071472168
0.07774186134338379
0.11456632614135742
0.07196688652038574
0.15957021713256836
0.1682589054107666
0.13803672790527344
0.20638251304626465
0.16720342636108398
0.37498021125793457
0.20968985557556152
0.13187241554260254
0.12829279899597168
0.07517862319946289
0.17297935485839844
0.14235830307006836
0.17763781547546387
0.16797757148742676
0.13721656799316406
0.13394713401794434
0.14368343353271484
0.25342440605163574
0.10535907745361328
0.04194998741149902
0.038390398025512695
0.1831367015838623
0.142425537109375
0.2336561679840088
0.11464977264404297
0.16812562942504883
0.10715866088867188
0.1246023178100586
0.10915613174438477
0.11876368522644043
0.13120317459106445
0.10485982894897461
0.20826458930969238
0.1952676773071289
0.10350728034973145
0.11890149116516113
0.10803484916687012
0.1310427188873291
0.1190042495727539
0.12240386009216309
0.0619349479675293
0.0948495864868164
0.07736563682556152
0.08327651023864746
0.07604432106018066
0.07673478126525879
0.10371541976928711
0.10874414443969727
0.10447168350219727
0.07550382614135742
0.08265042304992676
0.16073346138000488
0.2110888957977295
0.22535943984985352
0.05088329315185547
0.060556650161743164
0.03833508491516113
0.08386373519897461
0.0497431755065918
0.04366636276245117
0.11730074882507324
0.16387724876403809
0.264007568359375
0.13269996643066406
0.09939432144165039
0.08020281791687012
0.08098459243774414
0.08105301856994629
0.0738534927368164
0.3564298152923584
0.26567792892456055
0.05705904960632324
0.03925204277038574
0.05222272872924805
0.04232287406921387
0.06218838691711426
0.059752464294433594
0.04731273651123047
0.13966035842895508
0.025290250778198242
0.029903888702392578
0.04355216026306152
0.025088071823120117
0.06334495544433594
0.12300252914428711
0.11999177932739258
0.29375314712524414
0.13198113441467285
0.15401482582092285
0.0540924072265625
0.049954891204833984
0.05432724952697754
0.04087519645690918
0.0411982536315918
0.08707356452941895
0.10524225234985352
0.09909486770629883
0.07650136947631836
0.12083864212036133
0.0909883975982666
0.16149568557739258
0.03839707374572754
0.14863848686218262
0.07075119018554688
0.1358635425567627
0.6040644645690918
0.3915386199951172
0.17319250106811523
0.14579558372497559
0.20159029960632324
0.16501855850219727
0.0480654239654541
0.05551719665527344
0.22729086875915527
0.09698843955993652
0.15786051750183105
0.07044863700866699
0.06995844841003418
0.07216644287109375
0.04048633575439453
0.13122200965881348
0.18346929550170898
0.07311868667602539
0.23028969764709473
0.09268355369567871
0.07976984977722168
0.05975770950317383
0.07851696014404297
0.05002951622009277
0.05283951759338379
0.09716439247131348
0.05429840087890625
0.08382701873779297
0.09901237487792969
0.025768280029296875
0.09964346885681152
0.07407951354980469
0.05909371376037598
0.11124682426452637
0.12325668334960938
0.05616044998168945
0.17956089973449707
0.12886810302734375
0.12995314598083496
0.1300513744354248
0.14708518981933594
0.2033827304840088
0.1598067283630371
0.17643308639526367
0.347700834274292
0.22500205039978027
0.15651488304138184
0.20358824729919434
0.14361286163330078
0.1341557502746582
0.11546850204467773
0.11698102951049805
0.1396503448486328
0.11562013626098633
0.12934184074401855
0.09941458702087402
0.11805438995361328
0.17317795753479004
0.16750550270080566
0.11328506469726562
0.16106891632080078
0.15950512886047363
0.1691603660583496
0.1918487548828125
0.17825746536254883
0.09330391883850098
0.1184396743774414
0.11080670356750488
0.1028602123260498
0.12674903869628906
0.1885073184967041
0.439450740814209
0.2337496280670166
0.08499979972839355
0.07802152633666992
0.15962839126586914
0.09983706474304199
0.13338303565979004
0.04720616340637207
0.041436195373535156
0.20169568061828613
0.189178466796875
0.2592463493347168
0.08943533897399902
0.060207366943359375
0.06003379821777344
0.15516352653503418
0.1217033863067627
0.05522298812866211
0.0737147331237793
0.06462383270263672
0.18047571182250977
0.2822000980377197
0.049491167068481445
0.37297534942626953
0.11736512184143066
0.05761384963989258
0.10114812850952148
0.07835626602172852
0.07306051254272461
0.11670422554016113
0.0658118724822998
0.06235957145690918
0.06350183486938477
0.14727091789245605
0.16439175605773926
0.11062169075012207
0.14484357833862305
0.10310769081115723
0.15002179145812988
0.24804425239562988
0.10390353202819824
0.0953984260559082
0.11377525329589844
0.9718806743621826
1.1096751689910889
1.1708552837371826
0.936873197555542
0.7073545455932617
0.4544639587402344
0.2461693286895752
0.17007088661193848
0.22233247756958008
0.17551898956298828
0.26624155044555664
0.12497425079345703
0.1524217128753662
0.16706037521362305
0.3636150360107422
0.1543416976928711
0.11729669570922852
0.18869733810424805
0.23775219917297363
0.2763805389404297
0.2120506763458252
0.07532358169555664
0.04430985450744629
0.05292391777038574
0.04024195671081543
0.027876615524291992
0.08927679061889648
0.0361323356628418
0.04407310485839844
0.041673898696899414
0.0418851375579834
0.08271360397338867
0.039310455322265625
0.02320075035095215
0.02130866050720215
0.032469749450683594
0.03798055648803711
0.1338200569152832
0.043988704681396484
0.04331159591674805
0.0279080867767334
0.02693319320678711
0.030788421630859375
0.020705461502075195
0.02710723876953125
0.023455142974853516
0.03306913375854492
0.0828859806060791
0.05312633514404297
0.06563711166381836
0.059252262115478516
0.026134014129638672
0.03573441505432129
0.03704643249511719
0.03362464904785156
0.030921220779418945
