0.03709077835083008
0.048934221267700195
0.13640093803405762
0.06603479385375977
0.18885087966918945
0.025866270065307617
0.12870144844055176
0.023470640182495117
0.12386012077331543
0.1260995864868164
0.12571096420288086
0.023160457611083984
0.22275924682617188
0.1343979835510254
0.1662590503692627
0.12187886238098145
0.02406144142150879
0.1223900318145752
0.13741135597229004
0.020527362823486328
0.023153305053710938
0.03982663154602051
0.03142237663269043
0.026941537857055664
0.027074098587036133
0.03153061866760254
0.025861263275146484
0.027911901473999023
0.0384516716003418
0.026866674423217773
0.028406381607055664
0.03859448432922363
0.03259754180908203
0.03388786315917969
0.14726686477661133
0.0531468391418457
0.04891562461853027
0.03661847114562988
0.03575396537780762
0.05220818519592285
0.037491798400878906
0.036461591720581055
0.05165433883666992
0.04054594039916992
0.04240012168884277
0.05066204071044922
0.04249286651611328
0.04598212242126465
0.04468250274658203
0.04542732238769531
0.045974016189575195
0.04693341255187988
0.04888033866882324
0.047867536544799805
0.053066253662109375
0.05669808387756348
0.052741289138793945
0.05280876159667969
0.056052446365356445
0.053781986236572266
0.06249523162841797
0.0638880729675293
0.06942129135131836
0.07197904586791992
0.06944012641906738
0.0626063346862793
0.06912565231323242
0.0637364387512207
0.08409905433654785
0.06307697296142578
0.06646084785461426
0.06859278678894043
0.06644368171691895
0.06769561767578125
0.08938074111938477
0.06740808486938477
0.07110881805419922
0.07424473762512207
0.07531142234802246
0.07471823692321777
0.08674025535583496
0.07667684555053711
0.08020567893981934
0.0804758071899414
0.08338594436645508
0.08876752853393555
0.11573481559753418
0.08470320701599121
0.08607172966003418
0.08665585517883301
0.08727312088012695
0.0995635986328125
0.09402894973754883
0.09330081939697266
0.09902429580688477
0.09264636039733887
0.09680986404418945
0.09759712219238281
0.10419702529907227
0.0985875129699707
0.09968137741088867
0.10094451904296875
0.10944104194641113
0.10061335563659668
0.10352969169616699
0.1043996810913086
0.11516833305358887
0.10536956787109375
0.12695956230163574
0.12692999839782715
0.12555336952209473
0.11205387115478516
0.10825896263122559
0.006186723709106445
0.00895547866821289
0.017621994018554688
0.012726068496704102
0.016696691513061523
0.019863605499267578
0.018334388732910156
0.023644208908081055
0.0196990966796875
0.015498638153076172
0.017549753189086914
0.027172088623046875
0.015590190887451172
0.06133747100830078
0.016448974609375
0.018130779266357422
0.039572715759277344
0.020864486694335938
0.01830434799194336
0.01932382583618164
0.02849435806274414
0.02624964714050293
0.029310941696166992
0.026394128799438477
0.026785612106323242
0.02770256996154785
0.035062313079833984
0.03089118003845215
0.06138014793395996
0.03180980682373047
0.049161434173583984
0.03197216987609863
0.03799605369567871
0.038071393966674805
0.036733388900756836
0.036271095275878906
0.03318667411804199
0.03335738182067871
0.03956723213195801
0.04898428916931152
0.04326915740966797
0.03148531913757324
0.034642934799194336
0.041051626205444336
0.03586840629577637
0.04419660568237305
0.03920888900756836
0.04627847671508789
0.04127097129821777
0.042516231536865234
0.045545339584350586
0.0444796085357666
0.04523110389709473
0.04965806007385254
0.05006098747253418
0.08064699172973633
0.050759315490722656
0.05374312400817871
0.052315711975097656
0.05624032020568848
0.06202816963195801
0.05689644813537598
0.05642223358154297
0.0563809871673584
0.05581235885620117
0.062035322189331055
0.07404351234436035
0.05492067337036133
0.06559920310974121
0.05813956260681152
0.07518887519836426
0.058701515197753906
0.08000516891479492
0.05779147148132324
0.057715415954589844
0.059513092041015625
0.05914807319641113
0.06508231163024902
0.05167222023010254
0.06818675994873047
0.05958890914916992
0.057039737701416016
0.058637380599975586
0.05244708061218262
0.05471944808959961
0.06737685203552246
0.04394102096557617
0.04237699508666992
0.06395816802978516
0.07107853889465332
0.04292178153991699
0.03859996795654297
0.03902912139892578
0.04477667808532715
0.041382789611816406
0.05214524269104004
0.026479482650756836
0.029953956604003906
0.03367424011230469
0.02746725082397461
0.02660846710205078
0.03370308876037598
0.033251047134399414
0.024854421615600586
0.01899409294128418
0.019594669342041016
0.02201557159423828
0.03710055351257324
0.01768803596496582
0.021823644638061523
0.026592254638671875
0.022066831588745117
0.028634071350097656
0.039159536361694336
0.02441573143005371
0.02403736114501953
0.030800342559814453
0.028430700302124023
0.02274775505065918
0.024373769760131836
0.02573418617248535
0.024573326110839844
0.026579856872558594
0.018733978271484375
0.018192291259765625
0.025777816772460938
0.019494295120239258
0.01994919776916504
0.0236814022064209
0.028366565704345703
0.026791810989379883
0.03651547431945801
0.02657628059387207
0.021450281143188477
0.037683725357055664
0.021199941635131836
0.017373085021972656
0.033292293548583984
0.024416685104370117
0.027106046676635742
0.03247976303100586
0.030022859573364258
0.028537273406982422
0.04992341995239258
0.029017925262451172
0.03649425506591797
0.027790546417236328
0.03224968910217285
0.030567646026611328
0.032813310623168945
0.0304105281829834
0.03181171417236328
0.03225517272949219
0.034689903259277344
0.037520647048950195
0.0382082462310791
0.03669548034667969
0.03341245651245117
0.04034852981567383
0.04215431213378906
0.04124760627746582
0.04142403602600098
0.0335543155670166
0.033773183822631836
0.03586602210998535
0.039075374603271484
0.0331573486328125
0.038513898849487305
0.03339433670043945
0.033594369888305664
0.03473234176635742
0.034567832946777344
0.0357208251953125
0.04047131538391113
0.03474831581115723
0.0653681755065918
0.054363250732421875
0.037616729736328125
0.035565853118896484
0.038973093032836914
0.032839298248291016
0.03319263458251953
0.14036917686462402
0.03838372230529785
0.14044499397277832
0.040874481201171875
0.14249181747436523
0.14262056350708008
0.04735708236694336
0.04308915138244629
0.1939864158630371
0.16611981391906738
0.03806328773498535
0.03792524337768555
0.14233613014221191
0.13845229148864746
0.04533720016479492
0.14025402069091797
0.042463064193725586
0.037191152572631836
0.0374150276184082
0.051392555236816406
0.045172929763793945
0.040604352951049805
0.039514780044555664
0.040148258209228516
0.0431513786315918
0.04338979721069336
0.07266640663146973
0.06112980842590332
0.05996060371398926
0.05067729949951172
0.05257225036621094
0.0498201847076416
0.05408167839050293
0.05512380599975586
0.06846141815185547
0.07792067527770996
0.05947422981262207
0.07524633407592773
0.07761788368225098
0.06265473365783691
0.07489776611328125
0.21969294548034668
0.26471590995788574
0.15581274032592773
0.047707319259643555
0.1279587745666504
0.14568161964416504
0.10571670532226562
0.12827563285827637
0.10618090629577637
0.10818171501159668
0.10843992233276367
0.0058135986328125
0.007745265960693359
0.009300470352172852
0.027695417404174805
0.014045953750610352
0.012350082397460938
0.012966156005859375
0.016304969787597656
0.01295161247253418
0.011200904846191406
0.010191679000854492
0.012923479080200195
0.010767698287963867
0.012785911560058594
0.015722036361694336
0.016363143920898438
0.022121429443359375
0.020664453506469727
0.021946191787719727
0.018322229385375977
0.026640653610229492
0.030261516571044922
0.021752119064331055
0.023038387298583984
0.019348621368408203
0.02820110321044922
0.02109384536743164
0.019137144088745117
0.02277064323425293
0.02608942985534668
0.027605056762695312
0.039969444274902344
0.026244401931762695
0.03667855262756348
0.024021387100219727
0.025789260864257812
0.03284025192260742
0.02825641632080078
0.02728557586669922
0.03846597671508789
0.03133249282836914
0.04212784767150879
0.03425192832946777
0.03477740287780762
0.03495144844055176
0.04055380821228027
0.036006927490234375
0.03552961349487305
0.03608846664428711
0.03778219223022461
0.03795433044433594
0.04051494598388672
0.035668134689331055
0.035393714904785156
0.03513360023498535
0.05969381332397461
0.054416656494140625
0.06282472610473633
0.05994534492492676
0.032698631286621094
0.06160449981689453
0.03064250946044922
0.05539083480834961
0.0633091926574707
0.033720970153808594
0.03434276580810547
0.03368735313415527
0.04981827735900879
0.03902721405029297
0.03554797172546387
0.029935359954833984
0.024616479873657227
0.029758691787719727
0.027603626251220703
0.04293417930603027
0.032381534576416016
0.04205489158630371
0.02926921844482422
0.0347137451171875
0.03416633605957031
0.026469707489013672
0.026755332946777344
0.030010700225830078
0.030569791793823242
0.03474569320678711
0.06178903579711914
0.029198884963989258
0.03210020065307617
0.03362154960632324
0.049865007400512695
0.04631805419921875
0.03748941421508789
0.037431955337524414
0.042237043380737305
0.03660297393798828
0.04010176658630371
0.03894996643066406
0.045069217681884766
0.043357133865356445
0.042746543884277344
0.05130338668823242
0.04447627067565918
0.04542970657348633
0.0440976619720459
0.04470181465148926
0.05059623718261719
0.053466081619262695
0.0433659553527832
0.041551828384399414
0.07220625877380371
0.04276919364929199
0.041587114334106445
0.04407835006713867
0.04185605049133301
0.04118776321411133
0.044138193130493164
0.047554731369018555
0.14067602157592773
0.059656381607055664
0.13564085960388184
0.16345429420471191
0.10354304313659668
0.09951400756835938
0.11896014213562012
0.10669636726379395
0.10732817649841309
0.10538244247436523
0.10682225227355957
0.010612010955810547
0.027651309967041016
0.01091313362121582
0.012533187866210938
0.02381610870361328
0.014942169189453125
0.012951850891113281
0.11398196220397949
0.11985397338867188
0.13552188873291016
0.13680601119995117
0.07026457786560059
0.07693934440612793
0.07447290420532227
0.07356667518615723
0.06502413749694824
0.0671241283416748
0.05897045135498047
0.10282373428344727
0.055533647537231445
0.05609440803527832
0.05146288871765137
0.051805734634399414
0.05023980140686035
0.05168414115905762
0.04840373992919922
0.045210838317871094
0.03866219520568848
0.035481929779052734
0.04528546333312988
0.03831982612609863
0.04114127159118652
0.08357548713684082
0.04474329948425293
0.034036874771118164
0.03474736213684082
0.035249948501586914
0.05615687370300293
0.03993415832519531
0.050893545150756836
0.04315900802612305
0.05108165740966797
0.04641890525817871
0.046766042709350586
0.04797530174255371
0.041989803314208984
0.04273390769958496
0.04172110557556152
0.021508216857910156
0.023082494735717773
0.023715972900390625
0.05154109001159668
0.02782416343688965
0.02870917320251465
0.029664278030395508
0.03000020980834961
0.05721759796142578
0.03666996955871582
0.04324936866760254
0.038706064224243164
0.04071497917175293
0.05595588684082031
0.03905820846557617
0.039682626724243164
0.04644131660461426
0.04973769187927246
0.045065879821777344
0.12407970428466797
0.14870119094848633
0.050371646881103516
0.16158652305603027
0.370042085647583
0.1616506576538086
0.044332265853881836
0.08444643020629883
0.04473710060119629
0.0917658805847168
0.04137539863586426
0.03315448760986328
0.1144113540649414
0.09289145469665527
0.07852792739868164
0.11026310920715332
0.16262412071228027
0.10953474044799805
0.18429207801818848
0.42781710624694824
0.21461009979248047
0.13559436798095703
0.11959314346313477
0.09416747093200684
0.09565424919128418
0.12643694877624512
0.12218284606933594
0.12135982513427734
0.0886383056640625
0.104827880859375
0.09114694595336914
0.10492467880249023
0.09359169006347656
0.09407997131347656
0.10127758979797363
0.10921573638916016
0.09630823135375977
0.09758520126342773
0.10184884071350098
0.09643101692199707
0.10027360916137695
0.10076141357421875
0.10392498970031738
0.13921833038330078
0.10659623146057129
0.10477662086486816
0.10728240013122559
0.10817337036132812
0.11362457275390625
0.12584829330444336
0.11532974243164062
0.11490225791931152
0.00916600227355957
0.11177492141723633
0.11407136917114258
0.11584162712097168
0.13500380516052246
0.21519780158996582
0.1234273910522461
0.12292051315307617
0.11526012420654297
0.11580753326416016
0.10756492614746094
0.11205792427062988
0.006280660629272461
0.010307550430297852
0.00834798812866211
0.0077440738677978516
0.022773265838623047
0.009692907333374023
0.016889095306396484
0.015198230743408203
0.014328479766845703
0.060691118240356445
0.017334938049316406
0.12278079986572266
0.14158105850219727
0.17593669891357422
0.13089823722839355
0.10833573341369629
0.08681726455688477
0.09036993980407715
0.10306859016418457
0.10027599334716797
0.0852043628692627
0.09622931480407715
0.08527398109436035
0.0948488712310791
0.10306906700134277
0.1017141342163086
0.0777747631072998
0.11789369583129883
0.07831215858459473
0.07917666435241699
0.1278073787689209
0.07417988777160645
0.07595276832580566
0.15767455101013184
0.07681584358215332
0.07749366760253906
0.18659377098083496
0.21140742301940918
0.2277841567993164
0.10915088653564453
0.08018708229064941
0.13080978393554688
0.15575265884399414
0.14763498306274414
0.10473465919494629
0.11445975303649902
0.08286881446838379
0.12560725212097168
0.10586380958557129
0.08980298042297363
0.10364151000976562
0.10857534408569336
0.07345795631408691
0.13886570930480957
0.08854508399963379
0.1156454086303711
0.07429933547973633
0.07333946228027344
0.06793570518493652
0.07125735282897949
0.15202617645263672
0.08545684814453125
0.10120463371276855
0.07072949409484863
0.09093689918518066
0.070404052734375
0.1102302074432373
0.06658220291137695
0.0846104621887207
0.04552173614501953
0.04242420196533203
0.04416298866271973
0.0604248046875
0.06914281845092773
0.04517984390258789
0.04589700698852539
0.04928398132324219
0.04503607749938965
0.10139966011047363
0.042621612548828125
0.03915882110595703
0.04822039604187012
0.07524657249450684
0.038546085357666016
0.04007673263549805
0.03989672660827637
0.038543701171875
0.05261492729187012
0.05646181106567383
0.04475855827331543
0.049245357513427734
0.06448030471801758
0.04903912544250488
0.04777050018310547
0.04824185371398926
0.054940223693847656
0.04873323440551758
0.04885101318359375
0.05159592628479004
0.054465532302856445
0.05675387382507324
0.058153629302978516
0.0699305534362793
0.057773590087890625
0.06031036376953125
0.08168435096740723
0.07729196548461914
0.06210827827453613
0.05619072914123535
0.07333183288574219
0.05832052230834961
0.0656747817993164
0.06084895133972168
0.06034660339355469
0.05849504470825195
0.057967185974121094
0.0595700740814209
0.0594482421875
0.08311653137207031
0.06856870651245117
0.06388282775878906
0.0663290023803711
0.06824827194213867
0.06959819793701172
0.07634234428405762
0.06831789016723633
0.07105207443237305
0.06622910499572754
0.06983137130737305
0.08117532730102539
0.07355570793151855
0.07133030891418457
0.07126045227050781
0.07548832893371582
0.07339310646057129
0.07654500007629395
0.06858944892883301
0.06879949569702148
0.06915783882141113
0.08145880699157715
0.1571664810180664
0.13950657844543457
0.06768417358398438
0.12999176979064941
0.2989766597747803
0.1414339542388916
0.1269080638885498
0.10897946357727051
0.4457676410675049
0.19150638580322266
0.8332507610321045
0.609877347946167
0.39104199409484863
0.16724348068237305
0.466477632522583
0.4360771179199219
0.2239551544189453
0.1650853157043457
0.0971827507019043
0.09159731864929199
0.12482714653015137
0.0915079116821289
0.09169650077819824
0.11575794219970703
0.0797581672668457
0.08164143562316895
0.17042064666748047
0.09015226364135742
0.11598753929138184
0.12158083915710449
0.10601663589477539
0.11365294456481934
0.09489059448242188
0.15579009056091309
0.10532975196838379
0.05148053169250488
0.10649585723876953
0.04842114448547363
0.10852384567260742
0.04434919357299805
0.045357465744018555
0.044449806213378906
0.0705709457397461
0.09205770492553711
0.06192278861999512
0.12682652473449707
0.04383206367492676
0.06487345695495605
0.07650518417358398
0.04868650436401367
0.05935406684875488
0.06653141975402832
0.07038307189941406
0.0509343147277832
0.14828991889953613
0.21932220458984375
0.07698321342468262
0.08370137214660645
0.18878912925720215
0.08250546455383301
0.09458470344543457
0.08163094520568848
0.10426688194274902
0.08237671852111816
0.06897425651550293
0.1435565948486328
0.15586185455322266
0.07424426078796387
0.13502120971679688
0.1342909336090088
0.07443952560424805
0.09638333320617676
0.10822200775146484
0.13734745979309082
0.15758323669433594
0.08510684967041016
0.06215357780456543
0.06236386299133301
0.07003378868103027
0.06394386291503906
0.08527231216430664
0.15922832489013672
0.13134503364562988
0.05597329139709473
0.14623093605041504
0.05885791778564453
0.11468791961669922
0.052995920181274414
0.05917501449584961
0.05834078788757324
0.06958532333374023
0.11046910285949707
0.10207724571228027
0.06635260581970215
0.07613992691040039
0.07641386985778809
0.06441283226013184
0.17689919471740723
0.08919715881347656
0.07872676849365234
0.09118485450744629
0.08357620239257812
0.06974267959594727
0.07203125953674316
0.1178433895111084
0.07179737091064453
0.10822367668151855
0.09867000579833984
0.11402344703674316
0.15134620666503906
0.2096729278564453
0.1634218692779541
0.14925646781921387
0.18033289909362793
0.0833137035369873
0.08028769493103027
0.07777857780456543
0.09885787963867188
0.0891716480255127
0.08469486236572266
0.05035877227783203
0.09006595611572266
0.05144047737121582
0.06975150108337402
0.06723833084106445
0.04802227020263672
0.0542600154876709
0.05818676948547363
0.13655424118041992
0.09150075912475586
0.1954813003540039
0.07162785530090332
0.12977194786071777
0.10992550849914551
0.039252281188964844
0.1942429542541504
0.1331772804260254
0.10797548294067383
0.14845776557922363
0.2191929817199707
0.14439988136291504
0.10463714599609375
0.10884952545166016
0.1036376953125
0.13690757751464844
0.15463042259216309
0.13997125625610352
0.11767196655273438
0.10597586631774902
0.10825681686401367
0.10297155380249023
0.10955524444580078
0.1131439208984375
0.1028745174407959
0.09927821159362793
0.18883824348449707
0.1682753562927246
0.14020061492919922
0.09679460525512695
0.09035468101501465
0.11017179489135742
0.12951135635375977
0.1701188087463379
0.08750176429748535
0.13217759132385254
0.08458662033081055
0.13893771171569824
0.08740592002868652
0.13415193557739258
0.08691930770874023
0.10520648956298828
0.07855534553527832
0.1427762508392334
0.11705970764160156
0.16671323776245117
0.10870695114135742
0.06203174591064453
0.059152841567993164
0.05822920799255371
0.08358383178710938
0.06783318519592285
0.11229443550109863
0.1079869270324707
0.10707378387451172
0.10986566543579102
0.06403422355651855
0.06651043891906738
0.06369328498840332
0.06321334838867188
0.06920933723449707
0.06461310386657715
0.08425140380859375
0.06792902946472168
0.05839824676513672
0.1900162696838379
0.06028318405151367
0.06165170669555664
0.038736820220947266
0.03812742233276367
0.03705024719238281
0.06012845039367676
0.04165363311767578
0.060822486877441406
0.0434114933013916
0.06269359588623047
0.050572872161865234
0.04694032669067383
0.06117391586303711
0.07008242607116699
0.056641340255737305
0.05467939376831055
0.0541081428527832
0.055458784103393555
0.058022260665893555
0.059786319732666016
0.06211209297180176
0.06351613998413086
0.06161022186279297
0.0647125244140625
0.07223057746887207
0.06036543846130371
0.06360554695129395
0.08329010009765625
0.07376527786254883
0.05367875099182129
0.06364560127258301
0.05388927459716797
0.0654149055480957
0.057795047760009766
0.07224273681640625
0.05822491645812988
0.05860638618469238
0.049927711486816406
0.0503077507019043
0.05139875411987305
0.07638382911682129
0.0605928897857666
0.05010843276977539
0.053893327713012695
0.05777120590209961
0.07606315612792969
0.05498790740966797
0.05771064758300781
0.06739234924316406
0.05257368087768555
0.05294203758239746
0.05230903625488281
0.07224559783935547
0.061248779296875
0.055123090744018555
0.05744290351867676
0.05251908302307129
0.05034160614013672
0.05164527893066406
0.05490732192993164
0.05724930763244629
0.07000589370727539
0.05971479415893555
0.06187176704406738
0.06315994262695312
0.064544677734375
0.08233046531677246
0.06540250778198242
0.058164358139038086
0.05814695358276367
0.05947518348693848
0.060697078704833984
0.06060194969177246
0.06703948974609375
0.06155252456665039
0.0649724006652832
0.06359052658081055
0.06660842895507812
0.07661938667297363
0.08202791213989258
0.08785891532897949
0.09102010726928711
0.07546830177307129
0.07615184783935547
0.08055782318115234
0.057253360748291016
0.06293416023254395
0.0648653507232666
0.0636141300201416
0.10965752601623535
0.06493878364562988
0.06422114372253418
0.04922676086425781
0.19912385940551758
0.14427757263183594
0.09397292137145996
0.096527099609375
0.09350705146789551
0.12603116035461426
0.1292710304260254
0.08294153213500977
0.15362143516540527
0.07594752311706543
0.08744406700134277
0.0714871883392334
0.10363268852233887
0.1419816017150879
0.07704043388366699
0.0723578929901123
0.12602448463439941
0.06413936614990234
0.06648373603820801
0.12750458717346191
0.12547636032104492
0.08571982383728027
0.0636439323425293
0.08272886276245117
0.08516526222229004
0.0834951400756836
0.10346460342407227
0.05706501007080078
0.07977485656738281
0.07528376579284668
0.09793996810913086
0.0727853775024414
0.024212360382080078
0.11133289337158203
0.19782614707946777
0.06299686431884766
0.11847424507141113
0.025776386260986328
0.15437793731689453
0.16126799583435059
0.19777870178222656
0.25788426399230957
0.09238100051879883
0.11089754104614258
0.16185879707336426
0.08174633979797363
0.08009624481201172
0.05415606498718262
0.0335383415222168
0.07335996627807617
0.050423383712768555
0.2342231273651123
0.18249773979187012
0.17000579833984375
0.10461568832397461
0.0947122573852539
0.10797357559204102
0.0979464054107666
0.12927556037902832
0.09912252426147461
0.14157533645629883
0.11759662628173828
0.12290358543395996
0.10108804702758789
0.09883451461791992
0.12227129936218262
0.09911131858825684
0.15558290481567383
0.06154656410217285
0.06175875663757324
0.07624602317810059
0.0511777400970459
0.05632138252258301
0.060068607330322266
0.10376095771789551
0.04807877540588379
0.15527772903442383
0.04981422424316406
0.04914426803588867
0.15302276611328125
0.20444822311401367
0.20539617538452148
0.04568648338317871
0.04599356651306152
0.03320646286010742
0.0746011734008789
0.16620492935180664
0.0241086483001709
0.11340594291687012
0.10422182083129883
0.24857306480407715
0.12013936042785645
0.06505513191223145
0.061356544494628906
0.05926942825317383
0.06991744041442871
0.03127741813659668
0.14752864837646484
0.14307761192321777
0.05211186408996582
0.040586233139038086
0.020821094512939453
0.03448200225830078
0.019623279571533203
0.0657649040222168
0.01885509490966797
0.11922693252563477
0.024659395217895508
0.01884603500366211
0.06126117706298828
0.02834486961364746
0.03450298309326172
0.1180117130279541
0.1427319049835205
0.11714649200439453
0.13466238975524902
0.04968619346618652
0.059392452239990234
0.02610039710998535
0.0811605453491211
0.02733898162841797
0.026792049407958984
0.0681447982788086
0.1093440055847168
0.02745366096496582
0.03334927558898926
0.1182394027709961
0.05469107627868652
0.1683340072631836
0.043012380599975586
0.1428227424621582
0.062365055084228516
0.15234971046447754
0.2386608123779297
0.26155591011047363
0.2338418960571289
0.18869972229003906
0.18800854682922363
0.14412951469421387
0.04539966583251953
0.04040408134460449
0.14625787734985352
0.04389691352844238
0.20448064804077148
0.038596153259277344
0.0788569450378418
0.03155708312988281
0.02474069595336914
0.12908101081848145
0.1395411491394043
0.06955075263977051
0.07230925559997559
0.10152697563171387
0.03631877899169922
0.03969740867614746
0.05015087127685547
0.03419089317321777
0.03879404067993164
0.032208919525146484
0.06073284149169922
0.07071304321289062
0.05607271194458008
0.018373489379882812
0.060788631439208984
0.025482654571533203
0.05028343200683594
0.08641266822814941
0.10787129402160645
0.08136439323425293
0.18280649185180664
0.1114659309387207
0.16456007957458496
0.12499308586120605
0.15256810188293457
0.18508601188659668
0.2051525115966797
0.0605318546295166
0.32746362686157227
0.2344369888305664
0.4507119655609131
0.22580242156982422
0.15008139610290527
0.11796855926513672
0.08228421211242676
0.09174942970275879
0.09166693687438965
0.11147832870483398
0.11560368537902832
0.11850214004516602
0.11216235160827637
0.08888745307922363
0.1845860481262207
0.10262870788574219
