0.03383302688598633
0.033846139907836914
0.16151952743530273
0.06725788116455078
0.18494582176208496
0.03268718719482422
0.1460580825805664
0.08063578605651855
0.12512755393981934
0.12828826904296875
0.13326740264892578
0.02857351303100586
0.22533392906188965
0.1416919231414795
0.13752460479736328
0.1232001781463623
0.021231889724731445
0.1257615089416504
0.1325082778930664
0.02360987663269043
0.024076223373413086
0.023807764053344727
0.025725126266479492
0.027078866958618164
0.029395341873168945
0.03668403625488281
0.03832530975341797
0.026114702224731445
0.02732372283935547
0.04076528549194336
0.028789043426513672
0.0437929630279541
0.034628868103027344
0.03607988357543945
0.08819937705993652
0.06669497489929199
0.04018521308898926
0.037833452224731445
0.03885293006896973
0.040360212326049805
0.03985404968261719
0.03919506072998047
0.04095339775085449
0.05595850944519043
0.04481983184814453
0.0452725887298584
0.04636240005493164
0.05840921401977539
0.06336688995361328
0.04819035530090332
0.04857635498046875
0.05354571342468262
0.05369114875793457
0.049906253814697266
0.06528329849243164
0.053516387939453125
0.05828118324279785
0.052992820739746094
0.06556558609008789
0.05474662780761719
0.0666201114654541
0.06542325019836426
0.06886005401611328
0.05772900581359863
0.06094980239868164
0.06284618377685547
0.06623578071594238
0.07077574729919434
0.07022929191589355
0.07213759422302246
0.07860779762268066
0.07891035079956055
0.07304191589355469
0.074951171875
0.08800888061523438
0.08126091957092285
0.07346963882446289
0.07301735877990723
0.07545995712280273
0.07687950134277344
0.0989694595336914
0.07780671119689941
0.10851836204528809
0.08148813247680664
0.0903475284576416
0.09496521949768066
0.1045689582824707
0.08879494667053223
0.13420701026916504
0.11270928382873535
0.08822298049926758
0.10495376586914062
0.09488224983215332
0.10004520416259766
0.10046529769897461
0.10695743560791016
0.09497761726379395
0.09671163558959961
0.10844302177429199
0.10161733627319336
0.10266852378845215
0.1021416187286377
0.10447096824645996
0.10364985466003418
0.10667848587036133
0.12249255180358887
0.11008787155151367
0.10823345184326172
0.11246752738952637
0.1135261058807373
0.12146663665771484
0.11806273460388184
0.10949468612670898
0.014886617660522461
0.016386747360229492
0.013885736465454102
0.01372671127319336
0.020918846130371094
0.031793832778930664
0.025593996047973633
0.02542901039123535
0.022052764892578125
0.018553495407104492
0.053605079650878906
0.016674280166625977
0.023668766021728516
0.059447526931762695
0.02853250503540039
0.02562689781188965
0.05589699745178223
0.05042529106140137
0.020450830459594727
0.022796154022216797
0.025130033493041992
0.03326821327209473
0.03035116195678711
0.03528594970703125
0.028956174850463867
0.03003978729248047
0.027530431747436523
0.031809329986572266
0.05151510238647461
0.048636436462402344
0.030621767044067383
0.03305196762084961
0.03691864013671875
0.05134105682373047
0.0372159481048584
0.04833555221557617
0.04668021202087402
0.045580387115478516
0.0378117561340332
0.03605031967163086
0.035093069076538086
0.03249502182006836
0.03469276428222656
0.04263472557067871
0.03785419464111328
0.03935813903808594
0.049254655838012695
0.04190778732299805
0.05361199378967285
0.044652462005615234
0.05776023864746094
0.05802726745605469
0.05120110511779785
0.04686999320983887
0.06870627403259277
0.07254266738891602
0.05975031852722168
0.06261992454528809
0.054762840270996094
0.0657806396484375
0.05705428123474121
0.07087492942810059
0.056452035903930664
0.061525821685791016
0.05995821952819824
0.0721445083618164
0.0628957748413086
0.05542135238647461
0.07177209854125977
0.06055092811584473
0.07188582420349121
0.05894899368286133
0.06848740577697754
0.07130789756774902
0.05779123306274414
0.05988168716430664
0.0619046688079834
0.060054779052734375
0.0547637939453125
0.06552290916442871
0.06213998794555664
0.057566165924072266
0.06023859977722168
0.06624436378479004
0.06008267402648926
0.06798672676086426
0.05607199668884277
0.04454302787780762
0.06459879875183105
0.04582667350769043
0.041049957275390625
0.04569292068481445
0.03930330276489258
0.05567121505737305
0.0443570613861084
0.057180166244506836
0.029610395431518555
0.04185628890991211
0.03026127815246582
0.033939361572265625
0.03820514678955078
0.02717876434326172
0.039190053939819336
0.019685983657836914
0.0263822078704834
0.0319674015045166
0.032431602478027344
0.04764842987060547
0.01995086669921875
0.01889657974243164
0.027567148208618164
0.024915695190429688
0.02436089515686035
0.03058791160583496
0.027220964431762695
0.037569522857666016
0.023935317993164062
0.037741899490356445
0.025479793548583984
0.0244905948638916
0.036337852478027344
0.027264118194580078
0.028672218322753906
0.031313419342041016
0.026035547256469727
0.019231557846069336
0.02245354652404785
0.039277076721191406
0.02410602569580078
0.04954934120178223
0.039067983627319336
0.02770543098449707
0.04801154136657715
0.02907848358154297
0.02478790283203125
0.035529136657714844
0.025769710540771484
0.033145904541015625
0.03408551216125488
0.04471588134765625
0.025614261627197266
0.02754688262939453
0.030764102935791016
0.03488016128540039
0.03686928749084473
0.02826237678527832
0.05196213722229004
0.037653446197509766
0.03067946434020996
0.03132915496826172
0.03246665000915527
0.034902095794677734
0.04360318183898926
0.037552833557128906
0.0494997501373291
0.0471949577331543
0.03744792938232422
0.04767203330993652
0.03673529624938965
0.052596330642700195
0.036744117736816406
0.046480417251586914
0.051436662673950195
0.04908180236816406
0.034882307052612305
0.03311324119567871
0.04594755172729492
0.03394651412963867
0.03389596939086914
0.046648502349853516
0.04208087921142578
0.050252437591552734
0.03850889205932617
0.037858009338378906
0.04365873336791992
0.07172250747680664
0.03717327117919922
0.03967738151550293
0.04267168045043945
0.03707313537597656
0.05289721488952637
0.033522844314575195
0.1510295867919922
0.05177450180053711
0.16152000427246094
0.04498171806335449
0.14342951774597168
0.14564967155456543
0.04738759994506836
0.04412221908569336
0.1963796615600586
0.14377522468566895
0.057646751403808594
0.0401463508605957
0.1486678123474121
0.13837814331054688
0.05556082725524902
0.14341497421264648
0.03809952735900879
0.03957343101501465
0.038358211517333984
0.0496220588684082
0.040048837661743164
0.04110217094421387
0.05447840690612793
0.04302382469177246
0.04364967346191406
0.04613375663757324
0.07641720771789551
0.04702448844909668
0.056133270263671875
0.05096292495727539
0.14673137664794922
0.06293630599975586
0.052501678466796875
0.0723717212677002
0.058554649353027344
0.05842232704162598
0.060437917709350586
0.057781219482421875
0.06306099891662598
0.06110811233520508
0.0887916088104248
0.06594204902648926
0.06573772430419922
0.04828596115112305
0.03962302207946777
0.04349637031555176
0.13639545440673828
0.10638284683227539
0.10638642311096191
0.11991190910339355
0.11501908302307129
0.11058902740478516
0.006902217864990234
0.0061833858489990234
0.01628708839416504
0.01897263526916504
0.011811017990112305
0.028021812438964844
0.013782262802124023
0.030562162399291992
0.01601409912109375
0.012104511260986328
0.012566566467285156
0.016075611114501953
0.01781916618347168
0.024440288543701172
0.022500991821289062
0.024643898010253906
0.02424931526184082
0.03403186798095703
0.023846864700317383
0.025197744369506836
0.03553414344787598
0.030797481536865234
0.034193992614746094
0.02393364906311035
0.02018451690673828
0.02300882339477539
0.02146124839782715
0.021090030670166016
0.035280704498291016
0.037782907485961914
0.03484821319580078
0.029013633728027344
0.03419375419616699
0.03365063667297363
0.03208661079406738
0.036890506744384766
0.02906346321105957
0.05877399444580078
0.03520655632019043
0.03890228271484375
0.03415966033935547
0.04313826560974121
0.03649115562438965
0.04635119438171387
0.035031795501708984
0.03438138961791992
0.03626370429992676
0.03642439842224121
0.04831266403198242
0.051164865493774414
0.0515897274017334
0.05349850654602051
0.04493117332458496
0.03863644599914551
0.03627967834472656
0.04612612724304199
0.03878498077392578
0.05903315544128418
0.07284998893737793
0.04881906509399414
0.03207707405090332
0.032128095626831055
0.057259559631347656
0.0318903923034668
0.032091379165649414
0.03998374938964844
0.03899216651916504
0.04990673065185547
0.039563894271850586
0.03613471984863281
0.030132055282592773
0.038843393325805664
0.029120445251464844
0.033997297286987305
0.0289459228515625
0.038304805755615234
0.038164615631103516
0.025221824645996094
0.030945539474487305
0.026193618774414062
0.027354001998901367
0.03526425361633301
0.030131816864013672
0.04219555854797363
0.03682565689086914
0.08245182037353516
0.03245186805725098
0.03426623344421387
0.037641286849975586
0.03386211395263672
0.03598976135253906
0.038463592529296875
0.04833483695983887
0.044548988342285156
0.04269742965698242
0.048201799392700195
0.03992176055908203
0.0589449405670166
0.041533470153808594
0.03706693649291992
0.03964710235595703
0.04479241371154785
0.04575157165527344
0.044422149658203125
0.059599876403808594
0.05073094367980957
0.04773855209350586
0.08149218559265137
0.04382181167602539
0.046143293380737305
0.049291133880615234
0.049007415771484375
0.054939985275268555
0.044283390045166016
0.04372429847717285
0.04498004913330078
0.044753313064575195
0.12324285507202148
0.04500603675842285
0.044400691986083984
0.20492982864379883
0.11802291870117188
0.09847044944763184
0.1213083267211914
0.11230659484863281
0.11358857154846191
0.11126065254211426
0.10933423042297363
0.008517742156982422
0.015715599060058594
0.023484230041503906
0.02509450912475586
0.02480340003967285
0.013030290603637695
0.020149707794189453
0.12717747688293457
0.11690139770507812
0.15357351303100586
0.1374523639678955
0.07165741920471191
0.0734245777130127
0.08275604248046875
0.10838150978088379
0.06524538993835449
0.06808304786682129
0.08201766014099121
0.08946561813354492
0.06965756416320801
0.06202816963195801
0.07111334800720215
0.05801677703857422
0.05059242248535156
0.05384397506713867
0.054926156997680664
0.05080127716064453
0.053952693939208984
0.038763999938964844
0.045816659927368164
0.039322853088378906
0.04157304763793945
0.08384394645690918
0.05091118812561035
0.04100608825683594
0.03333139419555664
0.04363560676574707
0.0415494441986084
0.04776740074157715
0.046898603439331055
0.05173349380493164
0.0467526912689209
0.04256844520568848
0.0432124137878418
0.049031734466552734
0.04329109191894531
0.04588603973388672
0.032941579818725586
0.02400064468383789
0.03067803382873535
0.02639007568359375
0.02968740463256836
0.043787479400634766
0.04296708106994629
0.037932395935058594
0.03684043884277344
0.06241297721862793
0.038973331451416016
0.0507810115814209
0.04156327247619629
0.04984855651855469
0.05321526527404785
0.04030609130859375
0.06739068031311035
0.04754018783569336
0.04997539520263672
0.06997108459472656
0.08340859413146973
0.1393752098083496
0.13175630569458008
0.1407179832458496
0.40166425704956055
0.19414496421813965
0.045082807540893555
0.09904956817626953
0.0704488754272461
0.09502530097961426
0.04231452941894531
0.12004804611206055
0.026022672653198242
0.09840655326843262
0.06879258155822754
0.07889056205749512
0.20059752464294434
0.21404147148132324
0.14612054824829102
0.1923513412475586
0.12117886543273926
0.0969386100769043
0.11834859848022461
0.0919485092163086
0.11878657341003418
0.1258859634399414
0.13697361946105957
0.10794615745544434
0.11328291893005371
0.09472227096557617
0.09162449836730957
0.0917670726776123
0.0947260856628418
0.10476946830749512
0.09565615653991699
0.09414911270141602
0.10426068305969238
0.09999632835388184
0.10246682167053223
0.09770369529724121
0.10243701934814453
0.10439634323120117
0.10405302047729492
0.13855385780334473
0.1980297565460205
0.10492801666259766
0.10932707786560059
0.1207270622253418
0.12511754035949707
0.11312389373779297
0.11015009880065918
0.11497354507446289
0.009660482406616211
0.12695813179016113
0.12733983993530273
0.12483501434326172
0.12133097648620605
0.22275352478027344
0.12235736846923828
0.11329841613769531
0.12350106239318848
0.12151837348937988
0.12024641036987305
0.116485595703125
0.013485193252563477
0.01116943359375
0.015012979507446289
0.014676094055175781
0.022144317626953125
0.01726698875427246
0.021198034286499023
0.02087259292602539
0.016546249389648438
0.06261968612670898
0.018325328826904297
0.14374494552612305
0.17602777481079102
0.15171504020690918
0.13227319717407227
0.12753510475158691
0.09397244453430176
0.11447453498840332
0.10419750213623047
0.08716630935668945
0.11529827117919922
0.10567045211791992
0.11040854454040527
0.08846330642700195
0.08564949035644531
0.136399507522583
0.09180593490600586
0.09044504165649414
0.10031795501708984
0.08057069778442383
0.12312030792236328
0.09677481651306152
0.18282866477966309
0.15251827239990234
0.09215617179870605
0.08396220207214355
0.1879870891571045
0.21823716163635254
0.20519423484802246
0.07923102378845215
0.16284990310668945
0.13720440864562988
0.12219357490539551
0.12874341011047363
0.10757923126220703
0.11998629570007324
0.12711119651794434
0.09562301635742188
0.08181047439575195
0.07387804985046387
0.12002968788146973
0.11238336563110352
0.08674740791320801
0.13712835311889648
0.11996054649353027
0.09619474411010742
0.0771799087524414
0.06539058685302734
0.06852364540100098
0.08469247817993164
0.1100471019744873
0.12142348289489746
0.08439230918884277
0.0704805850982666
0.08917474746704102
0.07425093650817871
0.10983872413635254
0.09130239486694336
0.09048342704772949
0.05242443084716797
0.056346893310546875
0.04536700248718262
0.04565763473510742
0.09375619888305664
0.061081647872924805
0.0552523136138916
0.0816798210144043
0.050208091735839844
0.05844306945800781
0.0725553035736084
0.03958439826965332
0.04364490509033203
0.05471014976501465
0.03954172134399414
0.04716062545776367
0.05793023109436035
0.03962969779968262
0.05443143844604492
0.04188942909240723
0.04711437225341797
0.058615684509277344
0.05256962776184082
0.04938960075378418
0.060579538345336914
0.06457877159118652
0.056572675704956055
0.06291532516479492
0.07054829597473145
0.055037736892700195
0.06846070289611816
0.05805468559265137
0.0664055347442627
0.06641530990600586
0.0615236759185791
0.05878949165344238
0.06163835525512695
0.06236076354980469
0.06518101692199707
0.06741499900817871
0.06587505340576172
0.06654763221740723
0.06992244720458984
0.05868840217590332
0.07220935821533203
0.07173418998718262
0.059064626693725586
0.059972524642944336
0.05972552299499512
0.0684058666229248
0.07082056999206543
0.07207036018371582
0.06651663780212402
0.08572793006896973
0.07512998580932617
0.11553382873535156
0.07609248161315918
0.07819819450378418
0.06945323944091797
0.06994318962097168
0.07274270057678223
0.07347464561462402
0.07159614562988281
0.07340598106384277
0.0859537124633789
0.07628059387207031
0.0674591064453125
0.06970977783203125
0.07004547119140625
0.07552433013916016
0.07427048683166504
0.07315874099731445
0.16637945175170898
0.23040556907653809
0.19472956657409668
0.3243370056152344
0.13640284538269043
0.13948655128479004
0.342618465423584
0.19782352447509766
0.15131306648254395
0.051024436950683594
1.1288042068481445
1.1028077602386475
0.879047155380249
0.69315505027771
0.4338717460632324
0.24778485298156738
0.08596181869506836
0.09172821044921875
0.14255094528198242
0.1342484951019287
0.15120720863342285
0.14810943603515625
0.08588337898254395
0.13465571403503418
0.08285689353942871
0.19081997871398926
0.0894014835357666
0.06873130798339844
0.0637052059173584
0.06357884407043457
0.11676025390625
0.0779881477355957
0.18845510482788086
0.09867668151855469
0.052579641342163086
0.09858179092407227
0.06745314598083496
0.05277538299560547
0.05780148506164551
0.04648423194885254
0.05716300010681152
0.04527997970581055
0.047460079193115234
0.07177257537841797
0.09057760238647461
0.06733441352844238
0.05852150917053223
0.11595988273620605
0.10797405242919922
0.0710597038269043
0.0758659839630127
0.12860345840454102
0.0664067268371582
0.10254979133605957
0.15110373497009277
0.0775291919708252
0.08481740951538086
0.10011982917785645
0.2735004425048828
0.2675149440765381
0.08146286010742188
0.1513383388519287
0.07941889762878418
0.0682370662689209
0.09105324745178223
0.1712644100189209
0.14276957511901855
0.17523455619812012
0.22391748428344727
0.11693286895751953
0.08313250541687012
0.06759524345397949
0.19031834602355957
0.06878924369812012
0.06344294548034668
0.0630650520324707
0.09251046180725098
0.10252189636230469
0.0668034553527832
0.10526895523071289
0.0807192325592041
0.13766908645629883
0.16348886489868164
0.2025613784790039
0.06011605262756348
0.12431907653808594
0.08898591995239258
0.10197257995605469
0.11794281005859375
0.07632255554199219
0.14250850677490234
0.051531076431274414
0.09628868103027344
0.04667091369628906
0.0853414535522461
0.07893824577331543
0.31191015243530273
0.10712885856628418
0.07951474189758301
0.08855032920837402
0.0727686882019043
0.09818530082702637
0.07264232635498047
0.07846355438232422
0.07776594161987305
0.09357237815856934
0.07805728912353516
0.10272717475891113
0.09441423416137695
0.08249282836914062
0.16005730628967285
0.11016273498535156
0.17523598670959473
0.09184932708740234
0.08066010475158691
0.10434079170227051
0.06890702247619629
0.07155847549438477
0.08210444450378418
0.10247135162353516
0.11320042610168457
0.13250422477722168
0.07789278030395508
0.05771684646606445
0.03258228302001953
0.05904340744018555
0.039557456970214844
0.15066289901733398
0.10256314277648926
0.13920211791992188
0.05586647987365723
0.16417956352233887
0.13150644302368164
0.03148365020751953
0.1913156509399414
0.17129731178283691
0.11288952827453613
0.16291046142578125
0.23815369606018066
0.12475323677062988
0.1488056182861328
0.11850929260253906
0.13835549354553223
0.15579676628112793
0.16631698608398438
0.10677957534790039
0.12449789047241211
0.10822868347167969
0.12014603614807129
0.13028740882873535
0.18418097496032715
0.12674593925476074
0.10906600952148438
0.10129976272583008
0.16707324981689453
0.13320040702819824
0.1310575008392334
0.12612533569335938
0.10498833656311035
0.17483782768249512
0.1078190803527832
0.11618781089782715
0.0893557071685791
0.12915253639221191
0.08583474159240723
0.13327503204345703
0.10319900512695312
0.11351275444030762
0.08813619613647461
0.14756464958190918
0.08922338485717773
0.12497544288635254
0.13298892974853516
0.09869194030761719
0.15522027015686035
0.08025383949279785
0.1180720329284668
0.07122564315795898
0.0626530647277832
0.0881342887878418
0.1081385612487793
0.12937355041503906
0.06457638740539551
0.10302329063415527
0.07176995277404785
0.06887245178222656
0.07072067260742188
0.08406829833984375
0.0827789306640625
0.07180428504943848
0.08512592315673828
0.06735038757324219
0.0593419075012207
0.08232355117797852
0.06495523452758789
0.06059408187866211
0.041515350341796875
0.04432034492492676
0.04977679252624512
0.04119706153869629
0.04044818878173828
0.04268360137939453
0.04249763488769531
0.07027554512023926
0.04775714874267578
0.04817914962768555
0.05848050117492676
0.06980633735656738
0.05482649803161621
0.06721925735473633
0.05761981010437012
0.059090614318847656
0.06090688705444336
0.07523655891418457
0.0643775463104248
0.06471419334411621
0.07672762870788574
0.0759432315826416
0.06662321090698242
0.06376433372497559
0.07759428024291992
0.06715011596679688
0.0805349349975586
0.05481600761413574
0.0548253059387207
0.057060956954956055
0.05746650695800781
0.07614326477050781
0.07667708396911621
0.07013320922851562
0.06084251403808594
0.05279135704040527
0.060276031494140625
0.05247664451599121
0.05281972885131836
0.0535738468170166
0.07034087181091309
0.058237314224243164
0.0683450698852539
0.09088706970214844
0.06299924850463867
0.06855201721191406
0.07372832298278809
0.05908370018005371
0.053260087966918945
0.06653547286987305
0.062085628509521484
0.05650067329406738
0.05732893943786621
0.0655512809753418
0.05062246322631836
0.053558349609375
0.07187557220458984
0.05520296096801758
0.0596766471862793
0.060750722885131836
0.060178518295288086
0.07473206520080566
0.07216072082519531
0.07842469215393066
0.06697750091552734
0.068115234375
0.0713951587677002
0.07913732528686523
0.06046915054321289
0.06362438201904297
0.06151533126831055
0.06720113754272461
0.06464147567749023
0.06372332572937012
0.0744781494140625
0.07964348793029785
0.07152414321899414
0.07040882110595703
0.08373427391052246
0.07434630393981934
0.09264206886291504
0.07291626930236816
0.15117311477661133
0.05851268768310547
0.08106017112731934
0.07403135299682617
0.07784891128540039
0.20508909225463867
0.06226181983947754
0.08096528053283691
0.21161937713623047
0.10682106018066406
0.11175131797790527
0.10611867904663086
0.12051200866699219
0.09508752822875977
0.0941324234008789
0.10982441902160645
0.08370471000671387
0.17130446434020996
0.08783102035522461
0.07354474067687988
0.07412552833557129
0.07234358787536621
0.07227373123168945
0.06962275505065918
0.07345366477966309
0.12216544151306152
0.06723856925964355
0.12036299705505371
0.06408143043518066
0.0663454532623291
0.09756588935852051
0.06763219833374023
0.07462310791015625
0.06507539749145508
0.06600332260131836
0.06081271171569824
0.08295345306396484
0.046314239501953125
0.14753127098083496
0.09788203239440918
0.04519963264465332
0.4700183868408203
0.33669424057006836
0.09831023216247559
0.03382396697998047
0.12298202514648438
0.09165573120117188
0.17686820030212402
0.11197805404663086
0.16518855094909668
0.2572348117828369
0.09895992279052734
0.11179542541503906
0.09948015213012695
0.24759578704833984
0.11288261413574219
0.05323314666748047
0.055788516998291016
0.1807847023010254
0.16382145881652832
0.06147170066833496
0.1143803596496582
0.13936495780944824
0.12147688865661621
0.13818979263305664
0.14522409439086914
0.12854623794555664
0.10332345962524414
0.15015006065368652
0.19983339309692383
0.10297989845275879
0.12906742095947266
0.11941123008728027
0.11451387405395508
0.13007402420043945
0.10622429847717285
0.07493352890014648
0.18705272674560547
0.05327749252319336
0.05523085594177246
0.07897305488586426
0.05635333061218262
0.05561542510986328
0.05510115623474121
0.09127044677734375
0.10795331001281738
0.051102399826049805
0.08016133308410645
0.15577054023742676
0.1083211898803711
0.16317486763000488
0.13776803016662598
0.050760746002197266
0.0385746955871582
0.06413722038269043
0.050356149673461914
0.034505367279052734
0.1348106861114502
0.2677342891693115
0.12727808952331543
0.1551363468170166
0.09802126884460449
0.06018257141113281
0.08138585090637207
0.27813005447387695
0.07603144645690918
0.39953136444091797
0.1593186855316162
0.09132599830627441
0.07174205780029297
0.019883155822753906
0.04195666313171387
0.06507158279418945
0.020554542541503906
0.028568744659423828
0.0802156925201416
0.024995803833007812
0.021381378173828125
0.06784963607788086
0.01592111587524414
0.015279054641723633
0.16246747970581055
0.12332344055175781
0.4289247989654541
0.20472002029418945
0.10850405693054199
0.060845136642456055
0.04059171676635742
0.07387089729309082
0.025724411010742188
0.05529379844665527
0.04023027420043945
0.03003406524658203
0.04193282127380371
0.07367134094238281
0.0761268138885498
0.09505724906921387
0.15089869499206543
0.013038158416748047
0.16130924224853516
0.05958890914916992
0.09331941604614258
0.32955121994018555
0.28154826164245605
0.07027459144592285
0.15818023681640625
0.21616268157958984
0.14885425567626953
0.05157303810119629
0.04382801055908203
0.17660784721374512
0.060358524322509766
0.18981432914733887
0.07510733604431152
0.04440903663635254
0.0461580753326416
0.03470182418823242
0.14930510520935059
0.1520991325378418
0.09715890884399414
0.23551607131958008
0.07241582870483398
0.14319372177124023
0.07468724250793457
0.06496977806091309
0.035549163818359375
0.05805206298828125
0.03216695785522461
0.07758140563964844
0.04587697982788086
0.029814720153808594
0.025673389434814453
0.07475638389587402
0.03130340576171875
0.0881493091583252
0.10623931884765625
0.028598785400390625
0.09736418724060059
0.15170502662658691
0.13332128524780273
0.14230990409851074
0.14269375801086426
0.09153938293457031
0.22890043258666992
0.23357295989990234
0.17036938667297363
0.09916567802429199
0.22723650932312012
0.14847803115844727
0.04604649543762207
0.06869220733642578
0.04496955871582031
0.033676862716674805
0.0905613899230957
0.09975171089172363
0.13225769996643066
0.11285758018493652
0.17894792556762695
0.12235617637634277
0.19924283027648926
0.09058666229248047
0.13885903358459473
