0.028749704360961914
0.03253650665283203
0.17248201370239258
0.07074189186096191
0.18486380577087402
0.0324559211730957
0.12857270240783691
0.08411431312561035
0.12477850914001465
0.14557933807373047
0.12748980522155762
0.023230791091918945
0.2402498722076416
0.12708568572998047
0.1385664939880371
0.12291955947875977
0.018788576126098633
0.12500762939453125
0.1315298080444336
0.021130084991455078
0.0309903621673584
0.04349541664123535
0.026946544647216797
0.03658461570739746
0.044728755950927734
0.029708385467529297
0.033017635345458984
0.02589130401611328
0.028901338577270508
0.03413057327270508
0.03275442123413086
0.03845071792602539
0.03416323661804199
0.050668954849243164
0.1050877571105957
0.07881450653076172
0.05825376510620117
0.03748607635498047
0.05259251594543457
0.03970932960510254
0.04475593566894531
0.05300259590148926
0.03836965560913086
0.043964385986328125
0.04227471351623535
0.055123090744018555
0.04315638542175293
0.046060800552368164
0.047181129455566406
0.04551053047180176
0.046706199645996094
0.048529863357543945
0.05728554725646973
0.05325913429260254
0.06031608581542969
0.057105064392089844
0.05725574493408203
0.07325363159179688
0.05557584762573242
0.07166528701782227
0.05757308006286621
0.0736384391784668
0.06342673301696777
0.06221961975097656
0.060288190841674805
0.07822084426879883
0.07448863983154297
0.06438732147216797
0.06570267677307129
0.06586551666259766
0.06805300712585449
0.07313919067382812
0.07165360450744629
0.08010149002075195
0.07064604759216309
0.06721973419189453
0.07770514488220215
0.07251739501953125
0.07697176933288574
0.09511971473693848
0.08566927909851074
0.09639596939086914
0.08005619049072266
0.1038050651550293
0.08494949340820312
0.08286857604980469
0.10038328170776367
0.09853410720825195
0.13595938682556152
0.103668212890625
0.08795857429504395
0.10434246063232422
0.09427213668823242
0.09337830543518066
0.09535670280456543
0.09406256675720215
0.09647393226623535
0.09626603126525879
0.1039731502532959
0.10494279861450195
0.13496041297912598
0.10721683502197266
0.10390925407409668
0.10133004188537598
0.10356569290161133
0.12170910835266113
0.10620403289794922
0.10754847526550293
0.11189937591552734
0.1075904369354248
0.12521886825561523
0.10786581039428711
0.11146378517150879
0.0130462646484375
0.019632339477539062
0.03088092803955078
0.015262126922607422
0.015398979187011719
0.019711971282958984
0.020197629928588867
0.02337789535522461
0.03821229934692383
0.017986297607421875
0.043352603912353516
0.01637434959411621
0.016397476196289062
0.01633167266845703
0.01641988754272461
0.018385648727416992
0.05951976776123047
0.020906925201416016
0.01827263832092285
0.022191524505615234
0.039200782775878906
0.027088165283203125
0.03189229965209961
0.03381490707397461
0.028328418731689453
0.027784347534179688
0.03437185287475586
0.02964305877685547
0.045217275619506836
0.04797482490539551
0.03244137763977051
0.04507708549499512
0.03946876525878906
0.04938149452209473
0.05839967727661133
0.03806638717651367
0.044486045837402344
0.05061030387878418
0.03475236892700195
0.035242557525634766
0.04362797737121582
0.0396275520324707
0.036586761474609375
0.03535628318786621
0.03569769859313965
0.036798954010009766
0.04323697090148926
0.05745244026184082
0.04129528999328613
0.04408144950866699
0.04754972457885742
0.05159163475036621
0.04514908790588379
0.049700021743774414
0.06827235221862793
0.08938407897949219
0.05141043663024902
0.0607450008392334
0.054064035415649414
0.060118675231933594
0.06745052337646484
0.057549476623535156
0.058200836181640625
0.06028556823730469
0.059288978576660156
0.06668376922607422
0.056789398193359375
0.0798335075378418
0.06058478355407715
0.05810809135437012
0.07767033576965332
0.06435155868530273
0.07232475280761719
0.05766749382019043
0.06419754028320312
0.05779147148132324
0.05985379219055176
0.06566143035888672
0.05873417854309082
0.06445956230163574
0.060384511947631836
0.05693817138671875
0.06507134437561035
0.060916900634765625
0.0746300220489502
0.05360674858093262
0.06288695335388184
0.048629045486450195
0.045577049255371094
0.042792558670043945
0.04065537452697754
0.03934288024902344
0.04065275192260742
0.04405331611633301
0.04747724533081055
0.04405641555786133
0.04891228675842285
0.02967667579650879
0.027996540069580078
0.032569169998168945
0.026578664779663086
0.026938676834106445
0.04634904861450195
0.024477243423461914
0.019979238510131836
0.020342350006103516
0.027412891387939453
0.021097183227539062
0.01944875717163086
0.030324935913085938
0.02103567123413086
0.02393937110900879
0.021746397018432617
0.024988412857055664
0.03102564811706543
0.033202171325683594
0.02539968490600586
0.038366079330444336
0.023427724838256836
0.041165828704833984
0.03502607345581055
0.025284528732299805
0.03277015686035156
0.02512502670288086
0.024039030075073242
0.028791427612304688
0.03883504867553711
0.03241372108459473
0.03031635284423828
0.03409576416015625
0.029077768325805664
0.03932356834411621
0.043243408203125
0.021641969680786133
0.02579355239868164
0.03342795372009277
0.018105030059814453
0.020915508270263672
0.028330326080322266
0.05598640441894531
0.031794071197509766
0.027356863021850586
0.03423666954040527
0.029364824295043945
0.0354924201965332
0.03000640869140625
0.02875542640686035
0.032067060470581055
0.0321195125579834
0.03103804588317871
0.03185868263244629
0.05066180229187012
0.03374958038330078
0.03555727005004883
0.05479121208190918
0.0390470027923584
0.04249453544616699
0.0360875129699707
0.04542231559753418
0.03519892692565918
0.040593624114990234
0.04038262367248535
0.04116415977478027
0.03832101821899414
0.03947019577026367
0.03936123847961426
0.034653425216674805
0.04260659217834473
0.038217782974243164
0.04070711135864258
0.03566598892211914
0.05330228805541992
0.03796887397766113
0.03733181953430176
0.05842018127441406
0.06775927543640137
0.03695225715637207
0.037470340728759766
0.035585880279541016
0.04252791404724121
0.05192732810974121
0.034949302673339844
0.1558856964111328
0.04641127586364746
0.1596536636352539
0.05350089073181152
0.14910483360290527
0.15364694595336914
0.04163193702697754
0.055091142654418945
0.19094562530517578
0.14513707160949707
0.03802990913391113
0.03948044776916504
0.14685320854187012
0.13808298110961914
0.047942399978637695
0.14665913581848145
0.03753042221069336
0.0439760684967041
0.03807640075683594
0.045311927795410156
0.03935098648071289
0.03840947151184082
0.05382943153381348
0.04081153869628906
0.04298138618469238
0.04301810264587402
0.0818793773651123
0.06020212173461914
0.05385446548461914
0.05337834358215332
0.09104561805725098
0.06043386459350586
0.052178382873535156
0.06186723709106445
0.058060646057128906
0.060147762298583984
0.060123443603515625
0.057291269302368164
0.0600583553314209
0.0638723373413086
0.0905144214630127
0.06545448303222656
0.1788194179534912
0.16064691543579102
0.07336568832397461
0.043134450912475586
0.126631498336792
0.1278691291809082
0.1312403678894043
0.1060633659362793
0.11361479759216309
0.12197232246398926
0.008321762084960938
0.011064767837524414
0.009131669998168945
0.023194551467895508
0.019430160522460938
0.030849456787109375
0.025589466094970703
0.030308961868286133
0.015285015106201172
0.01148223876953125
0.010054588317871094
0.015350103378295898
0.021260976791381836
0.012984275817871094
0.01540064811706543
0.016208171844482422
0.022194862365722656
0.020746469497680664
0.026833057403564453
0.020446062088012695
0.02913379669189453
0.0296323299407959
0.022424936294555664
0.023669958114624023
0.01997852325439453
0.026047229766845703
0.03164219856262207
0.02050924301147461
0.029959440231323242
0.03493928909301758
0.03285574913024902
0.02848362922668457
0.042272329330444336
0.027378320693969727
0.029877662658691406
0.031321048736572266
0.026485443115234375
0.05963468551635742
0.03359532356262207
0.042299509048461914
0.03362393379211426
0.03844642639160156
0.04076886177062988
0.040840864181518555
0.04116654396057129
0.03407573699951172
0.04148364067077637
0.04240608215332031
0.03835010528564453
0.048943281173706055
0.04442644119262695
0.05659317970275879
0.03369784355163574
0.05399727821350098
0.06089496612548828
0.03911709785461426
0.053774356842041016
0.03211784362792969
0.045377254486083984
0.04289579391479492
0.06466078758239746
0.034136295318603516
0.07446026802062988
0.058060407638549805
0.04339766502380371
0.032544851303100586
0.04688382148742676
0.03920865058898926
0.050574541091918945
0.035802602767944336
0.03205561637878418
0.025273561477661133
0.028806447982788086
0.029145479202270508
0.026535511016845703
0.03190970420837402
0.037766456604003906
0.023099184036254883
0.025127649307250977
0.03696870803833008
0.03190732002258301
0.029115915298461914
0.029925107955932617
0.030539989471435547
0.03452563285827637
0.07278823852539062
0.03004908561706543
0.033643245697021484
0.03640460968017578
0.0442507266998291
0.041898488998413086
0.0397953987121582
0.03899073600769043
0.03880429267883301
0.0380091667175293
0.046338558197021484
0.04518246650695801
0.04800558090209961
0.043018341064453125
0.04256153106689453
0.041210174560546875
0.04858231544494629
0.043576717376708984
0.045674800872802734
0.04929232597351074
0.0499727725982666
0.05991983413696289
0.08435416221618652
0.06305575370788574
0.05740022659301758
0.042920589447021484
0.05817055702209473
0.04775881767272949
0.04637861251831055
0.052355289459228516
0.04299354553222656
0.044170379638671875
0.125138521194458
0.05633544921875
0.02695941925048828
0.23193764686584473
0.11557412147521973
0.09987878799438477
0.127685546875
0.12105298042297363
0.11269831657409668
0.11013221740722656
0.14360404014587402
0.022371292114257812
0.009323835372924805
0.01336669921875
0.014995098114013672
0.012044429779052734
0.014601707458496094
0.02892017364501953
0.12648701667785645
0.10596299171447754
0.12756037712097168
0.16242551803588867
0.10042285919189453
0.07461833953857422
0.10444808006286621
0.07163047790527344
0.11339712142944336
0.0657203197479248
0.08193159103393555
0.057898521423339844
0.05887413024902344
0.05696225166320801
0.06378984451293945
0.05159139633178711
0.055030107498168945
0.0575413703918457
0.04837441444396973
0.05860733985900879
0.0457763671875
0.0379939079284668
0.04001331329345703
0.0500180721282959
0.04124760627746582
0.042374610900878906
0.04494142532348633
0.04928874969482422
0.04352569580078125
0.0359041690826416
0.04576706886291504
0.045714378356933594
0.04409933090209961
0.055403709411621094
0.04620838165283203
0.0437774658203125
0.04747152328491211
0.05779695510864258
0.04959893226623535
0.05960726737976074
0.032575368881225586
0.036870718002319336
0.038804054260253906
0.02445197105407715
0.029102087020874023
0.030920982360839844
0.027525663375854492
0.03672337532043457
0.03210711479187012
0.0502471923828125
0.03661036491394043
0.036002159118652344
0.05573081970214844
0.05446624755859375
0.060036420822143555
0.042037010192871094
0.07304883003234863
0.03980112075805664
0.04194998741149902
0.06389069557189941
0.045786380767822266
0.14363908767700195
0.0476071834564209
0.18233323097229004
0.40054821968078613
0.19387221336364746
0.05513930320739746
0.07629251480102539
0.0511624813079834
0.09036087989807129
0.039420127868652344
0.10320591926574707
0.05569863319396973
0.0771934986114502
0.11716485023498535
0.050649404525756836
0.2288227081298828
0.22193121910095215
0.11242032051086426
0.14513015747070312
0.21699070930480957
0.09508848190307617
0.09920716285705566
0.09623360633850098
0.11034202575683594
0.09881997108459473
0.11955809593200684
0.10914492607116699
0.10723090171813965
0.11133241653442383
0.09133052825927734
0.09141206741333008
0.09367156028747559
0.09208917617797852
0.0972280502319336
0.1114356517791748
0.10292506217956543
0.10206174850463867
0.10637259483337402
0.1103663444519043
0.1003260612487793
0.10350155830383301
0.10372710227966309
0.17086577415466309
0.20176076889038086
0.12168478965759277
0.10869002342224121
0.11300516128540039
0.11331343650817871
0.11752700805664062
0.107391357421875
0.1132059097290039
0.013767242431640625
0.13443946838378906
0.11565709114074707
0.12433242797851562
0.11569333076477051
0.21047067642211914
0.11653494834899902
0.11078834533691406
0.13781976699829102
0.1065816879272461
0.1075887680053711
0.11198973655700684
0.011985063552856445
0.010606050491333008
0.026043415069580078
0.010094881057739258
0.020203590393066406
0.009665250778198242
0.01566004753112793
0.018741846084594727
0.015871286392211914
0.05024838447570801
0.009785175323486328
0.2054157257080078
0.188795804977417
0.1673142910003662
0.13046956062316895
0.09232854843139648
0.08537840843200684
0.08754515647888184
0.10826683044433594
0.08684635162353516
0.08623337745666504
0.11760926246643066
0.08417558670043945
0.08555865287780762
0.11790823936462402
0.07845544815063477
0.0998537540435791
0.09575200080871582
0.10024738311767578
0.08169364929199219
0.1187584400177002
0.0751333236694336
0.07832956314086914
0.08866667747497559
0.10751748085021973
0.08168339729309082
0.1259937286376953
0.21958589553833008
0.20512795448303223
0.08935141563415527
0.15732502937316895
0.10009574890136719
0.1495647430419922
0.1284325122833252
0.08135271072387695
0.10506200790405273
0.12116336822509766
0.12511420249938965
0.0981147289276123
0.08903813362121582
0.11966395378112793
0.1505894660949707
0.0863485336303711
0.1352396011352539
0.11469554901123047
0.11434078216552734
0.07534575462341309
0.06930041313171387
0.07925701141357422
0.09156990051269531
0.11759614944458008
0.12299036979675293
0.06689071655273438
0.06749773025512695
0.06862163543701172
0.08366084098815918
0.06647443771362305
0.0677800178527832
0.1396341323852539
0.07256793975830078
0.06082272529602051
0.04469728469848633
0.044747352600097656
0.10306835174560547
0.04767656326293945
0.0540471076965332
0.04897427558898926
0.060254573822021484
0.078857421875
0.07755041122436523
0.04621601104736328
0.04114055633544922
0.0805816650390625
0.052290916442871094
0.04181814193725586
0.07511401176452637
0.05629253387451172
0.0401606559753418
0.04156684875488281
0.06052684783935547
0.04802751541137695
0.0464320182800293
0.051833152770996094
0.05397152900695801
0.048150062561035156
0.05071258544921875
0.0510711669921875
0.05239081382751465
0.05234026908874512
0.07359600067138672
0.057691097259521484
0.06113934516906738
0.06969332695007324
0.060738325119018555
0.07657074928283691
0.07844233512878418
0.07851195335388184
0.0645148754119873
0.05827021598815918
0.05839991569519043
0.06020975112915039
0.06436014175415039
0.06576967239379883
0.06044936180114746
0.058393001556396484
0.05981731414794922
0.06116437911987305
0.06132698059082031
0.06061601638793945
0.06491994857788086
0.0839691162109375
0.06782293319702148
0.07095170021057129
0.07357168197631836
0.0752723217010498
0.06847548484802246
0.06540703773498535
0.08530187606811523
0.07541084289550781
0.07463741302490234
0.07121086120605469
0.07859277725219727
0.07679605484008789
0.09123682975769043
0.08055925369262695
0.08164143562316895
0.07390260696411133
0.07146501541137695
0.08260631561279297
0.0720827579498291
0.14790987968444824
0.1237344741821289
0.055123329162597656
0.12677407264709473
0.21424007415771484
0.14769983291625977
0.14691495895385742
0.27719831466674805
0.3469090461730957
0.0869591236114502
0.2165236473083496
0.46923828125
0.25054097175598145
0.7270944118499756
0.5225205421447754
0.2521791458129883
0.19778990745544434
0.16782426834106445
0.09595584869384766
0.15845108032226562
0.10494780540466309
0.15966367721557617
0.08589506149291992
0.10622525215148926
0.135878324508667
0.15844321250915527
0.09382891654968262
0.21375751495361328
0.13124847412109375
0.10420870780944824
0.06314897537231445
0.09903740882873535
0.062377214431762695
0.19098305702209473
0.0527191162109375
0.0517880916595459
0.12614941596984863
0.060713768005371094
0.06865644454956055
0.04569530487060547
0.06819796562194824
0.07504487037658691
0.08441042900085449
0.06687784194946289
0.04936575889587402
0.05008101463317871
0.04264259338378906
0.046694278717041016
0.08863687515258789
0.21847796440124512
0.08273959159851074
0.04981398582458496
0.22880125045776367
0.07312989234924316
0.12438011169433594
0.22540950775146484
0.08664369583129883
0.11183643341064453
0.09853649139404297
0.11348772048950195
0.24558711051940918
0.07511758804321289
0.16124320030212402
0.10394620895385742
0.07085824012756348
0.1417090892791748
0.14018845558166504
0.13640761375427246
0.07258963584899902
0.08708333969116211
0.09171104431152344
0.09214234352111816
0.06630897521972656
0.1912519931793213
0.11734771728515625
0.0631413459777832
0.0864877700805664
0.06337094306945801
0.06077980995178223
0.08258771896362305
0.09804010391235352
0.0807957649230957
0.06051778793334961
0.16287851333618164
0.21342134475708008
0.10970735549926758
0.11285233497619629
0.05502676963806152
0.05620694160461426
0.12197685241699219
0.06006455421447754
0.11416029930114746
0.06641936302185059
0.07095599174499512
0.05863380432128906
0.07746744155883789
0.03294491767883301
0.2849557399749756
0.11289787292480469
0.0941932201385498
0.07734513282775879
0.09595656394958496
0.09300494194030762
0.07225847244262695
0.1582324504852295
0.07134699821472168
0.11636614799499512
0.08991599082946777
0.08573341369628906
0.15317869186401367
0.08223509788513184
0.1575777530670166
0.10822510719299316
0.15597891807556152
0.08609962463378906
0.07990360260009766
0.0786137580871582
0.10133671760559082
0.09813237190246582
0.07013416290283203
0.09447789192199707
0.10659646987915039
0.13572096824645996
0.07624673843383789
0.06782031059265137
0.03405404090881348
0.07112622261047363
0.03925204277038574
0.16059422492980957
0.06830692291259766
0.1361682415008545
0.06167149543762207
0.13280105590820312
0.13100242614746094
0.057398319244384766
0.19633102416992188
0.14421415328979492
0.17551374435424805
0.13205575942993164
0.23849701881408691
0.1416332721710205
0.15160703659057617
0.10398125648498535
0.1398777961730957
0.1613154411315918
0.11456108093261719
0.13712000846862793
0.10358262062072754
0.10701227188110352
0.13208556175231934
0.10228514671325684
0.15497779846191406
0.1520545482635498
0.10819196701049805
0.15480256080627441
0.17185330390930176
0.15005922317504883
0.09049701690673828
0.13274884223937988
0.10492229461669922
0.1808624267578125
0.12014317512512207
0.15430712699890137
0.08614039421081543
0.12950348854064941
0.12437081336975098
0.189910888671875
0.12431836128234863
0.1805880069732666
0.08962845802307129
0.11337041854858398
0.08843302726745605
0.07998251914978027
0.1348106861114502
0.0977323055267334
0.15806174278259277
0.08018946647644043
0.12110638618469238
0.08663487434387207
0.06467986106872559
0.06270647048950195
0.07153058052062988
0.06572890281677246
0.06897592544555664
0.10225176811218262
0.0711507797241211
0.0666358470916748
0.06376242637634277
0.06621909141540527
0.06897258758544922
0.06642985343933105
0.07085609436035156
0.06664657592773438
0.0781407356262207
0.06640148162841797
0.06888389587402344
0.060141563415527344
0.0408632755279541
0.03827476501464844
0.04276251792907715
0.04248166084289551
0.0401461124420166
0.06374621391296387
0.04369640350341797
0.06796121597290039
0.04703664779663086
0.04778742790222168
0.07093572616577148
0.05742692947387695
0.060915231704711914
0.060585975646972656
0.07746601104736328
0.0636286735534668
0.05875658988952637
0.06896615028381348
0.06187629699707031
0.06218719482421875
0.06238579750061035
0.06475639343261719
0.08303165435791016
0.06716561317443848
0.06365966796875
0.08761143684387207
0.07648396492004395
0.06218838691711426
0.05596518516540527
0.0564274787902832
0.06455349922180176
0.057523488998413086
0.059560537338256836
0.05809521675109863
0.06017708778381348
0.05064082145690918
0.057984352111816406
0.05407571792602539
0.052405595779418945
0.05665850639343262
0.06918764114379883
0.05468606948852539
0.053829193115234375
0.09067726135253906
0.057138681411743164
0.062279462814331055
0.057279348373413086
0.05748629570007324
0.05924558639526367
0.053092002868652344
0.07144951820373535
0.059461116790771484
0.0552363395690918
0.05900406837463379
0.06807327270507812
0.05759239196777344
0.051610708236694336
0.06018185615539551
0.07537722587585449
0.058115482330322266
0.08103728294372559
0.06191277503967285
0.06395101547241211
0.06540799140930176
0.06673955917358398
0.06614851951599121
0.05980944633483887
0.05906486511230469
0.07989907264709473
0.06626319885253906
0.06782364845275879
0.06567811965942383
0.0820767879486084
0.06345820426940918
0.06971335411071777
0.06728267669677734
0.07089114189147949
0.07660746574401855
0.07283234596252441
0.07563543319702148
0.09425163269042969
0.07253146171569824
0.17432808876037598
0.05978250503540039
0.06394791603088379
0.0672609806060791
0.0703883171081543
0.1835315227508545
0.05967569351196289
0.0751657485961914
0.08817267417907715
0.2566826343536377
0.0948801040649414
0.09501266479492188
0.09344100952148438
0.09540414810180664
0.09378504753112793
0.10929083824157715
0.13085556030273438
0.0846555233001709
0.09521937370300293
0.12754464149475098
0.07345056533813477
0.07726812362670898
0.07158923149108887
0.07155418395996094
0.07262969017028809
0.07089519500732422
0.08860301971435547
0.0904698371887207
0.06451964378356934
0.06599187850952148
0.10755443572998047
0.16886639595031738
0.10564851760864258
0.10098099708557129
0.07635498046875
0.09124875068664551
0.0713036060333252
0.13296771049499512
0.07615137100219727
0.134368896484375
0.04880881309509277
0.1503303050994873
0.11075544357299805
0.11234450340270996
0.03333640098571777
0.10910701751708984
0.052968740463256836
0.1389451026916504
0.11154866218566895
0.13907480239868164
0.24233293533325195
0.17723393440246582
0.08467221260070801
0.1281430721282959
0.24620628356933594
0.09642362594604492
0.06132912635803223
0.03651618957519531
0.08794140815734863
0.03269243240356445
0.07547140121459961
0.11049938201904297
0.13897109031677246
0.13306164741516113
0.1351916790008545
0.10465264320373535
0.1152045726776123
0.11481785774230957
0.1005406379699707
0.20884251594543457
0.10265779495239258
0.12870550155639648
0.0998239517211914
0.09560704231262207
0.11046147346496582
0.12033867835998535
0.07466840744018555
0.16103744506835938
0.07697176933288574
0.05793142318725586
0.104217529296875
0.07318592071533203
0.05486702919006348
0.06683731079101562
0.07483148574829102
0.07249164581298828
0.05405378341674805
0.08268618583679199
0.1550896167755127
0.10814929008483887
0.2481546401977539
0.13110566139221191
0.06913208961486816
0.05260419845581055
0.09960293769836426
0.02723073959350586
0.012105703353881836
0.14045262336730957
0.12995600700378418
0.1213986873626709
0.13526487350463867
0.06667065620422363
0.11097478866577148
0.08936691284179688
0.29410672187805176
0.08152174949645996
0.3072390556335449
0.07381248474121094
0.07713198661804199
0.05929398536682129
0.02270364761352539
0.03979635238647461
0.06527137756347656
0.05015921592712402
0.021460294723510742
0.02247929573059082
0.03501081466674805
0.026665925979614258
0.051642656326293945
0.028664350509643555
0.014865398406982422
0.16601824760437012
0.12074875831604004
0.46586036682128906
0.2416667938232422
0.14528298377990723
0.07453250885009766
0.02598714828491211
0.06832075119018555
0.027257204055786133
0.025793790817260742
0.06046938896179199
0.029831647872924805
0.02800774574279785
0.07778215408325195
0.10752606391906738
0.10851550102233887
0.1837480068206787
0.01267242431640625
0.16600704193115234
0.07320356369018555
0.09271121025085449
0.15619444847106934
0.26738691329956055
0.26573753356933594
0.06720876693725586
0.18825554847717285
0.1481926441192627
0.04526114463806152
0.04082512855529785
0.18618178367614746
0.1637406349182129
0.14770913124084473
0.07507848739624023
0.0683753490447998
0.031980276107788086
0.045168399810791016
0.15463662147521973
0.14438271522521973
0.07359671592712402
0.2383263111114502
0.06903958320617676
0.09155941009521484
0.06283020973205566
0.07755661010742188
0.03693413734436035
0.04082012176513672
0.03460502624511719
0.06261014938354492
0.1229712963104248
0.10497283935546875
0.019402503967285156
0.04920005798339844
0.03696012496948242
0.023753643035888672
0.025969743728637695
0.028466463088989258
0.0798184871673584
0.16806316375732422
0.13692164421081543
0.13171172142028809
0.1017463207244873
0.09122347831726074
0.23720073699951172
0.06374788284301758
0.16695928573608398
0.2499687671661377
0.11997723579406738
0.43358659744262695
0.2189621925354004
0.06785726547241211
0.0439300537109375
0.06949901580810547
0.09015393257141113
0.1000978946685791
0.12654948234558105
0.13173556327819824
0.1690976619720459
0.17460322380065918
0.0894777774810791
0.09039545059204102
0.13246822357177734
0.0815877914428711
0.17631769180297852
