0.16895365715026855
0.037718772888183594
0.1445920467376709
0.08169031143188477
0.13067269325256348
0.14266228675842285
0.14342403411865234
0.028694868087768555
0.22930216789245605
0.14586257934570312
0.14121460914611816
0.1403505802154541
0.03598833084106445
0.14045143127441406
0.14406967163085938
0.038233280181884766
0.04585766792297363
0.03513526916503906
0.04246258735656738
0.05041313171386719
0.032878875732421875
0.040170907974243164
0.03252673149108887
0.039702415466308594
0.04301905632019043
0.05714607238769531
0.044957637786865234
0.04237532615661621
0.037737369537353516
0.05054116249084473
0.1514875888824463
0.061333656311035156
0.05525946617126465
0.044503211975097656
0.05385541915893555
0.05426645278930664
0.05338406562805176
0.05364274978637695
0.04439711570739746
0.05860280990600586
0.059805870056152344
0.0534210205078125
0.04879307746887207
0.054981231689453125
0.06123685836791992
0.05142927169799805
0.051877737045288086
0.057222604751586914
0.052310943603515625
0.06359243392944336
0.06747150421142578
0.0563359260559082
0.057805776596069336
0.06979846954345703
0.06984090805053711
0.07253336906433105
0.07107377052307129
0.07593083381652832
0.07344985008239746
0.0628366470336914
0.07492733001708984
0.07163739204406738
0.0690305233001709
0.07984089851379395
0.08549022674560547
0.08634161949157715
0.08312296867370605
0.08277654647827148
0.09395194053649902
0.07280206680297852
0.08450436592102051
0.08948850631713867
0.08290886878967285
0.08390021324157715
0.08673501014709473
0.09519052505493164
0.08417701721191406
0.10134387016296387
0.09807515144348145
0.10094904899597168
0.09959530830383301
0.09424829483032227
0.0979161262512207
0.0911104679107666
0.13918781280517578
0.09988188743591309
0.1058967113494873
0.11460018157958984
0.09810566902160645
0.10441946983337402
0.10483360290527344
0.10562777519226074
0.11122918128967285
0.1127161979675293
0.12012243270874023
0.11576414108276367
0.1257774829864502
0.12319707870483398
0.10787105560302734
0.10643672943115234
0.1192929744720459
0.1254289150238037
0.11509513854980469
0.11117029190063477
0.12684965133666992
0.14040231704711914
0.12549138069152832
0.11400437355041504
0.12679553031921387
0.021712779998779297
0.025175094604492188
0.031122922897338867
0.02471303939819336
0.02634596824645996
0.02857518196105957
0.03457379341125488
0.03327536582946777
0.03708052635192871
0.027071475982666016
0.05294322967529297
0.027115821838378906
0.0223846435546875
0.02929210662841797
0.031629085540771484
0.03586411476135254
0.029438257217407227
0.02859187126159668
0.0348355770111084
0.03178858757019043
0.03961062431335449
0.044121742248535156
0.047698974609375
0.044806718826293945
0.03783726692199707
0.04409623146057129
0.03900766372680664
0.04819655418395996
0.05273008346557617
0.0510258674621582
0.03688359260559082
0.045925140380859375
0.05733609199523926
0.0545191764831543
0.06260037422180176
0.04704761505126953
0.049884796142578125
0.0537266731262207
0.0516660213470459
0.04576563835144043
0.04798626899719238
0.03863692283630371
0.03971433639526367
0.05560612678527832
0.04089188575744629
0.048207759857177734
0.0526120662689209
0.053603172302246094
0.046457529067993164
0.04792952537536621
0.05656313896179199
0.06605887413024902
0.06302094459533691
0.06752967834472656
0.05585598945617676
0.10161542892456055
0.07010531425476074
0.0656888484954834
0.06994295120239258
0.0689854621887207
0.0658729076385498
0.07377910614013672
0.06774663925170898
0.07648944854736328
0.08323550224304199
0.07633447647094727
0.07258439064025879
0.07268738746643066
0.07614946365356445
0.06417393684387207
0.0648488998413086
0.06409168243408203
0.07788252830505371
0.07409095764160156
0.0738687515258789
0.07449913024902344
0.06480789184570312
0.0709989070892334
0.07174229621887207
0.07250308990478516
0.0754706859588623
0.08090734481811523
0.0810387134552002
0.05942487716674805
0.05848813056945801
0.07059454917907715
0.04759955406188965
0.05926847457885742
0.05352783203125
0.05625629425048828
0.06068253517150879
0.050652265548706055
0.05538511276245117
0.053015947341918945
0.05280017852783203
0.055307865142822266
0.04820585250854492
0.033446311950683594
0.04432392120361328
0.043241262435913086
0.03776121139526367
0.03322577476501465
0.0558629035949707
0.03981471061706543
0.03757762908935547
0.03916358947753906
0.0453486442565918
0.0357966423034668
0.0329890251159668
0.02393960952758789
0.0410151481628418
0.04055333137512207
0.02801203727722168
0.03448033332824707
0.04231095314025879
0.03094005584716797
0.04366779327392578
0.04315781593322754
0.040201425552368164
0.03577613830566406
0.04387712478637695
0.04316282272338867
0.042490243911743164
0.023494482040405273
0.036223649978637695
0.029561281204223633
0.03775501251220703
0.037163734436035156
0.04556107521057129
0.0455477237701416
0.0431671142578125
0.03261518478393555
0.05062985420227051
0.03986310958862305
0.033812761306762695
0.042595624923706055
0.029800891876220703
0.02643728256225586
0.038777828216552734
0.043915748596191406
0.031008243560791016
0.038037776947021484
0.044901132583618164
0.05208110809326172
0.03944802284240723
0.047205448150634766
0.03525543212890625
0.04152536392211914
0.054425954818725586
0.04729175567626953
0.04633355140686035
0.05023384094238281
0.04923105239868164
0.04090619087219238
0.054229021072387695
0.06084895133972168
0.06065011024475098
0.04502582550048828
0.04564952850341797
0.05698752403259277
0.03959298133850098
0.051039934158325195
0.04865550994873047
0.04847121238708496
0.052208900451660156
0.03845405578613281
0.04975557327270508
0.04809761047363281
0.04311656951904297
0.04981112480163574
0.041124582290649414
0.06018352508544922
0.052620887756347656
0.05791330337524414
0.04145026206970215
0.06387138366699219
0.05387115478515625
0.04234051704406738
0.0468595027923584
0.041977882385253906
0.05529451370239258
0.05701565742492676
0.15223264694213867
0.04405784606933594
0.16015958786010742
0.050592660903930664
0.16260075569152832
0.14904999732971191
0.04516744613647461
0.080657958984375
0.19214534759521484
0.16748881340026855
0.05659675598144531
0.04393577575683594
0.15733122825622559
0.14414715766906738
0.0527036190032959
0.15215611457824707
0.04119586944580078
0.05347704887390137
0.05988764762878418
0.05777120590209961
0.05478978157043457
0.05033612251281738
0.05845069885253906
0.04637432098388672
0.05695486068725586
0.049051761627197266
0.07845401763916016
0.0637366771697998
0.07011818885803223
0.07455229759216309
0.1501319408416748
0.06711578369140625
0.05920672416687012
0.06061673164367676
0.06667637825012207
0.08023428916931152
0.06571578979492188
0.0744316577911377
0.07194137573242188
0.08557605743408203
0.07473158836364746
0.23919343948364258
0.26056718826293945
0.17341089248657227
0.03839588165283203
0.12913823127746582
0.14461517333984375
0.12371706962585449
0.1331784725189209
0.12438178062438965
0.12358236312866211
0.11394143104553223
0.012520790100097656
0.02501058578491211
0.014194726943969727
0.02131485939025879
0.017630338668823242
0.018294572830200195
0.03865790367126465
0.0330047607421875
0.036554574966430664
0.02161121368408203
0.028130054473876953
0.0171506404876709
0.02293872833251953
0.025597333908081055
0.03891110420227051
0.028004169464111328
0.028071165084838867
0.037175893783569336
0.03754997253417969
0.029294252395629883
0.02495288848876953
0.03668546676635742
0.038125038146972656
0.038880348205566406
0.030417919158935547
0.03089118003845215
0.03567194938659668
0.02422952651977539
0.0375361442565918
0.044236183166503906
0.04243946075439453
0.04225420951843262
0.042205095291137695
0.04148054122924805
0.04080510139465332
0.04195547103881836
0.03177475929260254
0.0474395751953125
0.03316164016723633
0.04916548728942871
0.049759864807128906
0.05025839805603027
0.050549983978271484
0.051275014877319336
0.03980302810668945
0.0389561653137207
0.04897809028625488
0.0530247688293457
0.04729485511779785
0.05395627021789551
0.04916954040527344
0.0622105598449707
0.050153255462646484
0.052258968353271484
0.06355929374694824
0.0625910758972168
0.04117727279663086
0.044287919998168945
0.04463815689086914
0.05023336410522461
0.055577754974365234
0.04844188690185547
0.036398887634277344
0.07126569747924805
0.04463672637939453
0.0381350517270.03640.03732442855834961
0.04332113265991211
0.04889488220214844
0.0633687973022461
0.04730367660522461
0.03125476837158203
0.05255866050720215
0.04563641548156738
0.03242993354797363
0.03725075721740723
0.03215837478637695
0.028475046157836914
0.02870965003967285
0.042035579681396484
0.04320955276489258
0.04725241661071777
0.045929670333862305
0.04648399353027344
0.04148602485656738
0.05616354942321777
0.04275941848754883
0.04799985885620117
0.04063844680786133
0.04487037658691406
0.045845985412597656
0.05252265930175781
0.056267738342285156
0.05113625526428223
0.047625064849853516
0.05595755577087402
0.04576730728149414
0.05837559700012207
0.05620527267456055
0.04692840576171875
0.0610806941986084
0.05293440818786621
0.054646968841552734
0.060141563415527344
0.06238126754760742
0.08667302131652832
0.05930900573730469
0.08951783180236816
0.04840421676635742
0.05507922172546387
0.06321573257446289
0.06166648864746094
0.06030845642089844
0.05324196815490723
0.0466160774230957
0.05874180793762207
0.1527082920074463
0.13318443298339844
0.05157899856567383
0.0992121696472168
0.2859015464782715
0.11878299713134766
0.11982464790344238
0.12613463401794434
0.12093877792358398
0.11851668357849121
0.12102770805358887
0.11381268501281738
0.012071847915649414
0.026717185974121094
0.023292064666748047
0.030104398727416992
0.028212785720825195
0.02698802947998047
0.03018927574157715
0.13803386688232422
0.11925959587097168
0.12635564804077148
0.17769789695739746
0.12141585350036621
0.09360933303833008
0.10232424736022949
0.09308934211730957
0.11567211151123047
0.08490157127380371
0.07821345329284668
0.10764384269714355
0.07381653785705566
0.07482337951660156
0.0732722282409668
0.0710294246673584
0.056444644927978516
0.05688071250915527
0.058991193771362305
0.05086517333984375
0.06939554214477539
0.052430152893066406
0.04891848564147949
0.05528736114501953
0.04736208915710449
0.04201173782348633
0.05493021011352539
0.051199913024902344
0.03820490837097168
0.05321359634399414
0.05765247344970703
0.051302433013916016
0.06020784378051758
0.06189417839050293
0.04962563514709473
0.04843854904174805
0.04909324645996094
0.05398058891296387
0.05482006072998047
0.06178021430969238
0.04398536682128906
0.0337066650390625
0.02867865562438965
0.030293703079223633
0.051140546798706055
0.057047367095947266
0.04320883750915527
0.043718576431274414
0.035678863525390625
0.05751967430114746
0.04745841026306152
0.05716204643249512
0.05635428428649902
0.052237749099731445
0.05914878845214844
0.057127952575683594
0.07396554946899414
0.05015420913696289
0.05694890022277832
0.0648505687713623
0.12635302543640137
0.16859126091003418
0.12754297256469727
0.18151187896728516
0.14345669746398926
0.17318964004516602
0.12125563621520996
0.09526252746582031
0.06473159790039062
0.07903814315795898
0.05614447593688965
0.10470294952392578
0.08858084678649902
0.08469438552856445
0.15023279190063477
0.11913013458251953
0.18468356132507324
0.024778127670288086
0.1854567527770996
0.21100759506225586
0.37029409408569336
0.10559296607971191
0.11968660354614258
0.12716889381408691
0.11312198638916016
0.12665462493896484
0.13924527168273926
0.11403536796569824
0.11134505271911621
0.10858869552612305
0.10834074020385742
0.09866642951965332
0.10941481590270996
0.0987846851348877
0.1071617603302002
0.11062812805175781
0.11292481422424316
0.10423707962036133
0.12198162078857422
0.10535979270935059
0.11247467994689941
0.11402630805969238
0.11678409576416016
0.16100215911865234
0.1911759376525879
0.11266970634460449
0.12446069717407227
0.1354351043701172
0.12871551513671875
0.12312507629394531
0.11963915824890137
0.1240992546081543
0.01323246955871582
0.12386536598205566
0.11995172500610352
0.14179086685180664
0.120269775390625
0.21690011024475098
0.12756800651550293
0.12809181213378906
0.13323545455932617
0.12407541275024414
0.12562179565429688
0.11627650260925293
0.02044391632080078
0.019850730895996094
0.01416778564453125
0.0198361873626709
0.014066934585571289
0.02621769905090332
0.020811796188354492
0.02949213981628418
0.029219627380371094
0.06285500526428223
0.038277626037597656
0.2128922939300537
0.13609647750854492
0.18889784812927246
0.13217759132385254
0.09730195999145508
0.13254046440124512
0.09129524230957031
0.09723830223083496
0.10005807876586914
0.11338448524475098
0.10672354698181152
0.12637925148010254
0.09931349754333496
0.12109661102294922
0.13295722007751465
0.09154868125915527
0.11704206466674805
0.09062409400939941
0.09511923789978027
0.2534451484680176
0.08336520195007324
0.18685293197631836
0.10643792152404785
0.0965876579284668
0.0841977596282959
0.1762371063232422
0.21082067489624023
0.12460064888000488
0.10595035552978516
0.15416860580444336
0.09512448310852051
0.15796661376953125
0.13461589813232422
0.11228704452514648
0.11713242530822754
0.1302649974822998
0.116912841796875
0.10681772232055664
0.09647321701049805
0.15742182731628418
0.1058657169342041
0.11092019081115723
0.1359729766845703
0.09068965911865234
0.09492111206054688
0.07808256149291992
0.07285594940185547
0.07937932014465332
0.08816933631896973
0.15641212463378906
0.1224813461303711
0.07657599449157715
0.08117341995239258
0.0816037654876709
0.10202765464782715
0.1048426628112793
0.07972979545593262
0.08317899703979492
0.0672907829284668
0.05909132957458496
0.05527782440185547
0.06759977340698242
0.10245251655578613
0.05831146240234375
0.053261518478393555
0.055924177169799805
0.05339670181274414
0.09640789031982422
0.07954239845275879
0.05756855010986328
0.048091888427734375
0.05360984802246094
0.05682849884033203
0.0511012077331543
0.05851125717163086
0.04585385322570801
0.051892757415771484
0.053008317947387695
0.056754112243652344
0.0568850040435791
0.06432104110717773
0.05832934379577637
0.06636476516723633
0.058536529541015625
0.05991363525390625
0.06576347351074219
0.06915879249572754
0.07037806510925293
0.06116914749145508
0.0700540542602539
0.06696128845214844
0.0707392692565918
0.07619142532348633
0.06504058837890625
0.07719206809997559
0.06748270988464355
0.07505965232849121
0.06859564781188965
0.0625448226928711
0.07451248168945312
0.0799715518951416
0.07012677192687988
0.07054352760314941
0.08039689064025879
0.07665133476257324
0.06542205810546875
0.07540225982666016
0.07759475708007812
0.07546234130859375
0.08225035667419434
0.08285903930664062
0.08267021179199219
0.0843651294708252
0.11387109756469727
0.08088946342468262
0.07198572158813477
0.08332085609436035
0.08923816680908203
0.08955836296081543
0.0822134017944336
0.08836793899536133
0.08710479736328125
0.08986449241638184
0.08966779708862305
0.0836939811706543
0.08639192581176758
0.08660674095153809
0.07632803916931152
0.08554911613464355
0.10014581680297852
0.13565683364868164
0.06620144844055176
0.47350430488586426
0.31523895263671875
0.14835429191589355
0.13416457176208496
0.972435712814331
0.7516689300537109
0.49160218238830566
0.26683735847473145
0.66805100440979
0.4492523670196533
0.22546958923339844
0.49660420417785645
0.23795342445373535
0.18427133560180664
0.1475222110748291
0.14464473724365234
0.14558720588684082
0.1265125274658203
0.13408112525939941
0.14279842376708984
0.11572265625
0.12119030952453613
0.1407008171081543
0.1947343349456787
0.23327112197875977
0.09874939918518066
0.0989539623260498
0.11482810974121094
0.11447334289550781
0.11516451835632324
0.15410494804382324
0.0917060375213623
0.05870461463928223
0.13031983375549316
0.07874751091003418
0.07839035987854004
0.07678508758544922
0.08521604537963867
0.08055305480957031
0.06522512435913086
0.09232783317565918
0.05812692642211914
0.10017514228820801
0.05258917808532715
0.057897090911865234
0.10247135162353516
0.1290593147277832
0.06975555419921875
0.07226943969726562
0.0709075927734375
0.03872418403625488
0.15044307708740234
0.16390514373779297
0.17046022415161133
0.13463521003723145
0.16979408264160156
0.127150297164917
0.2751145362854004
0.08469676971435547
0.13532137870788574
0.07540702819824219
0.09461331367492676
0.1452333927154541
0.14135980606079102
0.13999605178833008
0.1286323070526123
0.1342453956604004
0.10097599029541016
0.09445309638977051
0.12145328521728516
0.12800002098083496
0.14713001251220703
0.09676837921142578
0.09955000877380371
0.08102750778198242
0.0795409670.07309190.08324575424194336
0.08217406272888184
0.12788772583007812
0.1470348834991455
0.08115339279174805
0.20864439010620117
0.11118936538696289
0.11327528953552246
0.07656669616699219
0.06267571449279785
0.1250300407409668
0.06382298469543457
0.11019492149353027
0.09777593612670898
0.09089136123657227
0.09539175033569336
0.06952786445617676
0.06953811645507812
0.1345365047454834
0.12175607681274414
0.11226630210876465
0.1122140884399414
0.08350872993469238
0.09069991111755371
0.0948781967163086
0.135911226272583
0.08930778503417969
0.10663032531738281
0.08821249008178711
0.10979747772216797
0.09048938751220703
0.21121501922607422
0.26685357093811035
0.14632344245910645
0.17672181129455566
0.09539103507995605
0.10314178466796875
0.09981870651245117
0.07899737358093262
0.09572315216064453
0.09422945976257324
0.0805349349975586
0.06601548194885254
0.14012789726257324
0.0867910385131836
0.06274914741516113
0.07606863975524902
0.08103775978088379
0.05429387092590332
0.14363932609558105
0.10034942626953125
0.165632963180542
0.06149649620056152
0.16399812698364258
0.11803746223449707
0.11033391952514648
0.1216890811920166
0.13454818725585938
0.166245698928833
0.1385819911956787
0.22410297393798828
0.12562990188598633
0.11453866958618164
0.12273406982421875
0.18799972534179688
0.1637265682220459
0.11410903930664062
0.13811540603637695
0.12245321273803711
0.12992358207702637
0.14145398139953613
0.12362480163574219
0.19086217880249023
0.13978791236877441
0.12461376190185547
0.16405415534973145
0.17357969284057617
0.1359848976135254
0.14223170280456543
0.13222455978393555
0.13864636421203613
0.15653467178344727
0.13018083572387695
0.15900754928588867
0.10744810104370117
0.16046953201293945
0.10671472549438477
0.09693288803100586
0.11493802070617676
0.18294501304626465
0.09670281410217285
0.15827059745788574
0.11152434349060059
0.14356493949890137
0.14260077476501465
0.16618609428405762
0.16562247276306152
0.07013535499572754
0.12197256088256836
0.09890389442443848
0.06962871551513672
0.10514450073242188
0.1175072193145752
0.12358593940734863
0.07926273345947266
0.13332724571228027
0.08185148239135742
0.07941484451293945
0.08210921287536621
0.08280801773071289
0.08290815353393555
0.07144713401794434
0.07484030723571777
0.07149839401245117
0.08101582527160645
0.17212653160095215
0.06596875190734863
0.07798361778259277
0.04569745063781738
0.05004262924194336
0.05555844306945801
0.05897045135498047
0.05309295654296875
0.06545877456665039
0.05453634262084961
0.07071352005004883
0.062259674072265625
0.06836867332458496
0.06804037094116211
0.07875680923461914
0.060649871826171875
0.06128430366516113
0.06177711486816406
0.07396221160888672
0.07738494873046875
0.06715989112854004
0.07372379302978516
0.08021283149719238
0.07357454299926758
0.08075666427612305
0.08690047264099121
0.07814383506774902
0.07529187202453613
0.07677626609802246
0.07913661003112793
0.07219147682189941
0.07058548927307129
0.0613710880279541
0.06891989707946777
0.07541656494140625
0.0749506950378418
0.07502460479736328
0.0697031021118164
0.07340741157531738
0.05735445022583008
0.05777716636657715
0.07701325416564941
0.06013298034667969
0.057688236236572266
0.07297897338867188
0.0669856071472168
0.07344722747802734
0.06227374076843262
0.06717562675476074
0.060793399810791016
0.058773040771484375
0.07007765769958496
0.06029915809631348
0.06621575355529785
0.07332253456115723
0.07421040534973145
0.0694875717163086
0.06209135055541992
0.06208348274230957
0.07328939437866211
0.061102867126464844
0.07427716255187988
0.06415820121765137
0.06640362739562988
0.08263134956359863
0.0753779411315918
0.0847768783569336
0.08381271362304688
0.07191109657287598
0.07549834251403809
0.08138608932495117
0.06691861152648926
0.07260513305664062
0.07798957824707031
0.06967425346374512
0.07893824577331543
0.06966304779052734
0.07986593246459961
0.07312488555908203
0.08535003662109375
0.0809929370880127
0.08791446685791016
0.09049391746520996
0.08213472366333008
0.07453203201293945
0.1558821201324463
0.06557488441467285
0.08420085906982422
0.09171032905578613
0.07103991508483887
0.07929325103759766
0.06743121147155762
0.0663602352142334
0.1286940574645996
0.23967337608337402
0.19250202178955078
0.12856841087341309
0.11112570762634277
0.11177229881286621
0.10149765014648438
0.1289529800415039
0.12955212593078613
0.2509610652923584
0.0870828628540039
0.12531018257141113
0.09601044654846191
0.09863424301147461
0.14217162132263184
0.08734869956970215
0.08721590042114258
0.09059834480285645
0.08494305610656738
0.07204842567443848
0.12676548957824707
0.17023944854736328
0.08582925796508789
0.09419536590576172
0.12077760696411133
0.07887983322143555
0.08608746528625488
0.0954897403717041
0.08419299125671387
0.11450719833374023
0.17380595207214355
0.12725114822387695
0.19731450080871582
0.5062963962554932
0.2595951557159424
0.20557117462158203
0.17679309844970703
0.1223607063293457
0.07380843162536621
0.1358809471130371
0.15834474563598633
0.19636988639831543
0.168076753616333
0.13614773750305176
0.1286766529083252
0.10739254951477051
0.16334962844848633
0.09151482582092285
0.04541182518005371
0.04836726188659668
0.1830291748046875
0.09914302825927734
0.23329782485961914
0.1185617446899414
0.17224478721618652
0.1386570930480957
0.1312870979309082
0.14141845703125
0.11907219886779785
0.11337471008300781
0.1468503475189209
0.14056658744812012
0.17554640769958496
0.10605335235595703
0.11816072463989258
0.12396502494812012
0.12633776664733887
0.12633013725280762
0.10431337356567383
0.16841387748718262
0.14364838600158691
0.08570623397827148
0.10483121871948242
0.07785415649414062
0.0777285099029541
0.10467815399169922
0.10286808013916016
0.10320496559143066
0.0817255973815918
0.07418131828308105
0.11969804763793945
0.10175871849060059
0.2463078498840332
0.14108943939208984
0.0846562385559082
0.041925907135009766
0.08393263816833496
0.05232429504394531
0.0428621768951416
0.15072417259216309
0.22849750518798828
0.2634294033050537
0.130720853805542
0.1004800796508789
0.11153626441955566
0.08636593818664551
0.26419854164123535
0.05494379997253418
0.5004680156707764
0.27083921432495117
0.06478691101074219
0.07157230377197266
0.05127239227294922
0.04656362533569336
0.06374812126159668
0.05048489570617676
0.04177141189575195
0.0690622329711914
0.06620216369628906
0.04057478904724121
0.04266810417175293
0.03413248062133789
0.04084038734436035
0.14044570922851562
0.11705470085144043
0.40345144271850586
0.22912120819091797
0.08644556999206543
0.05891537666320801
0.03903317451477051
0.06345725059509277
0.04690861701965332
0.07207894325256348
0.06900358200073242
0.09742403030395508
0.07680416107177734
0.060034990310668945
0.14185214042663574
0.09481620788574219
0.19017529487609863
0.039696455001831055
0.15902471542358398
0.06311845779418945
0.15228724479675293
0.5330829620361328
0.3206186294555664
0.10260486602783203
0.06731939315795898
0.197340726852417
0.17624926567077637
0.05898284912109375
0.05928850173950195
0.20866131782531738
0.1547400951385498
0.2078571319580078
0.059988975524902344
0.047167062759399414
0.053433895111083984
0.05854678153991699
0.1341414451599121
0.1941521167755127
0.10076665878295898
0.18621373176574707
0.10065031051635742
0.11898016929626465
0.06794118881225586
0.048189401626586914
0.04268479347229004
0.058107614517211914
0.06289958953857422
0.07376289367675781
0.06130552291870117
0.11672663688659668
0.05057835578918457
0.08024454116821289
0.029925823211669922
0.08948850631713867
0.10927820205688477
0.13272857666015625
0.04520273208618164
0.1694192886352539
0.12995553016662598
0.16202902793884277
0.14070844650268555
0.14554047584533691
0.2128918170928955
0.07350277900695801
0.17791461944580078
0.3552744388580322
0.1680467128753662
0.3505239486694336
0.12215542793273926
0.16603541374206543
0.12574219703674316
0.09495973587036133
0.12336206436157227
0.10450363159179688
0.1222836971282959
0.10844111442565918
0.18791508674621582
0.11664080619812012
0.12500405311584473
0.09635210037231445
0.14128971099853516
0.1496884822845459
0.1474897861480713
0.2740626335144043
0.15046286582946777
0.18947625160217285
0.08542394638061523
0.17533469200134277
0.1057746410369873
0.12985610961914062
0.14472055435180664
0.247668020.1388590.12911558151245117
0.12161922454833984
0.15839004516601562
0.0821526050567627
0.3811459541320801
0.16309380531311035
0.05951571464538574
0.05172085762023926
0.12437129020690918
0.1490921974182129
0.07996225357055664
0.02305912971496582
0.022389888763427734
0.10661840438842773
0.11632442474365234
0.2124483585357666
0.19512128829956055
0.06601691246032715
0.06625080108642578
0.31709885597229004
0.11013174057006836
0.0559234619140625
0.07729959487915039
0.03122425079345703
0.14376282691955566
0.22276687622070312
0.3954763412475586
0.26052403450012207
0.11495471000671387
0.14915919303894043
0.06502246856689453
0.057180166244506836
0.05063676834106445
0.12282133102416992
0.07085180282592773
0.04095053672790527
0.05016636848449707
0.16312217712402344
0.11133670806884766
0.42641425132751465
0.22504186630249023
0.1098780632019043
0.16302824020385742
0.2876546382904053
0.2799685001373291
0.08504796028137207
0.07610344886779785
0.08384037017822266
0.5050303936004639
0.6980934143066406
0.45914340019226074
0.2249925136566162
0.2604532241821289
0.21784353256225586
0.17720746994018555
0.24103403091430664
0.1321406364440918
0.2736537456512451
0.21520328521728516
0.13536477088928223
0.14174628257751465
0.3713657855987549
0.1600809097290039
0.05546760559082031
0.18703055381774902
0.2273252010345459
0.4069948196411133
0.16443490982055664
0.04640340805053711
0.09194493293762207
0.08925724029541016
0.05881190299987793
0.04558587074279785
0.0612032413482666
0.13041448593139648
0.0317845344543457
0.02841043472290039
0.09636092185974121
0.029224157333374023
0.03201436996459961
0.03610038757324219
0.03134584426879883
0.050641775131225586
0.03536248207092285
0.13335728645324707
0.033330678939819336
0.05785012245178223
0.03240227699279785
0.03350567817687988
0.022294282913208008
0.025043725967407227
0.023560523986816406
0.029323101043701172
0.029929161071777344
0.02239084243774414
0.04529118537902832
0.09184885025024414
0.053211212158203125
0.03688955307006836
0.025303125381469727
0.0337672233581543
0.03726696968078613
0.03133559226989746
