0.03583240509033203
0.03354668617248535
0.16832900047302246
0.04649496078491211
0.12794280052185059
0.03869009017944336
0.14558124542236328
0.045760393142700195
0.1445598602294922
0.1280975341796875
0.12591290473937988
0.03372812271118164
0.22290706634521484
0.12610578536987305
0.146775484085083
0.13615131378173828
0.02352118492126465
0.12257814407348633
0.12476682662963867
0.03437995910644531
0.04235363006591797
0.03549551963806152
0.03719139099121094
0.044005632400512695
0.027216434478759766
0.02390456199645996
0.026732444763183594
0.026033639907836914
0.029201030731201172
0.0398409366607666
0.03348851203918457
0.04358649253845215
0.049097299575805664
0.040680885314941406
0.15610170364379883
0.035485267639160156
0.040007591247558594
0.03773617744445801
0.04316282272338867
0.045525550842285156
0.049653053283691406
0.03740572929382324
0.04064464569091797
0.04435992240905762
0.05379152297973633
0.05060148239135742
0.05744171142578125
0.04643654823303223
0.04757809638977051
0.058732032775878906
0.05143404006958008
0.04883432388305664
0.049297332763671875
0.04969978332519531
0.06860089302062988
0.05846714973449707
0.052823543548583984
0.05470085144042969
0.05361747741699219
0.06131434440612793
0.05608081817626953
0.06985354423522949
0.05785846710205078
0.05763840675354004
0.07042932510375977
0.07740259170532227
0.06991839408874512
0.06634116172790527
0.06618738174438477
0.08614683151245117
0.07177329063415527
0.07901120185852051
0.0935506820678711
0.08569025993347168
0.07779836654663086
0.06989479064941406
0.07889962196350098
0.07861638069152832
0.08925223350524902
0.07476973533630371
0.08089423179626465
0.07988119125366211
0.0968015193939209
0.08137750625610352
0.08357429504394531
0.0849769115447998
0.11206436157226562
0.10380244255065918
0.11756205558776855
0.09187483787536621
0.08979487419128418
0.11542582511901855
0.0980539321899414
0.09916353225708008
0.09374189376831055
0.09437155723571777
0.1023399829864502
0.10330343246459961
0.09962129592895508
0.10148286819458008
0.1361830234527588
0.10401225090026855
0.10236454010009766
0.10152792930603027
0.11122393608093262
0.10747432708740234
0.1065523624420166
0.1120598316192627
0.11232423782348633
0.12952542304992676
0.11586499214172363
0.11208963394165039
0.1094052791595459
0.014321088790893555
0.01583385467529297
0.013412714004516602
0.015717744827270508
0.029738664627075195
0.03709268569946289
0.020684003829956055
0.018152713775634766
0.02186441421508789
0.027754545211791992
0.01723194122314453
0.016592979431152344
0.024297714233398438
0.016514062881469727
0.014733314514160156
0.020821094512939453
0.04644966125488281
0.0216519832611084
0.018476009368896484
0.02258157730102539
0.030251026153564453
0.029027938842773438
0.030254364013671875
0.029796600341796875
0.026886940002441406
0.027959585189819336
0.02978229522705078
0.029883146286010742
0.0729517936706543
0.0319981575012207
0.03295397758483887
0.040830373764038086
0.03477954864501953
0.04629111289978027
0.04083681106567383
0.047922611236572266
0.03526496887207031
0.04660487174987793
0.03993082046508789
0.04438638687133789
0.04462456703186035
0.034827232360839844
0.03460979461669922
0.04207158088684082
0.04187154769897461
0.03909921646118164
0.054207801818847656
0.0435175895690918
0.04334831237792969
0.04253888130187988
0.062009334564208984
0.0475773811340332
0.05057668685913086
0.061041831970214844
0.06728339195251465
0.09833836555480957
0.06483054161071777
0.06177353858947754
0.059279680252075195
0.05268454551696777
0.06646370887756348
0.06026649475097656
0.06403851509094238
0.061254024505615234
0.09422850608825684
0.05969715118408203
0.05514931678771973
0.07776498794555664
0.06641912460327148
0.05829596519470215
0.05906343460083008
0.060866594314575195
0.06142568588256836
0.07116341590881348
0.0697021484375
0.06452465057373047
0.06661367416381836
0.05995345115661621
0.06343412399291992
0.06515216827392578
0.06162214279174805
0.06336140632629395
0.060747385025024414
0.06112957000732422
0.059674739837646484
0.06788516044616699
0.044118642807006836
0.05348491668701172
0.06367754936218262
0.07055377960205078
0.054273366928100586
0.04115748405456543
0.04100799560546875
0.055829763412475586
0.04226326942443848
0.0464482307434082
0.0340886116027832
0.04773306846618652
0.035307884216308594
0.029450178146362305
0.026759862899780273
0.029291152954101562
0.05052661895751953
0.035103559494018555
0.02586650848388672
0.027769088745117188
0.020323753356933594
0.021280288696289062
0.029398679733276367
0.018837928771972656
0.02120661735534668
0.024679183959960938
0.029479265213012695
0.0297243595123291
0.025347471237182617
0.028275728225708008
0.02388167381286621
0.0283968448638916
0.023610591888427734
0.02651214599609375
0.036154985427856445
0.025467395782470703
0.02845311164855957
0.026162385940551758
0.020529747009277344
0.02349400520324707
0.02218914031982422
0.040163278579711914
0.02667689323425293
0.02866077423095703
0.03426933288574219
0.03558683395385742
0.05014371871948242
0.023910999298095703
0.024190902709960938
0.02207326889038086
0.018282175064086914
0.028675079345703125
0.030263423919677734
0.056369781494140625
0.033210039138793945
0.027495622634887695
0.030535221099853516
0.033957719802856445
0.03628897666931152
0.028189659118652344
0.02910900115966797
0.030611515045166016
0.03731727600097656
0.03742480278015137
0.030492067337036133
0.04512381553649902
0.032425642013549805
0.03737306594848633
0.04442453384399414
0.0519871711730957
0.042656898498535156
0.03648257255554199
0.034845829010009766
0.03733110427856445
0.03457808494567871
0.04183077812194824
0.046590566635131836
0.032416343688964844
0.04578661918640137
0.03301739692687988
0.033338308334350586
0.044104814529418945
0.044344425201416016
0.03558826446533203
0.03779411315917969
0.03822159767150879
0.03660249710083008
0.042037010192871094
0.03783583641052246
0.07102584838867188
0.037096500396728516
0.044939279556274414
0.04215192794799805
0.04917263984680176
0.03490781784057617
0.05730581283569336
0.1508946418762207
0.04140520095825195
0.1638176441192627
0.0413670539855957
0.1433250904083252
0.14359426498413086
0.04710555076599121
0.08053803443908691
0.19030213356018066
0.14368343353271484
0.057163238525390625
0.039904117584228516
0.15385150909423828
0.15256190299987793
0.0499110221862793
0.1530764102935791
0.047537803649902344
0.03951072692871094
0.040262699127197266
0.03823494911193848
0.04967451095581055
0.040871620178222656
0.043274879455566406
0.04289722442626953
0.04767966270446777
0.06288790702819824
0.07584786415100098
0.04690241813659668
0.06070208549499512
0.05393362045288086
0.15108871459960938
0.051958560943603516
0.05239415168762207
0.06698775291442871
0.06869363784790039
0.07784724235534668
0.06586098670959473
0.05766749382019043
0.06255531311035156
0.08008027076721191
0.08914518356323242
0.10071325302124023
0.2568509578704834
0.07353639602661133
0.0692911148071289
0.12028765678405762
0.14789700508117676
0.11925172805786133
0.13377737998962402
0.10626554489135742
0.10653877258300781
0.10859465599060059
0.013933420181274414
0.00608372688293457
0.01584601402282715
0.018465280532836914
0.014171361923217773
0.01614069938659668
0.025032758712768555
0.03471016883850098
0.0156862735748291
0.02307891845703125
0.018071651458740234
0.011417627334594727
0.013150453567504883
0.013224601745605469
0.03915214538574219
0.02399444580078125
0.02302265167236328
0.02296137809753418
0.023671388626098633
0.01912832260131836
0.024369239807128906
0.030101537704467773
0.029437541961669922
0.030072450637817383
0.026859045028686523
0.027090072631835938
0.02138376235961914
0.020993709564208984
0.03082418441772461
0.025983572006225586
0.03419351577758789
0.026798248291015625
0.027017593383789062
0.025822877883911133
0.024887800216674805
0.03287029266357422
0.026662826538085938
0.07618117332458496
0.039780378341674805
0.051287174224853516
0.03213214874267578
0.04275369644165039
0.04499697685241699
0.04201912879943848
0.042040348052978516
0.04018807411193848
0.037928104400634766
0.036319732666015625
0.0444941520690918
0.03784656524658203
0.04620051383972168
0.05825185775756836
0.03387188911437988
0.03846025466918945
0.038265228271484375
0.050092220306396484
0.0328519344329834
0.0678255558013916
0.03209638595581055
0.04223322868347168
0.03198099136352539
0.0345301628112793
0.06410980224609375
0.06325984001159668
0.050652503967285156
0.039434194564819336
0.03807783126831055
0.03455328941345215
0.038930416107177734
0.036034584045410156
0.037586212158203125
0.025466203689575195
0.030594587326049805
0.0296022891998291
0.028778076171875
0.034099578857421875
0.03305387496948242
0.03041243553161621
0.03528738021850586
0.028027057647705078
0.027292251586914062
0.027568817138671875
0.031854867935180664
0.03070235252380371
0.04079413414001465
0.08112812042236328
0.030259370803833008
0.0393369197845459
0.03743791580200195
0.04560589790344238
0.04636979103088379
0.03837442398071289
0.03956294059753418
0.037446022033691406
0.053112030029296875
0.04725193977355957
0.03984355926513672
0.04277157783508301
0.04768061637878418
0.04775500297546387
0.05034995079040527
0.04253387451171875
0.049638986587524414
0.046029090881347656
0.06097912788391113
0.05049419403076172
0.04763150215148926
0.09027242660522461
0.04361557960510254
0.06586623191833496
0.054708003997802734
0.04172825813293457
0.05776095390319824
0.05243062973022461
0.04357457160949707
0.044921875
0.04453754425048828
0.13990259170532227
0.030839204788208008
0.13400959968566895
0.28421735763549805
0.12454485893249512
0.09836483001708984
0.10237908363342285
0.10511231422424316
0.10932207107543945
0.10710263252258301
0.11443686485290527
0.00838470458984375
0.009531497955322266
0.0263059139251709
0.020399808883666992
0.014183998107910156
0.020407676696777344
0.019977092742919922
0.14499783515930176
0.11720871925354004
0.1454000473022461
0.16657352447509766
0.0897517204284668
0.09424734115600586
0.10145354270935059
0.10627961158752441
0.11161279678344727
0.08525562286376953
0.059268951416015625
0.10374760627746582
0.06490325927734375
0.057202816009521484
0.06522655487060547
0.06325197219848633
0.06168103218078613
0.05840563774108887
0.05037283897399902
0.050405025482177734
0.0735633373260498
0.03634238243103027
0.04035139083862305
0.04642438888549805
0.059380531311035156
0.035790205001831055
0.04019474983215332
0.03671097755432129
0.03504300117492676
0.03793597221374512
0.05721855163574219
0.04068493843078613
0.05620622634887695
0.05104231834411621
0.04482722282409668
0.04248380661010742
0.044747352600097656
0.04224133491516113
0.055677175521850586
0.0495610237121582
0.035117387771606445
0.02788543701171875
0.025262117385864258
0.029642820358276367
0.04496002197265625
0.03756237030029297
0.04241681098937988
0.0325474739074707
0.032547950744628906
0.06664323806762695
0.0386967658996582
0.04387831687927246
0.0560910701751709
0.04359722137451172
0.058913469314575195
0.04883718490600586
0.07433581352233887
0.04706740379333496
0.04961514472961426
0.06879591941833496
0.1285560131072998
0.13466215133666992
0.08012104034423828
0.1275186538696289
0.33277320861816406
0.17477631568908691
0.044976234436035156
0.09286308288574219
0.045011281967163086
0.10356497764587402
0.04756569862365723
0.04738450050354004
0.03804159164428711
0.0808718204498291
0.03753018379211426
0.0417933464050293
0.21332430839538574
0.01523447036743164
0.1307849884033203
0.6069965362548828
0.39368534088134766
0.1394519805908203
0.10010957717895508
0.12790679931640625
0.09102082252502441
0.10058999061584473
0.14714789390563965
0.1177358627319336
0.11323404312133789
0.1197810173034668
0.09153604507446289
0.10544085502624512
0.10563087463378906
0.09928369522094727
0.10210776329040527
0.10662484169006348
0.09633636474609375
0.0996561050415039
0.10404157638549805
0.11632299423217773
0.10224080085754395
0.11943340301513672
0.10396051406860352
0.16453313827514648
0.19122982025146484
0.11644911766052246
0.1091008186340332
0.10848808288574219
0.11179471015930176
0.1068108081817627
0.12057709693908691
0.11437654495239258
0.015697717666625977
0.11474037170410156
0.11365675926208496
0.11826086044311523
0.1365668773651123
0.2123584747314453
0.11035895347595215
0.11847615242004395
0.11800122261047363
0.12103676795959473
0.11469459533691406
0.1123967170715332
0.013002872467041016
0.010986566543579102
0.0092315673828125
0.014129638671875
0.009158611297607422
0.011918067932128906
0.016979217529296875
0.01373291015625
0.016367435455322266
0.05254316329956055
0.023998498916625977
0.21134424209594727
0.1938309669494629
0.17678236961364746
0.12851262092590332
0.09018635749816895
0.12473654747009277
0.11303138732910156
0.1030118465423584
0.10710358619689941
0.08752107620239258
0.10859179496765137
0.0844721794128418
0.09396576881408691
0.08550214767456055
0.07883572578430176
0.09693551063537598
0.11053609848022461
0.10391449928283691
0.10633659362792969
0.2533607482910156
0.07536053657531738
0.1787738800048828
0.1573467254638672
0.09098052978515625
0.07672405242919922
0.1705930233001709
0.18090415000915527
0.19411802291870117
0.11346554756164551
0.15668630599975586
0.0800313949584961
0.08138585090637207
0.08102941513061523
0.11284804344177246
0.09076786041259766
0.13930773735046387
0.09395980834960938
0.09186601638793945
0.07712411880493164
0.11090373992919922
0.1436917781829834
0.07506513595581055
0.1255345344543457
0.09011125564575195
0.09537100791931152
0.07698273658752441
0.06925034523010254
0.08552837371826172
0.07657575607299805
0.15209269523620605
0.12546920776367188
0.09720110893249512
0.070220947265625
0.07330465316772461
0.10361552238464355
0.06671881675720215
0.07135748863220215
0.08502840995788574
0.057541847229003906
0.045008182525634766
0.04340624809265137
0.045274972915649414
0.08304858207702637
0.04818296432495117
0.054494619369506836
0.056710243225097656
0.05578446388244629
0.09683489799499512
0.043488264083862305
0.051697731018066406
0.041342735290527344
0.08341479301452637
0.046855926513671875
0.04221487045288086
0.06953048706054688
0.05276846885681152
0.05303168296813965
0.04371023178100586
0.05958437919616699
0.05869579315185547
0.048282623291015625
0.04757976531982422
0.04971122741699219
0.050289154052734375
0.04941844940185547
0.056841373443603516
0.05361032485961914
0.05256509780883789
0.07934308052062988
0.057898759841918945
0.059744834899902344
0.05938005447387695
0.06619930267333984
0.05869460105895996
0.05927419662475586
0.062267303466796875
0.07610583305358887
0.05871701240539551
0.0567622184753418
0.060662031173706055
0.07000374794006348
0.05857706069946289
0.05902290344238281
0.0585942268371582
0.07678413391113281
0.05982542037963867
0.07199311256408691
0.07820606231689453
0.06539297103881836
0.06669402122497559
0.06644892692565918
0.07695722579956055
0.07907724380493164
0.07741308212280273
0.08035540580749512
0.06736087799072266
0.0672004222869873
0.06986236572265625
0.07266116142272949
0.07329869270324707
0.0842740535736084
0.07133245468139648
0.08089685440063477
0.07421541213989258
0.08331751823425293
0.06961870193481445
0.06992459297180176
0.07512545585632324
0.07229876518249512
0.15915298461914062
0.13851332664489746
0.10450172424316406
0.19950222969055176
0.25283145904541016
0.12001180648803711
0.13941144943237305
0.37047791481018066
0.45423388481140137
0.20048999786376953
0.6970934867858887
0.47394275665283203
0.39812445640563965
0.17432904243469238
0.4324047565460205
0.2110452651977539
0.21337175369262695
0.08698606491088867
0.09891724586486816
0.09487199783325195
0.08343911170959473
0.0888206958770752
0.10318684577941895
0.1143190860748291
0.13036823272705078
0.08271217346191406
0.19362592697143555
0.22623801231384277
0.09755706787109375
0.11912846565246582
0.12279343605041504
0.1178135871887207
0.10207605361938477
0.18590235710144043
0.08345198631286621
0.056687355041503906
0.11055874824523926
0.07855701446533203
0.11141276359558105
0.06871604919433594
0.08015179634094238
0.08207583427429199
0.0729680061340332
0.09467530250549316
0.051926612854003906
0.08409929275512695
0.09865283966064453
0.06095623970031738
0.09128022193908691
0.051908016204833984
0.08328747749328613
0.058655500411987305
0.07530331611633301
0.07281494140625
0.2743387222290039
0.14591240882873535
0.13077592849731445
0.07890009880065918
0.19080376625061035
0.08523106575012207
0.22132325172424316
0.10253000259399414
0.10986852645874023
0.06817293167114258
0.07130002975463867
0.1447134017944336
0.1627500057220459
0.13743281364440918
0.06767868995666504
0.11947226524353027
0.09589195251464844
0.07494544982910156
0.17190337181091309
0.10875296592712402
0.06384563446044922
0.06401658058166504
0.0957651138305664
0.06360363960266113
0.060999393463134766
0.06650853157043457
0.17852067947387695
0.0906381607055664
0.15287113189697266
0.056509971618652344
0.1625051498413086
0.09281110763549805
0.12979388236999512
0.06685948371887207
0.08536672592163086
0.10714888572692871
0.09726190567016602
0.12948322296142578
0.10246038436889648
0.09811019897460938
0.0752103328704834
0.10453319549560547
0.0691533088684082
0.1701979637145996
0.09036898612976074
0.11183357238769531
0.09266471862792969
0.07292985916137695
0.10204887390136719
0.07419586181640625
0.11681747436523438
0.0771636962890625
0.11485123634338379
0.07266736030578613
0.1060171127319336
0.09161639213562012
0.24020981788635254
0.2505040168762207
0.06429600715637207
0.11464524269104004
0.09131932258605957
0.09761810302734375
0.10376667976379395
0.12355804443359375
0.09534382820129395
0.0877687931060791
0.09689092636108398
0.07673025131225586
0.13638806343078613
0.0905752182006836
0.0767676830291748
0.08563113212585449
0.09053945541381836
0.05373096466064453
0.1687180995941162
0.10480499267578125
0.16659879684448242
0.04021859169006348
0.1333754062652588
0.11620259284973145
0.03907060623168945
0.18882060050964355
0.12890028953552246
0.15248489379882812
0.14426708221435547
0.21776771545410156
0.12077188491821289
0.10869646072387695
0.11830759048461914
0.1793198585510254
0.12198448181152344
0.16936588287353516
0.12127280235290527
0.11193490028381348
0.10936808586120605
0.13015079498291016
0.1395125389099121
0.14310836791992188
0.12487459182739258
0.13152837753295898
0.16390180587768555
0.1376051902770996
0.12127161026000977
0.13987469673156738
0.09865546226501465
0.13874077796936035
0.17302775382995605
0.1215510368347168
0.12299370765686035
0.08912038803100586
0.09279417991638184
0.0860285758972168
0.19925975799560547
0.09706282615661621
0.12299728393554688
0.08801507949829102
0.1613481044769287
0.07614779472351074
0.14209389686584473
0.08933115005493164
0.13576436042785645
0.1597428321838379
0.06365013122558594
0.060552358627319336
0.059996843338012695
0.0801246166229248
0.0666205883026123
0.07464909553527832
0.10669732093811035
0.11285281181335449
0.1334547996520996
0.07735872268676758
0.06680941581726074
0.08761858940124512
0.07342219352722168
0.06388115882873535
0.07137918472290039
0.07723045349121094
0.06710457801818848
0.06980347633361816
0.1720433235168457
0.0670013427734375
0.06585693359375
0.03935432434082031
0.04897594451904297
0.05412936210632324
0.04709148406982422
0.04763317108154297
0.04254913330078125
0.04718470573425293
0.07090997695922852
0.047600507736206055
0.05109262466430664
0.0578920841217041
0.05851554870605469
0.05683255195617676
0.0619196891784668
0.06942415237426758
0.06989645957946777
0.0649116039276123
0.06988334655761719
0.06415653228759766
0.07873916625976562
0.07952308654785156
0.0652458667755127
0.06432080268859863
0.06348061561584473
0.06593155860900879
0.06692337989807129
0.06618118286132812
0.05472588539123535
0.05466651916503906
0.06597423553466797
0.06502580642700195
0.06564974784851074
0.060732126235961914
0.07093000411987305
0.06454825401306152
0.07317566871643066
0.05919623374938965
0.0544743537902832
0.052681922912597656
0.06949210166931152
0.06466937065124512
0.05493426322937012
0.05405902862548828
0.09440088272094727
0.05761361122131348
0.04979085922241211
0.05861520767211914
0.058524131774902344
0.05319619178771973
0.055396080017089844
0.05702686309814453
0.06152701377868652
0.07696104049682617
0.05953073501586914
0.05271267890930176
0.06375670433044434
0.06958127021789551
0.05512118339538574
0.07590413093566895
0.0700387954711914
0.061907291412353516
0.07551455497741699
0.07639741897583008
0.06563735008239746
0.06691932678222656
0.06790447235107422
0.07531571388244629
0.059386253356933594
0.0625922679901123
0.07248663902282715
0.06887459754943848
0.06159377098083496
0.06454896926879883
0.07049298286437988
0.06555008888244629
0.07431983947753906
0.0769951343536377
0.07032632827758789
0.07300138473510742
0.07426309585571289
0.08142209053039551
0.08086323738098145
0.14881110191345215
0.06398844718933105
0.06953024864196777
0.09044861793518066
0.08254647254943848
0.10994505882263184
0.0599360466003418
0.08033347129821777
0.11120462417602539
0.2556014060974121
0.15372395515441895
0.11850905418395996
0.09169173240661621
0.0944674015045166
0.0939640998840332
0.09971928596496582
0.12894392013549805
0.14931774139404297
0.09345293045043945
0.12567448616027832
0.07388567924499512
0.09831380844116211
0.11054039001464844
0.09310173988342285
0.09064841270446777
0.1410834789276123
0.06429362297058105
0.09345650672912598
0.12321066856384277
0.10025525093078613
0.07994365692138672
0.15924572944641113
0.11804699897766113
0.136199951171875
0.06565642356872559
0.09459853172302246
0.0684816837310791
0.16579222679138184
0.17334604263305664
0.17104697227478027
0.12659525871276855
0.024103641510009766
0.3194766044616699
0.20710539817810059
0.07046127319335938
0.128035306930542
0.0507354736328125
0.17302870750427246
0.16191530227661133
0.17678117752075195
0.2586944103240967
0.1722879409790039
0.10413575172424316
0.1609959602355957
0.0912175178527832
0.057676076889038086
0.038239240646362305
0.037099599838256836
0.13427281379699707
0.09885621070861816
0.07478046417236328
0.1168677806854248
0.15040326118469238
0.12915825843811035
0.09611964225769043
0.12921667098999023
0.10708832740783691
0.1170661449432373
0.13542509078979492
0.19508719444274902
0.2035832405090332
0.0971980094909668
0.10549736022949219
0.11345553398132324
0.11168241500854492
0.12476682662963867
0.0827479362487793
0.17177295684814453
0.05316019058227539
0.058515071868896484
0.052443742752075195
0.05625653266906738
0.0843808650970459
0.05566692352294922
0.10618758201599121
0.10370087623596191
0.05095529556274414
0.0851597785949707
0.16352438926696777
0.19785046577453613
0.04950141906738281
0.04741168022155762
0.046045541763305664
0.05473732948303223
0.08564591407775879
0.17291998863220215
0.04326891899108887
0.1351773738861084
0.12953567504882812
0.26375794410705566
0.11998224258422852
0.07010102272033691
0.07086324691772461
0.07833027839660645
0.08072018623352051
0.05637669563293457
0.18422675132751465
0.14011478424072266
0.09259033203125
0.029553890228271484
0.019058942794799805
0.02517867088317871
0.02291274070739746
0.020440101623535156
0.03454303741455078
0.0285646915435791
0.08661627769470215
0.021152973175048828
0.01678943634033203
0.028923988342285156
0.04696774482727051
0.1398758888244629
0.11543035507202148
0.49130678176879883
0.27260518074035645
0.0813906192779541
0.030559778213500977
0.04006767272949219
0.07465386390686035
0.02776479721069336
0.026099205017089844
0.04871559143066406
0.05560421943664551
0.028525352478027344
0.04832625389099121
0.11664605140686035
0.05172920227050781
0.1341993808746338
0.0404362678527832
0.1481480598449707
0.05313706398010254
0.12920331954956055
0.6043329238891602
0.3938415050506592
0.17593598365783691
0.14585328102111816
0.21919035911560059
0.14851760864257812
0.0651695728302002
0.06311154365539551
0.1457977294921875
0.07183694839477539
0.14584589004516602
0.05803489685058594
0.06814885139465332
0.0325314998626709
0.033312320709228516
0.13549399375915527
0.1459059715270996
0.07488250732421875
0.2422492504119873
0.1544344425201416
0.07439088821411133
0.04035162925720215
0.06815218925476074
0.056819915771484375
0.041336774826049805
0.0629277229309082
0.029491662979125977
0.025100231170654297
0.09857940673828125
0.03774857521057129
0.06312847137451172
0.021990537643432617
0.08956718444824219
0.11172199249267578
0.12537312507629395
0.03501415252685547
0.17700576782226562
0.11597657203674316
0.14053606986999512
0.13133740425109863
0.14606261253356934
0.22072839736938477
0.15772032737731934
0.06145000457763672
0.32738828659057617
0.235975980758667
0.35074329376220703
0.12236928939819336
0.14041590690612793
0.12261843681335449
0.04863691329956055
0.1294105052947998
0.13140487670898438
0.11311912536621094
0.11107802391052246
0.17263031005859375
0.1733863353729248
0.21149253845214844
0.18075919151306152
0.12581610679626465
0.16233229637145996
0.17457056045532227
