0.030423402786254883
0.029733657836914062
0.1463634967803955
0.0707101821899414
0.18505406379699707
0.0272524356842041
0.146683931350708
0.07047891616821289
0.14954376220703125
0.13342761993408203
0.1261734962463379
0.023535966873168945
0.22219038009643555
0.12561821937561035
0.1238701343536377
0.13182902336120605
0.01817464828491211
0.1234445571899414
0.1376495361328125
0.024202585220336914
0.023373842239379883
0.02397012710571289
0.03893136978149414
0.048834800720214844
0.04079484939575195
0.02717876434326172
0.02699112892150879
0.03788018226623535
0.027669668197631836
0.03522062301635742
0.0279541015625
0.03207707405090332
0.03319811820983887
0.03330874443054199
0.13130879402160645
0.07873034477233887
0.045723915100097656
0.03812098503112793
0.0359799861907959
0.04151606559753418
0.03697013854980469
0.03757667541503906
0.03896188735961914
0.04083657264709473
0.041704416275024414
0.04637575149536133
0.043807029724121094
0.043482065200805664
0.04602336883544922
0.044959306716918945
0.047152042388916016
0.049449920654296875
0.05491018295288086
0.050745487213134766
0.05362272262573242
0.05929827690124512
0.052173614501953125
0.053238630294799805
0.052880048751831055
0.06730103492736816
0.06860542297363281
0.05868101119995117
0.0713346004486084
0.06357598304748535
0.05811476707458496
0.06127595901489258
0.06681108474731445
0.07150554656982422
0.0647590160369873
0.06323957443237305
0.0670008659362793
0.0668785572052002
0.0678412914276123
0.08878064155578613
0.06788945198059082
0.07637643814086914
0.07048153877258301
0.08029317855834961
0.07579255104064941
0.08733201026916504
0.07852888107299805
0.07691359519958496
0.09729266166687012
0.0865635871887207
0.0826420783996582
0.09682798385620117
0.10942625999450684
0.08497333526611328
0.12859487533569336
0.10057616233825684
0.09003758430480957
0.09092545509338379
0.09330129623413086
0.10053277015686035
0.1061248779296875
0.09467554092407227
0.09525322914123535
0.09679818153381348
0.1143648624420166
0.09876847267150879
0.09989571571350098
0.1045675277709961
0.10163521766662598
0.10079145431518555
0.10699892044067383
0.11806154251098633
0.10406231880187988
0.11226797103881836
0.11040973663330078
0.13817477226257324
0.11127758026123047
0.11346769332885742
0.12197065353393555
0.007447242736816406
0.011794567108154297
0.010692596435546875
0.014093160629272461
0.014814615249633789
0.02143692970275879
0.02089238166809082
0.025916337966918945
0.019086837768554688
0.015680313110351562
0.04244232177734375
0.018861055374145508
0.015819072723388672
0.015794992446899414
0.013927698135375977
0.018719196319580078
0.019329547882080078
0.01959848403930664
0.01866316795349121
0.03402423858642578
0.02324509620666504
0.02759408950805664
0.02953481674194336
0.03970837593078613
0.04145073890686035
0.030175447463989258
0.03633570671081543
0.03171229362487793
0.07532644271850586
0.030478954315185547
0.05131793022155762
0.055538177490234375
0.05818581581115723
0.03634071350097656
0.03767991065979004
0.04017043113708496
0.04971432685852051
0.0326995849609375
0.05481076240539551
0.03402256965637207
0.033368825912475586
0.04148149490356445
0.05622720718383789
0.04691123962402344
0.035184383392333984
0.0400087833404541
0.04067397117614746
0.04101920127868652
0.049654483795166016
0.043057918548583984
0.04650115966796875
0.04470491409301758
0.04468560218811035
0.04575347900390625
0.05071210861206055
0.0648338794708252
0.06696248054504395
0.05392146110534668
0.0517427921295166
0.051915645599365234
0.05318450927734375
0.06122255325317383
0.05977439880371094
0.05929160118103027
0.06086015701293945
0.060288429260253906
0.05445504188537598
0.054509878158569336
0.05941343307495117
0.05864071846008301
0.06157660484313965
0.057878971099853516
0.06358122825622559
0.06653046607971191
0.057120323181152344
0.05820274353027344
0.06760549545288086
0.06014871597290039
0.05569028854370117
0.0742807388305664
0.06241917610168457
0.05472874641418457
0.06418085098266602
0.05405831336975098
0.055588722229003906
0.05678558349609375
0.04489326477050781
0.04275083541870117
0.04248309135437012
0.05213212966918945
0.04425930976867676
0.04659461975097656
0.04208016395568848
0.043015241622924805
0.04473614692687988
0.044571638107299805
0.04230785369873047
0.03662276268005371
0.0308837890625
0.030241012573242188
0.03899407386779785
0.028075218200683594
0.048697471618652344
0.017622709274291992
0.019247055053710938
0.028955698013305664
0.020636796951293945
0.02252984046936035
0.021067142486572266
0.01932072639465332
0.021533727645874023
0.02253580093383789
0.020961999893188477
0.02570509910583496
0.025635242462158203
0.026079654693603516
0.02431797981262207
0.035292625427246094
0.022934913635253906
0.02489781379699707
0.022729158401489258
0.02558732032775879
0.025763988494873047
0.0179140567779541
0.018589496612548828
0.039063453674316406
0.019701719284057617
0.030529260635375977
0.037545204162597656
0.04220890998840332
0.028007984161376953
0.028402090072631836
0.024017333984375
0.022066831588745117
0.03408336639404297
0.024698495864868164
0.017567157745361328
0.03892183303833008
0.021811962127685547
0.04610800743103027
0.028834104537963867
0.041481733322143555
0.02897357940673828
0.030622482299804688
0.04042649269104004
0.02874445915222168
0.028026342391967773
0.029937028884887695
0.049158573150634766
0.03151583671569824
0.03080892562866211
0.05094432830810547
0.031754255294799805
0.03496742248535156
0.04606366157531738
0.042818546295166016
0.03536581993103027
0.043341636657714844
0.03522157669067383
0.03569197654724121
0.047553300857543945
0.034424781799316406
0.04380655288696289
0.04034900665283203
0.041472673416137695
0.03225111961364746
0.045153141021728516
0.030347824096679688
0.04576396942138672
0.03300929069519043
0.03606367111206055
0.034744977951049805
0.04326128959655762
0.03547930717468262
0.04966163635253906
0.038181304931640625
0.03646278381347656
0.040543556213378906
0.047950029373168945
0.036235809326171875
0.052978515625
0.032613277435302734
0.16354084014892578
0.06093120574951172
0.14169526100158691
0.040003061294555664
0.1438148021697998
0.142866849899292
0.04044914245605469
0.06892561912536621
0.19105267524719238
0.1621410846710205
0.04190182685852051
0.03837275505065918
0.14116835594177246
0.14281582832336426
0.041381120681762695
0.141618013381958
0.03521585464477539
0.03651142120361328
0.037569522857666016
0.04119610786437988
0.05548548698425293
0.03895449638366699
0.0403904914855957
0.05293416976928711
0.04079604148864746
0.07096076011657715
0.045007944107055664
0.06138420104980469
0.04843473434448242
0.04989337921142578
0.14669370651245117
0.050278663635253906
0.060376882553100586
0.06858134269714355
0.055652618408203125
0.08481836318969727
0.05966520309448242
0.05832362174987793
0.0638418197631836
0.061634063720703125
0.06664848327636719
0.13513445854187012
0.06315040588378906
0.1719038486480713
0.11815643310546875
0.042612552642822266
0.10984969139099121
0.10630536079406738
0.11846780776977539
0.10680413246154785
0.1068263053894043
0.1088559627532959
0.020666122436523438
0.005391359329223633
0.010024309158325195
0.020319223403930664
0.026976823806762695
0.017720460891723633
0.01311802864074707
0.03607010841369629
0.013194561004638672
0.01239323616027832
0.018269062042236328
0.01069021224975586
0.011320352554321289
0.01325845718383789
0.016162395477294922
0.016823530197143555
0.01675724983215332
0.023425579071044922
0.0244290828704834
0.02174854278564453
0.027271747589111328
0.023303985595703125
0.022976160049438477
0.03658699989318848
0.02048802375793457
0.03226470947265625
0.02840280532836914
0.026776552200317383
0.02301311492919922
0.02434253692626953
0.03539228439331055
0.030424118041992188
0.029568195343017578
0.02524280548095703
0.03810548782348633
0.025082111358642578
0.0399622917175293
0.03520321846008301
0.040363311767578125
0.03014683723449707
0.043111324310302734
0.04500770568847656
0.03466296195983887
0.04799509048461914
0.03433394432067871
0.03667783737182617
0.03549790382385254
0.0391230583190918
0.03725910186767578
0.03815960884094238
0.0417478084564209
0.041001319885253906
0.033161163330078125
0.03557538986206055
0.03658151626586914
0.03504061698913574
0.029242515563964844
0.05844521522521973
0.04661893844604492
0.04624032974243164
0.03115558624267578
0.0571894645690918
0.030472993850708008
0.030964136123657227
0.040636539459228516
0.03567337989807129
0.03988289833068848
0.033019065856933594
0.0357210636138916
0.035176992416381836
0.04363250732421875
0.04052257537841797
0.02815699577331543
0.030074119567871094
0.026059865951538086
0.04028797149658203
0.038779497146606445
0.02584362030029297
0.03641319274902344
0.042345523834228516
0.03902244567871094
0.04564213752746582
0.03047776222229004
0.039015769958496094
0.03396248817443848
0.07049012184143066
0.03197789192199707
0.034804344177246094
0.03422856330871582
0.04133296012878418
0.03532123565673828
0.03765535354614258
0.03786015510559082
0.03983759880065918
0.03612256050109863
0.05167365074157715
0.03997611999511719
0.043294668197631836
0.049364328384399414
0.03944826126098633
0.03899264335632324
0.04300332069396973
0.04610705375671387
0.04643678665161133
0.04429364204406738
0.047281503677368164
0.04794883728027344
0.04454350471496582
0.04218888282775879
0.06939077377319336
0.04403042793273926
0.04097795486450195
0.05555462837219238
0.057118892669677734
0.044286489486694336
0.054210662841796875
0.04292488098144531
0.1151113510131836
0.028557538986206055
0.02649068832397461
0.02297496795654297
0.11853790283203125
0.09750556945800781
0.12743306159973145
0.10545754432678223
0.11539912223815918
0.11200618743896484
0.1060798168182373
0.008631706237792969
0.011577129364013672
0.012224912643432617
0.0138092041015625
0.011493444442749023
0.013524532318115234
0.014119863510131836
0.125626802444458
0.13170623779296875
0.16888737678527832
0.1367509365081787
0.11044073104858398
0.09048628807067871
0.0749976634979248
0.07882285118103027
0.0990149974822998
0.0661320686340332
0.05934643745422363
0.05784916877746582
0.07139205932617188
0.05634188652038574
0.0647275447845459
0.05293750762939453
0.05246400833129883
0.060207366943359375
0.04881882667541504
0.04471707344055176
0.046357154846191406
0.036878347396850586
0.03757476806640625
0.03951239585876465
0.05213308334350586
0.034380197525024414
0.05162644386291504
0.03424692153930664
0.04518008232116699
0.039173126220703125
0.04178595542907715
0.05404329299926758
0.047070980072021484
0.05212283134460449
0.04741263389587402
0.04171013832092285
0.04224729537963867
0.044803619384765625
0.05616331100463867
0.04609537124633789
0.03157472610473633
0.02201676368713379
0.02243947982788086
0.024805307388305664
0.02759099006652832
0.026352405548095703
0.026926517486572266
0.030893325805664062
0.03293323516845703
0.04161548614501953
0.03705620765686035
0.04937887191772461
0.03890705108642578
0.04533529281616211
0.04167962074279785
0.04095458984375
0.07636117935180664
0.051590919494628906
0.04526829719543457
0.04551577568054199
0.07950854301452637
0.09279394149780273
0.04843926429748535
0.12278175354003906
0.05324745178222656
0.08980727195739746
0.12417483329772949
0.07022809982299805
0.06666994094848633
0.06372356414794922
0.038750648498535156
0.04298210144042969
0.09056472778320312
0.09584999084472656
0.03918004035949707
0.11289548873901367
0.22226858139038086
0.20325994491577148
0.11149334907531738
0.14386558532714844
0.40194010734558105
0.12148928642272949
0.09291195869445801
0.11993813514709473
0.10812044143676758
0.11932921409606934
0.11982035636901855
0.10103535652160645
0.09087777137756348
0.11021280288696289
0.09076976776123047
0.09493899345397949
0.09128665924072266
0.09145164489746094
0.10410118103027344
0.11503171920776367
0.09557533264160156
0.09802031517028809
0.1011502742767334
0.11248350143432617
0.10067296028137207
0.10110974311828613
0.1066751480102539
0.10878276824951172
0.2061457633972168
0.10565519332885742
0.10907340049743652
0.10752320289611816
0.11214661598205566
0.10703659057617188
0.12793374061584473
0.11582660675048828
0.021094083786010742
0.11306309700012207
0.11479997634887695
0.13289213180541992
0.12209033966064453
0.21885395050048828
0.10969090461730957
0.1113886833190918
0.11543726921081543
0.12068629264831543
0.10801362991333008
0.11805868148803711
0.014682292938232422
0.008744955062866211
0.009455680847167969
0.015110015869140625
0.012606382369995117
0.010151386260986328
0.010440826416015625
0.016263484954833984
0.01469874382019043
0.05392050743103027
0.026423215866088867
0.12470769882202148
0.18697333335876465
0.11303067207336426
0.11729741096496582
0.11266565322875977
0.08471298217773438
0.09284782409667969
0.12857604026794434
0.10442924499511719
0.08273434638977051
0.1106710433959961
0.08339428901672363
0.08464956283569336
0.08622598648071289
0.07761096954345703
0.07918810844421387
0.0909566879272461
0.08024811744689941
0.08213138580322266
0.12680649757385254
0.08603405952453613
0.07664227485656738
0.11506843566894531
0.07903790473937988
0.08315157890319824
0.12699627876281738
0.19040822982788086
0.22192931175231934
0.07713007926940918
0.16175174713134766
0.07912087440490723
0.14362025260925293
0.09553146362304688
0.09282040596008301
0.08858323097229004
0.10706686973571777
0.12881922721862793
0.0960853099822998
0.07402276992797852
0.11425518989562988
0.1517047882080078
0.11786890029907227
0.07053160667419434
0.08242201805114746
0.06561422348022461
0.06969332695007324
0.0662541389465332
0.06624984741210938
0.07876825332641602
0.1175236701965332
0.129380464553833
0.08404088020324707
0.0683443546295166
0.07560396194458008
0.08022546768188477
0.06583642959594727
0.11045098304748535
0.09041261672973633
0.07422566413879395
0.06003212928771973
0.04876375198364258
0.04245567321777344
0.08290410041809082
0.06293964385986328
0.04715919494628906
0.06004929542541504
0.06850194931030273
0.10367465019226074
0.07783055305480957
0.03964376449584961
0.04416084289550781
0.03819775581359863
0.03873300552368164
0.04054617881774902
0.059549808502197266
0.05800271034240723
0.04063129425048828
0.04196310043334961
0.047560930252075195
0.044603824615478516
0.054450035095214844
0.053601980209350586
0.050523996353149414
0.04864311218261719
0.04970431327819824
0.06726551055908203
0.05031394958496094
0.05300426483154297
0.06970477104187012
0.06050443649291992
0.062157392501831055
0.07156538963317871
0.06733894348144531
0.08017635345458984
0.05975627899169922
0.061493873596191406
0.0623011589050293
0.0558474063873291
0.05968141555786133
0.05761218070983887
0.061147451400756836
0.059001922607421875
0.05823945999145508
0.0589296817779541
0.06795930862426758
0.06656098365783691
0.07659292221069336
0.05992555618286133
0.06338334083557129
0.0650949478149414
0.07447290420532227
0.0691063404083252
0.0677938461303711
0.0692300796508789
0.06878972053527832
0.06588339805603027
0.06729841232299805
0.07030415534973145
0.07201170921325684
0.07186555862426758
0.07579445838928223
0.07418966293334961
0.07298851013183594
0.09071969985961914
0.06655740737915039
0.08585715293884277
0.06905007362365723
0.06965899467468262
0.07143139839172363
0.06800699234008789
0.06704473495483398
0.051726579666137695
0.05624198913574219
0.22337722778320312
0.13306164741516113
0.12666940689086914
0.11289048194885254
0.4531588554382324
0.27174973487854004
0.06930184364318848
1.2942943572998047
1.0754694938659668
0.8908679485321045
0.7382583618164062
0.473360538482666
0.2835826873779297
0.14893674850463867
0.08772444725036621
0.15151381492614746
0.10841107368469238
0.15274667739868164
0.12758350372314453
0.10116839408874512
0.09381651878356934
0.1266019344329834
0.07733011245727539
0.07791733741760254
0.11491060256958008
0.11123514175415039
0.07944750785827637
0.11579680442810059
0.0761406421661377
0.1735091209411621
0.08579587936401367
0.0503847599029541
0.0803687572479248
0.04871487617492676
0.04878950119018555
0.04275965690612793
0.08098125457763672
0.045528411865234375
0.0457003116607666
0.04369521141052246
0.05294966697692871
0.13955259323120117
0.04425930976867676
0.059173583984375
0.04729104042053223
0.21851038932800293
0.07281684875488281
0.049077510833740234
0.0484316349029541
0.04218769073486328
0.13043880462646484
0.2253730297088623
0.11865615844726562
0.17926573753356934
0.16711044311523438
0.10810065269470215
0.27110815048217773
0.07063913345336914
0.16014504432678223
0.07144331932067871
0.06906580924987793
0.12733674049377441
0.07654166221618652
0.10649919509887695
0.12663865089416504
0.21509599685668945
0.09704446792602539
0.08965110778808594
0.06309676170349121
0.19168806076049805
0.12345671653747559
0.06424593925476074
0.09085679054260254
0.09237957000732422
0.06150317192077637
0.06295204162597656
0.09711170196533203
0.17232799530029297
0.15706467628479004
0.16277003288269043
0.18484163284301758
0.054505109786987305
0.10139751434326172
0.0524287223815918
0.10825324058532715
0.11781096458435059
0.05917477607727051
0.14437603950500488
0.048369646072387695
0.0888211727142334
0.070465087890625
0.10977745056152344
0.08202242851257324
0.32079434394836426
0.08626580238342285
0.07574582099914551
0.09819197654724121
0.06992983818054199
0.09399127960205078
0.07416296005249023
0.13057875633239746
0.06829047203063965
0.1343231201171875
0.0683906078338623
0.06780552864074707
0.0948636531829834
0.07406258583068848
0.20059585571289062
0.15182924270629883
0.11350560188293457
0.0808103084564209
0.10884571075439453
0.10295438766479492
0.10881972312927246
0.09785342216491699
0.0737919807434082
0.11461472511291504
0.10924625396728516
0.05173826217651367
0.05030560493469238
0.06744813919067383
0.08096766471862793
0.033579349517822266
0.04894661903381348
0.1354825496673584
0.11770462989807129
0.16316628456115723
0.05933976173400879
0.1400766372680664
0.07831478118896484
0.11543893814086914
0.18679499626159668
0.1113438606262207
0.10974597930908203
0.10767245292663574
0.22493433952331543
0.14625215530395508
0.1457369327545166
0.1056525707244873
0.1555161476135254
0.1615581512451172
0.16828513145446777
0.10761404037475586
0.10283660888671875
0.10705280303955078
0.10671615600585938
0.10530781745910645
0.11969327926635742
0.10132145881652832
0.1094980239868164
0.15282249450683594
0.09765887260437012
0.12052035331726074
0.09391236305236816
0.09686923027038574
0.09065103530883789
0.08938717842102051
0.09864687919616699
0.10065007209777832
0.10123777389526367
0.09016633033752441
0.08505511283874512
0.1107633113861084
0.12434124946594238
0.11824226379394531
0.0883333683013916
0.10820889472961426
0.07689476013183594
0.14292430877685547
0.12665176391601562
0.16743850708007812
0.0648336410522461
0.11241006851196289
0.062447547912597656
0.058521270751953125
0.11452364921569824
0.06462979316711426
0.09089827537536621
0.06470036506652832
0.13751220703125
0.10143733024597168
0.07641839981079102
0.06597518920898438
0.06317830085754395
0.06348633766174316
0.0713798999786377
0.06737208366394043
0.07143259048461914
0.06485271453857422
0.053461551666259766
0.0738823413848877
0.041715383529663086
0.059693336486816406
0.041548728942871094
0.03771495819091797
0.04553651809692383
0.04131293296813965
0.04300737380981445
0.04171442985534668
0.04746079444885254
0.07195615768432617
0.04796481132507324
0.047165870666503906
0.05895280838012695
0.05403757095336914
0.0540769100189209
0.05502629280090332
0.05436563491821289
0.07162165641784668
0.06643176078796387
0.0737144947052002
0.07075810432434082
0.06157684326171875
0.08060002326965332
0.06342339515686035
0.06808829307556152
0.060556888580322266
0.07176661491394043
0.06821060180664062
0.05775094032287598
0.06038951873779297
0.05669426918029785
0.07134723663330078
0.05644392967224121
0.0581202507019043
0.05715322494506836
0.057418107986450195
0.05817675590515137
0.05315685272216797
0.054495811462402344
0.052527666091918945
0.05299091339111328
0.07551455497741699
0.05124163627624512
0.055283546447753906
0.07608556747436523
0.0900731086730957
0.06851387023925781
0.06909441947937012
0.0664975643157959
0.05300021171569824
0.052345991134643555
0.06154036521911621
0.05783200263977051
0.0760805606842041
0.055684804916381836
0.06373214721679688
0.050963640213012695
0.06412076950073242
0.06727814674377441
0.05533480644226074
0.05753374099731445
0.05882072448730469
0.07926225662231445
0.06135725975036621
0.06433606147766113
0.06476235389709473
0.06935501098632812
0.06638598442077637
0.057528018951416016
0.05967378616333008
0.06081557273864746
0.06202244758605957
0.07572746276855469
0.06793522834777832
0.06174421310424805
0.06299066543579102
0.06304121017456055
0.07002925872802734
0.07805681228637695
0.06968235969543457
0.0733327865600586
0.07350945472717285
0.07777094841003418
0.08735799789428711
0.07796883583068848
0.06444382667541504
0.06968998908996582
0.06512093544006348
0.06430506706237793
0.14819025993347168
0.05996990203857422
0.07830524444580078
0.2443394660949707
0.24531888961791992
0.09474921226501465
0.09419751167297363
0.10958242416381836
0.11290955543518066
0.09278225898742676
0.12577319145202637
0.0835719108581543
0.17660069465637207
0.07389235496520996
0.12491059303283691
0.07480216026306152
0.0719308853149414
0.07136750221252441
0.07291007041931152
0.06729245185852051
0.06934881210327148
0.06472301483154297
0.06621861457824707
0.11303949356079102
0.06557178497314453
0.06576943397521973
0.0899350643157959
0.06485605239868164
0.10171103477478027
0.06378436088562012
0.08914303779602051
0.05735898017883301
0.15652966499328613
0.17163968086242676
0.0937807559967041
0.03422355651855469
0.022745609283447266
0.10773324966430664
0.09267997741699219
0.03238701820373535
0.10242700576782227
0.0811612606048584
0.18706774711608887
0.1383037567138672
0.16457891464233398
0.17185091972351074
0.0963282585144043
0.1301255226135254
0.16457533836364746
0.12328648567199707
0.051003217697143555
0.04165959358215332
0.033791542053222656
0.06905937194824219
0.03203439712524414
0.02952289581298828
0.11476325988769531
0.1437978744506836
0.1416482925415039
0.12873339653015137
0.10410332679748535
0.12067461013793945
0.12063241004943848
0.09938907623291016
0.1301426887512207
0.10193371772766113
0.114349365234375
0.09818005561828613
0.09642529487609863
0.09814453125
0.0853421688079834
0.07262611389160156
0.15791106224060059
0.07920169830322266
0.056984663009643555
0.10230064392089844
0.09168195724487305
0.055860042572021484
0.07116580009460449
0.07051491737365723
0.13880062103271484
0.07088875770568848
0.07482171058654785
0.09264445304870605
0.15551137924194336
0.2274930477142334
0.04809427261352539
0.04357290267944336
0.04960775375366211
0.06458640098571777
0.048325538635253906
0.011097908020019531
0.14440512657165527
0.16875100135803223
0.1618335247039795
0.17369961738586426
0.07216405868530273
0.08561539649963379
0.09272122383117676
0.1564030647277832
0.05780982971191406
0.4063541889190674
0.34412288665771484
0.1027684211730957
0.03376650810241699
0.0380558967590332
0.04462099075317383
0.06584835052490234
0.04510998725891113
0.019493579864501953
0.1524949073791504
0.026439428329467773
0.019378185272216797
0.06716609001159668
0.01622295379638672
0.058509111404418945
0.1671156883239746
0.13353538513183594
0.4729163646697998
0.2487344741821289
0.10366415977478027
0.0450286865234375
0.026906490325927734
0.05722641944885254
0.02595973014831543
0.055475711822509766
0.07820725440979004
0.028712987899780273
0.027352333068847656
0.06375694274902344
0.10857033729553223
0.09754800796508789
0.1831355094909668
0.019331932067871094
0.14485478401184082
0.01998162269592285
0.12816739082336426
0.1110992431640625
0.1916964054107666
0.18253517150878906
0.11963725090026855
0.19678831100463867
0.16698789596557617
0.04697561264038086
0.04004502296447754
0.38510894775390625
0.18233489990234375
0.17495083808898926
0.03807783126831055
0.08243894577026367
0.029488563537597656
0.025282621383666992
0.13065671920776367
0.0728304386138916
0.0916290283203125
0.2024517059326172
0.15387415885925293
0.11530590057373047
0.05510401725769043
0.04886507987976074
0.03559064865112305
0.03932046890258789
0.03119683265686035
0.03223299980163574
0.085845947265625
0.03246617317199707
0.0196988582611084
0.04360556602478027
0.04508399963378906
0.05290627479553223
0.020108699798583984
0.028135061264038086
0.08382320404052734
0.1094970703125
0.11082887649536133
0.12657880783081055
0.10131239891052246
0.09054446220397949
0.22591853141784668
0.06312036514282227
0.17420196533203125
0.2486269474029541
0.5457503795623779
0.32599973678588867
0.16076326370239258
0.10296010971069336
0.042435646057128906
0.012599945068359375
0.09052801132202148
0.10184168815612793
0.11336445808410645
0.13029026985168457
0.08695793151855469
0.10071206092834473
0.1920783519744873
0.08985042572021484
0.1062157154083252
0.15873336791992188
0.08247995376586914
