0.031807661056518555
0.13155055046081543
0.045148372650146484
0.18632984161376953
0.03669333457946777
0.14917278289794922
0.02640509605407715
0.1354966163635254
0.1303260326385498
0.13635826110839844
0.026818513870239258
0.23945307731628418
0.12320804595947266
0.15366125106811523
0.12421989440917969
0.025235652923583984
0.14194464683532715
0.12938761711120605
0.0222775936126709
0.028815269470214844
0.02471637725830078
0.030091524124145508
0.04619026184082031
0.04229855537414551
0.033769845962524414
0.027632951736450195
0.02690744400024414
0.0446624755859375
0.049311161041259766
0.03215193748474121
0.036142587661743164
0.03371071815490723
0.04895353317260742
0.1496295928955078
0.05039191246032715
0.03908395767211914
0.04280567169189453
0.05147695541381836
0.038674116134643555
0.041741132736206055
0.04089689254760742
0.048748016357421875
0.05774354934692383
0.04653477668762207
0.052892208099365234
0.05920696258544922
0.04884600639343262
0.06034445762634277
0.05009889602661133
0.050160884857177734
0.06131458282470703
0.056131601333618164
0.057283639907836914
0.05702567100524902
0.06507205963134766
0.05613231658935547
0.07033109664916992
0.07118725776672363
0.06454277038574219
0.060546875
0.06036210060119629
0.05866670608520508
0.0713644027709961
0.07328009605407715
0.07335114479064941
0.07556986808776855
0.06827044486999512
0.08385682106018066
0.06836223602294922
0.08124542236328125
0.06735420227050781
0.0918738842010498
0.0681312084197998
0.08484601974487305
0.06834650039672852
0.09192204475402832
0.07404398918151855
0.08119940757751465
0.08471131324768066
0.07929348945617676
0.10020875930786133
0.09467744827270508
0.08762836456298828
0.09363007545471191
0.09746813774108887
0.1197509765625
0.09093189239501953
0.0880136489868164
0.10041570663452148
0.09279036521911621
0.09257173538208008
0.10521101951599121
0.09732198715209961
0.10896134376525879
0.1015019416809082
0.09854674339294434
0.11554884910583496
0.10178709030151367
0.11905527114868164
0.1045224666595459
0.1229252815246582
0.10328006744384766
0.102386474609375
0.10861635208129883
0.10562849044799805
0.11339163780212402
0.11894655227661133
0.11146426200866699
0.11397099494934082
0.108917236328125
0.11462283134460449
0.11954021453857422
0.020461559295654297
0.010015487670898438
0.01233816146850586
0.03035736083984375
0.028061866760253906
0.023554325103759766
0.02805495262145996
0.027602672576904297
0.03534436225891113
0.032050371170043945
0.05179762840270996
0.03000807762145996
0.017646312713623047
0.06273579597473145
0.01585531234741211
0.03934431076049805
0.02991032600402832
0.04514360427856445
0.019489288330078125
0.021286487579345703
0.02720022201538086
0.02824091911315918
0.03501558303833008
0.028797626495361328
0.04597043991088867
0.044893503189086914
0.04286551475524902
0.03091287612915039
0.07161927223205566
0.05193734169006348
0.0316770076751709
0.05509591102600098
0.04593515396118164
0.038222551345825195
0.05255532264709473
0.040975332260131836
0.03760886192321777
0.03768444061279297
0.035841941833496094
0.034827232360839844
0.04270672798156738
0.03737831115722656
0.05183601379394531
0.0395197868347168
0.0456085205078125
0.041680097579956055
0.0419158935546875
0.04579424858093262
0.060019731521606445
0.06174921989440918
0.062484025955200195
0.06496214866638184
0.0625307559967041
0.06482815742492676
0.06625962257385254
0.06732630729675293
0.05854082107543945
0.055593013763427734
0.07067155838012695
0.06329607963562012
0.05506396293640137
0.06798911094665527
0.057251930236816406
0.07552981376647949
0.09742355346679688
0.07518982887268066
0.07566618919372559
0.0593571662902832
0.06346702575683594
0.07677483558654785
0.07484936714172363
0.0629119873046875
0.07037496566772461
0.062132835388183594
0.05853915214538574
0.07476377487182617
0.060880184173583984
0.06390380859375
0.06673407554626465
0.06232023239135742
0.05943179130554199
0.05628395080566406
0.06301403045654297
0.05451560020446777
0.07231831550598145
0.06960725784301758
0.04325079917907715
0.046634674072265625
0.04401540756225586
0.05643033981323242
0.05084228515625
0.0525667667388916
0.0400240421295166
0.04326295852661133
0.05734729766845703
0.06247878074645996
0.04783225059509277
0.04347586631774902
0.037787437438964844
0.04234790802001953
0.03631758689880371
0.04144477844238281
0.050576210021972656
0.01816582679748535
0.02123403549194336
0.037276506423950195
0.04248642921447754
0.022223234176635742
0.01840043067932129
0.03446316719055176
0.024847030639648438
0.02700185775756836
0.032094478607177734
0.03807497024536133
0.03029918670654297
0.04373884201049805
0.03460383415222168
0.027240753173828125
0.0394749641418457
0.0254056453704834
0.043320417404174805
0.02943897247314453
0.04102802276611328
0.022848129272460938
0.036438703536987305
0.02588939666748047
0.03563070297241211
0.036095619201660156
0.028974294662475586
0.03159689903259277
0.028519153594970703
0.04379558563232422
0.043302297592163086
0.026076078414916992
0.02969050407409668
0.02776312828063965
0.019315481185913086
0.040006399154663086
0.040108680725097656
0.03432893753051758
0.02657485008239746
0.04800820350646973
0.032732486724853516
0.04487323760986328
0.03848981857299805
0.032392263412475586
0.03471732139587402
0.047968149185180664
0.03146481513977051
0.03209829330444336
0.045464277267456055
0.0425570011138916
0.05066061019897461
0.0394597053527832
0.0559537410736084
0.04967069625854492
0.03609514236450195
0.03883242607116699
0.03573942184448242
0.05611872673034668
0.03546643257141113
0.03583049774169922
0.04817056655883789
0.033329010009765625
0.03565692901611328
0.03720211982727051
0.04992413520812988
0.032434701919555664
0.03262901306152344
0.03449535369873047
0.04853248596191406
0.04712247848510742
0.05040097236633301
0.05476737022399902
0.04610800743103027
0.05211663246154785
0.03799009323120117
0.056307315826416016
0.04579615592956543
0.04101085662841797
0.05496525764465332
0.03444695472717285
0.15925264358520508
0.04004335403442383
0.14267301559448242
0.04081535339355469
0.14755535125732422
0.15712571144104004
0.04390144348144531
0.04494142532348633
0.1852421760559082
0.144761323928833
0.05962061882019043
0.05861639976501465
0.14166784286499023
0.13922405242919922
0.03667736053466797
0.14209580421447754
0.06083393096923828
0.05274820327758789
0.053940773010253906
0.03905296325683594
0.03839564323425293
0.053173065185546875
0.06250286102294922
0.05048251152038574
0.0456998348236084
0.0644221305847168
0.07364845275878906
0.0677635669708252
0.049375057220458984
0.0523371696472168
0.15101075172424316
0.054276466369628906
0.05692172050476074
0.07559013366699219
0.05714678764343262
0.059233903884887695
0.064208984375
0.06186366081237793
0.06130337715148926
0.0670461654663086
0.0855109691619873
0.144547700881958
0.2575545310974121
0.04442119598388672
0.05497884750366211
0.10929727554321289
0.14400744438171387
0.110748291015625
0.10739254951477051
0.11061358451843262
0.10748457908630371
0.10958409309387207
0.026940345764160156
0.006889820098876953
0.013107776641845703
0.015300512313842773
0.030759096145629883
0.034165382385253906
0.03722119331359863
0.017305612564086914
0.030634164810180664
0.029251575469970703
0.025051116943359375
0.029253721237182617
0.012327194213867188
0.031662702560424805
0.019844532012939453
0.03181266784667969
0.021257638931274414
0.0310208797454834
0.030930519104003906
0.030307531356811523
0.026102066040039062
0.03527569770812988
0.02660393714904785
0.037197113037109375
0.020967721939086914
0.024444103240966797
0.030817747116088867
0.03143143653869629
0.02770519256591797
0.029325008392333984
0.0404810905456543
0.03092360496520996
0.03603410720825195
0.042754173278808594
0.025711536407470703
0.041493892669677734
0.04138922691345215
0.050084829330444336
0.031624555587768555
0.040964603424072266
0.041562557220458984
0.048351287841796875
0.03796982765197754
0.035817861557006836
0.04455828666687012
0.04763221740722656
0.036939382553100586
0.05357170104980469
0.04607105255126953
0.05303168296813965
0.04240894317626953
0.04146099090576172
0.05727267265319824
0.046215057373046875
0.06316661834716797
0.05360126495361328
0.04130077362060547
0.06252717971801758
0.07203793525695801
0.04649686813354492
0.05581402778625488
0.05943918228149414
0.04265308380126953
0.055735111236572266
0.036643028259277344
0.051003217697143555
0.03327298164367676
0.04823446273803711
0.04861855506896973
0.037064552307128906
0.04976701736450195
0.02650618553161621
0.0436863899230957
0.03163719177246094
0.042464494705200195
0.027339696884155273
0.027547121047973633
0.02408766746520996
0.024450063705444336
0.042270660400390625
0.030942201614379883
0.028384923934936523
0.030883073806762695
0.046205997467041016
0.035881757736206055
0.08307337760925293
0.034447669982910156
0.03617286682128906
0.05015969276428223
0.03787875175476074
0.03960776329040527
0.05084633827209473
0.052469730377197266
0.04102778434753418
0.050064802169799805
0.04960370063781738
0.04378652572631836
0.04687166213989258
0.052732229232788086
0.0466303825378418
0.05989694595336914
0.04346895217895508
0.04463911056518555
0.0452723503112793
0.05477714538574219
0.04877614974975586
0.04905891418457031
0.04616832733154297
0.046074867248535156
0.04700016975402832
0.04255390167236328
0.045763254165649414
0.060454368591308594
0.05434250831604004
0.045479536056518555
0.04683995246887207
0.04701948165893555
0.06665968894958496
0.04182267189025879
0.1058950424194336
0.09644126892089844
0.1112217903137207
0.10886931419372559
0.10950756072998047
0.10598087310791016
0.11700010299682617
0.1146540641784668
0.11155939102172852
0.00768733024597168
0.01955890655517578
0.015935897827148438
0.014383316040039062
0.02978205680847168
0.022439002990722656
0.02278423309326172
0.13115835189819336
0.11828827857971191
0.1592249870300293
0.16936159133911133
0.0902867317199707
0.07444620132446289
0.09958052635192871
0.07581686973571777
0.06614089012145996
0.06980466842651367
0.07013297080993652
0.0926520824432373
0.0678412914276123
0.06076693534851074
0.05205893516540527
0.06973981857299805
0.06566476821899414
0.06468057632446289
0.06083106994628906
0.06273555755615234
0.03988313674926758
0.05214524269104004
0.03920626640319824
0.05686473846435547
0.05495858192443848
0.06157636642456055
0.054460763931274414
0.03869771957397461
0.04252934455871582
0.03690743446350098
0.04235982894897461
0.049715280532836914
0.048975229263305664
0.04876422882080078
0.04562950134277344
0.0559697151184082
0.05255913734436035
0.05592226982116699
0.04787635803222656
0.04494118690490723
0.05216217041015625
0.026165008544921875
0.027461528778076172
0.039177894592285156
0.046698570251464844
0.04045224189758301
0.0410611629486084
0.031289100646972656
0.03429007530212402
0.052407264709472656
0.04657411575317383
0.057463884353637695
0.04347109794616699
0.04225730895996094
0.0464935302734375
0.05670428276062012
0.08054924011230469
0.04385685920715332
0.04630017280578613
0.053704261779785156
0.10634899139404297
0.15113329887390137
0.10962891578674316
0.12232375144958496
0.38045167922973633
0.18326425552368164
0.05852055549621582
0.10051345825195312
0.06085395812988281
0.08148503303527832
0.04099917411804199
0.13327312469482422
0.11265730857849121
0.08156371116638184
0.11071062088012695
0.11635327339172363
0.18528056144714355
0.017774581909179688
0.13119792938232422
0.22066903114318848
0.41133904457092285
0.1405186653137207
0.1113426685333252
0.1227576732635498
0.106842041015625
0.12211942672729492
0.14966082572937012
0.11965823173522949
0.0907750129699707
0.12427139282226562
0.09255290031433105
0.0928199291229248
0.09656572341918945
0.09347057342529297
0.10013222694396973
0.09494495391845703
0.09730172157287598
0.11674094200134277
0.13072896003723145
0.10423707962036133
0.10155773162841797
0.10324215888977051
0.1232461929321289
0.15872788429260254
0.17997217178344727
0.11746692657470703
0.11121010780334473
0.10967135429382324
0.11685705184936523
0.12465429306030273
0.10863423347473145
0.11177802085876465
0.025313377380371094
0.11697530746459961
0.1331639289855957
0.13277125358581543
0.1347827911376953
0.21449899673461914
0.13093256950378418
0.12710356712341309
0.11702585220336914
0.11241483688354492
0.11219072341918945
0.1115732192993164
0.007271528244018555
0.023114919662475586
0.02351069450378418
0.01807093620300293
0.009983301162719727
0.019989490509033203
0.023688316345214844
0.02854323387145996
0.015314340591430664
0.04579281806945801
0.015957355499267578
0.2124335765838623
0.1957840919494629
0.19230127334594727
0.10918736457824707
0.09141254425048828
0.08684492111206055
0.11684250831604004
0.13013911247253418
0.08820438385009766
0.10487484931945801
0.09704208374023438
0.1250143051147461
0.09127664566040039
0.10331082344055176
0.10843968391418457
0.09010624885559082
0.10039734840393066
0.10489416122436523
0.0983424186706543
0.1275944709777832
0.08808112144470215
0.07489943504333496
0.1616344451904297
0.07722997665405273
0.08187365531921387
0.188065767288208
0.18729543685913086
0.12303304672241211
0.07787895202636719
0.14714932441711426
0.1255803108215332
0.14086079597473145
0.149550199508667
0.09881711006164551
0.08544921875
0.12950968742370605
0.1253681182861328
0.09439206123352051
0.0857858657836914
0.10964345932006836
0.1430513858795166
0.11226248741149902
0.09695005416870117
0.08275532722473145
0.10616374015808105
0.09054160118103027
0.0862729549407959
0.08335685729980469
0.09338188171386719
0.11134624481201172
0.13202857971191406
0.06995677947998047
0.07283520698547363
0.08079409599304199
0.0730123519897461
0.11168360710144043
0.07165670394897461
0.08257174491882324
0.07628035545349121
0.042798757553100586
0.047547101974487305
0.04898214340209961
0.10388851165771484
0.0631558895111084
0.06241750717163086
0.0876612663269043
0.06369733810424805
0.10258889198303223
0.05325198173522949
0.05520772933959961
0.04587244987487793
0.05562782287597656
0.06078672409057617
0.054381370544433594
0.0714864730834961
0.04436182975769043
0.0414581298828125
0.04289531707763672
0.05884051322937012
0.05648493766784668
0.05625557899475098
0.048491716384887695
0.057515621185302734
0.04919028282165527
0.05035209655761719
0.059166908264160156
0.07369184494018555
0.0644533634185791
0.056452274322509766
0.060125112533569336
0.06421518325805664
0.0637812614440918
0.06011080741882324
0.06936883926391602
0.07405543327331543
0.06326079368591309
0.07845234870910645
0.05820608139038086
0.057775020599365234
0.0789937973022461
0.059320926666259766
0.06949496269226074
0.060013532638549805
0.06293058395385742
0.0799252986907959
0.06092572212219238
0.0772397518157959
0.06566286087036133
0.07942438125610352
0.06893682479858398
0.06728577613830566
0.07817888259887695
0.07155084609985352
0.11583113670349121
0.08433341979980469
0.06656289100646973
0.07136988639831543
0.07399678230285645
0.07864260673522949
0.07232880592346191
0.07784652709960938
0.08560490608215332
0.07472681999206543
0.09168410301208496
0.07620477676391602
0.07338714599609375
0.08014202117919922
0.0708308219909668
0.0910637378692627
0.15939068794250488
0.1611168384552002
0.16408276557922363
0.1554126739501953
0.3067131042480469
0.13453984260559082
0.14440536499023438
0.2966442108154297
0.43958520889282227
0.19092679023742676
0.31256866455078125
1.119861364364624
0.921818733215332
0.7391610145568848
0.5346083641052246
0.2642688751220703
0.21373367309570312
0.15241456031799316
0.1005411148071289
0.09654355049133301
0.1238105297088623
0.09334182739257812
0.0879526138305664
0.0913536548614502
0.13247394561767578
0.1027982234954834
0.10479092597961426
0.21045207977294922
0.09764528274536133
0.12119221687316895
0.12746906280517578
0.12873482704162598
0.12159442901611328
0.16427254676818848
0.09830164909362793
0.05167651176452637
0.1283583641052246
0.08364486694335938
0.07249689102172852
0.04463815689086914
0.07297468185424805
0.06590104103088379
0.06281065940856934
0.09547066688537598
0.05605816841125488
0.12653422355651855
0.05245804786682129
0.04638361930847168
0.08708620071411133
0.0594635009765625
0.08504819869995117
0.06765007972717285
0.1366736888885498
0.05257010459899902
0.11007857322692871
0.2229151725769043
0.17883872985839844
0.08673596382141113
0.14376091957092285
0.4521338939666748
0.2783784866333008
0.07863283157348633
0.1110541820526123
0.10011720657348633
0.09568119049072266
0.0737457275390625
0.15592265129089355
0.1468508243560791
0.07403159141540527
0.13445544242858887
0.07891511917114258
0.09841275215148926
0.10425710678100586
0.07931089401245117
0.09899640083312988
0.09072613716125488
0.09415841102600098
0.06863212585449219
0.07971739768981934
0.06523489952087402
0.18210649490356445
0.09085917472839355
0.1354355812072754
0.15673184394836426
0.16533136367797852
0.10442137718200684
0.13124346733093262
0.07115626335144043
0.14386343955993652
0.11329770088195801
0.07076287269592285
0.10169076919555664
0.08140158653259277
0.0915369987487793
0.09515666961669922
0.06723403930664062
0.05187845230102539
0.31349968910217285
0.08831405639648438
0.12099480628967285
0.0983884334564209
0.0770416259765625
0.10097479820251465
0.07373428344726562
0.09396886825561523
0.09192776679992676
0.1217794418334961
0.09334278106689453
0.10950183868408203
0.1560986042022705
0.404193639755249
0.1944751739501953
0.11092734336853027
0.11610269546508789
0.1051476001739502
0.07869219779968262
0.10629153251647949
0.12772917747497559
0.09973835945129395
0.09224200248718262
0.08237600326538086
0.08926892280578613
0.1397993564605713
0.0797736644744873
0.05583930015563965
0.08622002601623535
0.03418540954589844
0.06017947196960449
0.13980340957641602
0.06930327415466309
0.19552040100097656
0.0737295150756836
0.1681525707244873
0.11863422393798828
0.05529499053955078
0.18872809410095215
0.16692519187927246
0.13979101181030273
0.11325860023498535
0.2373216152191162
0.14395642280578613
0.12954211235046387
0.10547280311584473
0.14457225799560547
0.16389131546020508
0.18075799942016602
0.12285494804382324
0.12588095664978027
0.11754274368286133
0.10732817649841309
0.1350841522216797
0.18526077270507812
0.12330412864685059
0.13216447830200195
0.15189194679260254
0.16189837455749512
0.09906315803527832
0.12480902671813965
0.09899520874023438
0.12809324264526367
0.12972235679626465
0.11308884620666504
0.11677217483520508
0.11219453811645508
0.12167978286743164
0.09581542015075684
0.0910043716430664
0.13753366470336914
0.10491538047790527
0.08943772315979004
0.10275006294250488
0.11823344230651855
0.09031248092651367
0.14294981956481934
0.11783504486083984
0.1591320037841797
0.0682363510131836
0.09648656845092773
0.0881500244140625
0.0624089241027832
0.1116034984588623
0.10648727416992188
0.11735057830810547
0.06601119041442871
0.12098383903503418
0.08330368995666504
0.0680551528930664
0.06517338752746582
0.07054972648620605
0.06798148155212402
0.07501006126403809
0.07963919639587402
0.06963658332824707
0.08893203735351562
0.15499258041381836
0.04074382781982422
0.08164644241333008
0.056775808334350586
0.052281856536865234
0.04224038124084473
0.05085110664367676
0.05872750282287598
0.054720163345336914
0.04346823692321777
0.07390928268432617
0.049816131591796875
0.04926633834838867
0.0522305965423584
0.07807540893554688
0.06528067588806152
0.06495141983032227
0.06009554862976074
0.06769251823425293
0.07654142379760742
0.07234001159667969
0.07661938667297363
0.0669255256652832
0.08256983757019043
0.06419825553894043
0.06520843505859375
0.07149386405944824
0.06813502311706543
0.08181595802307129
0.06008148193359375
0.060782432556152344
0.06687784194946289
0.06522774696350098
0.06750917434692383
0.07337355613708496
0.07350277900695801
0.07812285423278809
0.07168173789978027
0.0547182559967041
0.05650925636291504
0.05656838417053223
0.07253789901733398
0.06522464752197266
0.0521695613861084
0.06047534942626953
0.07577657699584961
0.07679629325866699
0.07208371162414551
0.05086517333984375
0.060561180114746094
0.05389547348022461
0.057602643966674805
0.06938052177429199
0.07358646392822266
0.07870697975158691
0.07634973526000977
0.05821728706359863
0.05151081085205078
0.0700535774230957
0.06700825691223145
0.05607771873474121
0.07224130630493164
0.06281161308288574
0.061173200607299805
0.0632631778717041
0.07989668846130371
0.06999444961547852
0.06784248352050781
0.06986093521118164
0.06825780868530273
0.07173562049865723
0.08199501037597656
0.07539010047912598
0.07621002197265625
0.0729973316192627
0.07867789268493652
0.07953071594238281
0.08082866668701172
0.06846070289611816
0.08938193321228027
0.0854496955871582
0.08524417877197266
0.0781412124633789
0.07684779167175293
0.0751502513885498
0.1570284366607666
0.06252765655517578
0.07937121391296387
0.06729650497436523
0.06855916976928711
0.19990921020507812
0.0651085376739502
0.06624913215637207
0.12909817695617676
0.23962759971618652
0.15849018096923828
0.12832164764404297
0.10683035850524902
0.11441993713378906
0.12095117568969727
0.12779688835144043
0.1335914134979248
0.08590388298034668
0.08026242256164551
0.1277010440826416
0.08742737770080566
0.0975027084350586
0.12560391426086426
0.07084178924560547
0.09281110763549805
0.12665176391601562
0.0933082103729248
0.09285950660705566
0.1428377628326416
0.12385821342468262
0.08613371849060059
0.09453392028808594
0.12146472930908203
0.11502814292907715
0.0742182731628418
0.0828399658203125
0.07942986488342285
0.1607835292816162
0.15091872215270996
0.1419661045074463
0.19749093055725098
0.025124549865722656
0.3112034797668457
0.07265830039978027
0.13022661209106445
0.11059880256652832
0.07539963722229004
0.17272186279296875
0.16353774070739746
0.19279050827026367
0.24268651008605957
0.09534454345703125
0.08580875396728516
0.1445467472076416
0.16513633728027344
0.08617043495178223
0.05583000183105469
0.03969550132751465
0.11576557159423828
0.09797096252441406
0.1255478858947754
0.11205506324768066
0.14955687522888184
0.1353456974029541
0.1150050163269043
0.1064140796661377
0.12389421463012695
0.11383342742919922
0.16420221328735352
0.19706058502197266
0.21012067794799805
0.12020206451416016
0.1212015151977539
0.11055755615234375
0.13224005699157715
0.12560582160949707
0.10329771041870117
0.171675443649292
0.07239580154418945
0.06725335121154785
0.09707403182983398
0.057317256927490234
0.05995750427246094
0.054077863693237305
0.07533812522888184
0.10479593276977539
0.06889605522155762
0.04931807518005371
0.12921452522277832
0.10802555084228516
0.23064827919006348
0.0677635669708252
0.04806327819824219
0.036101579666137695
0.06716609001159668
0.08679318428039551
0.04253029823303223
0.1136469841003418
0.2681152820587158
0.1798858642578125
0.07524824142456055
0.06544852256774902
0.06690454483032227
0.09157609939575195
0.13038921356201172
0.07293272018432617
0.3835444450378418
0.14333343505859375
0.02717137336730957
0.05525684356689453
0.051412343978881836
0.04110097885131836
0.01956343650817871
0.06171131134033203
0.01956796646118164
0.14055180549621582
0.030359506607055664
0.0198822021484375
0.05234360694885254
0.017029762268066406
0.036313533782958984
0.13918161392211914
0.13612794876098633
0.37038135528564453
0.14625883102416992
0.13730192184448242
0.07625818252563477
0.03173542022705078
0.07410049438476562
0.030376434326171875
0.02757120132446289
0.05440068244934082
0.11070442199707031
0.06962203979492188
0.07727742195129395
0.09563708305358887
0.037340641021728516
0.14513039588928223
0.020060300827026367
0.14790749549865723
0.06979250907897949
0.13919711112976074
0.18699216842651367
0.20792007446289062
0.2706797122955322
0.12322759628295898
0.2195453643798828
0.17066550254821777
0.07540249824523926
0.057112932205200195
0.23954391479492188
0.15493488311767578
0.1563255786895752
0.06564211845397949
0.06707096099853516
0.07351922988891602
0.04250788688659668
0.12987351417541504
0.18962478637695312
0.10025215148925781
0.25157690048217773
0.10137438774108887
0.04163932800292969
0.044394493103027344
0.04043769836425781
0.0570526123046875
0.04389524459838867
0.09240055084228516
0.031002283096313477
0.08537793159484863
0.042244911193847656
0.020981311798095703
0.0734548568725586
0.03164553642272949
0.04288816452026367
0.10589241981506348
0.11680817604064941
0.024136781692504883
0.17535066604614258
0.13040733337402344
0.1475358009338379
0.13460254669189453
0.14688897132873535
0.23865079879760742
0.2553563117980957
0.10714435577392578
0.12431502342224121
0.12368440628051758
0.361452579498291
0.13315653800964355
0.14792871475219727
0.11180305480957031
0.055011749267578125
0.09795475006103516
0.09357309341430664
0.1063838005065918
0.11595511436462402
0.1341691017150879
0.1634666919708252
0.1719646453857422
0.12141013145446777
0.1379406452178955
0.13889837265014648
0.08543086051940918
0.16921496391296387
0.16452503204345703
0.07890701293945312
