0.06864190101623535
0.18571209907531738
0.042051076889038086
0.14826107025146484
0.0828397274017334
0.1300652027130127
0.13677167892456055
0.14566254615783691
0.03354191780090332
0.2391037940979004
0.13341450691223145
0.137678861618042
0.13949012756347656
0.0405120849609375
0.13436579704284668
0.13036775588989258
0.03768515586853027
0.029216527938842773
0.03484463691711426
0.04089617729187012
0.04490232467651367
0.0377652645111084
0.03860187530517578
0.04779672622680664
0.0406491756439209
0.036734819412231445
0.04921531677246094
0.043549299240112305
0.03661942481994629
0.042691946029663086
0.0385282039642334
0.15855073928833008
0.04818463325500488
0.048801422119140625
0.043695688247680664
0.05582308769226074
0.05378603935241699
0.04804182052612305
0.0517878532409668
0.054730892181396484
0.057228803634643555
0.05231785774230957
0.0533146858215332
0.05943489074707031
0.04895424842834473
0.05602741241455078
0.05080580711364746
0.05126500129699707
0.05129694938659668
0.051781654357910156
0.06638312339782715
0.061295509338378906
0.06602025032043457
0.06494498252868652
0.07257652282714844
0.058374643325805664
0.05993175506591797
0.06036806106567383
0.07575774192810059
0.07180428504943848
0.06788969039916992
0.07583403587341309
0.0765683650970459
0.07716703414916992
0.07489132881164551
0.0756535530090332
0.0814809799194336
0.08504652976989746
0.0770113468170166
0.09364604949951172
0.07221317291259766
0.0884552001953125
0.08309674263000488
0.07637667655944824
0.07761764526367188
0.09806227684020996
0.08986449241638184
0.09626650810241699
0.10429954528808594
0.1038200855255127
0.08803486824035645
0.08890819549560547
0.10011434555053711
0.10190677642822266
0.10730600357055664
0.13634967803955078
0.11126279830932617
0.09914588928222656
0.09652185440063477
0.09750580787658691
0.10340142250061035
0.11232185363769531
0.10284733772277832
0.1052865982055664
0.11585068702697754
0.10767102241516113
0.11419486999511719
0.10552191734313965
0.12023138999938965
0.11826467514038086
0.11828184127807617
0.11449599266052246
0.11968994140625
0.10934710502624512
0.11637330055236816
0.12615728378295898
0.13027477264404297
0.11299014091491699
0.11882543563842773
0.11466121673583984
0.020231008529663086
0.013811111450195312
0.026613712310791016
0.031091928482055664
0.029713869094848633
0.033757925033569336
0.033452510833740234
0.0314021110534668
0.035695791244506836
0.020671844482421875
0.04502677917480469
0.02124810218811035
0.02160191535949707
0.048239946365356445
0.025016069412231445
0.04166913032531738
0.05014324188232422
0.05406069755554199
0.02390432357788086
0.03492140769958496
0.027708053588867188
0.03207874298095703
0.03491950035095215
0.03262495994567871
0.04277801513671875
0.043320655822753906
0.04441237449645996
0.04055452346801758
0.06415510177612305
0.04218649864196777
0.05068659782409668
0.049723148345947266
0.05701303482055664
0.04857659339904785
0.06303095817565918
0.046700477600097656
0.05002117156982422
0.05279421806335449
0.040076494216918945
0.05177736282348633
0.04393267631530762
0.038041114807128906
0.05579566955566406
0.05468130111694336
0.051215171813964844
0.04220986366271973
0.06281471252441406
0.057933807373046875
0.059683799743652344
0.04723978042602539
0.05041146278381348
0.0658869743347168
0.049935340881347656
0.05547642707824707
0.0722191333770752
0.07709431648254395
0.06882309913635254
0.07007288932800293
0.07131075859069824
0.07268786430358887
0.07646822929382324
0.06285643577575684
0.0727243423461914
0.0832052230834961
0.09338903427124023
0.07013273239135742
0.07633495330810547
0.07309579849243164
0.07544636726379395
0.07828736305236816
0.0778803825378418
0.07494187355041504
0.07980823516845703
0.06840372085571289
0.06189417839050293
0.07226443290710449
0.0767662525177002
0.06457901000976562
0.05677628517150879
0.061530113220214844
0.06016111373901367
0.07193994522094727
0.07490158081054688
0.06994104385375977
0.0632331371307373
0.07311534881591797
0.047023773193359375
0.057669878005981445
0.06494927406311035
0.06482076644897461
0.05615091323852539
0.0444035530090332
0.05847907066345215
0.057875871658325195
0.05978655815124512
0.0493009090423584
0.04291558265686035
0.0516359806060791
0.032675743103027344
0.04582333564758301
0.04279470443725586
0.04288673400878906
0.0498967170715332
0.02191948890686035
0.030488252639770508
0.038324594497680664
0.03655219078063965
0.03843355178833008
0.03689980506896973
0.02336406707763672
0.03672337532043457
0.0278165340423584
0.027339458465576172
0.040537357330322266
0.030552148818969727
0.030278444290161133
0.04264640808105469
0.031247854232788086
0.042543888092041016
0.040648460388183594
0.028470754623413086
0.035637855529785156
0.03661513328552246
0.03739595413208008
0.0351414680480957
0.023367643356323242
0.030437707901000977
0.044584035873413086
0.04279613494873047
0.049016714096069336
0.032242536544799805
0.03208756446838379
0.03289151191711426
0.040430307388305664
0.04429745674133301
0.04173731803894043
0.028792858123779297
0.036690711975097656
0.026973247528076172
0.0381016731262207
0.03037405014038086
0.04825949668884277
0.03318142890930176
0.03249049186706543
0.0443873405456543
0.03250741958618164
0.034230947494506836
0.0467076301574707
0.05313301086425781
0.03573441505432129
0.034967660903930664
0.038115501403808594
0.0374908447265625
0.054428815841674805
0.04254770278930664
0.04944109916687012
0.057497262954711914
0.0500335693359375
0.05035758018493652
0.04002499580383301
0.0390164852142334
0.04950881004333496
0.0425722599029541
0.047324180603027344
0.048554420471191406
0.04852008819580078
0.03762078285217285
0.047197818756103516
0.04986906051635742
0.037859201431274414
0.04617667198181152
0.056026458740234375
0.054412841796875
0.04041790962219238
0.051276445388793945
0.05628609657287598
0.059053659439086914
0.05882763862609863
0.05200076103210449
0.05336761474609375
0.04879570007324219
0.056374311447143555
0.1570127010345459
0.04344892501831055
0.1570262908935547
0.04449725151062012
0.15985727310180664
0.15913176536560059
0.05018496513366699
0.0810387134552002
0.18560481071472168
0.1669144630432129
0.05572342872619629
0.0549776554107666
0.15131878852844238
0.15710997581481934
0.0515284538269043
0.15838003158569336
0.06201934814453125
0.05209207534790039
0.05790090560913086
0.04275989532470703
0.0427250862121582
0.05518174171447754
0.062203168869018555
0.05136251449584961
0.05900239944458008
0.06316375732421875
0.06739521026611328
0.06829285621643066
0.06925630569458008
0.057332515716552734
0.1461338996887207
0.06674957275390625
0.06743335723876953
0.06531453132629395
0.07140445709228516
0.08431148529052734
0.07035970687866211
0.07817268371582031
0.07622146606445312
0.08450436592102051
0.0857381820678711
0.24482464790344238
0.2666633129119873
0.051877737045288086
0.05184149742126465
0.1304473876953125
0.1410083770751953
0.11861014366149902
0.13538432121276855
0.12213015556335449
0.11682891845703125
0.12267851829528809
0.017212629318237305
0.015863895416259766
0.021677732467651367
0.026592493057250977
0.022312641143798828
0.03412055969238281
0.03834676742553711
0.03207874298095703
0.03672456741333008
0.015076160430908203
0.02083587646484375
0.033838748931884766
0.02644968032836914
0.024348020553588867
0.020868778228759766
0.03328227996826172
0.03330516815185547
0.031116247177124023
0.035576820373535156
0.035980224609375
0.024316072463989258
0.026921510696411133
0.02680492401123047
0.04091382026672363
0.029705286026000977
0.03277444839477539
0.03150653839111328
0.034659624099731445
0.03801226615905762
0.04413771629333496
0.041673898696899414
0.04114866256713867
0.040431976318359375
0.030052900314331055
0.03478431701660156
0.04021620750427246
0.0370485782623291
0.05259299278259277
0.043047189712524414
0.03738856315612793
0.04656338691711426
0.046720266342163086
0.05057835578918457
0.053569793701171875
0.051808834075927734
0.038353919982910156
0.04594302177429199
0.04086184501647949
0.0544133186340332
0.042181968688964844
0.05281996726989746
0.04485154151916504
0.0554962158203125
0.04638481140136719
0.05760598182678223
0.05399727821350098
0.05567169189453125
0.06551480293273926
0.07313132286071777
0.039122581481933594
0.0541534423828125
0.05987143516540527
0.06469345092773438
0.06449079513549805
0.03816342353820801
0.05114102363586426
0.04253649711608887
0.0476679801940918
0.037743568420410156
0.06287431716918945
0.03546595573425293
0.04130101203918457
0.05014753341674805
0.0466156005859375
0.04507875442504883
0.031175851821899414
0.037285566329956055
0.03957867622375488
0.0397188663482666
0.04173541069030762
0.04266715049743652
0.04303407669067383
0.039800405502319336
0.03498339653015137
0.051351308822631836
0.07354497909545898
0.04744553565979004
0.03699779510498047
0.04529094696044922
0.05048727989196777
0.040029048919677734
0.04850602149963379
0.05407071113586426
0.041559457778930664
0.04691052436828613
0.05529141426086426
0.04983258247375488
0.04715609550476074
0.055437564849853516
0.0527806282043457
0.05533242225646973
0.04689598083496094
0.06537556648254395
0.06589722633361816
0.059452056884765625
0.055999755859375
0.07035255432128906
0.08704352378845215
0.05796074867248535
0.0481562614440918
0.04647970199584961
0.046599388122558594
0.05923581123352051
0.052523136138916016
0.05747389793395996
0.05680704116821289
0.19530820846557617
0.12549304962158203
0.04816842079162598
0.051023244857788086
0.21204018592834473
0.11792373657226562
0.11006474494934082
0.11375880241394043
0.11969685554504395
0.1122739315032959
0.11528801918029785
0.1363232135772705
0.011450529098510742
0.014688253402709961
0.022814035415649414
0.023825883865356445
0.02259993553161621
0.02685999870300293
0.02982473373413086
0.12222909927368164
0.1183772087097168
0.14213037490844727
0.16745877265930176
0.11968994140625
0.0994415283203125
0.0882425308227539
0.10780024528503418
0.08740520477294922
0.07582950592041016
0.08155703544616699
0.09924650192260742
0.0686497688293457
0.07274770736694336
0.06274819374084473
0.06046414375305176
0.06583046913146973
0.06870913505554199
0.06039834022521973
0.05594372749328613
0.04542398452758789
0.04215359687805176
0.04828238487243652
0.05398201942443848
0.06199026107788086
0.06732439994812012
0.04326343536376953
0.045168399810791016
0.04922342300415039
0.05078458786010742
0.05170297622680664
0.05513262748718262
0.05480813980102539
0.04950690269470215
0.061014652252197266
0.047710418701171875
0.05947113037109375
0.05770564079284668
0.05434584617614746
0.0494084358215332
0.0592496395111084
0.037438392639160156
0.04008197784423828
0.029558658599853516
0.05434989929199219
0.05299735069274902
0.04147648811340332
0.040052175521850586
0.03510546684265137
0.05694007873535156
0.053687095642089844
0.05881333351135254
0.05524635314941406
0.04599428176879883
0.060333967208862305
0.05132007598876953
0.07823348045349121
0.055381059646606445
0.05210518836975098
0.051017045974731445
0.08312010765075684
0.14390778541564941
0.12991070747375488
0.18202638626098633
0.2893497943878174
0.09980559349060059
0.05404043197631836
0.06470108032226562
0.07515811920166016
0.10023260116577148
0.06498575210571289
0.11539626121520996
0.03787875175476074
0.08616876602172852
0.11623930931091309
0.10950636863708496
0.2009580135345459
0.061162471771240234
0.18588948249816895
0.20383429527282715
0.2235095500946045
0.12722182273864746
0.12419486045837402
0.12210822105407715
0.10941195487976074
0.11505389213562012
0.09699058532714844
0.10624885559082031
0.10935854911804199
0.11862778663635254
0.10802817344665527
0.11226487159729004
0.10840296745300293
0.09806251525878906
0.11188864707946777
0.10957741737365723
0.10705733299255371
0.1174466609954834
0.10845327377319336
0.11436057090759277
0.1062617301940918
0.11722111701965332
0.10957050323486328
0.14213061332702637
0.1979076862335205
0.11688399314880371
0.11304378509521484
0.13068270683288574
0.12340426445007324
0.11186003684997559
0.12461352348327637
0.1172637939453125
0.026645183563232422
0.11803460121154785
0.12476372718811035
0.13140654563903809
0.1363999843597412
0.22762537002563477
0.1263742446899414
0.12872099876403809
0.13579392433166504
0.12570405006408691
0.11333966255187988
0.12480378150939941
0.016138076782226562
0.024689435958862305
0.02467179298400879
0.022633075714111328
0.019189119338989258
0.02711033821105957
0.026598691940307617
0.027680158615112305
0.02991199493408203
0.053629398345947266
0.021814584732055664
0.16765594482421875
0.13711929321289062
0.17417168617248535
0.13452744483947754
0.12267494201660156
0.12285399436950684
0.10918116569519043
0.12853050231933594
0.09347200393676758
0.10315513610839844
0.1050562858581543
0.11026239395141602
0.1033172607421875
0.11681699752807617
0.13933491706848145
0.09059786796569824
0.10700058937072754
0.10109877586364746
0.10992813110351562
0.12317609786987305
0.08230876922607422
0.09568977355957031
0.15839529037475586
0.1274120807647705
0.10561323165893555
0.11847734451293945
0.21486330032348633
0.22366857528686523
0.09437704086303711
0.14757442474365234
0.13573598861694336
0.12065362930297852
0.14405608177185059
0.08259344100952148
0.11805510520935059
0.12302207946777344
0.12978577613830566
0.09566068649291992
0.08614945411682129
0.07842493057250977
0.1462082862854004
0.10448694229125977
0.1251223087310791
0.11805605888366699
0.10376262664794922
0.07728886604309082
0.08336901664733887
0.07851266860961914
0.08661842346191406
0.15056777000427246
0.11710762977600098
0.10251545906066895
0.0801858901977539
0.0804586410522461
0.08430695533752441
0.11529541015625
0.08743166923522949
0.13748812675476074
0.07282280921936035
0.06260561943054199
0.0490725040435791
0.054488420486450195
0.10023641586303711
0.06567263603210449
0.057999610900878906
0.08243775367736816
0.07354903221130371
0.07941055297851562
0.09402918815612793
0.05677151679992676
0.04723763465881348
0.05191397666931152
0.05598711967468262
0.04504728317260742
0.056572675704956055
0.055565834045410156
0.05722498893737793
0.052715301513671875
0.06071734428405762
0.05637216567993164
0.06445503234863281
0.06062173843383789
0.05240154266357422
0.06853914260864258
0.05384516716003418
0.05974578857421875
0.0628669261932373
0.07585811614990234
0.08014774322509766
0.0639505386352539
0.06603288650512695
0.07643938064575195
0.07040858268737793
0.06417441368103027
0.0751490592956543
0.07710623741149902
0.07358264923095703
0.0736074447631836
0.06189250946044922
0.0635528564453125
0.07930326461791992
0.06414604187011719
0.06435990333557129
0.06311154365539551
0.06452035903930664
0.07742071151733398
0.07045817375183105
0.07329607009887695
0.0804300308227539
0.08109402656555176
0.07117199897766113
0.07688784599304199
0.08676290512084961
0.09951114654541016
0.08009219169616699
0.08140707015991211
0.0775153636932373
0.08521890640258789
0.08344769477844238
0.07594108581542969
0.08268308639526367
0.0758061408996582
0.08898019790649414
0.07820272445678711
0.07167291641235352
0.08061790466308594
0.0814521312713623
0.08562445640563965
0.07859396934509277
0.12860107421875
0.1615912914276123
0.1719062328338623
0.1971111297607422
0.17192864418029785
0.14069771766662598
0.13738536834716797
0.2799348831176758
0.47666335105895996
0.21735572814941406
0.06903576850891113
1.4244468212127686
1.213033676147461
1.0540995597839355
0.8615639209747314
0.5936417579650879
0.37342095375061035
0.16962909698486328
0.09282946586608887
0.14497613906860352
0.1400458812713623
0.15139150619506836
0.12630796432495117
0.11335301399230957
0.13002824783325195
0.14065241813659668
0.16910600662231445
0.22340011596679688
0.13401412963867188
0.10391068458557129
0.10686731338500977
0.11350727081298828
0.0772714614868164
0.17374205589294434
0.10119199752807617
0.058650970458984375
0.09433603286743164
0.07745838165283203
0.08105063438415527
0.07534909248352051
0.06796669960021973
0.0585479736328125
0.06484055519104004
0.09331727027893066
0.07149195671081543
0.05251884460449219
0.08523845672607422
0.06278586387634277
0.10675311088562012
0.22200298309326172
0.07381391525268555
0.08356404304504395
0.11022734642028809
0.02893805503845215
0.10975813865661621
0.10230112075805664
0.08594727516174316
0.09213566780090332
0.1958162784576416
0.11542010307312012
0.2716081142425537
0.08912420272827148
0.08457231521606445
0.10460472106933594
0.0916895866394043
0.16381144523620605
0.13363862037658691
0.1501626968383789
0.16461849212646484
0.10950112342834473
0.1040346622467041
0.11699604988098145
0.08234953880310059
0.20154500007629395
0.10103774070739746
0.11294341087341309
0.09632158279418945
0.08386588096618652
0.06735086441040039
0.08248758316040039
0.1138002872467041
0.08924746513366699
0.13609647750854492
0.15010309219360352
0.1920762062072754
0.12044882774353027
0.10738587379455566
0.0700678825378418
0.13915491104125977
0.11961245536804199
0.09950065612792969
0.1085817813873291
0.08623385429382324
0.09524893760681152
0.05895733833312988
0.07686305046081543
0.08885049819946289
0.2949995994567871
0.09370684623718262
0.12217092514038086
0.10606646537780762
0.08309054374694824
0.08683896064758301
0.09562373161315918
0.11951541900634766
0.07614994049072266
0.09077930450439453
0.0959463119506836
0.12334632873535156
0.12459993362426758
0.17510128021240234
0.15790319442749023
0.15692567825317383
0.16145086288452148
0.08861446380615234
0.09690117835998535
0.0932474136352539
0.12739038467407227
0.0716240406036377
0.06928777694702148
0.09463047981262207
0.11265993118286133
0.13491177558898926
0.07464218139648438
0.07351040840148926
0.04838752746582031
0.08083629608154297
0.040605783462524414
0.14858269691467285
0.05974245071411133
0.19644951820373535
0.053061485290527344
0.16591763496398926
0.13498926162719727
0.07945728302001953
0.1735844612121582
0.12882184982299805
0.14344143867492676
0.16273927688598633
0.23071718215942383
0.1450498104095459
0.1647357940673828
0.11060142517089844
0.1434164047241211
0.1505904197692871
0.1310274600982666
0.12122464179992676
0.11643648147583008
0.12209630012512207
0.13823890686035156
0.1324317455291748
0.18438982963562012
0.14621257781982422
0.13109278678894043
0.10730719566345215
0.17119145393371582
0.16631579399108887
0.13109660148620605
0.12104678153991699
0.13543033599853516
0.18416047096252441
0.10151982307434082
0.1147150993347168
0.10035347938537598
0.13002324104309082
0.09797143936157227
0.12000799179077148
0.11573600769042969
0.09113097190856934
0.11694598197937012
0.11300969123840332
0.14970111846923828
0.10879898071289062
0.13549041748046875
0.13994503021240234
0.12275981903076172
0.10696291923522949
0.09066390991210938
0.06574845314025879
0.06917572021484375
0.11122417449951172
0.10799765586853027
0.1333918571472168
0.07319831848144531
0.11762619018554688
0.08720254898071289
0.08379101753234863
0.08155679702758789
0.07136344909667969
0.06930971145629883
0.08339333534240723
0.08489060401916504
0.07063412666320801
0.11172771453857422
0.05821037292480469
0.07023954391479492
0.0697021484375
0.04503369331359863
0.0540156364440918
0.054155826568603516
0.06047177314758301
0.05714559555053711
0.06551146507263184
0.05878400802612305
0.07337236404418945
0.05658984184265137
0.06876659393310547
0.0710442066192627
0.0714879035949707
0.06565117835998535
0.06598448753356934
0.0665442943572998
0.0727548599243164
0.06937384605407715
0.08023595809936523
0.07834339141845703
0.07818055152893066
0.08314061164855957
0.08252525329589844
0.0860595703125
0.06694293022155762
0.08334898948669434
0.07021307945251465
0.08043408393859863
0.07149791717529297
0.06494665145874023
0.07116508483886719
0.072509765625
0.07434535026550293
0.06322026252746582
0.0744924545288086
0.07502031326293945
0.05583047866821289
0.07077884674072266
0.07088232040405273
0.058949947357177734
0.059189558029174805
0.062835693359375
0.060699462890625
0.07591080665588379
0.06176638603210449
0.06150388717651367
0.06663393974304199
0.07054448127746582
0.0694429874420166
0.05880331993103027
0.07050418853759766
0.05980515480041504
0.07363390922546387
0.06063055992126465
0.0685880184173584
0.0667572021484375
0.0669553279876709
0.07647299766540527
0.07186365127563477
0.06832051277160645
0.07407951354980469
0.0810091495513916
0.07342123985290527
0.08198237419128418
0.08121132850646973
0.08260560035705566
0.08285355567932129
0.0699920654296875
0.07101297378540039
0.07152724266052246
0.0664365291595459
0.07161974906921387
0.06381559371948242
0.08294296264648438
0.07443976402282715
0.07859325408935547
0.0880281925201416
0.07958388328552246
0.08749842643737793
0.0772857666015625
0.09084343910217285
0.0867469310760498
0.07376337051391602
0.16529011726379395
0.06466150283813477
0.08392500877380371
0.08844518661499023
0.07634687423706055
0.2054586410522461
0.07854890823364258
0.07140660285949707
0.27307701110839844
0.06424927711486816
0.10344958305358887
0.13685178756713867
0.10950231552124023
0.10750842094421387
0.1152808666229248
0.12014317512512207
0.11991238594055176
0.18589377403259277
0.09317588806152344
0.11783671379089355
0.09063339233398438
0.09085750579833984
0.10616803169250488
0.08582067489624023
0.08671951293945312
0.1132972240447998
0.08038687705993652
0.11318707466125488
0.11960506439208984
0.11192131042480469
0.10575675964355469
0.1713731288909912
0.10628461837768555
0.08774805068969727
0.08506417274475098
0.06686258316040039
0.08409571647644043
0.14902925491333008
0.1040198802947998
0.13664531707763672
0.20424556732177734
0.1582331657409668
0.22450804710388184
0.1128849983215332
0.18190598487854004
0.1304917335510254
0.09609675407409668
0.1903388500213623
0.12182831764221191
0.17145800590515137
0.25973010063171387
0.12457537651062012
0.09028005599975586
0.1254589557647705
0.1146697998046875
0.11112785339355469
0.0790858268737793
0.05359244346618652
0.045211076736450195
0.09440231323242188
0.13368487358093262
0.11766791343688965
0.1394822597503662
0.12538695335388184
0.12693333625793457
0.13812518119812012
0.11467981338500977
0.12272143363952637
0.13333368301391602
0.21076250076293945
0.18668580055236816
0.1346583366394043
0.1113743782043457
0.11362409591674805
0.09457921981811523
0.1301734447479248
0.13283205032348633
0.19436287879943848
0.0865626335144043
0.08547186851501465
0.0839395523071289
0.07404136657714844
0.0841977596282959
0.05964088439941406
0.06571650505065918
0.13226866722106934
0.05923867225646973
0.08649206161499023
0.12734079360961914
0.1535947322845459
0.23304080963134766
0.057770490646362305
0.05867934226989746
0.04835152626037598
0.06470847129821777
0.055893659591674805
0.036956787109375
0.13765621185302734
0.19957828521728516
0.16965222358703613
0.12035512924194336
0.09920215606689453
0.06714606285095215
0.08968710899353027
0.28648996353149414
0.07685589790344238
0.3926839828491211
0.18520522117614746
0.1027064323425293
0.07166552543640137
0.02529001235961914
0.04549717903137207
0.04661917686462402
0.05201005935668945
0.036583662033081055
0.0829935073852539
0.0719597339630127
0.024379730224609375
0.051509857177734375
0.02749323844909668
0.06899476051330566
0.16728758811950684
0.13565421104431152
0.13787245750427246
0.20905494689941406
0.13301992416381836
0.05527448654174805
0.038793325424194336
0.07080674171447754
0.03249764442443848
0.08640336990356445
0.07093310356140137
0.03430628776550293
0.05054306983947754
0.07517004013061523
0.11555337905883789
0.09544014930725098
0.1276381015777588
0.03709840774536133
0.15061330795288086
0.019397497177124023
0.14478254318237305
0.7681434154510498
0.5819492340087891
0.37787556648254395
0.15810346603393555
0.21091747283935547
0.17392396926879883
0.06791257858276367
0.05847644805908203
0.3942253589630127
0.1908249855041504
0.2025156021118164
0.08042526245117188
0.07210826873779297
0.07037210464477539
0.0317845344543457
0.12732696533203125
0.1923506259918213
0.07633566856384277
0.23633790016174316
0.11001324653625488
0.10020780563354492
0.07584118843078613
0.05663609504699707
0.04744219779968262
0.05754280090332031
0.08203935623168945
0.07796645164489746
0.10250973701477051
0.09441232681274414
0.03267645835876465
0.08414626121520996
0.029436826705932617
0.08757781982421875
0.11368799209594727
0.06806302070617676
0.09353137016296387
0.11632204055786133
0.12618398666381836
0.1383814811706543
0.10919475555419922
0.0935370922088623
0.20750212669372559
0.25580883026123047
0.07136106491088867
0.10099625587463379
0.22690844535827637
0.45296525955200195
0.2245945930480957
0.0695948600769043
0.05472755432128906
0.024658918380737305
0.12211346626281738
0.11698246002197266
0.13087153434753418
0.12464714050292969
0.16977643966674805
0.1224365234375
0.19371414184570312
0.18341445922851562
0.12992286682128906
0.12403130531311035
0.11497664451599121
0.20967793464660645
0.15253996849060059
0.15582513809204102
0.11882424354553223
0.16843318939208984
0.1397871971130371
0.13339567184448242
0.1559312343597412
0.13624310493469238
0.2813417911529541
0.1937708854675293
0.06048846244812012
0.07164168357849121
0.052477359771728516
0.10226631164550781
0.08775663375854492
0.025690317153930664
0.04179859161376953
0.14713573455810547
0.20475006103515625
0.37885522842407227
0.14423894882202148
0.06848359107971191
0.06816363334655762
0.3047785758972168
0.1349775791168213
0.06267929077148438
0.0827646255493164
0.06600260734558105
0.16401362419128418
0.21128487586975098
0.5313675403594971
0.32036328315734863
0.13094091415405273
0.18764352798461914
0.06511712074279785
0.05609846115112305
0.11779117584228516
0.03124690055847168
0.08260774612426758
0.03173184394836426
0.04549288749694824
0.16703033447265625
0.20903825759887695
0.1523149013519287
0.14004802703857422
0.11511492729187012
0.1406395435333252
0.2906148433685303
0.27115893363952637
0.10404825210571289
0.12143206596374512
0.07295680046081543
0.6610441207885742
0.8801772594451904
0.6413931846618652
0.407135009765625
0.14947748184204102
0.19794988632202148
0.1452033519744873
0.15331721305847168
0.184218168258667
0.2131044864654541
0.11360955238342285
0.06912684440612793
0.09360861778259277
0.19523096084594727
0.15646576881408691
0.10005784034729004
0.1346139907836914
0.23017024993896484
0.2180769443511963
0.16412663459777832
0.06194877624511719
0.04746103286743164
0.07846856117248535
0.05591154098510742
0.041994333267211914
0.0939934253692627
0.12966227531433105
0.07240915298461914
0.037697553634643555
0.08119535446166992
0.04278993606567383
0.036875009536743164
0.051447153091430664
0.024643421173095703
0.02965068817138672
0.040900468826293945
0.1270313262939453
0.045300960540771484
0.0619816780090332
0.029730796813964844
0.019559621810913086
0.024736881256103516
0.027501821517944336
0.025769472122192383
0.020809650421142578
0.03691411018371582
0.0489804744720459
0.04326009750366211
0.09544754028320312
0.05800652503967285
0.03932523727416992
0.04305124282836914
0.03985095024108887
0.03587913513183594
0.0385897159576416
