0.16039371490478516
0.06839370727539062
0.17874526977539062
0.04697155952453613
0.14132285118103027
0.02982473373413086
0.12864327430725098
0.14344382286071777
0.13548755645751953
0.03458070755004883
0.24137639999389648
0.13722753524780273
0.16504335403442383
0.1324927806854248
0.02298283576965332
0.13885998725891113
0.1285264492034912
0.03503680229187012
0.027593135833740234
0.02745985984802246
0.04278302192687988
0.05077672004699707
0.03651285171508789
0.03735208511352539
0.04577898979187012
0.0392603874206543
0.039986610412597656
0.030948162078857422
0.03221440315246582
0.044400691986083984
0.043395280838012695
0.0428621768951416
0.057724952697753906
0.08029818534851074
0.05637478828430176
0.04221391677856445
0.04570364952087402
0.05762076377868652
0.05142092704772949
0.046987295150756836
0.04210710525512695
0.05074906349182129
0.05628776550292969
0.05671334266662598
0.06054854393005371
0.061780691146850586
0.048677682876586914
0.04920363426208496
0.055374860763549805
0.05012822151184082
0.05913519859313965
0.05076742172241211
0.05466508865356445
0.059890031814575195
0.0642387866973877
0.06790757179260254
0.06756424903869629
0.05838942527770996
0.07195758819580078
0.06861543655395508
0.07112455368041992
0.06928634643554688
0.07188892364501953
0.07404637336730957
0.07633018493652344
0.07653546333312988
0.08428025245666504
0.07784008979797363
0.08132410049438477
0.08396601676940918
0.08899593353271484
0.07677316665649414
0.07086682319641113
0.08225560188293457
0.08628368377685547
0.08679938316345215
0.09492039680480957
0.09495902061462402
0.09134197235107422
0.08179974555969238
0.08508610725402832
0.0916144847869873
0.09660840034484863
0.0919487476348877
0.12279748916625977
0.10420083999633789
0.11370658874511719
0.10904073715209961
0.09764432907104492
0.1064906120300293
0.10555171966552734
0.09678149223327637
0.11160039901733398
0.1035921573638916
0.0979769229888916
0.11096668243408203
0.11094212532043457
0.11381411552429199
0.13309001922607422
0.11125421524047852
0.11712789535522461
0.11315202713012695
0.11740279197692871
0.11958956718444824
0.11319088935852051
0.11992478370666504
0.11376023292541504
0.13741374015808105
0.1216282844543457
0.13280677795410156
0.11880135536193848
0.019405841827392578
0.02208232879638672
0.015012025833129883
0.022249221801757812
0.024495601654052734
0.03790092468261719
0.03217434883117676
0.02138805389404297
0.03301882743835449
0.029819965362548828
0.04450798034667969
0.025324344635009766
0.03047633171081543
0.03259396553039551
0.02917933464050293
0.038739919662475586
0.04498887062072754
0.04569864273071289
0.027798175811767578
0.029299497604370117
0.041448354721069336
0.036245107650756836
0.05329442024230957
0.04255342483520508
0.0301058292388916
0.0313868522644043
0.04172492027282715
0.03910374641418457
0.04664349555969238
0.052294015884399414
0.05665850639343262
0.04701495170593262
0.03825688362121582
0.0553126335144043
0.05993819236755371
0.05058407783508301
0.042017459869384766
0.04293394088745117
0.03847956657409668
0.04723000526428223
0.03663134574890137
0.0362703800201416
0.048688411712646484
0.03886151313781738
0.04936075210571289
0.04068446159362793
0.04459500312805176
0.05625271797180176
0.05017256736755371
0.056088924407958984
0.05996894836425781
0.06427645683288574
0.05785799026489258
0.06896591186523438
0.05976605415344238
0.10095429420471191
0.06177377700805664
0.06597256660461426
0.05646634101867676
0.06789755821228027
0.06340670585632324
0.061394691467285156
0.06540703773498535
0.06810235977172852
0.07361292839050293
0.0743250846862793
0.05850696563720703
0.07528114318847656
0.0682210922241211
0.07781553268432617
0.06829690933227539
0.07270002365112305
0.06474113464355469
0.07528972625732422
0.07078433036804199
0.07079911231994629
0.06291317939758301
0.0733041763305664
0.06527590751647949
0.05974411964416504
0.07578706741333008
0.06982970237731934
0.07226228713989258
0.06311917304992676
0.06504368782043457
0.0709984302520752
0.05691957473754883
0.06018638610839844
0.06352901458740234
0.05474400520324707
0.059151411056518555
0.04827380180358887
0.05404376983642578
0.056517839431762695
0.055040836334228516
0.04784798622131348
0.041803836822509766
0.031375885009765625
0.04566454887390137
0.03965306282043457
0.030167818069458008
0.03609824180603027
0.042412519454956055
0.036171913146972656
0.03533935546875
0.033614158630371094
0.029321670532226562
0.048726797103881836
0.030279159545898438
0.027757883071899414
0.03477764129638672
0.04105329513549805
0.036087751388549805
0.03265380859375
0.043183088302612305
0.03928256034851074
0.04213237762451172
0.03544449806213379
0.04107546806335449
0.03333687782287598
0.037285566329956055
0.028931617736816406
0.03992486000061035
0.027115345001220703
0.027675151824951172
0.028071880340576172
0.03267693519592285
0.02953505516052246
0.042340755462646484
0.030221939086914062
0.039945125579833984
0.030801057815551758
0.030893564224243164
0.025655031204223633
0.04293107986450195
0.04122352600097656
0.03657698631286621
0.03859519958496094
0.03698015213012695
0.05382990837097168
0.044921875
0.030579328536987305
0.0424342155456543
0.031203746795654297
0.03777122497558594
0.03130936622619629
0.04934573173522949
0.04549145698547363
0.04898214340209961
0.04404783248901367
0.04357433319091797
0.05283498764038086
0.04160594940185547
0.03897571563720703
0.04755687713623047
0.04253220558166504
0.05039501190185547
0.04315614700317383
0.038027048110961914
0.05010080337524414
0.03766989707946777
0.04829597473144531
0.04681563377380371
0.0412747859954834
0.04820442199707031
0.050951480865478516
0.047348976135253906
0.03456425666809082
0.03472471237182617
0.050840139389038086
0.044600725173950195
0.03863024711608887
0.04563283920288086
0.049271583557128906
0.0393524169921875
0.05995011329650879
0.05696368217468262
0.04056715965270996
0.0495455265045166
0.04007863998413086
0.05359649658203125
0.04796004295349121
0.15523910522460938
0.06191897392272949
0.16280198097229004
0.05648374557495117
0.15548467636108398
0.15740132331848145
0.052587270736694336
0.0596771240234375
0.19840383529663086
0.16688108444213867
0.05797171592712402
0.041753530502319336
0.15861248970031738
0.15703296661376953
0.05709385871887207
0.14452624320983887
0.04836845397949219
0.051436662673950195
0.05158090591430664
0.05634880065917969
0.055568695068359375
0.04260611534118652
0.05037522315979004
0.04965019226074219
0.05309939384460449
0.0605158805847168
0.07036161422729492
0.06662631034851074
0.05763721466064453
0.06109786033630371
0.13396239280700684
0.05981326103210449
0.05667591094970703
0.06818103790283203
0.05926156044006348
0.07250690460205078
0.06370043754577637
0.07714104652404785
0.06940364837646484
0.0708315372467041
0.09649205207824707
0.2405869960784912
0.1323537826538086
0.1625220775604248
0.04183650016784668
0.1021111011505127
0.14728474617004395
0.1109163761138916
0.11068606376647949
0.126664400100708
0.11017632484436035
0.11199665069580078
0.01042032241821289
0.014452695846557617
0.02159428596496582
0.024235010147094727
0.030203580856323242
0.016057491302490234
0.03814530372619629
0.035819292068481445
0.017585277557373047
0.028237581253051758
0.01357126235961914
0.020545482635498047
0.020461559295654297
0.031218528747558594
0.03641366958618164
0.03100872039794922
0.03212475776672363
0.03764629364013672
0.024988174438476562
0.0328977108001709
0.028644800186157227
0.03438282012939453
0.025597810745239258
0.03281593322753906
0.030780553817749023
0.023633241653442383
0.03347373008728027
0.032369375228881836
0.032293081283569336
0.04094338417053223
0.03127026557922363
0.039429426193237305
0.03948068618774414
0.0289003849029541
0.02794957160949707
0.03827238082885742
0.03526186943054199
0.04659891128540039
0.04484844207763672
0.045029640197753906
0.045798540115356445
0.04520773887634277
0.04644489288330078
0.03823041915893555
0.04712057113647461
0.04515528678894043
0.03909444808959961
0.0531010627746582
0.051052093505859375
0.040778160095214844
0.056298017501831055
0.04358649253845215
0.05265951156616211
0.05069303512573242
0.05419445037841797
0.045511722564697266
0.03952312469482422
0.03637218475341797
0.06589388847351074
0.0373997688293457
0.06389379501342773
0.05221104621887207
0.06499004364013672
0.062386274337768555
0.036278486251831055
0.05009317398071289
0.04084467887878418
0.04681205749511719
0.04505324363708496
0.03972029685974121
0.046183109283447266
0.043091773986816406
0.0432279109954834
0.03690838813781738
0.0410916805267334
0.029749393463134766
0.030150651931762695
0.02639317512512207
0.03240323066711426
0.04239511489868164
0.04192042350769043
0.041132450103759766
0.04409027099609375
0.04103684425354004
0.052021026611328125
0.03626513481140137
0.04875826835632324
0.04096555709838867
0.05482673645019531
0.03729510307312012
0.04452681541442871
0.04139137268066406
0.04619717597961426
0.04958605766296387
0.051405906677246094
0.04860353469848633
0.05268597602844238
0.045720815658569336
0.04473304748535156
0.04553961753845215
0.04807424545288086
0.0456085205078125
0.05282402038574219
0.047570228576660156
0.058652400970458984
0.10377621650695801
0.06607913970947266
0.06462717056274414
0.06131458282470703
0.06642413139343262
0.05610251426696777
0.055501461029052734
0.05810213088989258
0.05371713638305664
0.04473757743835449
0.05467581748962402
0.19071555137634277
0.16421127319335938
0.043422698974609375
0.07098722457885742
0.1639246940612793
0.12045168876647949
0.10298514366149902
0.106536865234375
0.11429095268249512
0.11641192436218262
0.1172475814819336
0.12352490425109863
0.01004481315612793
0.023160219192504883
0.024067163467407227
0.027155399322509766
0.015605449676513672
0.01595020294189453
0.02222728729248047
0.14489245414733887
0.11598587036132812
0.12854838371276855
0.15763473510742188
0.11300134658813477
0.07717418670654297
0.0972297191619873
0.10623526573181152
0.09801530838012695
0.06934332847595215
0.07484555244445801
0.10708379745483398
0.06113409996032715
0.0611422061920166
0.06111335754394531
0.0687413215637207
0.0648806095123291
0.06066322326660156
0.05957794189453125
0.0631568431854248
0.07031893730163574
0.04011845588684082
0.0505068302154541
0.048064231872558594
0.05441164970397949
0.06804871559143066
0.0570375919342041
0.03850674629211426
0.04701519012451172
0.049619436264038086
0.050627946853637695
0.05393481254577637
0.047805070877075195
0.05815482139587402
0.05321240425109863
0.06025981903076172
0.056078195571899414
0.057244300842285156
0.04706001281738281
0.05881810188293457
0.06073260307312012
0.03415226936340332
0.02659916877746582
0.03339648246765137
0.04290914535522461
0.04565787315368652
0.04115891456604004
0.04168510437011719
0.039218902587890625
0.06015205383300781
0.05322146415710449
0.05767416954040527
0.04305839538574219
0.05470848083496094
0.05746197700500488
0.06006169319152832
0.07648468017578125
0.042969703674316406
0.05057024955749512
0.05514073371887207
0.1245880126953125
0.14171838760375977
0.058579206466674805
0.12201404571533203
0.24158143997192383
0.16086506843566895
0.12310671806335449
0.05220150947570801
0.04937267303466797
0.09172224998474121
0.04494810104370117
0.0657036304473877
0.040685415267944336
0.08163261413574219
0.13320302963256836
0.06081748008728027
0.1892871856689453
0.13054323196411133
0.14387059211730957
0.20982575416564941
0.4039642810821533
0.14314484596252441
0.0991365909576416
0.12733840942382812
0.09607148170471191
0.0960395336151123
0.13473010063171387
0.09944820404052734
0.10139679908752441
0.10108017921447754
0.10072565078735352
0.10319256782531738
0.10074234008789062
0.09631872177124023
0.10958075523376465
0.10815882682800293
0.11084985733032227
0.10757923126220703
0.11440134048461914
0.11253023147583008
0.10457849502563477
0.11171269416809082
0.11412572860717773
0.1466374397277832
0.2069547176361084
0.1339712142944336
0.11140894889831543
0.13802433013916016
0.11608076095581055
0.12027502059936523
0.12412071228027344
0.12094998359680176
0.02061915397644043
0.1338634490966797
0.12886619567871094
0.1361072063446045
0.11813116073608398
0.22898030281066895
0.11946249008178711
0.1206667423248291
0.13442039489746094
0.11064505577087402
0.11716413497924805
0.11974310874938965
0.017890453338623047
0.012555122375488281
0.021143674850463867
0.017842769622802734
0.0280611515045166
0.023877620697021484
0.018629789352416992
0.02212214469909668
0.017793893814086914
0.05955004692077637
0.013991355895996094
0.15617847442626953
0.19708251953125
0.17732667922973633
0.12550640106201172
0.09453940391540527
0.12958168983459473
0.09368467330932617
0.12369966506958008
0.09136128425598145
0.10710358619689941
0.09747600555419922
0.127549409866333
0.10155105590820312
0.12120294570922852
0.1128082275390625
0.09813690185546875
0.10577774047851562
0.0970451831817627
0.10831809043884277
0.24996638298034668
0.09122443199157715
0.11720967292785645
0.14259123802185059
0.09256887435913086
0.08142924308776855
0.14603757858276367
0.2047431468963623
0.12481522560119629
0.08092856407165527
0.14673614501953125
0.1398923397064209
0.15764451026916504
0.13178515434265137
0.08095049858093262
0.0932319164276123
0.08418703079223633
0.1020209789276123
0.09912753105163574
0.08950591087341309
0.13248634338378906
0.13695049285888672
0.11539745330810547
0.10657286643981934
0.09382295608520508
0.1154942512512207
0.0905766487121582
0.07007694244384766
0.08192062377929688
0.0853874683380127
0.11072278022766113
0.114959716796875
0.08697104454040527
0.07244586944580078
0.08391118049621582
0.08293795585632324
0.07146215438842773
0.10632038116455078
0.07976698875427246
0.07492756843566895
0.051036834716796875
0.05806279182434082
0.06438732147216797
0.07327532768249512
0.06491899490356445
0.06419706344604492
0.07235145568847656
0.07257747650146484
0.09095072746276855
0.06954336166381836
0.05974125862121582
0.05651354789733887
0.0520327091217041
0.04362154006958008
0.04903745651245117
0.07378745079040527
0.05939531326293945
0.0441436767578125
0.045612335205078125
0.048943281173706055
0.05997347831726074
0.04977607727050781
0.06007814407348633
0.061612606048583984
0.051229000091552734
0.052538156509399414
0.06644177436828613
0.07066631317138672
0.07914185523986816
0.07689785957336426
0.0677793025970459
0.06408286094665527
0.07270932197570801
0.07914566993713379
0.06227731704711914
0.06256890296936035
0.07573628425598145
0.06676268577575684
0.06912517547607422
0.07430195808410645
0.0719907283782959
0.07590627670288086
0.07925915718078613
0.07264971733093262
0.07908415794372559
0.06313800811767578
0.07489728927612305
0.06831836700439453
0.07102251052856445
0.07767772674560547
0.07847070693969727
0.06975722312927246
0.08467721939086914
0.07080388069152832
0.1087031364440918
0.07855057716369629
0.07938385009765625
0.07599782943725586
0.07286500930786133
0.07617878913879395
0.08821892738342285
0.08637619018554688
0.08404088020324707
0.09074044227600098
0.08776259422302246
0.07993197441101074
0.0830235481262207
0.07422494888305664
0.08293032646179199
0.08302640914916992
0.14874958992004395
0.174635648727417
0.17663812637329102
0.24633049964904785
0.2495424747467041
0.11974215507507324
0.13786053657531738
0.16585373878479004
0.4149930477142334
0.1554274559020996
0.2664060592651367
1.0879876613616943
1.115497350692749
0.8918342590332031
0.6872782707214355
0.4169621467590332
0.24370479583740234
0.16155362129211426
0.154313325881958
0.11040115356445312
0.08771252632141113
0.1632075309753418
0.12915849685668945
0.09068489074707031
0.11479520797729492
0.13731861114501953
0.14423418045043945
0.23087763786315918
0.11681365966796875
0.11832284927368164
0.12512636184692383
0.12756657600402832
0.11077356338500977
0.16765546798706055
0.10370540618896484
0.055626869201660156
0.1313943862915039
0.07274889945983887
0.11036872863769531
0.07698893547058105
0.06377005577087402
0.0737907886505127
0.04996967315673828
0.06399106979370117
0.06753015518188477
0.13797283172607422
0.06835794448852539
0.04971051216125488
0.10664558410644531
0.179229736328125
0.055371761322021484
0.09338641166687012
0.1353292465209961
0.0714564323425293
0.24204206466674805
0.15386605262756348
0.17807912826538086
0.18710684776306152
0.14206242561340332
0.18479037284851074
0.2781257629394531
0.08211636543273926
0.1013178825378418
0.07243680953979492
0.08445549011230469
0.17223405838012695
0.15487074851989746
0.11498045921325684
0.12386298179626465
0.1787889003753662
0.09014415740966797
0.09166741371154785
0.09733390808105469
0.11337542533874512
0.08295536041259766
0.1029820442199707
0.0814521312713623
0.0880727767944336
0.06539273262023926
0.06889939308166504
0.1282799243927002
0.1701037883758545
0.13743972778320312
0.1293168067932129
0.19013762474060059
0.1255342960357666
0.13291001319885254
0.06212210655212402
0.1446056365966797
0.12441635131835938
0.09451150894165039
0.1304023265838623
0.10302114486694336
0.1130983829498291
0.04429125785827637
0.10669493675231934
0.06293010711669922
0.14375948905944824
0.10557770729064941
0.08739137649536133
0.10860371589660645
0.07550859451293945
0.08163094520568848
0.0768427848815918
0.11183857917785645
0.08994507789611816
0.0970456600189209
0.07378125190734863
0.11444902420043945
0.15233278274536133
0.17546701431274414
0.41301870346069336
0.16027283668518066
0.15200543403625488
0.09222030639648438
0.10974311828613281
0.07843208312988281
0.08800721168518066
0.07092571258544922
0.07166767120361328
0.08622288703918457
0.09042477607727051
0.13116788864135742
0.09247398376464844
0.06482791900634766
0.0829625129699707
0.07439255714416504
0.03865861892700195
0.1560196876525879
0.09324336051940918
0.16380953788757324
0.06566309928894043
0.17370986938476562
0.12700510025024414
0.0678708553314209
0.19468212127685547
0.14332079887390137
0.1336219310760498
0.14377355575561523
0.23960185050964355
0.13984084129333496
0.13000917434692383
0.11953163146972656
0.1506502628326416
0.16160964965820312
0.18041491508483887
0.14061832427978516
0.10866522789001465
0.10994315147399902
0.1407005786895752
0.12419271469116211
0.18729686737060547
0.15019750595092773
0.11448812484741211
0.1649184226989746
0.16798710823059082
0.12186336517333984
0.1340341567993164
0.13332104682922363
0.12208747863769531
0.1256544589996338
0.10533833503723145
0.13250160217285156
0.11170029640197754
0.12761425971984863
0.10396599769592285
0.2051229476928711
0.10159945487976074
0.12312698364257812
0.1258831024169922
0.1575019359588623
0.10436511039733887
0.11476778984069824
0.1468665599822998
0.14998340606689453
0.1375107765197754
0.11391973495483398
0.12036323547363281
0.09636831283569336
0.07770252227783203
0.0731048583984375
0.07382059097290039
0.1254410743713379
0.10005545616149902
0.11461901664733887
0.07463860511779785
0.08117866516113281
0.07377409934997559
0.06951546669006348
0.07689404487609863
0.08293533325195312
0.08280658721923828
0.06878018379211426
0.07112860679626465
0.17054963111877441
0.0771474838256836
0.08074140548706055
0.04336142539978027
0.042250633239746094
0.04773354530334473
0.050348520278930664
0.04444599151611328
0.0689249038696289
0.05852031707763672
0.05579686164855957
0.0493161678314209
0.051998138427734375
0.0658712387084961
0.07445788383483887
0.06942105293273926
0.07332539558410645
0.05913877487182617
0.06060194969177246
0.07241106033325195
0.0701301097869873
0.0659949779510498
0.0778493881225586
0.08138060569763184
0.07225584983825684
0.06763195991516113
0.08022403717041016
0.08222675323486328
0.06793904304504395
0.08291888236999512
0.07373476028442383
0.06717228889465332
0.06503415107727051
0.06112217903137207
0.061835289001464844
0.06713581085205078
0.06694197654724121
0.062087297439575195
0.05439496040344238
0.06676650047302246
0.06432390213012695
0.06934857368469238
0.05752062797546387
0.07238912582397461
0.07213950157165527
0.05700325965881348
0.09275364875793457
0.07092499732971191
0.05373549461364746
0.06870627403259277
0.06189537048339844
0.05692934989929199
0.0634312629699707
0.07281112670898438
0.06654214859008789
0.07557559013366699
0.07186722755432129
0.06531739234924316
0.06028032302856445
0.05699968338012695
0.0731194019317627
0.07719302177429199
0.06745362281799316
0.06399250030517578
0.08088850975036621
0.07782936096191406
0.07506799697875977
0.08518862724304199
0.07852745056152344
0.0626523494720459
0.08258199691772461
0.0699763298034668
0.07063484191894531
0.07496786117553711
0.06787610054016113
0.0776221752166748
0.06734037399291992
0.07651424407958984
0.08288860321044922
0.08740925788879395
0.0734090805053711
0.07604527473449707
0.08706951141357422
0.07955455780029297
0.07752442359924316
0.1577291488647461
0.07217144966125488
0.07954978942871094
0.09019589424133301
0.0797734260559082
0.20761656761169434
0.07072615623474121
0.06378030776977539
0.13723063468933105
0.217315673828125
0.10940241813659668
0.12600255012512207
0.11319971084594727
0.10415101051330566
0.0990135669708252
0.10572552680969238
0.11769556999206543
0.1533796787261963
0.07903480529785156
0.10046911239624023
0.08277273178100586
0.09533929824829102
0.12429380416870117
0.07409429550170898
0.07337665557861328
0.09278488159179688
0.10151457786560059
0.10973215103149414
0.17038249969482422
0.12332534790039062
0.09060549736022949
0.06832528114318848
0.07314562797546387
0.06944084167480469
0.0795447826385498
0.10508966445922852
0.0783545970916748
0.1602795124053955
0.17159795761108398
0.12438249588012695
0.21143651008605957
0.1448841094970703
0.34519195556640625
0.12172389030456543
0.17751383781433105
0.13483381271362305
0.07303929328918457
0.1936945915222168
0.11101102828979492
0.19423365592956543
0.2042703628540039
0.1372969150543213
0.10848140716552734
0.15881705284118652
0.09551072120666504
0.09815645217895508
0.0598301887512207
0.05118560791015625
0.07119417190551758
0.10413646697998047
0.2339184284210205
0.1457505226135254
0.14974451065063477
0.13494420051574707
0.13715410232543945
0.1102743148803711
0.10251712799072266
0.12279224395751953
0.10686516761779785
0.1955571174621582
0.19594717025756836
0.11933493614196777
0.12052559852600098
0.12332701683044434
0.09254288673400879
0.09199690818786621
0.10806131362915039
0.07632064819335938
0.1185917854309082
0.06639695167541504
0.0819556713104248
0.06042051315307617
0.07846260070800781
0.10657262802124023
0.10822319984436035
0.15218806266784668
0.07079601287841797
0.08530020713806152
0.1540229320526123
0.20627093315124512
0.23239612579345703
0.052201271057128906
0.0848703384399414
0.05765676498413086
0.0798037052154541
0.17253899574279785
0.048272132873535156
0.14839863777160645
0.12975358963012695
0.2628145217895508
0.1044011116027832
0.0893702507019043
0.11032390594482422
0.08667278289794922
0.2167186737060547
0.07361674308776855
0.37303829193115234
0.27378368377685547
0.0521693229675293
0.0623319149017334
0.0365910530090332
0.038292646408081055
0.050412654876708984
0.024937868118286133
0.04657244682312012
0.05070233345031738
0.07505202293395996
0.04048466682434082
0.05540275573730469
0.03636336326599121
0.05478930473327637
0.13085174560546875
0.13159775733947754
0.13106083869934082
0.37424373626708984
0.1480093002319336
0.06287026405334473
0.04957771301269531
0.08235859870910645
0.04568648338317871
0.09149312973022461
0.0676422119140625
0.10700392723083496
0.06119227409362793
0.0622560977935791
0.1244511604309082
0.061144351959228516
0.19359350204467773
0.034030914306640625
0.1678311824798584
0.06986689567565918
0.13300681114196777
0.29855895042419434
0.4857349395751953
0.26739931106567383
0.18761610984802246
0.17846465110778809
0.16730308532714844
0.06223249435424805
0.05684542655944824
0.22510886192321777
0.17263388633728027
0.15979552268981934
0.06262612342834473
0.06740117073059082
0.07700705528259277
0.03642010688781738
0.15990138053894043
0.1938021183013916
0.07958221435546875
0.15322375297546387
0.15331411361694336
0.07168197631835938
0.07740020751953125
0.07110905647277832
0.05572819709777832
0.05914783477783203
0.09693694114685059
0.05518651008605957
0.08304691314697266
0.030127763748168945
0.04696226119995117
0.06165885925292969
0.022470712661743164
0.08904290199279785
0.09408330917358398
0.1047813892364502
0.06009316444396973
0.15383362770080566
0.1285090446472168
0.12762141227722168
0.14713168144226074
0.14801645278930664
0.23643875122070312
0.2517108917236328
0.12067294120788574
0.35472536087036133
0.1760082244873047
0.397266149520874
0.20299029350280762
0.14404010772705078
0.12404394149780273
0.09561038017272949
0.13031578063964844
0.13831067085266113
0.11689519882202148
0.13395333290100098
0.11914396286010742
0.12032961845397949
0.2108290195465088
0.12970495223999023
0.12732458114624023
0.1506335735321045
0.17872190475463867
0.18326401710510254
0.1918964385986328
0.19134020805358887
0.09764957427978516
0.15881085395812988
0.11091756820678711
0.12018322944641113
0.12839031219482422
0.13381385803222656
0.22112536430358887
0.24170398712158203
0.10955357551574707
0.07392191886901855
0.11548900604248047
0.13025784492492676
0.1126255989074707
0.023659706115722656
0.03766584396362305
0.18872356414794922
0.19695425033569336
0.42461562156677246
0.18994379043579102
0.06244802474975586
0.0556032657623291
0.2521705627441406
0.16190338134765625
0.06694436073303223
0.08630919456481934
0.07213425636291504
0.18155360221862793
0.11355161666870117
0.16649484634399414
0.3750913143157959
0.11971688270568848
0.12431454658508301
0.10535764694213867
0.08111381530761719
0.09016036987304688
0.07627415657043457
0.06679654121398926
0.04099273681640625
0.05879926681518555
0.11754631996154785
0.268474817276001
0.11332106590270996
0.2297506332397461
0.10236287117004395
0.1636662483215332
0.29039597511291504
0.10270833969116211
0.08549976348876953
0.15753674507141113
1.3175981044769287
1.105738878250122
0.8725106716156006
0.6343657970428467
0.400146484375
0.1424727439880371
0.18281817436218262
0.16476988792419434
0.18925952911376953
0.14842510223388672
0.4387233257293701
0.24364995956420898
0.15281224250793457
0.06388664245605469
0.21520066261291504
0.11336231231689453
0.09653830528259277
0.20687127113342285
0.2398228645324707
0.1680147647857666
0.12496280670166016
0.06068015098571777
0.04532670974731445
0.07881832122802734
0.04125666618347168
0.04009199142456055
0.05794978141784668
0.04364943504333496
0.05852627754211426
0.02897191047668457
0.07238984107971191
0.08161568641662598
0.037296295166015625
0.057213544845581055
0.0334467887878418
0.050502777099609375
0.0388486385345459
0.10660648345947266
0.026721715927124023
0.029909372329711914
0.016664743423461914
0.029537677764892578
0.028879165649414062
0.021418094635009766
0.018605947494506836
0.0248105525970459
0.018924236297607422
0.03623056411743164
0.048200130462646484
0.04310202598571777
0.059842824935913086
0.027152299880981445
0.041015625
0.037873268127441406
0.0343172550201416
0.03170943260192871
