0.1387333869934082
0.057100534439086914
0.15186858177185059
0.046706438064575195
0.14771795272827148
0.08235859870910645
0.1292591094970703
0.14549708366394043
0.13067960739135742
0.0272829532623291
0.22746014595031738
0.14411163330078125
0.1477954387664795
0.13787627220153809
0.029271602630615234
0.14134979248046875
0.140350341796875
0.025343656539916992
0.03418278694152832
0.028339147567749023
0.02974414825439453
0.0480647087097168
0.04242587089538574
0.03729248046875
0.030704975128173828
0.02962779998779297
0.04463601112365723
0.058135986328125
0.04026651382446289
0.035790205001831055
0.047637939453125
0.04850888252258301
0.1053619384765625
0.07142424583435059
0.04250478744506836
0.04284977912902832
0.04115462303161621
0.05841255187988281
0.05625772476196289
0.04717206954956055
0.04278445243835449
0.05694174766540527
0.04616284370422363
0.04682517051696777
0.04706597328186035
0.0481419563293457
0.06345295906066895
0.05531907081604004
0.05612993240356445
0.062390804290771484
0.05638265609741211
0.05674576759338379
0.05524110794067383
0.05502653121948242
0.062445878982543945
0.06719112396240234
0.0576019287109375
0.06419062614440918
0.07059550285339355
0.06323719024658203
0.061330556869506836
0.07211518287658691
0.0675048828125
0.07331681251525879
0.0759437084197998
0.07842373847961426
0.07381248474121094
0.0680387020111084
0.07669854164123535
0.07024550437927246
0.07198762893676758
0.07716608047485352
0.07736659049987793
0.08721804618835449
0.09174346923828125
0.08533787727355957
0.09666991233825684
0.09084844589233398
0.11562418937683105
0.0877845287322998
0.09966564178466797
0.09226441383361816
0.09859251976013184
0.0976104736328125
0.12470579147338867
0.1066887378692627
0.09140586853027344
0.09253811836242676
0.09813189506530762
0.09566092491149902
0.09670424461364746
0.10273623466491699
0.09770393371582031
0.10491275787353516
0.09849143028259277
0.10624361038208008
0.11754298210144043
0.108612060546875
0.13090944290161133
0.1225123405456543
0.1119682788848877
0.10515403747558594
0.11407351493835449
0.12406206130981445
0.10853767395019531
0.11919832229614258
0.12490463256835938
0.11157822608947754
0.11223626136779785
0.12419748306274414
0.11383247375488281
0.011133909225463867
0.018515825271606445
0.02122354507446289
0.02848649024963379
0.02763509750366211
0.03810262680053711
0.022850513458251953
0.0274198055267334
0.02414703369140625
0.025317907333374023
0.050844669342041016
0.030236482620239258
0.025975704193115234
0.04068350791931152
0.034383535385131836
0.04017019271850586
0.05982470512390137
0.04166150093078613
0.02796030044555664
0.03428363800048828
0.03730034828186035
0.031266212463378906
0.04649162292480469
0.03186440467834473
0.030753612518310547
0.03195548057556152
0.04327106475830078
0.03411245346069336
0.0632317066192627
0.041413068771362305
0.03501296043395996
0.05703902244567871
0.03898334503173828
0.04775118827819824
0.042154788970947266
0.054656267166137695
0.03701639175415039
0.048181772232055664
0.04435992240905762
0.038533926010131836
0.037264108657836914
0.04195046424865723
0.04983711242675781
0.052803754806518555
0.0485539436340332
0.05246782302856445
0.06098484992980957
0.059671878814697266
0.0597691535949707
0.06078958511352539
0.05507016181945801
0.04980039596557617
0.04912281036376953
0.07005119323730469
0.06598329544067383
0.06959939002990723
0.06699657440185547
0.06721997261047363
0.0570979118347168
0.05668282508850098
0.07552123069763184
0.06199169158935547
0.0745534896850586
0.07406902313232422
0.09707975387573242
0.06969070434570312
0.07066488265991211
0.05952954292297363
0.0785226821899414
0.07697749137878418
0.07693219184875488
0.06815767288208008
0.07528138160705566
0.06736373901367188
0.0667257308959961
0.061392784118652344
0.06877565383911133
0.07933759689331055
0.06751298904418945
0.06052827835083008
0.07132172584533691
0.059233903884887695
0.07859110832214355
0.0698089599609375
0.07296252250671387
0.05783343315124512
0.05189681053161621
0.05939054489135742
0.057305097579956055
0.05394697189331055
0.059332847595214844
0.05221199989318848
0.057817935943603516
0.05137348175048828
0.060265541076660156
0.04838967323303223
0.03711247444152832
0.05168414115905762
0.042946815490722656
0.03125596046447754
0.0410001277923584
0.03161048889160156
0.04828643798828125
0.0378880500793457
0.03543376922607422
0.024321794509887695
0.035028696060180664
0.025693178176879883
0.026955127716064453
0.033228397369384766
0.030330896377563477
0.04389333724975586
0.03935956954956055
0.038184404373168945
0.03521466255187988
0.02955031394958496
0.027892351150512695
0.030361175537109375
0.032679080963134766
0.039361000061035156
0.02747178077697754
0.029632568359375
0.04472494125366211
0.022218704223632812
0.034224748611450195
0.03978252410888672
0.03558349609375
0.04454803466796875
0.033896446228027344
0.04834914207458496
0.046018362045288086
0.04205632209777832
0.042424917221069336
0.03960418701171875
0.04708433151245117
0.0314946174621582
0.033007144927978516
0.03907346725463867
0.0396113395690918
0.043271541595458984
0.02957749366760254
0.031111955642700195
0.04289889335632324
0.04814934730529785
0.04267263412475586
0.03181576728820801
0.04404616355895996
0.04889416694641113
0.05192279815673828
0.04062771797180176
0.04793953895568848
0.04706764221191406
0.047699689865112305
0.05041956901550293
0.05537819862365723
0.04882407188415527
0.05741739273071289
0.04851341247558594
0.04387712478637695
0.0393221378326416
0.048590660095214844
0.04450082778930664
0.04169750213623047
0.041639089584350586
0.04436945915222168
0.0472867488861084
0.04240608215332031
0.04859566688537598
0.041551828384399414
0.042572736740112305
0.03981375694274902
0.051007986068725586
0.05302023887634277
0.055188894271850586
0.04571032524108887
0.06074404716491699
0.05299234390258789
0.041062355041503906
0.03975224494934082
0.04059553146362305
0.053140878677368164
0.043575286865234375
0.15481877326965332
0.058886051177978516
0.15207338333129883
0.05338335037231445
0.1529223918914795
0.15299773216247559
0.054703474044799805
0.07435131072998047
0.188995361328125
0.1646592617034912
0.05452752113342285
0.05843520164489746
0.1589643955230713
0.1527698040008545
0.04568815231323242
0.14514803886413574
0.05616569519042969
0.04642295837402344
0.042069435119628906
0.04193258285522461
0.05251002311706543
0.05388760566711426
0.05667924880981445
0.05374503135681152
0.04537463188171387
0.04758143424987793
0.0720207691192627
0.0515904426574707
0.0686037540435791
0.06779241561889648
0.1363685131072998
0.05472397804260254
0.06681346893310547
0.07500290870666504
0.06892275810241699
0.06203866004943848
0.0700078010559082
0.07272815704345703
0.07558727264404297
0.07674169540405273
0.09115147590637207
0.2012326717376709
0.370497465133667
0.14568066596984863
0.11002016067504883
0.09150075912475586
0.12420535087585449
0.12355256080627441
0.12977957725524902
0.1270151138305664
0.1108558177947998
0.1207425594329834
0.0168459415435791
0.02027416229248047
0.018326759338378906
0.025453567504882812
0.033129215240478516
0.02751326560974121
0.03533816337585449
0.020513296127319336
0.035791873931884766
0.0287630558013916
0.02695322036743164
0.02110886573791504
0.025516510009765625
0.017606496810913086
0.02002406120300293
0.03250432014465332
0.030779361724853516
0.03933000564575195
0.025493860244750977
0.022521257400512695
0.03461027145385742
0.0359494686126709
0.031530141830444336
0.02735757827758789
0.03277778625488281
0.02412557601928711
0.025204181671142578
0.03343820571899414
0.035878658294677734
0.04320693016052246
0.03181767463684082
0.030157089233398438
0.04138684272766113
0.040022850036621094
0.028556346893310547
0.03557324409484863
0.041611671447753906
0.059316396713256836
0.04157400131225586
0.04238152503967285
0.0412139892578125
0.04865002632141113
0.050963640213012695
0.04934382438659668
0.038530826568603516
0.04744219779968262
0.04782557487487793
0.0457308292388916
0.04984283447265625
0.04658079147338867
0.05736279487609863
0.06261873245239258
0.05293583869934082
0.045313119888305664
0.052146196365356445
0.05689072608947754
0.0453798770904541
0.04320049285888672
0.042005300521850586
0.03811240196228027
0.047606706619262695
0.05301213264465332
0.040708303451538086
0.053399085998535156
0.037096261978149414
0.04692840576171875
0.045594215393066406
0.03611445426940918
0.04774332046508789
0.05401134490966797
0.04014849662780762
0.034870147705078125
0.039067745208740234
0.03204846382141113
0.0442500114440918
0.04637789726257324
0.03073430061340332
0.04084372520446777
0.037430763244628906
0.034923553466796875
0.030887365341186523
0.0312957763671875
0.04645943641662598
0.0482790470123291
0.05059814453125
0.0812826156616211
0.034996747970581055
0.047771453857421875
0.04416012763977051
0.05122065544128418
0.03928542137145996
0.041959285736083984
0.055078983306884766
0.04085564613342285
0.04056215286254883
0.054659128189086914
0.055475473403930664
0.05905961990356445
0.04525351524353027
0.04035377502441406
0.06114816665649414
0.04616141319274902
0.05848217010498047
0.06539607048034668
0.055387258529663086
0.13054537773132324
0.06798529624938965
0.07562804222106934
0.0519866943359375
0.06935739517211914
0.051483869552612305
0.0604100227355957
0.04519176483154297
0.05647921562194824
0.0553431510925293
0.05228829383850098
0.0471186637878418
0.06214189529418945
0.05676722526550293
0.06444454193115234
0.2127077579498291
0.1332836151123047
0.1191561222076416
0.1179959774017334
0.11868929862976074
0.12104439735412598
0.11925697326660156
0.11729001998901367
0.020189285278320312
0.013792991638183594
0.025784969329833984
0.028227806091308594
0.029165983200073242
0.01653289794921875
0.02741551399230957
0.12164926528930664
0.12833738327026367
0.1325387954711914
0.17192363739013672
0.0777273178100586
0.08950448036193848
0.10553121566772461
0.10683178901672363
0.10501599311828613
0.08170509338378906
0.07038760185241699
0.09700894355773926
0.07718539237976074
0.06723308563232422
0.0727992057800293
0.07059407234191895
0.06026506423950195
0.06550073623657227
0.0576786994934082
0.04940176010131836
0.06476426124572754
0.04087948799133301
0.05154919624328613
0.048778533935546875
0.04579019546508789
0.0832209587097168
0.0483403205871582
0.04483771324157715
0.04672741889953613
0.03994035720825195
0.05625748634338379
0.05448031425476074
0.05919146537780762
0.06342434883117676
0.05814313888549805
0.052329063415527344
0.04735398292541504
0.05208611488342285
0.04776406288146973
0.05964255332946777
0.03165578842163086
0.03613877296447754
0.038416385650634766
0.0383303165435791
0.04378390312194824
0.0494999885559082
0.03736376762390137
0.0395510196685791
0.04278993606567383
0.05061173439025879
0.04080080986022949
0.05662226676940918
0.05420374870300293
0.04509377479553223
0.05612659454345703
0.0449368953704834
0.07144546508789062
0.05227947235107422
0.045844316482543945
0.07035517692565918
0.10458016395568848
0.11566686630249023
0.1274399757385254
0.13294005393981934
0.37609148025512695
0.1678297519683838
0.11844658851623535
0.09663105010986328
0.07586073875427246
0.05855393409729004
0.051299333572387695
0.11991715431213379
0.09091043472290039
0.0946357250213623
0.1372692584991455
0.08041858673095703
0.21559858322143555
0.22557902336120605
0.18165969848632812
0.2725846767425537
0.2220621109008789
0.10494661331176758
0.11798739433288574
0.1226963996887207
0.11854243278503418
0.1089928150177002
0.1367356777191162
0.10512638092041016
0.1017751693725586
0.10941505432128906
0.10921549797058105
0.10626506805419922
0.10890030860900879
0.10808300971984863
0.11356973648071289
0.09785652160644531
0.10607481002807617
0.1159358024597168
0.10742855072021484
0.1139369010925293
0.1107931137084961
0.10669565200805664
0.1242828369140625
0.14646506309509277
0.19272923469543457
0.12670040130615234
0.11776566505432129
0.12603092193603516
0.12231087684631348
0.12262082099914551
0.129133939743042
0.12506866455078125
0.026414155960083008
0.11705803871154785
0.11834478378295898
0.13603997230529785
0.13340139389038086
0.22478842735290527
0.12514781951904297
0.11568331718444824
0.1254277229309082
0.11137652397155762
0.11796951293945312
0.11478734016418457
0.01561880111694336
0.02340388298034668
0.02609705924987793
0.020664453506469727
0.012769222259521484
0.019507169723510742
0.0232236385345459
0.022643089294433594
0.029018640518188477
0.06152915954589844
0.014772415161132812
0.1415269374847412
0.13842368125915527
0.1743762493133545
0.12842226028442383
0.11416292190551758
0.13521170616149902
0.09499979019165039
0.12426638603210449
0.09761285781860352
0.09640884399414062
0.11793231964111328
0.11569547653198242
0.10667181015014648
0.10635566711425781
0.08438897132873535
0.08991646766662598
0.11361980438232422
0.10912799835205078
0.1046590805053711
0.12216711044311523
0.08694863319396973
0.18230962753295898
0.11861920356750488
0.08312010765075684
0.08926963806152344
0.17982268333435059
0.08575010299682617
0.22230935096740723
0.10523748397827148
0.148362398147583
0.09754443168640137
0.15290451049804688
0.14861106872558594
0.1021265983581543
0.11925649642944336
0.1365504264831543
0.11482691764831543
0.11874175071716309
0.09046721458435059
0.11894512176513672
0.15380501747131348
0.13745808601379395
0.1325850486755371
0.11353302001953125
0.07037043571472168
0.08776307106018066
0.08262181282043457
0.08147597312927246
0.07458734512329102
0.10405182838439941
0.08423161506652832
0.07821178436279297
0.07903027534484863
0.0737619400024414
0.09655237197875977
0.11429524421691895
0.11247706413269043
0.0754399299621582
0.0525820255279541
0.057908058166503906
0.06526041030883789
0.05936145782470703
0.08189749717712402
0.050228118896484375
0.05665874481201172
0.054334402084350586
0.05756211280822754
0.05365753173828125
0.09042096138000488
0.05619645118713379
0.0577547550201416
0.07492399215698242
0.04424905776977539
0.04429340362548828
0.0749051570892334
0.05961751937866211
0.055374860763549805
0.05209088325500488
0.058133840560913086
0.05009913444519043
0.05602240562438965
0.05673360824584961
0.051543474197387695
0.06739616394042969
0.06424498558044434
0.07129931449890137
0.05611300468444824
0.0635991096496582
0.06639242172241211
0.07666850090026855
0.0707392692565918
0.07707810401916504
0.0692906379699707
0.08014345169067383
0.07495975494384766
0.06607413291931152
0.06744146347045898
0.07251143455505371
0.06101346015930176
0.06270074844360352
0.06776833534240723
0.0686955451965332
0.0763692855834961
0.07871198654174805
0.0637202262878418
0.06931471824645996
0.06368708610534668
0.07145810127258301
0.0793759822845459
0.08030223846435547
0.07037925720214844
0.08167338371276855
0.07138276100158691
0.11680197715759277
0.07394051551818848
0.07022619247436523
0.08512258529663086
0.0848689079284668
0.0827341079711914
0.07521462440490723
0.09217548370361328
0.080718994140625
0.08362078666687012
0.08282661437988281
0.07625865936279297
0.07955241203308105
0.08475089073181152
0.08387899398803711
0.0892632007598877
0.09452652931213379
0.15650177001953125
0.05601048469543457
0.20262694358825684
0.24738049507141113
0.14591646194458008
0.11299276351928711
0.6675701141357422
0.4467597007751465
0.1866462230682373
0.25857973098754883
0.6833059787750244
0.9377386569976807
0.7139794826507568
0.5094218254089355
0.3136007785797119
0.18850231170654297
0.11475539207458496
0.09177494049072266
0.15189719200134277
0.10717391967773438
0.09132146835327148
0.1259903907775879
0.10889768600463867
0.14013051986694336
0.1504530906677246
0.1904773712158203
0.2371048927307129
0.1361701488494873
0.10326838493347168
0.11155843734741211
0.11609721183776855
0.07264971733093262
0.17386603355407715
0.0957190990447998
0.056555747985839844
0.09575510025024414
0.0671384334564209
0.0934591293334961
0.054242610931396484
0.08038616180419922
0.06320047378540039
0.08061671257019043
0.09363794326782227
0.0728917121887207
0.1385030746459961
0.057279348373413086
0.06141090393066406
0.05426359176635742
0.22278475761413574
0.08288311958312988
0.08701586723327637
0.22872424125671387
0.06574749946594238
0.12662959098815918
0.1508028507232666
0.11743450164794922
0.18536901473999023
0.19007539749145508
0.2558865547180176
0.2469770908355713
0.0886690616607666
0.16047048568725586
0.0838935375213623
0.07474350929260254
0.13962292671203613
0.07619810104370117
0.1104879379272461
0.07320928573608398
0.21483206748962402
0.09135580062866211
0.087982177734375
0.10741257667541504
0.2001349925994873
0.11684417724609375
0.06838655471801758
0.09035110473632812
0.09545159339904785
0.08381342887878418
0.08134770393371582
0.10467028617858887
0.1708078384399414
0.15578007698059082
0.15255951881408691
0.18225550651550293
0.062293052673339844
0.12601876258850098
0.08785462379455566
0.09911918640136719
0.07027506828308105
0.07638359069824219
0.11298704147338867
0.0608062744140625
0.09411764144897461
0.0626683235168457
0.0910344123840332
0.08089923858642578
0.1035916805267334
0.10869240760803223
0.09783935546875
0.1055901050567627
0.0764470100402832
0.09498095512390137
0.0926675796508789
0.15809273719787598
0.07496905326843262
0.14716458320617676
0.07467865943908691
0.11520695686340332
0.14215898513793945
0.12808489799499512
0.21381878852844238
0.16118144989013672
0.16131806373596191
0.09287834167480469
0.09526634216308594
0.1069333553314209
0.10820221900939941
0.07029008865356445
0.08095288276672363
0.11418581008911133
0.10834860801696777
0.1331634521484375
0.07968258857727051
0.07991838455200195
0.08778786659240723
0.0938255786895752
0.039522409439086914
0.1605539321899414
0.1136176586151123
0.16918253898620605
0.07997012138366699
0.16519546508789062
0.044646263122558594
0.05563759803771973
0.19714951515197754
0.15426945686340332
0.17593169212341309
0.16034173965454102
0.21710872650146484
0.1295337677001953
0.1627969741821289
0.12651968002319336
0.16802430152893066
0.12320375442504883
0.17969465255737305
0.1209416389465332
0.10965394973754883
0.1209559440612793
0.13143134117126465
0.12104034423828125
0.14740538597106934
0.1547853946685791
0.12152671813964844
0.15171194076538086
0.18470144271850586
0.13670063018798828
0.10294437408447266
0.1263256072998047
0.10532498359680176
0.13317441940307617
0.10688638687133789
0.11392951011657715
0.09219574928283691
0.0920562744140625
0.12307167053222656
0.10265207290649414
0.1288919448852539
0.08967232704162598
0.11854100227355957
0.10438084602355957
0.08795714378356934
0.07973885536193848
0.12512755393981934
0.14008545875549316
0.1230916976928711
0.06840157508850098
0.08839821815490723
0.0847017765045166
0.11320328712463379
0.06852936744689941
0.10382533073425293
0.12953591346740723
0.1018214225769043
0.10587215423583984
0.08069443702697754
0.0828707218170166
0.08169269561767578
0.08093094825744629
0.0798041820526123
0.07632875442504883
0.07857894897460938
0.06956839561462402
0.07847023010253906
0.05727982521057129
0.06543588638305664
0.07576608657836914
0.04406428337097168
0.04294085502624512
0.05357813835144043
0.04545426368713379
0.04537653923034668
0.05383872985839844
0.07064962387084961
0.07869625091552734
0.06190633773803711
0.05262398719787598
0.06152534484863281
0.05957818031311035
0.07330560684204102
0.06538677215576172
0.06517815589904785
0.07153201103210449
0.07390904426574707
0.07637166976928711
0.06662368774414062
0.07795977592468262
0.08106184005737305
0.08215141296386719
0.08541536331176758
0.06595945358276367
0.07956314086914062
0.08960819244384766
0.07607889175415039
0.07071423530578613
0.05872654914855957
0.0599062442779541
0.07103419303894043
0.07290172576904297
0.07863879203796387
0.07754111289978027
0.0707097053527832
0.05498957633972168
0.05581974983215332
0.05640387535095215
0.07563209533691406
0.07507896423339844
0.061508893966674805
0.05984354019165039
0.07418155670166016
0.09635400772094727
0.06610465049743652
0.06996655464172363
0.07934260368347168
0.05712485313415527
0.07662272453308105
0.06917738914489746
0.06475496292114258
0.06700849533081055
0.06561017036437988
0.07193470001220703
0.06077122688293457
0.06548953056335449
0.06892871856689453
0.05928635597229004
0.06741666793823242
0.07251763343811035
0.06994485855102539
0.0726470947265625
0.07969999313354492
0.07540750503540039
0.07680773735046387
0.0704965591430664
0.07877850532531738
0.07569527626037598
0.07076859474182129
0.07477974891662598
0.07665014266967773
0.07296085357666016
0.08106136322021484
0.06803631782531738
0.06711649894714355
0.08594393730163574
0.0787954330444336
0.07401418685913086
0.08534383773803711
0.0914454460144043
0.08028936386108398
0.0837850570678711
0.16698622703552246
0.08036541938781738
0.08022093772888184
0.08367466926574707
0.07448077201843262
0.10517168045043945
0.07101154327392578
0.06979203224182129
0.04878664016723633
0.22754979133605957
0.18118786811828613
0.11461210250854492
0.12308073043823242
0.11633515357971191
0.10962843894958496
0.1179969310760498
0.1267404556274414
0.1755971908569336
0.09031462669372559
0.10878229141235352
0.08404374122619629
0.09010887145996094
0.10413146018981934
0.07509040832519531
0.07425713539123535
0.07181525230407715
0.0795743465423584
0.08900928497314453
0.11919021606445312
0.11259770393371582
0.10786652565002441
0.08696794509887695
0.07354903221130371
0.0842897891998291
0.07318806648254395
0.12628507614135742
0.08219742774963379
0.09642624855041504
0.17146778106689453
0.13491058349609375
0.2344532012939453
0.46965718269348145
0.22295451164245605
0.05719137191772461
0.1807565689086914
0.1304185390472412
0.06540489196777344
0.16344523429870605
0.11160445213317871
0.12324738502502441
0.2420809268951416
0.09964132308959961
0.10680389404296875
0.1483454704284668
0.11435174942016602
0.09582376480102539
0.056075096130371094
0.04049348831176758
0.13015127182006836
0.1186058521270752
0.07582235336303711
0.12908005714416504
0.12164807319641113
0.12317776679992676
0.12267708778381348
0.14871549606323242
0.12101531028747559
0.10340261459350586
0.1264195442199707
0.14645648002624512
0.2115640640258789
0.13387155532836914
0.10444855690002441
0.11719584465026855
0.09372425079345703
0.13957929611206055
0.08495688438415527
0.1613326072692871
0.07671284675598145
0.08508419990539551
0.07800412178039551
0.07244014739990234
0.06003928184509277
0.08471488952636719
0.0776820182800293
0.08385443687438965
0.07059884071350098
0.08126497268676758
0.1553633213043213
0.08334159851074219
0.24607563018798828
0.13436222076416016
0.05714893341064453
0.051672935485839844
0.06333184242248535
0.05426645278930664
0.024142026901245117
0.14705276489257812
0.1303246021270752
0.15747618675231934
0.17338776588439941
0.10174894332885742
0.11014127731323242
0.08528327941894531
0.15628719329833984
0.06003975868225098
0.5570430755615234
0.3483564853668213
0.09537172317504883
0.032996416091918945
0.048719167709350586
0.04747438430786133
0.024005889892578125
0.04295039176940918
0.046207427978515625
0.07951974868774414
0.06888699531555176
0.04579281806945801
0.04059171676635742
0.03733372688293457
0.037651777267456055
0.16578125953674316
0.13252592086791992
0.5601816177368164
0.33597326278686523
0.10973691940307617
0.04889035224914551
0.03715181350708008
0.05531907081604004
0.031229257583618164
0.05507040023803711
0.08116269111633301
0.10797309875488281
0.05471515655517578
0.08392882347106934
0.07569599151611328
0.06102323532104492
0.1831836700439453
0.0445857048034668
0.16563105583190918
0.04988980293273926
0.15252685546875
0.21783447265625
0.2820851802825928
0.2538108825683594
0.0788419246673584
0.21810460090637207
0.15099692344665527
0.06638956069946289
0.05719804763793945
0.303835391998291
0.09969067573547363
0.17481446266174316
0.08580493927001953
0.0820002555847168
0.052488088607788086
0.040650129318237305
0.12588119506835938
0.16881370544433594
0.08054423332214355
0.0847928524017334
0.15064454078674316
0.10274386405944824
0.07492780685424805
0.04022836685180664
0.04574465751647949
0.04455900192260742
0.07969498634338379
0.09070992469787598
0.04981493949890137
0.0975494384765625
0.038217782974243164
0.049297332763671875
0.028601646423339844
0.04110836982727051
0.11115288734436035
0.13164043426513672
0.09824466705322266
0.1781928539276123
0.11748838424682617
0.13884449005126953
0.1427631378173828
0.09242677688598633
0.09037137031555176
0.06998944282531738
0.17508912086486816
0.08680963516235352
0.1643836498260498
0.42574477195739746
0.1973562240600586
0.06801295280456543
0.05152440071105957
0.11776018142700195
0.12893462181091309
0.1156623363494873
0.12752866744995117
0.13103508949279785
0.18891572952270508
0.12323808670043945
0.18797016143798828
0.1152641773223877
0.11480283737182617
0.10520625114440918
0.10333824157714844
0.2034740447998047
0.14779067039489746
0.1769247055053711
0.11376404762268066
0.1715254783630371
0.13698911666870117
0.11667418479919434
0.15569639205932617
0.1217794418334961
0.28126025199890137
0.13487863540649414
0.1198575496673584
0.06571483612060547
0.049225568771362305
0.1567249298095703
0.14414215087890625
0.050018310546875
0.02031540870666504
0.14530467987060547
0.2044389247894287
0.36195874214172363
0.12729406356811523
0.061547040939331055
0.05631089210510254
0.24171018600463867
0.1582791805267334
0.051329851150512695
0.10503339767456055
0.014900922775268555
0.1943376064300537
0.24316859245300293
0.138230562210083
0.23910284042358398
0.11054158210754395
0.08819794654846191
0.10802865028381348
0.04010128974914551
0.11978459358215332
0.036916494369506836
0.06894063949584961
0.048700809478759766
0.04449343681335449
0.19847583770751953
0.1198720932006836
0.4237639904022217
0.21761608123779297
0.09474325180053711
0.1461029052734375
0.286468505859375
0.2674522399902344
0.08615660667419434
0.1563575267791748
0.08007192611694336
0.502814531326294
0.5454437732696533
0.7502555847167969
0.5653936862945557
0.3077261447906494
0.23925447463989258
0.15350008010864258
0.15248918533325195
0.1608562469482422
0.2416825294494629
0.2156834602355957
0.10421109199523926
0.17046189308166504
0.3627040386199951
0.15903973579406738
0.09551739692687988
0.11352920532226562
0.23822569847106934
0.2888050079345703
0.13344049453735352
0.054971933364868164
0.09426283836364746
0.09667110443115234
0.04747509956359863
0.05690574645996094
0.06098508834838867
0.02837538719177246
0.034384965896606445
0.05051875114440918
0.08005523681640625
0.0801534652709961
0.02287149429321289
0.02544426918029785
0.03535103797912598
0.05158257484436035
0.03983902931213379
0.11241412162780762
0.046681880950927734
0.0581514835357666
0.017385244369506836
0.03655290603637695
0.018306970596313477
0.0271914005279541
0.02971172332763672
0.02493739128112793
0.035890817642211914
0.07604098320007324
0.035575151443481445
0.10686564445495605
0.05444669723510742
0.038019657135009766
0.03206610679626465
0.03872179985046387
0.03872203826904297
0.043412208557128906
