0.040972232818603516
0.16061639785766602
0.062113046646118164
0.16003942489624023
0.04183459281921387
0.1319591999053955
0.06943297386169434
0.12600064277648926
0.13043808937072754
0.13048219680786133
0.02434849739074707
0.23991966247558594
0.1340646743774414
0.12452030181884766
0.12418627738952637
0.036339759826660156
0.12433433532714844
0.12943553924560547
0.03618431091308594
0.024819135665893555
0.02809882164001465
0.03012251853942871
0.04970431327819824
0.042111873626708984
0.02491474151611328
0.03135490417480469
0.02693486213684082
0.04235959053039551
0.04991888999938965
0.04202699661254883
0.03617262840270996
0.04690051078796387
0.037900447845458984
0.08668088912963867
0.04891777038574219
0.042551517486572266
0.043117523193359375
0.04095768928527832
0.059825897216796875
0.051969289779663086
0.04099440574645996
0.04895329475402832
0.05783343315124512
0.05747842788696289
0.053282976150512695
0.04852557182312012
0.045156240463256836
0.055381059646606445
0.06377220153808594
0.06021451950073242
0.0507810115814209
0.050909996032714844
0.05739617347717285
0.0570521354675293
0.06517720222473145
0.05621767044067383
0.05681800842285156
0.07086586952209473
0.06432628631591797
0.06051754951477051
0.06311440467834473
0.06187152862548828
0.05863165855407715
0.0757298469543457
0.061893463134765625
0.07662439346313477
0.06553220748901367
0.07406139373779297
0.06485986709594727
0.07061100006103516
0.06738138198852539
0.09163022041320801
0.08362197875976562
0.07875442504882812
0.07228279113769531
0.07567882537841797
0.08685660362243652
0.09947562217712402
0.08498978614807129
0.09737372398376465
0.08289313316345215
0.0993032455444336
0.09293150901794434
0.09884285926818848
0.09706997871398926
0.12504911422729492
0.1091909408569336
0.09260940551757812
0.10603809356689453
0.09840106964111328
0.09649300575256348
0.10179829597473145
0.10800743103027344
0.09476399421691895
0.09383463859558105
0.1149139404296875
0.1152801513671875
0.0984201431274414
0.10047173500061035
0.10167121887207031
0.12208676338195801
0.1121988296508789
0.10240721702575684
0.1054537296295166
0.11529946327209473
0.10814404487609863
0.10716080665588379
0.13124966621398926
0.11409854888916016
0.12385296821594238
0.11977291107177734
0.11049008369445801
0.02049851417541504
0.018715381622314453
0.029417991638183594
0.028139114379882812
0.028261899948120117
0.02362680435180664
0.028194665908813477
0.02775859832763672
0.020954132080078125
0.020404338836669922
0.040518760681152344
0.03034186363220215
0.032468557357788086
0.06255960464477539
0.015882253646850586
0.04195523262023926
0.02998518943786621
0.023161888122558594
0.03257608413696289
0.0249021053314209
0.023881196975708008
0.04459023475646973
0.034770965576171875
0.03196382522583008
0.031043291091918945
0.032349348068237305
0.04298138618469238
0.03956127166748047
0.07522940635681152
0.030925750732421875
0.042670249938964844
0.03392601013183594
0.05739426612854004
0.042916059494018555
0.06411218643188477
0.04101729393005371
0.049025535583496094
0.037715911865234375
0.05240011215209961
0.04377293586730957
0.04274606704711914
0.05277585983276367
0.03555035591125488
0.03636050224304199
0.052718162536621094
0.05498862266540527
0.045806169509887695
0.05613899230957031
0.045554399490356445
0.04341769218444824
0.0465238094329834
0.060219526290893555
0.04626011848449707
0.059433937072753906
0.055681467056274414
0.09532952308654785
0.052771568298339844
0.06442570686340332
0.05716753005981445
0.05361151695251465
0.07631659507751465
0.06270551681518555
0.06082940101623535
0.059374332427978516
0.06414556503295898
0.06447672843933105
0.07611680030822754
0.05637335777282715
0.07836031913757324
0.0625159740447998
0.06365251541137695
0.06873273849487305
0.062369346618652344
0.06221652030944824
0.07268190383911133
0.05881810188293457
0.07746338844299316
0.060732126235961914
0.053415536880493164
0.07349514961242676
0.05604887008666992
0.08063721656799316
0.059281110763549805
0.07224583625793457
0.05433511734008789
0.06951093673706055
0.06218528747558594
0.04330611228942871
0.04397416114807129
0.06143474578857422
0.04180645942687988
0.04334878921508789
0.0561976432800293
0.05970454216003418
0.043233633041381836
0.04871010780334473
0.04882645606994629
0.028992891311645508
0.03218436241149902
0.044226884841918945
0.027754545211791992
0.028202295303344727
0.035227298736572266
0.03776431083679199
0.024370193481445312
0.021442651748657227
0.042391061782836914
0.040892601013183594
0.02751946449279785
0.01973700523376465
0.038626909255981445
0.027100801467895508
0.02668905258178711
0.02466273307800293
0.026329755783081055
0.04093146324157715
0.028943777084350586
0.04786109924316406
0.027553319931030273
0.028852224349975586
0.027580976486206055
0.040555477142333984
0.03077983856201172
0.03572654724121094
0.03688979148864746
0.03288412094116211
0.03548288345336914
0.021501541137695312
0.04398846626281738
0.04922080039978027
0.03151249885559082
0.028542518615722656
0.03213763236999512
0.023027658462524414
0.04044294357299805
0.02785325050354004
0.028291702270507812
0.04003095626831055
0.040802955627441406
0.03363394737243652
0.035628557205200195
0.028301000595092773
0.029561519622802734
0.046366214752197266
0.03325152397155762
0.029033422470092773
0.030059337615966797
0.03161501884460449
0.05306863784790039
0.03499937057495117
0.04733777046203613
0.0335690975189209
0.051700592041015625
0.039392948150634766
0.03860044479370117
0.04402494430541992
0.036121368408203125
0.05192160606384277
0.0357666015625
0.05119013786315918
0.04903912544250488
0.0526735782623291
0.043253183364868164
0.05131816864013672
0.0474400520324707
0.04335665702819824
0.05042266845703125
0.03216552734375
0.036078691482543945
0.037893056869506836
0.03681826591491699
0.05839347839355469
0.03754878044128418
0.04562568664550781
0.05764460563659668
0.05834221839904785
0.05215930938720703
0.041535139083862305
0.03996086120605469
0.04674863815307617
0.04921770095825195
0.04536128044128418
0.15929913520812988
0.055355072021484375
0.15893220901489258
0.05402326583862305
0.14762210845947266
0.14457964897155762
0.0543670654296875
0.07990360260009766
0.18895769119262695
0.1643073558807373
0.055754899978637695
0.05920529365539551
0.15070438385009766
0.14321470260620117
0.036702871322631836
0.1546649932861328
0.03684520721435547
0.05271458625793457
0.04223036766052246
0.05298423767089844
0.056223392486572266
0.0538334846496582
0.04130911827087402
0.05082440376281738
0.042626380920410156
0.0481562614440918
0.06501960754394531
0.0479433536529541
0.05289578437805176
0.06312394142150879
0.13735103607177734
0.06522059440612793
0.05695676803588867
0.059670209884643555
0.07306885719299316
0.06370091438293457
0.06127023696899414
0.06192183494567871
0.06466937065124512
0.06220889091491699
0.09273242950439453
0.10013437271118164
0.10063290596008301
0.16054201126098633
0.10569930076599121
0.044394731521606445
0.12323808670043945
0.12765789031982422
0.12080097198486328
0.11065912246704102
0.12248873710632324
0.12128400802612305
0.0077970027923583984
0.022409915924072266
0.02277851104736328
0.015338659286499023
0.032385826110839844
0.018853425979614258
0.01461029052734375
0.022612810134887695
0.01497507095336914
0.02011895179748535
0.014380931854248047
0.03507208824157715
0.012363195419311523
0.03240966796875
0.04113292694091797
0.017553329467773438
0.02131175994873047
0.02194380760192871
0.022762298583984375
0.019899845123291016
0.02100372314453125
0.023586273193359375
0.023468494415283203
0.03842473030090332
0.03234076499938965
0.0335078239440918
0.03493785858154297
0.031136751174926758
0.03806948661804199
0.029376983642578125
0.028669118881225586
0.030841350555419922
0.030722618103027344
0.039499759674072266
0.0287017822265625
0.026875019073486328
0.02761530876159668
0.047770023345947266
0.028503894805908203
0.04588508605957031
0.04914975166320801
0.03796958923339844
0.037995100021362305
0.04529380798339844
0.04942917823791504
0.037741899490356445
0.047444820404052734
0.04031872749328613
0.046591997146606445
0.038665771484375
0.03963732719421387
0.04148364067077637
0.03763103485107422
0.03703117370605469
0.05238771438598633
0.04306650161743164
0.030874013900756836
0.058255910873413086
0.033405303955078125
0.05594825744628906
0.038266897201538086
0.05968070030212402
0.04386639595031738
0.05861639976501465
0.04693603515625
0.037078857421875
0.03324007987976074
0.04764199256896973
0.04759550094604492
0.046424150466918945
0.04899191856384277
0.04425764083862305
0.04848337173461914
0.028712034225463867
0.02777385711669922
0.0459742546081543
0.041428565979003906
0.02742290496826172
0.037116050720214844
0.029778242111206055
0.03642725944519043
0.046204328536987305
0.03387856483459473
0.04517817497253418
0.03885173797607422
0.07684445381164551
0.04512500762939453
0.03330206871032715
0.05006146430969238
0.037946224212646484
0.03670954704284668
0.04222726821899414
0.052005767822265625
0.05042123794555664
0.03776144981384277
0.041231393814086914
0.04079771041870117
0.0435481071472168
0.052678585052490234
0.041008949279785156
0.05925178527832031
0.04682302474975586
0.05844736099243164
0.06499147415161133
0.0462343692779541
0.04890131950378418
0.052924156188964844
0.04718661308288574
0.04301619529724121
0.06289434432983398
0.06245088577270508
0.05764365196228027
0.04572701454162598
0.04591560363769531
0.05473637580871582
0.05321860313415527
0.32939887046813965
0.14199352264404297
0.046742916107177734
0.06448054313659668
0.0441899299621582
0.12902569770812988
0.11385679244995117
0.10970926284790039
0.10908722877502441
0.11150860786437988
0.11961865425109863
0.11690330505371094
0.007728099822998047
0.019667387008666992
0.013017892837524414
0.02303457260131836
0.029274463653564453
0.016932964324951172
0.014642715454101562
0.1391463279724121
0.11277532577514648
0.1581423282623291
0.16916608810424805
0.11875438690185547
0.07447648048400879
0.10622525215148926
0.07300686836242676
0.10712027549743652
0.06691884994506836
0.08121991157531738
0.10172629356384277
0.05809330940246582
0.05841207504272461
0.06777620315551758
0.06993699073791504
0.05454540252685547
0.061235666275024414
0.06110978126525879
0.06256890296936035
0.055893898010253906
0.04148364067077637
0.05113697052001953
0.054635047912597656
0.04510092735290527
0.05777597427368164
0.05378246307373047
0.04395484924316406
0.04661417007446289
0.04588961601257324
0.04237985610961914
0.052992820739746094
0.04516863822937012
0.045065879821777344
0.05753374099731445
0.043515682220458984
0.052655935287475586
0.05576491355895996
0.0608062744140625
0.0479884147644043
0.03419685363769531
0.02303028106689453
0.02426910400390625
0.028252840042114258
0.028470754623413086
0.04545474052429199
0.04052472114562988
0.039862632751464844
0.04394721984863281
0.05812382698059082
0.03766322135925293
0.056257009506225586
0.05440998077392578
0.057588815689086914
0.042886972427368164
0.05610394477844238
0.07985568046569824
0.040828704833984375
0.04303288459777832
0.04631805419921875
0.04726672172546387
0.09926486015319824
0.12793183326721191
0.1594083309173584
0.28662896156311035
0.11984920501708984
0.11398935317993164
0.07253694534301758
0.04622840881347656
0.08910202980041504
0.06438088417053223
0.04071998596191406
0.1003727912902832
0.09789633750915527
0.12876033782958984
0.08472371101379395
0.20227456092834473
0.22491002082824707
0.184098482131958
0.27281713485717773
0.22156620025634766
0.09524083137512207
0.11515450477600098
0.12409496307373047
0.1023111343383789
0.12559223175048828
0.13815569877624512
0.08957028388977051
0.11544966697692871
0.11088085174560547
0.10041069984436035
0.0981290340423584
0.09335541725158691
0.10218286514282227
0.10021448135375977
0.10934829711914062
0.11202812194824219
0.11341643333435059
0.10361766815185547
0.09885787963867188
0.11581826210021973
0.11670207977294922
0.1083824634552002
0.11408400535583496
0.1820054054260254
0.10905861854553223
0.1112511157989502
0.11249065399169922
0.11279177665710449
0.12434816360473633
0.1087026596069336
0.10839152336120605
0.016971111297607422
0.13256454467773438
0.12950873374938965
0.11615419387817383
0.11857938766479492
0.22885656356811523
0.13027453422546387
0.11581969261169434
0.12032890319824219
0.1076815128326416
0.1122593879699707
0.12364411354064941
0.007337331771850586
0.010245561599731445
0.012899398803710938
0.009686708450317383
0.010010480880737305
0.027178287506103516
0.01093745231628418
0.028163671493530273
0.028763294219970703
0.04575300216674805
0.011010169982910156
0.12837767601013184
0.18416452407836914
0.18004202842712402
0.10924100875854492
0.12798261642456055
0.12886404991149902
0.09648346900939941
0.10955953598022461
0.09294962882995605
0.09786748886108398
0.08902907371520996
0.11353349685668945
0.09734272956848145
0.09983468055725098
0.12041687965393066
0.09017753601074219
0.10747146606445312
0.10524392127990723
0.08173012733459473
0.11873030662536621
0.0926661491394043
0.07365608215332031
0.15313339233398438
0.09063482284545898
0.08191227912902832
0.17002606391906738
0.21500325202941895
0.22877120971679688
0.09001326560974121
0.15343809127807617
0.13636493682861328
0.16405057907104492
0.08162975311279297
0.10277819633483887
0.1142427921295166
0.14174938201904297
0.10488748550415039
0.09824180603027344
0.08627891540527344
0.1248772144317627
0.14650416374206543
0.11188435554504395
0.13150286674499512
0.10233545303344727
0.08327388763427734
0.09011721611022949
0.07217288017272949
0.06734347343444824
0.08071470260620117
0.10592317581176758
0.09289669990539551
0.08715271949768066
0.07854580879211426
0.08091425895690918
0.07304215431213379
0.10163187980651855
0.10659575462341309
0.0910806655883789
0.06771540641784668
0.04745984077453613
0.04455685615539551
0.06743717193603516
0.09429502487182617
0.0685577392578125
0.06253862380981445
0.05046272277832031
0.052231788635253906
0.1102762222290039
0.08170723915100098
0.0443267822265625
0.051456451416015625
0.05343317985534668
0.040493011474609375
0.041219234466552734
0.054840803146362305
0.05599641799926758
0.045918941497802734
0.04612874984741211
0.04926776885986328
0.0467374324798584
0.05017733573913574
0.05127716064453125
0.04870724678039551
0.05336761474609375
0.05037808418273926
0.05374407768249512
0.05117011070251465
0.05769157409667969
0.056412696838378906
0.05941653251647949
0.06066775321960449
0.06370377540588379
0.07883930206298828
0.05956554412841797
0.06942582130432129
0.08024883270263672
0.06769061088562012
0.06921553611755371
0.061165809631347656
0.07840442657470703
0.07334733009338379
0.0642096996307373
0.07468938827514648
0.05949807167053223
0.06037402153015137
0.06363630294799805
0.06062030792236328
0.08163022994995117
0.0792093276977539
0.06579232215881348
0.07025623321533203
0.07869315147399902
0.07158708572387695
0.11464190483093262
0.08360719680786133
0.07015585899353027
0.07683777809143066
0.08683109283447266
0.07378363609313965
0.07529139518737793
0.08946919441223145
0.07222414016723633
0.0779275894165039
0.07502055168151855
0.06831955909729004
0.07341933250427246
0.0859062671661377
0.08321189880371094
0.07661819458007812
0.11192798614501953
0.1477503776550293
0.2279376983642578
0.08668947219848633
0.22515654563903809
0.1464531421661377
0.13592815399169922
0.14496207237243652
0.3506181240081787
0.09894490242004395
0.19633150100708008
0.6635966300964355
0.44477295875549316
0.22098302841186523
0.7492306232452393
0.5056931972503662
0.28544187545776367
0.16330790519714355
0.09086036682128906
0.14963221549987793
0.10902166366577148
0.15203595161437988
0.11377501487731934
0.08721256256103516
0.13284850120544434
0.08425354957580566
0.09716105461120605
0.08611464500427246
0.1156005859375
0.12022280693054199
0.11930608749389648
0.07999515533447266
0.0609440803527832
0.17908573150634766
0.10247635841369629
0.060857295989990234
0.1343674659729004
0.07165050506591797
0.07493090629577637
0.051340579986572266
0.06383728981018066
0.07753729820251465
0.0640566349029541
0.0462038516998291
0.05117511749267578
0.05240774154663086
0.0707855224609375
0.05654573440551758
0.06822443008422852
0.15792012214660645
0.051748037338256836
0.07256793975830078
0.0503849983215332
0.05032014846801758
0.14834094047546387
0.13550400733947754
0.07907676696777344
0.11065864562988281
0.18185782432556152
0.2810640335083008
0.23738646507263184
0.09750890731811523
0.10540294647216797
0.08142757415771484
0.10259413719177246
0.1412959098815918
0.12067675590515137
0.09072065353393555
0.16454052925109863
0.1083383560180664
0.10295438766479492
0.1038351058959961
0.06302666664123535
0.201735258102417
0.08875322341918945
0.08851289749145508
0.09303522109985352
0.06872344017028809
0.06747245788574219
0.06938576698303223
0.13869833946228027
0.13370299339294434
0.14749836921691895
0.11618566513061523
0.21634197235107422
0.06369590759277344
0.10839223861694336
0.07353782653808594
0.05684089660644531
0.05542278289794922
0.07226967811584473
0.11439371109008789
0.05825686454772949
0.10214829444885254
0.066619873046875
0.05111956596374512
0.08319807052612305
0.3150031566619873
0.11983823776245117
0.07780337333679199
0.10082268714904785
0.07208728790283203
0.09203600883483887
0.07645821571350098
0.13117623329162598
0.08783555030822754
0.1340618133544922
0.08135151863098145
0.11578798294067383
0.11527299880981445
0.0875539779663086
0.21376466751098633
0.15127158164978027
0.11606717109680176
0.08836126327514648
0.09995388984680176
0.0895078182220459
0.10710573196411133
0.09819769859313965
0.08169198036193848
0.09991884231567383
0.11401700973510742
0.13010740280151367
0.08055400848388672
0.06135225296020508
0.08704924583435059
0.03430533409118652
0.051535844802856445
0.17482519149780273
0.03603005409240723
0.19795799255371094
0.046521902084350586
0.1698751449584961
0.04196953773498535
0.11017990112304688
0.18606948852539062
0.1703016757965088
0.14485764503479004
0.13184809684753418
0.2174220085144043
0.14368653297424316
0.10766386985778809
0.12253189086914062
0.13918113708496094
0.16186976432800293
0.13115620613098145
0.1385200023651123
0.110137939453125
0.11746954917907715
0.13390493392944336
0.12947559356689453
0.1658933162689209
0.15366387367248535
0.10576248168945312
0.14414310455322266
0.18388009071350098
0.13636255264282227
0.13851428031921387
0.12010335922241211
0.10669994354248047
0.15406322479248047
0.10893678665161133
0.135847806930542
0.09287691116333008
0.11282515525817871
0.08691763877868652
0.1128988265991211
0.11832118034362793
0.09186124801635742
0.09353017807006836
0.11934328079223633
0.14781713485717773
0.12653088569641113
0.0738821029663086
0.16760587692260742
0.13767075538635254
0.1099855899810791
0.06191444396972656
0.1051933765411377
0.11544990539550781
0.06430602073669434
0.06838130950927734
0.12157273292541504
0.1358332633972168
0.13965868949890137
0.07236790657043457
0.08080720901489258
0.08377265930175781
0.06571722030639648
0.08125829696655273
0.06609129905700684
0.08024835586547852
0.07512736320495605
0.05790352821350098
0.08168649673461914
0.07570195198059082
0.07104325294494629
0.06044578552246094
0.04766511917114258
0.039261579513549805
0.04208660125732422
0.045070648193359375
0.06691670417785645
0.06053614616394043
0.0651555061340332
0.04655933380126953
0.0533900260925293
0.06837987899780273
0.0558013916015625
0.07303071022033691
0.056015729904174805
0.06534814834594727
0.07515811920166016
0.07458281517028809
0.06187152862548828
0.07632160186767578
0.07238268852233887
0.08199715614318848
0.07808494567871094
0.07514381408691406
0.0713503360748291
0.06490278244018555
0.06475687026977539
0.0877983570098877
0.07074666023254395
0.05579328536987305
0.0689542293548584
0.06203484535217285
0.06276655197143555
0.05892658233642578
0.059331417083740234
0.0708017349243164
0.06999588012695312
0.05230069160461426
0.05356955528259277
0.07500410079956055
0.059461116790771484
0.0739448070526123
0.07629132270812988
0.0548245906829834
0.06358671188354492
0.0565335750579834
0.0604856014251709
0.06059455871582031
0.05392026901245117
0.06839394569396973
0.0639348030090332
0.05552196502685547
0.06108832359313965
0.06958270072937012
0.0752108097076416
0.05549168586730957
0.06749296188354492
0.05293917655944824
0.06953549385070801
0.058275461196899414
0.06857919692993164
0.07423973083496094
0.0821542739868164
0.0684201717376709
0.07005906105041504
0.07110953330993652
0.06741809844970703
0.0686178207397461
0.08036231994628906
0.07240676879882812
0.06259608268737793
0.07613849639892578
0.07357597351074219
0.06347155570983887
0.07410693168640137
0.06750988960266113
0.07181167602539062
0.07390093803405762
0.07424283027648926
0.07382941246032715
0.0930478572845459
0.07976078987121582
0.07172012329101562
0.1661090850830078
0.05952811241149902
0.06547284126281738
0.08915925025939941
0.07947945594787598
0.21095919609069824
0.06514811515808105
0.07844710350036621
0.4113016128540039
0.2384505271911621
0.18769407272338867
0.1211094856262207
0.0930631160736084
0.11696243286132812
0.11523938179016113
0.09629702568054199
0.08497476577758789
0.1793656349182129
0.08034729957580566
0.11826777458190918
0.0767982006072998
0.07994914054870605
0.07263350486755371
0.09137964248657227
0.09208893775939941
0.12809324264526367
0.06538224220275879
0.10623621940612793
0.10747146606445312
0.12193822860717773
0.10183477401733398
0.08960556983947754
0.11089253425598145
0.13379621505737305
0.0742807388305664
0.09053802490234375
0.05927634239196777
0.1330432891845703
0.18124985694885254
0.15711116790771484
0.05242776870727539
0.48236918449401855
0.23575782775878906
0.11379599571228027
0.09522175788879395
0.11667895317077637
0.08111381530761719
0.17678141593933105
0.12646794319152832
0.1363210678100586
0.17083382606506348
0.15039396286010742
0.0862278938293457
0.12783217430114746
0.27138376235961914
0.056058406829833984
0.03983020782470703
0.03977036476135254
0.17276453971862793
0.06419610977172852
0.06264519691467285
0.13789749145507812
0.17598581314086914
0.12379860877990723
0.11287975311279297
0.11193490028381348
0.11252737045288086
0.12121391296386719
0.14227056503295898
0.10128283500671387
0.15885233879089355
0.13008451461791992
0.1104278564453125
0.09688210487365723
0.1081855297088623
0.14000678062438965
0.08188915252685547
0.1546943187713623
0.08524084091186523
0.08665060997009277
0.08514690399169922
0.06156134605407715
0.054599761962890625
0.059102773666381836
0.09115457534790039
0.16251111030578613
0.0776820182800293
0.08701181411743164
0.1497025489807129
0.1889972686767578
0.24522018432617188
0.1060631275177002
0.06890249252319336
0.06336188316345215
0.052141666412353516
0.03097987174987793
0.03131842613220215
0.1381666660308838
0.13165640830993652
0.16164135932922363
0.15557003021240234
0.09953975677490234
0.0670173168182373
0.08310723304748535
0.11632823944091797
0.03502821922302246
0.3866457939147949
0.14644122123718262
0.0423886775970459
0.026728153228759766
0.039446353912353516
0.022824764251708984
0.03378009796142578
0.0528559684753418
0.04703354835510254
0.06838393211364746
0.0790095329284668
0.05206871032714844
0.030832767486572266
0.026517868041992188
0.04096651077270508
0.12005615234375
0.12830066680908203
0.4244539737701416
0.2002425193786621
0.15382122993469238
0.04578685760498047
0.03178071975708008
0.06270217895507812
0.026942014694213867
0.07040619850158691
0.07746291160583496
0.030801773071289062
0.029586315155029297
0.0844573974609375
0.10630583763122559
0.09722304344177246
0.1474134922027588
0.031192302703857422
0.1554698944091797
0.019510269165039062
0.14467740058898926
0.49742794036865234
0.4136772155761719
0.19533157348632812
0.07775688171386719
0.19189929962158203
0.1467723846435547
0.06280660629272461
0.042282819747924805
0.30405139923095703
0.09991717338562012
0.20808696746826172
0.03915810585021973
0.05756330490112305
0.04804253578186035
0.06273841857910156
0.14850544929504395
0.12432193756103516
0.09002065658569336
0.33261585235595703
0.09872984886169434
0.09100532531738281
0.0683908462524414
0.060280561447143555
0.051268815994262695
0.05942344665527344
0.07015681266784668
0.05396747589111328
0.10648131370544434
0.06364917755126953
0.046508073806762695
0.04538536071777344
0.041257619857788086
0.039995431900024414
0.09804129600524902
0.05331850051879883
0.08974027633666992
0.17379021644592285
0.1370077133178711
0.1651468276977539
0.10571694374084473
0.08871030807495117
0.2281489372253418
0.12752962112426758
0.1760387420654297
0.25786447525024414
0.156080961227417
0.39768195152282715
0.22126173973083496
0.06461954116821289
0.04662632942199707
0.03507232666015625
0.12152528762817383
0.09015369415283203
0.11271214485168457
0.1077420711517334
0.17044401168823242
0.16699528694152832
0.09062051773071289
0.18250775337219238
0.11435794830322266
0.14711809158325195
0.12525629997253418
0.18196988105773926
