0.0424349308013916
0.14685535430908203
0.07173776626586914
0.17897868156433105
0.032312870025634766
0.13313579559326172
0.06009364128112793
0.14378762245178223
0.13663959503173828
0.14224743843078613
0.02467489242553711
0.2346971035003662
0.12366271018981934
0.1647777557373047
0.1289503574371338
0.020638704299926758
0.14129090309143066
0.12614798545837402
0.03182792663574219
0.04522585868835449
0.025099754333496094
0.031067609786987305
0.04600024223327637
0.03810548782348633
0.03413987159729004
0.03238987922668457
0.040613651275634766
0.04363369941711426
0.050215959548950195
0.038538455963134766
0.04739856719970703
0.03401756286621094
0.03871917724609375
0.15549039840698242
0.05155348777770996
0.05814504623413086
0.044088125228881836
0.0418696403503418
0.043280601501464844
0.05325746536254883
0.05238819122314453
0.04398369789123535
0.047783613204956055
0.04726576805114746
0.0537567138671875
0.049303531646728516
0.05529928207397461
0.05061912536621094
0.05640101432800293
0.04809761047363281
0.051508188247680664
0.06155848503112793
0.052388906478881836
0.052876949310302734
0.06763553619384766
0.0659639835357666
0.05417752265930176
0.0644221305847168
0.06019091606140137
0.06121635437011719
0.06386184692382812
0.07413578033447266
0.0673987865447998
0.06369519233703613
0.06541275978088379
0.0655975341796875
0.06897568702697754
0.0690145492553711
0.08078336715698242
0.08229923248291016
0.07208681106567383
0.09143757820129395
0.07296133041381836
0.07956433296203613
0.07308673858642578
0.09246444702148438
0.08822417259216309
0.09301543235778809
0.09305620193481445
0.09337258338928223
0.07913565635681152
0.0954592227935791
0.08834338188171387
0.0944666862487793
0.08447957038879395
0.12195491790771484
0.09222245216369629
0.10001802444458008
0.10691618919372559
0.11070919036865234
0.09742426872253418
0.09421873092651367
0.10825204849243164
0.09509682655334473
0.10434556007385254
0.11411666870117188
0.10157346725463867
0.10270452499389648
0.1158146858215332
0.10202693939208984
0.10732555389404297
0.11315393447875977
0.10276627540588379
0.11474823951721191
0.10593795776367188
0.11668777465820312
0.11070132255554199
0.127166748046875
0.13820910453796387
0.10930323600769043
0.12064599990844727
0.1206822395324707
0.02153921127319336
0.013719558715820312
0.030339956283569336
0.018504619598388672
0.017022371292114258
0.03473091125488281
0.028985261917114258
0.02281355857849121
0.03790903091430664
0.026340484619140625
0.04938387870788574
0.03112936019897461
0.022216320037841797
0.057593584060668945
0.03147721290588379
0.03005242347717285
0.054506540298461914
0.028562545776367188
0.023209095001220703
0.03484201431274414
0.027957677841186523
0.028629064559936523
0.05745816230773926
0.044474124908447266
0.028055191040039062
0.03299760818481445
0.028934955596923828
0.03132915496826172
0.0638275146484375
0.03629565238952637
0.04842400550842285
0.049451589584350586
0.03595685958862305
0.03870081901550293
0.038826942443847656
0.04180908203125
0.03858351707458496
0.038693904876708984
0.04147458076477051
0.03529787063598633
0.04690289497375488
0.04949235916137695
0.05251479148864746
0.0404815673828125
0.04057645797729492
0.053064823150634766
0.04743242263793945
0.043228864669799805
0.04262685775756836
0.05913591384887695
0.0469212532043457
0.04687142372131348
0.04660487174987793
0.05506539344787598
0.051798105239868164
0.07129168510437012
0.06473135948181152
0.0559237003326416
0.06944727897644043
0.05398917198181152
0.06010150909423828
0.05910849571228027
0.06734299659729004
0.08199095726013184
0.08772516250610352
0.06530237197875977
0.05624079704284668
0.0799250602722168
0.07927060127258301
0.06322622299194336
0.06055855751037598
0.0743095874786377
0.0796511173248291
0.05912160873413086
0.07371068000793457
0.06255435943603516
0.0612337589263916
0.07557058334350586
0.07061076164245605
0.06265830993652344
0.05637168884277344
0.07733631134033203
0.06959414482116699
0.07017397880554199
0.05800604820251465
0.07016158103942871
0.043596506118774414
0.05890512466430664
0.06005215644836426
0.06277132034301758
0.042130231857299805
0.04965472221374512
0.0438232421875
0.058646202087402344
0.04704475402832031
0.06055450439453125
0.047266483306884766
0.03374791145324707
0.02937483787536621
0.031912803649902344
0.037299156188964844
0.028582334518432617
0.05809330940246582
0.02283477783203125
0.021632671356201172
0.025049686431884766
0.04378843307495117
0.02257513999938965
0.022806406021118164
0.020079851150512695
0.03823709487915039
0.04441022872924805
0.023435354232788086
0.03886246681213379
0.026674747467041016
0.030918598175048828
0.029926776885986328
0.027529239654541016
0.04172801971435547
0.03991818428039551
0.02840590476989746
0.044281959533691406
0.03161048889160156
0.028893470764160156
0.03452467918395996
0.03165030479431152
0.02515268325805664
0.027081966400146484
0.025942325592041016
0.02791738510131836
0.04697155952453613
0.032874345779418945
0.0264437198638916
0.027123689651489258
0.041291236877441406
0.0334935188293457
0.03759598731994629
0.02628183364868164
0.03856682777404785
0.03971576690673828
0.04193735122680664
0.04912257194519043
0.045119285583496094
0.03243136405944824
0.04322171211242676
0.03306293487548828
0.04666495323181152
0.046457529067993164
0.04134798049926758
0.04616594314575195
0.03172135353088379
0.03860282897949219
0.05292487144470215
0.0401759147644043
0.04858255386352539
0.04526877403259277
0.047150373458862305
0.04000401496887207
0.049916744232177734
0.05151772499084473
0.03576827049255371
0.04566383361816406
0.03958940505981445
0.04853630065917969
0.03597831726074219
0.034126996994018555
0.038109779357910156
0.04921293258666992
0.04274702072143555
0.049152374267578125
0.03719043731689453
0.03675365447998047
0.03793478012084961
0.04053187370300293
0.04613542556762695
0.05809187889099121
0.03838515281677246
0.04214119911193848
0.04074549674987793
0.038190364837646484
0.05519556999206543
0.04740142822265625
0.1583395004272461
0.04545855522155762
0.15992331504821777
0.04391789436340332
0.14459896087646484
0.15899944305419922
0.05617713928222656
0.05038261413574219
0.196915864944458
0.14517593383789062
0.03959774971008301
0.04298901557922363
0.1464691162109375
0.15830683708190918
0.053786277770996094
0.15798354148864746
0.051770925521850586
0.04747176170349121
0.03955960273742676
0.043233394622802734
0.03878068923950195
0.05501580238342285
0.04189944267272949
0.04228782653808594
0.05742502212524414
0.07160425186157227
0.06843233108520508
0.05372214317321777
0.06429576873779297
0.06440091133117676
0.13056707382202148
0.0553438663482666
0.0669240951538086
0.07651162147521973
0.07109808921813965
0.07055497169494629
0.07038497924804688
0.07359838485717773
0.06546711921691895
0.06801962852478027
0.09142255783081055
0.10054731369018555
0.06578707695007324
0.15441155433654785
0.07164192199707031
0.04483437538146973
0.12444567680358887
0.12430644035339355
0.12091898918151855
0.11159324645996094
0.11756730079650879
0.12270331382751465
0.008155584335327148
0.007223606109619141
0.013898134231567383
0.012127161026000977
0.017791271209716797
0.020903825759887695
0.036429405212402344
0.022579431533813477
0.02111983299255371
0.011348485946655273
0.011454105377197266
0.02354884147644043
0.021586894989013672
0.035097360610961914
0.03822922706604004
0.033315181732177734
0.03520846366882324
0.036919593811035156
0.02305459976196289
0.03458809852600098
0.03292083740234375
0.03696084022521973
0.02722620964050293
0.02836322784423828
0.030188560485839844
0.030560016632080078
0.03498578071594238
0.020426273345947266
0.0248110294342041
0.03517270088195801
0.0327906608581543
0.0278470516204834
0.036830902099609375
0.027028799057006836
0.03513789176940918
0.036481380462646484
0.045566558837890625
0.0529482364654541
0.032515525817871094
0.04781365394592285
0.04224848747253418
0.038274526596069336
0.03541898727416992
0.04578685760498047
0.036130428314208984
0.043837547302246094
0.04936552047729492
0.05437445640563965
0.04150795936584473
0.04293394088745117
0.05467629432678223
0.04534554481506348
0.035005807876586914
0.04722952842712402
0.03752946853637695
0.037619829177856445
0.048905372619628906
0.06447458267211914
0.045751094818115234
0.035141944885253906
0.03326106071472168
0.03839468955993652
0.07497072219848633
0.03989768028259277
0.03780770301818848
0.04324960708618164
0.03687024116516113
0.03763985633850098
0.03463625907897949
0.05390501022338867
0.03158426284790039
0.026831626892089844
0.05029630661010742
0.03239560127258301
0.04344606399536133
0.046968698501586914
0.03188681602478027
0.03963446617126465
0.02480030059814453
0.027263879776000977
0.04243636131286621
0.037865638732910156
0.04049229621887207
0.031851768493652344
0.04003429412841797
0.07662105560302734
0.03565216064453125
0.03714179992675781
0.05117511749267578
0.03512287139892578
0.05295085906982422
0.053389787673950195
0.056181907653808594
0.047128915786743164
0.05343294143676758
0.04504537582397461
0.0561215877532959
0.04388904571533203
0.04623103141784668
0.05164289474487305
0.04473519325256348
0.05753040313720703
0.04500603675842285
0.04890942573547363
0.05558419227600098
0.0664982795715332
0.04943561553955078
0.08763504028320312
0.04706883430480957
0.06982183456420898
0.05253958702087402
0.061888933181762695
0.04638242721557617
0.0555419921875
0.0429532527923584
0.05847597122192383
0.04823923110961914
0.11664652824401855
0.054938316345214844
0.031537771224975586
0.22865605354309082
0.12839531898498535
0.11025595664978027
0.10400795936584473
0.1099095344543457
0.11779904365539551
0.10670685768127441
0.12023305892944336
0.023519277572631836
0.02737283706665039
0.026062488555908203
0.014740943908691406
0.017325401306152344
0.01766180992126465
0.018196582794189453
0.12417197227478027
0.11947894096374512
0.11702847480773926
0.1515214443206787
0.07788896560668945
0.08430743217468262
0.10044050216674805
0.0767068862915039
0.09892630577087402
0.08081817626953125
0.06664609909057617
0.09990429878234863
0.06315422058105469
0.06693792343139648
0.05864238739013672
0.05135798454284668
0.05191302299499512
0.05297112464904785
0.049774885177612305
0.049599409103393555
0.05970144271850586
0.05408358573913574
0.04320049285888672
0.04996156692504883
0.059670448303222656
0.03731894493103027
0.043773651123046875
0.03622627258300781
0.03766512870788574
0.040946006774902344
0.0426945686340332
0.0557100772857666
0.062023162841796875
0.06017613410949707
0.04931759834289551
0.043921709060668945
0.044480323791503906
0.05878019332885742
0.04875659942626953
0.045371055603027344
0.05170440673828125
0.027134418487548828
0.03396415710449219
0.025941133499145508
0.03212380409240723
0.05138874053955078
0.029185056686401367
0.03533744812011719
0.03197121620178223
0.047013044357299805
0.053328752517700195
0.04743480682373047
0.055762529373168945
0.04233551025390625
0.06066465377807617
0.06064152717590332
0.07542037963867188
0.044664859771728516
0.04334521293640137
0.06798267364501953
0.047521114349365234
0.10092878341674805
0.049538612365722656
0.049696922302246094
0.3242819309234619
0.19208645820617676
0.12595582008361816
0.10103368759155273
0.051255226135253906
0.05934715270996094
0.06466913223266602
0.12581253051757812
0.028374433517456055
0.07466912269592285
0.13801264762878418
0.11196422576904297
0.20239591598510742
0.018750905990600586
0.15606045722961426
0.2754359245300293
0.33215856552124023
0.09575724601745605
0.10909485816955566
0.1293635368347168
0.10877346992492676
0.12499403953552246
0.11988019943237305
0.10181593894958496
0.11863017082214355
0.11117839813232422
0.09294962882995605
0.1109628677368164
0.09375190734863281
0.10321760177612305
0.1113429069519043
0.1101691722869873
0.10216236114501953
0.11736464500427246
0.1040656566619873
0.11759281158447266
0.10568976402282715
0.1174616813659668
0.11583089828491211
0.10764694213867188
0.10893392562866211
0.1145944595336914
0.10904335975646973
0.11013412475585938
0.11766195297241211
0.11164498329162598
0.11461901664733887
0.11276745796203613
0.01815199851989746
0.11415863037109375
0.1311202049255371
0.11640310287475586
0.11930274963378906
0.21200895309448242
0.11575078964233398
0.12210345268249512
0.11738848686218262
0.11880183219909668
0.12323880195617676
0.1252574920654297
0.010994195938110352
0.01956629753112793
0.013726949691772461
0.013194084167480469
0.01033163070678711
0.02045726776123047
0.015038013458251953
0.018374204635620117
0.024315595626831055
0.058818817138671875
0.011369466781616211
0.20556306838989258
0.13822484016418457
0.16696977615356445
0.13350915908813477
0.11583280563354492
0.1265864372253418
0.11087226867675781
0.11078524589538574
0.10878920555114746
0.10763955116271973
0.10663533210754395
0.11904358863830566
0.10825920104980469
0.10160112380981445
0.11932373046875
0.08552169799804688
0.10895228385925293
0.10413146018981934
0.11160421371459961
0.1448521614074707
0.09399175643920898
0.18402314186096191
0.07560896873474121
0.07770824432373047
0.09907388687133789
0.18359112739562988
0.20777416229248047
0.20666265487670898
0.09541845321655273
0.1542367935180664
0.10866928100585938
0.1481783390045166
0.13541078567504883
0.09996509552001953
0.08915209770202637
0.1323692798614502
0.11049890518188477
0.11537647247314453
0.09635186195373535
0.11291003227233887
0.12465667724609375
0.09444332122802734
0.12329554557800293
0.11485791206359863
0.11445093154907227
0.0762937068939209
0.07242035865783691
0.0895686149597168
0.08243322372436523
0.11151909828186035
0.11490130424499512
0.08036661148071289
0.07389473915100098
0.08913516998291016
0.07354140281677246
0.09456920623779297
0.1265561580657959
0.1305675506591797
0.07431840896606445
0.04317164421081543
0.044966936111450195
0.055582284927368164
0.1011967658996582
0.05894923210144043
0.04820537567138672
0.05523252487182617
0.06590867042541504
0.06784939765930176
0.08189940452575684
0.058046817779541016
0.0587003231048584
0.08035492897033691
0.04641604423522949
0.04154658317565918
0.05591630935668945
0.04084634780883789
0.052272796630859375
0.0471041202545166
0.04649639129638672
0.051979780197143555
0.04781007766723633
0.061814308166503906
0.06448078155517578
0.054924964904785156
0.06536865234375
0.05452299118041992
0.06307125091552734
0.07512259483337402
0.06076860427856445
0.059575796127319336
0.06116652488708496
0.06460952758789062
0.07520318031311035
0.0647883415222168
0.07155370712280273
0.06698250770568848
0.07450246810913086
0.07204532623291016
0.06755375862121582
0.06407952308654785
0.07431149482727051
0.06494522094726562
0.06445121765136719
0.06386923789978027
0.07606863975524902
0.06430387496948242
0.07581710815429688
0.06692695617675781
0.06502652168273926
0.06619644165039062
0.06763863563537598
0.07796931266784668
0.08433270454406738
0.1139528751373291
0.0703122615814209
0.07641983032226562
0.06868195533752441
0.07102084159851074
0.07955121994018555
0.0726613998413086
0.07813024520874023
0.08687186241149902
0.07507634162902832
0.08469986915588379
0.08224630355834961
0.08450031280517578
0.08603906631469727
0.07480311393737793
0.07390809059143066
0.1582014560699463
0.15407919883728027
0.643543004989624
0.5115704536437988
0.32416391372680664
0.1463468074798584
0.1282825469970703
0.14761996269226074
0.12260794639587402
0.2003185749053955
0.0672001838684082
0.4781765937805176
0.2595186233520508
0.8797914981842041
0.7436528205871582
0.4930891990661621
0.2832062244415283
0.145416259765625
0.09316110610961914
0.15005970001220703
0.13566851615905762
0.15186047554016113
0.08853840827941895
0.10595226287841797
0.0971536636352539
0.12676095962524414
0.09657907485961914
0.07886171340942383
0.10866498947143555
0.1200861930847168
0.11388468742370605
0.11417841911315918
0.06160283088684082
0.17399859428405762
0.1041414737701416
0.06205487251281738
0.13440608978271484
0.07731032371520996
0.04841303825378418
0.07345104217529297
0.08628368377685547
0.07622861862182617
0.06348848342895508
0.07678604125976562
0.05171680450439453
0.12946534156799316
0.04494810104370117
0.05797433853149414
0.1199197769165039
0.11565852165222168
0.08133792877197266
0.07716512680053711
0.1181941032409668
0.05638599395751953
0.27277374267578125
0.2179722785949707
0.13641738891601562
0.11179113388061523
0.1747913360595703
0.25522804260253906
0.27466487884521484
0.08450675010681152
0.1629345417022705
0.09877252578735352
0.09745621681213379
0.08822464942932129
0.07657098770141602
0.15454936027526855
0.1682748794555664
0.22698283195495605
0.08069491386413574
0.08237719535827637
0.1449601650238037
0.19187259674072266
0.06536006927490234
0.11084842681884766
0.09861016273498535
0.06542158126831055
0.06782793998718262
0.07041358947753906
0.10653090476989746
0.07515525817871094
0.09055280685424805
0.0581822395324707
0.21715235710144043
0.06415295600891113
0.11373138427734375
0.09478354454040527
0.0808711051940918
0.0724635124206543
0.06414222717285156
0.14429998397827148
0.09544205665588379
0.08775496482849121
0.08575224876403809
0.07693672180175781
0.07825350761413574
0.2870309352874756
0.08875703811645508
0.10976934432983398
0.09042024612426758
0.09608101844787598
0.09630608558654785
0.07742047309875488
0.1433582305908203
0.07587289810180664
0.08668875694274902
0.0878899097442627
0.11193537712097168
0.1493363380432129
0.20499157905578613
0.11598825454711914
0.16818952560424805
0.15651702880859375
0.09559202194213867
0.07918858528137207
0.09902644157409668
0.09042191505432129
0.1089787483215332
0.08232641220092773
0.05313277244567871
0.08493733406066895
0.13434886932373047
0.0754079818725586
0.08235049247741699
0.08116507530212402
0.034767866134643555
0.041242361068725586
0.1416308879852295
0.06013917922973633
0.15612220764160156
0.0752105712890625
0.1664891242980957
0.07772588729858398
0.07851934432983398
0.19107317924499512
0.1528165340423584
0.13513827323913574
0.11423683166503906
0.24204468727111816
0.14253568649291992
0.1483306884765625
0.1175839900970459
0.14283180236816406
0.1628427505493164
0.17071032524108887
0.12292957305908203
0.11116552352905273
0.13106727600097656
0.1322791576385498
0.1348719596862793
0.10903692245483398
0.13818740844726562
0.1326918601989746
0.14247512817382812
0.17542695999145508
0.1501164436340332
0.1316208839416504
0.13402700424194336
0.1339099407196045
0.1826927661895752
0.09942984580993652
0.12754511833190918
0.08828043937683105
0.10833406448364258
0.0871889591217041
0.16139960289001465
0.1247701644897461
0.09171485900878906
0.09002494812011719
0.1599133014678955
0.1439659595489502
0.1255662441253662
0.13193988800048828
0.1393899917602539
0.12496542930603027
0.09996247291564941
0.12343692779541016
0.10475707054138184
0.06294465065002441
0.0699467658996582
0.11585712432861328
0.11882328987121582
0.1369781494140625
0.14304852485656738
0.07286691665649414
0.07143759727478027
0.08491373062133789
0.07776165008544922
0.07455897331237793
0.07049298286437988
0.08613443374633789
0.07046079635620117
0.0602266788482666
0.16930580139160156
0.07357001304626465
0.06840395927429199
0.04097867012023926
0.03995013236999512
0.039621829986572266
0.05165529251098633
0.057172298431396484
0.044042110443115234
0.04393792152404785
0.07856631278991699
0.0509493350982666
0.049741506576538086
0.05614638328552246
0.06298232078552246
0.07166385650634766
0.05640840530395508
0.05680680274963379
0.062488555908203125
0.06940317153930664
0.0737771987915039
0.06371188163757324
0.06410336494445801
0.06813645362854004
0.0743248462677002
0.06990337371826172
0.07227134704589844
0.06527352333068848
0.08927154541015625
0.06172585487365723
0.06184244155883789
0.05613088607788086
0.056823015213012695
0.06839919090270996
0.07462286949157715
0.05934023857116699
0.07873177528381348
0.07306027412414551
0.07147908210754395
0.05273318290710449
0.06907081604003906
0.06527018547058105
0.07673311233520508
0.06925535202026367
0.07833671569824219
0.07105112075805664
0.05791759490966797
0.05709719657897949
0.06166481971740723
0.06611871719360352
0.05425906181335449
0.07400202751159668
0.059308528900146484
0.06037092208862305
0.05802178382873535
0.056793212890625
0.0690152645111084
0.06714415550231934
0.0621953010559082
0.06572937965393066
0.056481361389160156
0.07817721366882324
0.06871676445007324
0.06154584884643555
0.07937073707580566
0.06930947303771973
0.06713747978210449
0.0720067024230957
0.07055354118347168
0.06469440460205078
0.07333230972290039
0.07206439971923828
0.0660405158996582
0.07777976989746094
0.06069660186767578
0.07487654685974121
0.07438015937805176
0.06485700607299805
0.0688776969909668
0.08013725280761719
0.08706974983215332
0.0831000804901123
0.07551169395446777
0.09192204475402832
0.07918906211853027
0.16135358810424805
0.0743570327758789
0.06919646263122559
0.07340002059936523
0.06987237930297852
0.20664548873901367
0.06182718276977539
0.07193112373352051
0.31550049781799316
0.22736811637878418
0.13051128387451172
0.12307476997375488
0.1096646785736084
0.1002802848815918
0.12099242210388184
0.09681272506713867
0.11571002006530762
0.17983222007751465
0.08751797676086426
0.0878143310546875
0.0946340560913086
0.09055089950561523
0.07759833335876465
0.09116005897521973
0.08181428909301758
0.07044744491577148
0.08798718452453613
0.07637429237365723
0.10769844055175781
0.10257291793823242
0.10195302963256836
0.10967278480529785
0.09853124618530273
0.07230067253112793
0.07470273971557617
0.08015322685241699
0.08839082717895508
0.1624140739440918
0.17019224166870117
0.09870219230651855
0.23409295082092285
0.15108323097229004
0.11141037940979004
0.15982317924499512
0.13849163055419922
0.10853338241577148
0.07654023170471191
0.1364898681640625
0.16048192977905273
0.10823941230773926
0.2295832633972168
0.16010451316833496
0.10881853103637695
0.15727519989013672
0.27013349533081055
0.05581998825073242
0.05784893035888672
0.0655975341796875
0.0729374885559082
0.11475539207458496
0.0635833740234375
0.13759493827819824
0.17015552520751953
0.12456917762756348
0.13160181045532227
0.12096047401428223
0.1123189926147461
0.10083127021789551
0.13894152641296387
0.10204863548278809
0.18320012092590332
0.13469552993774414
0.10005521774291992
0.10314583778381348
0.10220694541931152
0.13619136810302734
0.1605534553527832
0.18920660018920898
0.08612728118896484
0.08597207069396973
0.08827781677246094
0.0729222297668457
0.07624173164367676
0.054509878158569336
0.07491850852966309
0.15325045585632324
0.05285143852233887
0.07562756538391113
0.10636115074157715
0.06935477256774902
0.24380993843078613
0.05810260772705078
0.06842684745788574
0.05376553535461426
0.06504368782043457
0.08324265480041504
0.04996681213378906
0.13107872009277344
0.12816357612609863
0.17165875434875488
0.15473270416259766
0.08219361305236816
0.08899331092834473
0.09504437446594238
0.2775993347167969
0.0793771743774414
0.40285801887512207
0.16263866424560547
0.07087230682373047
0.07220792770385742
0.04392266273498535
0.04570174217224121
0.06601500511169434
0.05666375160217285
0.039482831954956055
0.0681600570678711
0.06433248519897461
0.02456355094909668
0.06643962860107422
0.027975797653198242
0.06233096122741699
0.1470503807067871
0.13349533081054688
0.4331212043762207
0.2644693851470947
0.13330078125
0.06339240074157715
0.04721236228942871
0.06319856643676758
0.03778386116027832
0.08656120300292969
0.040186166763305664
0.035633087158203125
0.09388852119445801
0.08160662651062012
0.10803866386413574
0.10061335563659668
0.17832446098327637
0.015360593795776367
0.16710138320922852
0.026320934295654297
0.12709498405456543
0.6254861354827881
0.4129211902618408
0.1946115493774414
0.12398600578308105
0.21889829635620117
0.14735746383666992
0.07137703895568848
0.059857845306396484
0.1855764389038086
0.06139421463012695
0.19192171096801758
0.07921195030212402
0.06584882736206055
0.07566618919372559
0.026906490325927734
0.1477651596069336
0.16807198524475098
0.09092426300048828
0.22567224502563477
0.10585951805114746
0.1324474811553955
0.06305861473083496
0.04161334037780762
0.05251955986022949
0.045374155044555664
0.03356599807739258
0.04274249076843262
0.08542656898498535
0.09791088104248047
0.03443026542663574
0.07579708099365234
0.04496002197265625
0.02371358871459961
0.09722232818603516
0.13241243362426758
0.0836787223815918
0.1683487892150879
0.1196286678314209
0.14696931838989258
0.11234474182128906
0.09474062919616699
0.10722208023071289
0.22315168380737305
0.09984111785888672
0.3470911979675293
0.16478848457336426
0.35798048973083496
0.15981268882751465
0.14888787269592285
0.06909966468811035
0.11493396759033203
0.13176274299621582
0.0905458927154541
0.1175224781036377
0.13157963752746582
0.1849231719970703
0.1722700595855713
0.1907804012298584
0.09777379035949707
0.13719820976257324
0.15090417861938477
0.11597728729248047
0.21019864082336426
0.14176559448242188
0.07982850074768066
