0.03279471397399902
0.047016143798828125
0.16087102890014648
0.05302262306213379
0.12678933143615723
0.024412870407104492
0.12640714645385742
0.024441003799438477
0.13655877113342285
0.14496660232543945
0.12735366821289062
0.024405956268310547
0.24227690696716309
0.12697076797485352
0.1396472454071045
0.1228330135345459
0.030826807022094727
0.12931585311889648
0.12453174591064453
0.02276778221130371
0.02377176284790039
0.04317140579223633
0.026829957962036133
0.03644394874572754
0.028676986694335938
0.03484606742858887
0.04342174530029297
0.04120492935180664
0.028612136840820312
0.028944969177246094
0.029848337173461914
0.03109431266784668
0.034081220626831055
0.03540468215942383
0.15251588821411133
0.07890439033508301
0.037429094314575195
0.03740882873535156
0.04182076454162598
0.039501190185546875
0.0373845100402832
0.04140281677246094
0.040009498596191406
0.04392743110656738
0.04881882667541504
0.042507171630859375
0.045307159423828125
0.05105161666870117
0.052584171295166016
0.05031299591064453
0.06211400032043457
0.05153512954711914
0.048818111419677734
0.04923653602600098
0.060198307037353516
0.05265021324157715
0.06562519073486328
0.07306528091430664
0.055448293685913086
0.06518220901489258
0.0573885440826416
0.05914020538330078
0.05914807319641113
0.057392120361328125
0.06021523475646973
0.07112574577331543
0.06567192077636719
0.065765380859375
0.06862235069274902
0.07763981819152832
0.07971525192260742
0.07288122177124023
0.06715536117553711
0.06876897811889648
0.06704998016357422
0.08007168769836426
0.07274532318115234
0.0724189281463623
0.07686614990234375
0.0745093822479248
0.08460426330566406
0.07741737365722656
0.10163664817810059
0.08323431015014648
0.08480501174926758
0.08451533317565918
0.11825942993164062
0.08556389808654785
0.08672070503234863
0.08753609657287598
0.08925509452819824
0.10305047035217285
0.11114072799682617
0.09332513809204102
0.09351015090942383
0.09394359588623047
0.09463047981262207
0.09622693061828613
0.10303902626037598
0.0992136001586914
0.10034418106079102
0.12371659278869629
0.10210776329040527
0.1013035774230957
0.11467599868774414
0.1044456958770752
0.1162559986114502
0.10750555992126465
0.10985136032104492
0.11845564842224121
0.12053442001342773
0.11067557334899902
0.1112823486328125
0.006827592849731445
0.02413320541381836
0.030403852462768555
0.019005775451660156
0.02776050567626953
0.030784130096435547
0.018413305282592773
0.01794266700744629
0.02505636215209961
0.017843961715698242
0.055066823959350586
0.017918825149536133
0.022247314453125
0.01629018783569336
0.035396575927734375
0.035628557205200195
0.018712520599365234
0.02367424964904785
0.019678115844726562
0.02207660675048828
0.024350643157958984
0.02846670150756836
0.030014991760253906
0.02724456787109375
0.028138160705566406
0.0291903018951416
0.02715277671813965
0.03099966049194336
0.037448883056640625
0.029504060745239258
0.048729896545410156
0.03451347351074219
0.039048194885253906
0.049486398696899414
0.06011223793029785
0.03603243827819824
0.03468489646911621
0.03315448760986328
0.037053823471069336
0.03514742851257324
0.034436702728271484
0.0341496467590332
0.036382436752319336
0.035288333892822266
0.03564262390136719
0.03843331336975098
0.04874992370605469
0.04304909706115723
0.05718398094177246
0.043955087661743164
0.04746747016906738
0.05090188980102539
0.0637061595916748
0.049538612365722656
0.06431388854980469
0.09063029289245605
0.05300307273864746
0.056257009506225586
0.052254676818847656
0.05241560935974121
0.06177210807800293
0.05962777137756348
0.06288862228393555
0.06695055961608887
0.0591888427734375
0.06145119667053223
0.05485057830810547
0.05982661247253418
0.06494641304016113
0.0580751895904541
0.07552075386047363
0.0699160099029541
0.06629347801208496
0.06454300880432129
0.05907726287841797
0.05774664878845215
0.0611724853515625
0.06109118461608887
0.05225849151611328
0.05896472930908203
0.05630183219909668
0.0567777156829834
0.06276297569274902
0.05515742301940918
0.05807757377624512
0.0592188835144043
0.047456979751586914
0.04842519760131836
0.04545187950134277
0.04274153709411621
0.05290985107421875
0.039247751235961914
0.038970232009887695
0.04395461082458496
0.0471804141998291
0.04399442672729492
0.048047780990600586
0.03455662727355957
0.03348588943481445
0.04596543312072754
0.026516437530517578
0.032811641693115234
0.04630589485168457
0.017015457153320312
0.019911766052246094
0.02597332000732422
0.021839380264282227
0.02448558807373047
0.023800373077392578
0.025890111923217773
0.031197071075439453
0.022023677825927734
0.021666526794433594
0.0389864444732666
0.0251009464263916
0.024907827377319336
0.025468826293945312
0.02779865264892578
0.03990793228149414
0.02591538429260254
0.034845829010009766
0.04071521759033203
0.02632761001586914
0.018342018127441406
0.019970417022705078
0.02277350425720215
0.034299373626708984
0.03311562538146973
0.030234813690185547
0.02648639678955078
0.027437210083007812
0.027377605438232422
0.026337146759033203
0.02691173553466797
0.025468826293945312
0.023415565490722656
0.018049955368041992
0.022599220275878906
0.02798914909362793
0.04984283447265625
0.031538963317871094
0.027318239212036133
0.034151315689086914
0.0277707576751709
0.03515052795410156
0.0395660400390625
0.048291683197021484
0.03553962707519531
0.030374526977539062
0.03253936767578125
0.04615330696105957
0.03935599327087402
0.03222084045410156
0.053985595703125
0.055349111557006836
0.04629039764404297
0.04179239273071289
0.041190147399902344
0.036115169525146484
0.036678314208984375
0.03592061996459961
0.04025983810424805
0.03198361396789551
0.032186031341552734
0.0359189510345459
0.04938316345214844
0.03471732139587402
0.043581485748291016
0.03799033164978027
0.03511667251586914
0.03553009033203125
0.037023067474365234
0.037816762924194336
0.04035782814025879
0.037346839904785156
0.03880476951599121
0.0491335391998291
0.03744983673095703
0.04088425636291504
0.03674769401550293
0.03981637954711914
0.05287933349609375
0.14196467399597168
0.045969486236572266
0.1412067413330078
0.0434117317199707
0.14484477043151855
0.14476323127746582
0.03985285758972168
0.08169388771057129
0.1989431381225586
0.14506220817565918
0.03796982765197754
0.05875706672668457
0.14042162895202637
0.13802123069763184
0.04834747314453125
0.14098405838012695
0.0422968864440918
0.04385852813720703
0.05498099327087402
0.044843435287475586
0.04372525215148926
0.0440518856048584
0.03938150405883789
0.04235506057739258
0.046151161193847656
0.0454256534576416
0.0707864761352539
0.060141801834106445
0.047907114028930664
0.0701439380645752
0.13059639930725098
0.0513608455657959
0.053839921951293945
0.0568692684173584
0.05784177780151367
0.07022523880004883
0.0739443302154541
0.0638580322265625
0.06645011901855469
0.0627286434173584
0.08495163917541504
0.21468305587768555
0.06488156318664551
0.14589953422546387
0.10669183731079102
0.043088436126708984
0.114898681640625
0.10596489906311035
0.12805485725402832
0.11206388473510742
0.1063387393951416
0.10838007926940918
0.023986339569091797
0.02447342872619629
0.010770082473754883
0.017753124237060547
0.01357126235961914
0.011904239654541016
0.015136241912841797
0.02382969856262207
0.020534753799438477
0.009675025939941406
0.011958599090576172
0.03726768493652344
0.01574873924255371
0.01437830924987793
0.015311002731323242
0.01615428924560547
0.017227649688720703
0.02227044105529785
0.023198366165161133
0.023528337478637695
0.02380681037902832
0.024406909942626953
0.027698278427124023
0.023642778396606445
0.02155447006225586
0.025826454162597656
0.022655010223388672
0.023357629776000977
0.025168418884277344
0.025368213653564453
0.028962373733520508
0.03314399719238281
0.04209637641906738
0.027269840240478516
0.02464747428894043
0.025672435760498047
0.026424407958984375
0.03516840934753418
0.028928279876708984
0.04256844520568848
0.03345894813537598
0.04963517189025879
0.03569293022155762
0.034476518630981445
0.03639531135559082
0.038306474685668945
0.03591346740722656
0.03778672218322754
0.0473175048828125
0.037644386291503906
0.040071964263916016
0.041922807693481445
0.039450883865356445
0.035973310470581055
0.03590822219848633
0.03892850875854492
0.05050182342529297
0.04800534248352051
0.05492424964904785
0.04716086387634277
0.03984808921813965
0.04548525810241699
0.030914783477783203
0.040076494216918945
0.03354024887084961
0.05242729187011719
0.0422978401184082
0.03403639793395996
0.033277034759521484
0.05166935920715332
0.03176069259643555
0.03117966651916504
0.03289008140563965
0.027518033981323242
0.02646493911743164
0.031594276428222656
0.03766441345214844
0.028382062911987305
0.03887176513671875
0.030992984771728516
0.027057409286499023
0.029017210006713867
0.029883384704589844
0.03047013282775879
0.04830336570739746
0.07237887382507324
0.03418087959289551
0.033586978912353516
0.04138445854187012
0.0350801944732666
0.03728842735290527
0.05257892608642578
0.04317140579223633
0.04185128211975098
0.04098773002624512
0.04531574249267578
0.05001330375671387
0.049102783203125
0.0428929328918457
0.04230070114135742
0.04674482345581055
0.04230785369873047
0.04510927200317383
0.054498910903930664
0.046166181564331055
0.07677602767944336
0.05915975570678711
0.06858348846435547
0.04147768020629883
0.0577700138092041
0.04109477996826172
0.04145932197570801
0.05246162414550781
0.0565485954284668
0.05671048164367676
0.044341087341308594
0.04240775108337402
0.12552261352539062
0.029956817626953125
0.02690577507019043
0.1726679801940918
0.10958695411682129
0.09962725639343262
0.11204314231872559
0.10486602783203125
0.11222529411315918
0.11499428749084473
0.10847330093383789
0.0063784122467041016
0.009263277053833008
0.02562546730041504
0.014841079711914062
0.011989355087280273
0.018491268157958984
0.03044605255126953
0.12674975395202637
0.10590434074401855
0.13649821281433105
0.16459059715270996
0.12001705169677734
0.07305192947387695
0.09977459907531738
0.10884809494018555
0.10106325149536133
0.0701904296875
0.07862353324890137
0.09644770622253418
0.056560516357421875
0.058191537857055664
0.05036139488220215
0.05153012275695801
0.05474209785461426
0.05693864822387695
0.04983854293823242
0.0452733039855957
0.0711207389831543
0.03784990310668945
0.04378342628479004
0.044553518295288086
0.042490482330322266
0.06651639938354492
0.04447460174560547
0.036128997802734375
0.03458261489868164
0.03739666938781738
0.041222572326660156
0.0453336238861084
0.050642967224121094
0.05596041679382324
0.04462766647338867
0.05209827423095703
0.04424619674682617
0.04193520545959473
0.042943716049194336
0.06228899955749512
0.038424015045166016
0.03678631782531738
0.039306640625
0.03389692306518555
0.02697920799255371
0.03105449676513672
0.031481266021728516
0.036331892013549805
0.04033160209655762
0.06058502197265625
0.03655695915222168
0.05922746658325195
0.04427647590637207
0.05460691452026367
0.04277157783508301
0.04219317436218262
0.0780634880065918
0.04510021209716797
0.04190802574157715
0.05875539779663086
0.04573822021484375
0.1436929702758789
0.13198590278625488
0.1330866813659668
0.37243056297302246
0.18183469772338867
0.04462003707885742
0.04772448539733887
0.04650616645812988
0.1000826358795166
0.06263089179992676
0.044077157974243164
0.03941822052001953
0.07713842391967773
0.10876131057739258
0.09120583534240723
0.41133856773376465
0.21455717086791992
0.15622568130493164
0.14509153366088867
0.4140763282775879
0.09483122825622559
0.09355545043945312
0.09620380401611328
0.11470246315002441
0.11157059669494629
0.13740825653076172
0.09593367576599121
0.08955097198486328
0.10975480079650879
0.0912775993347168
0.0913386344909668
0.09771895408630371
0.09403562545776367
0.11139941215515137
0.10613584518432617
0.0978851318359375
0.09910249710083008
0.1035008430480957
0.09896326065063477
0.10495543479919434
0.11227822303771973
0.10541343688964844
0.11376142501831055
0.19181060791015625
0.12721037864685059
0.1166086196899414
0.10822057723999023
0.11784982681274414
0.10818195343017578
0.12593507766723633
0.10883951187133789
0.008900642395019531
0.13357186317443848
0.1133430004119873
0.13918137550354004
0.11391448974609375
0.21042108535766602
0.11014366149902344
0.11244583129882812
0.12105107307434082
0.11563968658447266
0.11255383491516113
0.11495566368103027
0.020156145095825195
0.018865346908569336
0.02193617820739746
0.018585205078125
0.008910417556762695
0.009602785110473633
0.015481233596801758
0.018619775772094727
0.014269113540649414
0.05307793617248535
0.011561870574951172
0.1680610179901123
0.1759016513824463
0.1147308349609375
0.10933136940002441
0.08986639976501465
0.1289365291595459
0.08806300163269043
0.12396717071533203
0.08672404289245605
0.08336091041564941
0.10554242134094238
0.11348128318786621
0.08537983894348145
0.10107135772705078
0.08226346969604492
0.09003472328186035
0.10872030258178711
0.1000206470489502
0.08008337020874023
0.2511751651763916
0.07733440399169922
0.1767122745513916
0.1601855754852295
0.07624292373657227
0.08683228492736816
0.16913056373596191
0.08826875686645508
0.22267580032348633
0.07638764381408691
0.14736390113830566
0.09998941421508789
0.1540989875793457
0.1338212490081787
0.09491968154907227
0.10162472724914551
0.1209402084350586
0.121856689453125
0.11461687088012695
0.07334017753601074
0.11214685440063477
0.07551765441894531
0.08629083633422852
0.12042641639709473
0.11089229583740234
0.07544064521789551
0.07191300392150879
0.08035445213317871
0.07970905303955078
0.07106447219848633
0.11232328414916992
0.1295785903930664
0.10335755348205566
0.06953787803649902
0.07198119163513184
0.07134556770324707
0.06817150115966797
0.1245114803314209
0.13640737533569336
0.0451817512512207
0.044437408447265625
0.04758191108703613
0.06033015251159668
0.09202718734741211
0.05337381362915039
0.05369377136230469
0.048892974853515625
0.0458064079284668
0.09981060028076172
0.09667253494262695
0.04070925712585449
0.04278564453125
0.07699275016784668
0.052519798278808594
0.03990912437438965
0.03948688507080078
0.05667448043823242
0.04008650779724121
0.05608487129211426
0.0496518611907959
0.04786348342895508
0.0632174015045166
0.05742669105529785
0.0476071834564209
0.059623003005981445
0.05409860610961914
0.050926923751831055
0.05202054977416992
0.07984638214111328
0.06695175170898438
0.06379485130310059
0.05907320976257324
0.059081315994262695
0.060439348220825195
0.05847430229187012
0.05907082557678223
0.062018632888793945
0.06437516212463379
0.05808138847351074
0.06763815879821777
0.06471419334411621
0.06366777420043945
0.06005549430847168
0.05876469612121582
0.07056951522827148
0.06076860427856445
0.06101536750793457
0.05932259559631348
0.08117008209228516
0.07884836196899414
0.06978607177734375
0.0773463249206543
0.07084536552429199
0.08730459213256836
0.07523250579833984
0.0834956169128418
0.06683206558227539
0.06864786148071289
0.07124948501586914
0.09089207649230957
0.0711827278137207
0.07278108596801758
0.07107925415039062
0.08465814590454102
0.07553863525390625
0.06711792945861816
0.07078909873962402
0.08818364143371582
0.079071044921875
0.073455810546875
0.10827803611755371
0.06819748878479004
0.2578561305999756
0.053899526596069336
0.2478165626525879
0.12672781944274902
0.14700675010681152
0.14330625534057617
0.1984236240386963
0.03827476501464844
0.06912922859191895
0.19776654243469238
0.08736824989318848
0.226090669631958
0.43736982345581055
0.16707205772399902
0.20157432556152344
0.14879560470581055
0.08910274505615234
0.15230035781860352
0.11687374114990234
0.1507117748260498
0.11294364929199219
0.08762192726135254
0.11070656776428223
0.15856456756591797
0.09386587142944336
0.22820353507995605
0.11604166030883789
0.09953474998474121
0.0630483627319336
0.06043195724487305
0.06245231628417969
0.18168330192565918
0.08495092391967773
0.04990983009338379
0.1259462833404541
0.06115865707397461
0.05070614814758301
0.04539084434509277
0.0819082260131836
0.04481196403503418
0.06765007972717285
0.04532122611999512
0.051114797592163086
0.04847002029418945
0.04260540008544922
0.0462954044342041
0.11586141586303711
0.17439746856689453
0.0686180591583252
0.07420730590820312
0.11007881164550781
0.04204154014587402
0.12432169914245605
0.1362009048461914
0.09662604331970215
0.08431196212768555
0.18375897407531738
0.2559542655944824
0.2666337490081787
0.0859825611114502
0.11336469650268555
0.07250690460205078
0.07058095932006836
0.18486762046813965
0.10669112205505371
0.11036229133605957
0.16492962837219238
0.08701157569885254
0.10493993759155273
0.07901263236999512
0.06621861457824707
0.19161748886108398
0.07389283180236816
0.07841777801513672
0.09027314186096191
0.06329727172851562
0.06813693046569824
0.06366109848022461
0.11405706405639648
0.135833740234375
0.14754557609558105
0.0561368465423584
0.20226192474365234
0.06711292266845703
0.10997414588928223
0.05473637580871582
0.10866332054138184
0.07188773155212402
0.05995297431945801
0.11309933662414551
0.06667804718017578
0.07019877433776855
0.05886697769165039
0.07474422454833984
0.07539820671081543
0.31544947624206543
0.08681201934814453
0.07839107513427734
0.07729697227478027
0.09057998657226562
0.10341930389404297
0.07364058494567871
0.12978172302246094
0.07118463516235352
0.13496971130371094
0.07093596458435059
0.07993054389953613
0.12071371078491211
0.17605829238891602
0.1157071590423584
0.10356640815734863
0.15580272674560547
0.0860145092010498
0.07973551750183105
0.0783073902130127
0.06668829917907715
0.0705409049987793
0.06461000442504883
0.09433221817016602
0.11056113243103027
0.13215899467468262
0.057220458984375
0.07309865951538086
0.08102583885192871
0.0725255012512207
0.04988670349121094
0.13501524925231934
0.11686491966247559
0.19619107246398926
0.03798317909240723
0.13265395164489746
0.13616681098937988
0.07841014862060547
0.19646048545837402
0.16443920135498047
0.11156201362609863
0.14146041870117188
0.23896026611328125
0.14273715019226074
0.15164589881896973
0.12485480308532715
0.1414475440979004
0.10215139389038086
0.17305827140808105
0.1053924560546875
0.11593127250671387
0.1067361831665039
0.13231897354125977
0.12661266326904297
0.15488553047180176
0.13991117477416992
0.10837173461914062
0.13979172706604004
0.1812422275543213
0.13363027572631836
0.1309347152709961
0.12734293937683105
0.13124418258666992
0.09132266044616699
0.10166335105895996
0.15712213516235352
0.08610939979553223
0.09241056442260742
0.1131439208984375
0.11534404754638672
0.09029269218444824
0.1236722469329834
0.09402823448181152
0.12682127952575684
0.11522436141967773
0.14360356330871582
0.13229751586914062
0.13781356811523438
0.11775398254394531
0.11101436614990234
0.11307144165039062
0.06482696533203125
0.07072138786315918
0.06581544876098633
0.11930155754089355
0.0655817985534668
0.13790011405944824
0.1346912384033203
0.07106709480285645
0.06657075881958008
0.06540942192077637
0.07153034210205078
0.06364679336547852
0.07613921165466309
0.07057690620422363
0.06424427032470703
0.111572265625
0.08159279823303223
0.07439255714416504
0.07101559638977051
0.0407102108001709
0.04813981056213379
0.03938722610473633
0.045784950256347656
0.04174542427062988
0.04413294792175293
0.04894852638244629
0.07951879501342773
0.04516243934631348
0.04771757125854492
0.06677794456481934
0.057355403900146484
0.05447864532470703
0.06012463569641113
0.0566248893737793
0.0743556022644043
0.058699607849121094
0.07465267181396484
0.06679534912109375
0.06212759017944336
0.07457709312438965
0.06445431709289551
0.06590509414672852
0.06299614906311035
0.06522583961486816
0.08422589302062988
0.061521291732788086
0.07251095771789551
0.05839705467224121
0.054967641830444336
0.05696511268615723
0.05945754051208496
0.06508445739746094
0.05998396873474121
0.0740973949432373
0.050588369369506836
0.050913095474243164
0.06869697570800781
0.052330970764160156
0.06754326820373535
0.05236077308654785
0.06819748878479004
0.062310218811035156
0.060903310775756836
0.07434654235839844
0.0619504451751709
0.05718111991882324
0.0525970458984375
0.054595947265625
0.05302858352661133
0.056008100509643555
0.05608773231506348
0.05654335021972656
0.07083511352539062
0.05737757682800293
0.06314611434936523
0.07093334197998047
0.06567907333374023
0.058827877044677734
0.05805563926696777
0.059823036193847656
0.061843156814575195
0.08172392845153809
0.06692385673522949
0.0666964054107666
0.06607890129089355
0.05970597267150879
0.06103515625
0.061981916427612305
0.0660088062286377
0.07231402397155762
0.0648190975189209
0.062200069427490234
0.08065032958984375
0.06855154037475586
0.07260656356811523
0.07077956199645996
0.0867011547088623
0.07753682136535645
0.08497262001037598
0.09376955032348633
0.08365726470947266
0.1557931900024414
0.06782674789428711
0.06387639045715332
0.06577610969543457
0.06351375579833984
0.14670372009277344
0.061362266540527344
0.06402373313903809
0.10465335845947266
0.2276604175567627
0.09478497505187988
0.11273193359375
0.09138989448547363
0.10927224159240723
0.0938718318939209
0.1274735927581787
0.13205957412719727
0.08723568916320801
0.09741830825805664
0.11844706535339355
0.07333159446716309
0.07326626777648926
0.07097411155700684
0.07686042785644531
0.07252335548400879
0.06952214241027832
0.06609964370727539
0.11047554016113281
0.1357285976409912
0.06592607498168945
0.1025688648223877
0.12799715995788574
0.125230073928833
0.12234854698181152
0.06456708908081055
0.1338660717010498
0.05784273147583008
0.15764498710632324
0.18097782135009766
0.13920068740844727
0.047374725341796875
0.0234987735748291
0.11070919036865234
0.09390807151794434
0.03322649002075195
0.10881900787353516
0.09504270553588867
0.12681365013122559
0.15692448616027832
0.1366746425628662
0.17035388946533203
0.09775161743164062
0.13332033157348633
0.15789341926574707
0.24653148651123047
0.06251358985900879
0.03804183006286621
0.03634190559387207
0.16864871978759766
0.11982274055480957
0.07416820526123047
0.1389601230621338
0.12141871452331543
0.1318037509918213
0.13526678085327148
0.14506101608276367
0.1277759075164795
0.1307053565979004
0.10043144226074219
0.20021462440490723
0.10257863998413086
0.13314509391784668
0.09775733947753906
0.11530900001525879
0.09503173828125
0.13712477684020996
0.07461833953857422
0.18701982498168945
0.06910824775695801
0.05475640296936035
0.10323596000671387
0.055977821350097656
0.07318449020385742
0.06493425369262695
0.11169767379760742
0.0704030990600586
0.05054283142089844
0.05156540870666504
0.15563678741455078
0.07022905349731445
0.24819207191467285
0.04931044578552246
0.07886600494384766
0.05252885818481445
0.031059741973876953
0.08339476585388184
0.0222165584564209
0.11195611953735352
0.25257277488708496
0.17716479301452637
0.1722559928894043
0.08915424346923828
0.059613704681396484
0.0772242546081543
0.10243630409240723
0.06232333183288574
0.31199121475219727
0.0737314224243164
0.0637667179107666
0.05909252166748047
0.022439956665039062
0.021289348602294922
0.06565427780151367
0.020063161849975586
0.02143096923828125
0.022449731826782227
0.0633704662322998
0.02045726776123047
0.06343388557434082
0.022676944732666016
0.01470041275024414
0.16680002212524414
0.1412968635559082
0.4731125831604004
0.2489323616027832
0.15018630027770996
0.06686234474182129
0.025925159454345703
0.056412696838378906
0.02527141571044922
0.08647966384887695
0.06095552444458008
0.02978229522705078
0.07725405693054199
0.07949566841125488
0.10678458213806152
0.10859489440917969
0.154036283493042
0.0311431884765625
0.11497998237609863
0.022743701934814453
0.0925450325012207
0.15641546249389648
0.2829000949859619
0.37691831588745117
0.1571664810180664
0.18863558769226074
0.15938210487365723
0.06093716621398926
0.05469369888305664
0.19880986213684082
0.1812453269958496
0.14148926734924316
0.061287879943847656
0.049257516860961914
0.030133485794067383
0.03795289993286133
0.12460207939147949
0.1639854907989502
0.09122729301452637
0.3010389804840088
0.06769084930419922
0.09158563613891602
0.06290674209594727
0.07262945175170898
0.035097599029541016
0.044812917709350586
0.03448033332824707
0.07761907577514648
0.09039545059204102
0.018130779266357422
0.03424334526062012
0.04513740539550781
0.04251289367675781
0.040990352630615234
0.09739327430725098
0.13475298881530762
0.03542137145996094
0.11070919036865234
0.11342477798461914
0.17269325256347656
0.10163593292236328
0.09874272346496582
0.20195317268371582
0.06371283531188965
0.06149554252624512
0.33934950828552246
0.11986064910888672
0.2775747776031494
0.04920697212219238
0.1487901210784912
0.04369163513183594
0.0345916748046875
0.12417483329772949
0.10054731369018555
0.125762939453125
0.1316239833831787
0.17416763305664062
0.12355494499206543
0.1890239715576172
0.0903482437133789
0.09685206413269043
0.0815134048461914
0.1336674690246582
0.08986854553222656
