0.13890743255615234
0.0476682186126709
0.18508601188659668
0.049495697021484375
0.14217543601989746
0.07904648780822754
0.1512129306793213
0.14214444160461426
0.13653135299682617
0.03305220603942871
0.24168753623962402
0.13866329193115234
0.16545963287353516
0.1386711597442627
0.04016757011413574
0.13420653343200684
0.14337611198425293
0.0310056209564209
0.03405141830444336
0.02825784683227539
0.035692453384399414
0.05007028579711914
0.031450510025024414
0.03330039978027344
0.04574704170227051
0.029701948165893555
0.04453754425048828
0.05307602882385254
0.03290987014770508
0.045598745346069336
0.04748415946960449
0.04843902587890625
0.1336677074432373
0.08020782470703125
0.042644500732421875
0.05972123146057129
0.05244946479797363
0.05827164649963379
0.05276942253112793
0.05443739891052246
0.0531463623046875
0.05925273895263672
0.05775046348571777
0.05265212059020996
0.061026573181152344
0.06362533569335938
0.0638275146484375
0.05000734329223633
0.056498050689697266
0.06140017509460449
0.05696725845336914
0.06534385681152344
0.0663909912109375
0.06557965278625488
0.06624817848205566
0.0625147819519043
0.06311249732971191
0.06459593772888184
0.07223963737487793
0.07376551628112793
0.07439351081848145
0.07291102409362793
0.062109947204589844
0.07553625106811523
0.06789875030517578
0.07826972007751465
0.06870722770690918
0.07370805740356445
0.08434057235717773
0.08218955993652344
0.08805727958679199
0.08818531036376953
0.08858656883239746
0.08683371543884277
0.09184145927429199
0.08722567558288574
0.09866714477539062
0.09058976173400879
0.11864113807678223
0.09971427917480469
0.09764432907104492
0.09276628494262695
0.0989844799041748
0.09715414047241211
0.12305736541748047
0.10149288177490234
0.0914607048034668
0.11398816108703613
0.09857583045959473
0.0957643985748291
0.10865521430969238
0.10314321517944336
0.1073606014251709
0.09672975540161133
0.09857535362243652
0.10672831535339355
0.1012423038482666
0.1090250015258789
0.13212847709655762
0.1251533031463623
0.10645890235900879
0.10523748397827148
0.11415529251098633
0.12459754943847656
0.1139979362487793
0.10995626449584961
0.12012219429016113
0.11166501045227051
0.12350702285766602
0.13007164001464844
0.11394190788269043
0.01677560806274414
0.018743276596069336
0.03030848503112793
0.028043270111083984
0.027509450912475586
0.03757166862487793
0.028277158737182617
0.022032499313354492
0.03786039352416992
0.025671958923339844
0.05230569839477539
0.029864072799682617
0.02654123306274414
0.022002696990966797
0.018972396850585938
0.038979530334472656
0.05151772499084473
0.027060270309448242
0.028481483459472656
0.02473759651184082
0.026949644088745117
0.04183769226074219
0.05174875259399414
0.03750777244567871
0.04568171501159668
0.037679195404052734
0.03206801414489746
0.04729723930358887
0.0732567310333252
0.051781654357910156
0.0354914665222168
0.055054664611816406
0.05629467964172363
0.05806732177734375
0.06332254409790039
0.040335893630981445
0.03710174560546875
0.04476666450500488
0.04460740089416504
0.04909348487854004
0.0477755069732666
0.04295158386230469
0.04935908317565918
0.052734375
0.04529833793640137
0.05587887763977051
0.061247825622558594
0.057793617248535156
0.05993342399597168
0.046530961990356445
0.049714088439941406
0.06516671180725098
0.04921460151672363
0.06976890563964844
0.06926894187927246
0.08242607116699219
0.0719754695892334
0.05847954750061035
0.06251835823059082
0.05678892135620117
0.06939816474914551
0.07660436630249023
0.0709841251373291
0.07984113693237305
0.09746289253234863
0.06405520439147949
0.07033872604370117
0.05961132049560547
0.07490229606628418
0.06791448593139648
0.07470130920410156
0.06851577758789062
0.07065486907958984
0.06194353103637695
0.06705260276794434
0.07149267196655273
0.06355977058410645
0.0801839828491211
0.06910276412963867
0.06070733070373535
0.07641053199768066
0.08125519752502441
0.06268835067749023
0.07209539413452148
0.07212328910827637
0.07337045669555664
0.05822277069091797
0.04628872871398926
0.05736041069030762
0.05504345893859863
0.050443172454833984
0.05244159698486328
0.05426621437072754
0.04616427421569824
0.06067848205566406
0.06212425231933594
0.04835200309753418
0.04409503936767578
0.03749275207519531
0.0420529842376709
0.040206193923950195
0.04125022888183594
0.054232120513916016
0.021219730377197266
0.02978968620300293
0.030486106872558594
0.030491352081298828
0.04878067970275879
0.0324399471282959
0.03591275215148926
0.036054134368896484
0.038309574127197266
0.03668832778930664
0.027532100677490234
0.035596370697021484
0.03520321846008301
0.040007829666137695
0.03045058250427246
0.027240991592407227
0.028554677963256836
0.04306769371032715
0.04039597511291504
0.043962717056274414
0.022313594818115234
0.03651690483093262
0.04008841514587402
0.024295806884765625
0.024527311325073242
0.034570932388305664
0.031090259552001953
0.031586647033691406
0.04407167434692383
0.05231142044067383
0.039726972579956055
0.04381418228149414
0.04213452339172363
0.02837395668029785
0.030551433563232422
0.03203272819519043
0.04916858673095703
0.0485234260559082
0.03696608543395996
0.04343438148498535
0.045526981353759766
0.032906532287597656
0.03188323974609375
0.04416966438293457
0.03466224670410156
0.05001115798950195
0.04595351219177246
0.04726409912109375
0.052290916442871094
0.047042131423950195
0.03961300849914551
0.04183816909790039
0.06029987335205078
0.05689096450805664
0.05147242546081543
0.03865838050842285
0.05558276176452637
0.0383303165435791
0.0492548942565918
0.041983604431152344
0.04793596267700195
0.04476165771484375
0.042736053466796875
0.04256868362426758
0.045946598052978516
0.04923367500305176
0.042749643325805664
0.03990364074707031
0.05959510803222656
0.04036998748779297
0.05435609817504883
0.04004478454589844
0.07080459594726562
0.04112887382507324
0.0581514835357666
0.039839982986450195
0.04070591926574707
0.05404376983642578
0.048838138580322266
0.14502859115600586
0.04882335662841797
0.1528635025024414
0.04383039474487305
0.15838909149169922
0.14773297309875488
0.04383993148803711
0.059592247009277344
0.19843363761901855
0.14820265769958496
0.048789024353027344
0.054123640060424805
0.1503159999847412
0.14825057983398438
0.06120157241821289
0.14523983001708984
0.060372352600097656
0.04683828353881836
0.042154788970947266
0.04202151298522949
0.04758310317993164
0.04328417778015137
0.056539297103881836
0.05412626266479492
0.05663490295410156
0.06417226791381836
0.0833139419555664
0.06690239906311035
0.06315207481384277
0.06224513053894043
0.061985015869140625
0.06008148193359375
0.06644535064697266
0.07456779479980469
0.07249927520751953
0.07394647598266602
0.0744774341583252
0.07202506065368652
0.07849907875061035
0.07652139663696289
0.06652665138244629
0.23784804344177246
0.25654172897338867
0.1279890537261963
0.08495521545410156
0.09349489212036133
0.12836170196533203
0.1255357265472412
0.11730694770812988
0.12181854248046875
0.11094546318054199
0.11264228820800781
0.017264842987060547
0.009629011154174805
0.018550872802734375
0.028285503387451172
0.027060985565185547
0.03335762023925781
0.017379283905029297
0.02587604522705078
0.018655061721801758
0.024840116500854492
0.014251708984375
0.02670907974243164
0.0247189998626709
0.03310513496398926
0.03636455535888672
0.03222060203552246
0.03074479103088379
0.02508091926574707
0.031412363052368164
0.030337810516357422
0.03427886962890625
0.03589439392089844
0.03828787803649902
0.037067413330078125
0.033101558685302734
0.024199247360229492
0.025295257568359375
0.023038148880004883
0.03575396537780762
0.038333892822265625
0.037172555923461914
0.0437932014465332
0.03048110008239746
0.040884971618652344
0.02866053581237793
0.02981424331665039
0.03064870834350586
0.061716318130493164
0.04147672653198242
0.04979825019836426
0.04161810874938965
0.04915428161621094
0.04883456230163574
0.044721126556396484
0.03858542442321777
0.03771328926086426
0.04825019836425781
0.05388021469116211
0.04961395263671875
0.04702162742614746
0.053981781005859375
0.059710025787353516
0.03738236427307129
0.05678153038024902
0.05492687225341797
0.057355403900146484
0.04501795768737793
0.048165082931518555
0.04906201362609863
0.03834199905395508
0.05934309959411621
0.0364532470703125
0.07408022880554199
0.06641221046447754
0.0427546501159668
0.03684377670288086
0.04497385025024414
0.04697108268737793
0.03709268569946289
0.040422916412353516
0.0468292236328125
0.035430908203125
0.03377723693847656
0.03213644027709961
0.044322967529296875
0.04514598846435547
0.04078507423400879
0.03772783279418945
0.02743673324584961
0.04093289375305176
0.03640007972717285
0.04468846321105957
0.04443216323852539
0.045732736587524414
0.053981781005859375
0.05769848823547363
0.04108023643493652
0.047348976135253906
0.04483985900878906
0.03807783126831055
0.03934836387634277
0.05219912528991699
0.05466055870056152
0.04649019241333008
0.04998445510864258
0.04388117790222168
0.056981801986694336
0.05903458595275879
0.05270576477050781
0.040464162826538086
0.04847073554992676
0.05644655227661133
0.04762887954711914
0.06350946426391602
0.05577683448791504
0.054872751235961914
0.06376194953918457
0.08477139472961426
0.056359052658081055
0.06146073341369629
0.06208610534667969
0.05933809280395508
0.05581498146057129
0.046453237533569336
0.0552670955657959
0.05263090133666992
0.047199249267578125
0.12064385414123535
0.04762601852416992
0.1324756145477295
0.14656543731689453
0.1101224422454834
0.10383248329162598
0.11761069297790527
0.10898661613464355
0.1115882396697998
0.12009048461914062
0.14171314239501953
0.016092538833618164
0.019893169403076172
0.025981664657592773
0.017412662506103516
0.02773427963256836
0.024744749069213867
0.02816152572631836
0.14303159713745117
0.11698102951049805
0.15810108184814453
0.15391159057617188
0.10584783554077148
0.09802865982055664
0.08727049827575684
0.07651567459106445
0.08749580383300781
0.08335256576538086
0.0763692855834961
0.10456323623657227
0.06779980659484863
0.0619809627532959
0.06195259094238281
0.06987953186035156
0.06066608428955078
0.06801462173461914
0.057860374450683594
0.06113290786743164
0.04882478713989258
0.05643510818481445
0.04228949546813965
0.05736732482910156
0.061591148376464844
0.07537269592285156
0.05846071243286133
0.04931449890136719
0.04241299629211426
0.04001879692077637
0.05364537239074707
0.04978632926940918
0.061235904693603516
0.06273269653320312
0.05777859687805176
0.046933889389038086
0.05299663543701172
0.052518367767333984
0.05899453163146973
0.04863429069519043
0.049631357192993164
0.02662205696105957
0.04023861885070801
0.028867483139038086
0.031455278396606445
0.04166126251220703
0.03752398490905762
0.03969216346740723
0.043555259704589844
0.05653500556945801
0.051511526107788086
0.047368526458740234
0.05428147315979004
0.06009960174560547
0.059870243072509766
0.04510641098022461
0.07210922241210938
0.05444025993347168
0.05516219139099121
0.056154489517211914
0.12399482727050781
0.14981412887573242
0.10924601554870605
0.10890698432922363
0.05916190147399902
0.11831474304199219
0.12630009651184082
0.08352255821228027
0.06735396385192871
0.10296058654785156
0.051633358001708984
0.10435986518859863
0.11118578910827637
0.07783675193786621
0.07693147659301758
0.08121728897094727
0.21608924865722656
0.0826416015625
0.20412468910217285
0.19319725036621094
0.14999985694885254
0.10047698020935059
0.12574219703674316
0.12252664566040039
0.11225271224975586
0.10205388069152832
0.14560770988464355
0.11817407608032227
0.10727357864379883
0.10886311531066895
0.10910558700561523
0.10774374008178711
0.10249519348144531
0.09720754623413086
0.10563111305236816
0.10387682914733887
0.11272668838500977
0.1080775260925293
0.11450505256652832
0.10860991477966309
0.11617755889892578
0.11571073532104492
0.12048006057739258
0.11117672920227051
0.20493412017822266
0.1323866844177246
0.11788511276245117
0.13175582885742188
0.12826752662658691
0.11110067367553711
0.11213040351867676
0.12668943405151367
0.02198314666748047
0.13211560249328613
0.13057518005371094
0.1405620574951172
0.13250160217285156
0.21477603912353516
0.12497591972351074
0.1214303970336914
0.1201925277709961
0.12494421005249023
0.11246681213378906
0.12025284767150879
0.010239362716674805
0.024135112762451172
0.023105144500732422
0.02063727378845215
0.023175954818725586
0.01985311508178711
0.023737668991088867
0.022994041442871094
0.018524646759033203
0.04915118217468262
0.014885663986206055
0.2103440761566162
0.19494390487670898
0.1712040901184082
0.12802743911743164
0.12513446807861328
0.09748077392578125
0.09529781341552734
0.13094472885131836
0.10777926445007324
0.09072113037109375
0.09283924102783203
0.12481307983398438
0.103759765625
0.10273623466491699
0.1341395378112793
0.08441781997680664
0.10510134696960449
0.09284520149230957
0.11274528503417969
0.13851046562194824
0.08692193031311035
0.11713504791259766
0.1566624641418457
0.08155512809753418
0.10121631622314453
0.17412471771240234
0.20003628730773926
0.1963200569152832
0.10001349449157715
0.15747547149658203
0.13487935066223145
0.15616536140441895
0.12097859382629395
0.11279487609863281
0.10606646537780762
0.08514165878295898
0.1266622543334961
0.11663198471069336
0.09037661552429199
0.10863351821899414
0.13710808753967285
0.09082436561584473
0.13593363761901855
0.10507845878601074
0.11485433578491211
0.09261226654052734
0.08102226257324219
0.08273649215698242
0.09138011932373047
0.15206313133239746
0.11356687545776367
0.08408546447753906
0.07959318161010742
0.0913383960723877
0.10956668853759766
0.10401344299316406
0.06760096549987793
0.14041519165039062
0.04703116416931152
0.06193375587463379
0.048288583755493164
0.06348228454589844
0.08357930183410645
0.06881403923034668
0.05692434310913086
0.08015942573547363
0.06764030456542969
0.11179590225219727
0.0978856086730957
0.0558626651763916
0.057372093200683594
0.05741524696350098
0.05944252014160156
0.05568265914916992
0.05871129035949707
0.04931950569152832
0.055754661560058594
0.05688214302062988
0.04970598220825195
0.05020642280578613
0.050394535064697266
0.05699038505554199
0.05700492858886719
0.06701517105102539
0.05318760871887207
0.06522059440612793
0.07174110412597656
0.05745220184326172
0.07703423500061035
0.07452559471130371
0.07321810722351074
0.07406282424926758
0.06973385810852051
0.0631875991821289
0.08047699928283691
0.07978153228759766
0.07868266105651855
0.07157468795776367
0.07640790939331055
0.07894110679626465
0.0677025318145752
0.06890034675598145
0.07457780838012695
0.07492923736572266
0.07889938354492188
0.06955170631408691
0.06965422630310059
0.07182669639587402
0.07908201217651367
0.0803380012512207
0.08414053916931152
0.07073211669921875
0.0819392204284668
0.0960392951965332
0.07903671264648438
0.07036089897155762
0.0840766429901123
0.0877535343170166
0.07719898223876953
0.08890676498413086
0.09575343132019043
0.08085083961486816
0.08869242668151855
0.08322000503540039
0.07109880447387695
0.0844106674194336
0.08594036102294922
0.08031845092773438
0.08344173431396484
0.12589812278747559
0.17074894905090332
0.1616520881652832
0.19916892051696777
0.3161580562591553
0.14583230018615723
0.1225581169128418
0.17447233200073242
0.4511685371398926
0.20563435554504395
1.1876296997070312
0.9704210758209229
0.7516686916351318
0.5278797149658203
0.3233053684234619
0.19590234756469727
0.14627313613891602
0.15223455429077148
0.13469743728637695
0.1475963592529297
0.12770962715148926
0.1632978916168213
0.10526251792907715
0.11448335647583008
0.13497638702392578
0.1476421356201172
0.14818191528320312
0.2206573486328125
0.07935595512390137
0.10983610153198242
0.12030839920043945
0.07329702377319336
0.12145400047302246
0.15397262573242188
0.07345008850097656
0.06790709495544434
0.10496020317077637
0.06857514381408691
0.08474159240722656
0.0674903392791748
0.06459689140319824
0.06546664237976074
0.07779574394226074
0.08683419227600098
0.06814765930175781
0.13198161125183105
0.056498050689697266
0.05587363243103027
0.10602998733520508
0.1337261199951172
0.07444882392883301
0.07828593254089355
0.08155941963195801
0.0401918888092041
0.2844231128692627
0.1246805191040039
0.08401036262512207
0.16323137283325195
0.18844389915466309
0.24147558212280273
0.273850679397583
0.08337187767028809
0.14366984367370605
0.07910633087158203
0.08251023292541504
0.10593605041503906
0.14182591438293457
0.09185433387756348
0.09169673919677734
0.20558857917785645
0.09026098251342773
0.07438921928405762
0.07487797737121582
0.1963191032409668
0.12667322158813477
0.11419868469238281
0.08806824684143066
0.08286213874816895
0.1313800811767578
0.07619190216064453
0.06861162185668945
0.16171884536743164
0.1561903953552246
0.1303846836090088
0.21314573287963867
0.06196022033691406
0.12789225578308105
0.0692138671875
0.06090593338012695
0.12515974044799805
0.09132242202758789
0.12584280967712402
0.08475184440612793
0.09263920783996582
0.04464387893676758
0.11664748191833496
0.06468653678894043
0.03709578514099121
0.11966204643249512
0.11262989044189453
0.08673548698425293
0.10196375846862793
0.08409905433654785
0.0896463394165039
0.09889817237854004
0.09238719940185547
0.10340213775634766
0.08717107772827148
0.10660815238952637
0.10619640350341797
0.21484661102294922
0.19137907028198242
0.16222929954528809
0.159895658493042
0.0931546688079834
0.09389567375183105
0.09849810600280762
0.12395286560058594
0.09419655799865723
0.08390688896179199
0.08318758010864258
0.07664108276367188
0.07528924942016602
0.0841984748840332
0.06601285934448242
0.07214593887329102
0.10200309753417969
0.039666175842285156
0.16305875778198242
0.09986209869384766
0.1693265438079834
0.07154154777526855
0.1644115447998047
0.13160920143127441
0.11005020141601562
0.17864036560058594
0.16759920120239258
0.16632437705993652
0.14811110496520996
0.24016499519348145
0.14922094345092773
0.12961030006408691
0.12559962272644043
0.17520523071289062
0.135453462600708
0.17469406127929688
0.12555646896362305
0.12948131561279297
0.11622428894042969
0.11312246322631836
0.12687444686889648
0.19223594665527344
0.13902568817138672
0.12233376502990723
0.1226508617401123
0.1411762237548828
0.13428115844726562
0.13975858688354492
0.13026022911071777
0.10894322395324707
0.18071746826171875
0.13849163055419922
0.15960168838500977
0.11223006248474121
0.09220623970031738
0.10562968254089355
0.09663510322570801
0.10541200637817383
0.10470271110534668
0.11322259902954102
0.1536877155303955
0.09923386573791504
0.1415255069732666
0.14075040817260742
0.1429581642150879
0.1360785961151123
0.09529614448547363
0.12278532981872559
0.0701909065246582
0.07921314239501953
0.10165119171142578
0.08646726608276367
0.1017141342163086
0.10982894897460938
0.12438631057739258
0.0865943431854248
0.08294463157653809
0.08728170394897461
0.08026385307312012
0.0684347152709961
0.06989240646362305
0.08348703384399414
0.07526421546936035
0.09887504577636719
0.18321752548217773
0.07449460029602051
0.08313608169555664
0.05988454818725586
0.043041229248046875
0.05311417579650879
0.051130056381225586
0.05680441856384277
0.05917477607727051
0.06604599952697754
0.06910824775695801
0.061676740646362305
0.0586400032043457
0.05548429489135742
0.06484723091125488
0.059168100357055664
0.07427120208740234
0.06560230255126953
0.061516523361206055
0.07662296295166016
0.07941341400146484
0.0667273998260498
0.06738662719726562
0.07725143432617188
0.06784391403198242
0.08518552780151367
0.0717310905456543
0.07921338081359863
0.07989907264709473
0.08687973022460938
0.06997489929199219
0.05883049964904785
0.06852006912231445
0.07296228408813477
0.07380533218383789
0.06800580024719238
0.07345104217529297
0.07272505760192871
0.06093406677246094
0.06199502944946289
0.06220293045043945
0.06999397277832031
0.07282900810241699
0.06232285499572754
0.07238888740539551
0.057724714279174805
0.06101655960083008
0.07216739654541016
0.054616689682006836
0.05886721611022949
0.0677800178527832
0.07115530967712402
0.0690312385559082
0.0708925724029541
0.06196951866149902
0.07261204719543457
0.0769338607788086
0.05511212348937988
0.06511616706848145
0.07991766929626465
0.07054471969604492
0.06779217720031738
0.06787896156311035
0.07161521911621094
0.07837581634521484
0.06849408149719238
0.07621598243713379
0.07131361961364746
0.07059907913208008
0.07436847686767578
0.06993317604064941
0.07046318054199219
0.07453536987304688
0.07860898971557617
0.07392549514770508
0.07839345932006836
0.06810259819030762
0.0727241039276123
0.08199238777160645
0.0851297378540039
0.08730363845825195
0.07668948173522949
0.08922624588012695
0.09386777877807617
0.0783073902130127
0.15699243545532227
0.07463741302490234
0.07986807823181152
0.07708263397216797
0.08388519287109375
0.11159372329711914
0.07128500938415527
0.07005572319030762
0.13669061660766602
0.17533612251281738
0.15429186820983887
0.12759971618652344
0.09825611114501953
0.1157841682434082
0.12186360359191895
0.1007838249206543
0.09741926193237305
0.1683976650238037
0.09179973602294922
0.08785033226013184
0.08888959884643555
0.09184932708740234
0.10841608047485352
0.07528471946716309
0.09592127799987793
0.11491823196411133
0.08588123321533203
0.12032771110534668
0.11723804473876953
0.12742185592651367
0.09491658210754395
0.1518399715423584
0.12172055244445801
0.10754990577697754
0.08382344245910645
0.1343994140625
0.08853554725646973
0.16402912139892578
0.1798558235168457
0.13318347930908203
0.19695472717285156
0.30838680267333984
0.2658107280731201
0.17111420631408691
0.17674517631530762
0.10677766799926758
0.09447813034057617
0.19922280311584473
0.1364586353302002
0.16403913497924805
0.12447142601013184
0.17656612396240234
0.12215971946716309
0.1696171760559082
0.26482629776000977
0.10497522354125977
0.04912114143371582
0.05188798904418945
0.06487083435058594
0.12230658531188965
0.10055327415466309
0.16710281372070312
0.1555333137512207
0.11243534088134766
0.11743450164794922
0.14086413383483887
0.10514974594116211
0.12410998344421387
0.16560149192810059
0.19914698600769043
0.20934677124023438
0.13407588005065918
0.12131285667419434
0.12323832511901855
0.11124682426452637
0.1387345790863037
0.10811305046081543
0.1715846061706543
0.09215426445007324
0.07436108589172363
0.10089707374572754
0.061452388763427734
0.07808828353881836
0.11100196838378906
0.09415316581726074
0.15503740310668945
0.08143138885498047
0.07893133163452148
0.12436175346374512
0.09207582473754883
0.23217368125915527
0.06720852851867676
0.08583927154541016
0.039987802505493164
0.06356978416442871
0.05990886688232422
0.024387836456298828
0.14548563957214355
0.2684626579284668
0.14808154106140137
0.10639548301696777
0.09459185600280762
0.10949587821960449
0.0729680061340332
0.16122841835021973
0.049612998962402344
0.5860636234283447
0.3531198501586914
0.1141655445098877
0.05519461631774902
0.04542088508605957
0.038500070571899414
0.05373096466064453
0.04041862487792969
0.030005931854248047
0.15268301963806152
0.08364677429199219
0.023574352264404297
0.054067373275756836
0.021284818649291992
0.05558609962463379
0.13476943969726562
0.11561465263366699
0.13379907608032227
0.2733473777770996
0.10005474090576172
0.06535124778747559
0.0435183048248291
0.07997846603393555
0.04580116271972656
0.03261137008666992
0.06818509101867676
0.09013199806213379
0.06328725814819336
0.0709071159362793
0.10167074203491211
0.060254812240600586
0.16469144821166992
0.04294919967651367
0.16546273231506348
0.06908178329467773
0.13334393501281738
0.34025144577026367
0.35374999046325684
0.1374366283416748
0.12876391410827637
0.21468210220336914
0.15196442604064941
0.06654787063598633
0.057044029235839844
0.24007582664489746
0.17300939559936523
0.1454944610595703
0.08444809913635254
0.05855536460876465
0.04985642433166504
0.05759716033935547
0.10659480094909668
0.17350459098815918
0.0807802677154541
0.13389348983764648
0.10093092918395996
0.10130620002746582
0.059504032135009766
0.05959200859069824
0.05248141288757324
0.05619001388549805
0.04905438423156738
0.044641733169555664
0.09133744239807129
0.09866881370544434
0.047937870025634766
0.04209470748901367
0.03636670112609863
0.055738210678100586
0.026102304458618164
0.1083378791809082
0.08205866813659668
0.16531848907470703
0.14035320281982422
0.17303228378295898
0.15063953399658203
0.1496126651763916
0.13344144821166992
0.06947541236877441
0.09430480003356934
0.3417654037475586
0.09288907051086426
0.42931675910949707
0.22173380851745605
0.14171051979064941
0.13138890266418457
0.11610126495361328
0.11816811561584473
0.1138756275177002
0.11340999603271484
0.11513233184814453
0.19282960891723633
0.10784363746643066
0.10287189483642578
0.15437006950378418
0.1408390998840332
0.16216087341308594
0.1381688117980957
0.17131900787353516
0.16218996047973633
0.1858515739440918
0.10655665397644043
0.17666101455688477
0.12957167625427246
0.12708687782287598
0.15916967391967773
0.1534709930419922
0.2549154758453369
0.2043013572692871
0.07745695114135742
0.08454442024230957
0.15934467315673828
0.14499258995056152
0.15039873123168945
0.04831123352050781
0.05381274223327637
0.16969799995422363
0.21502470970153809
0.3094980716705322
0.07485151290893555
0.06835007667541504
0.05641746520996094
0.25190210342407227
0.10027313232421875
0.0683431625366211
0.10464978218078613
0.07833552360534668
0.13062834739685059
0.1358494758605957
0.40662288665771484
0.3021066188812256
0.11146807670593262
0.10111284255981445
0.06929922103881836
0.05695390701293945
0.02957296371459961
0.0727694034576416
0.03908944129943848
0.0618741512298584
0.06968522071838379
0.11712074279785156
0.2684206962585449
0.14293599128723145
0.20011138916015625
0.10936474800109863
0.17507266998291016
0.24118399620056152
0.19373369216918945
0.10164022445678711
0.15963292121887207
1.2682571411132812
1.0531041622161865
0.8199481964111328
0.5809874534606934
0.3466808795928955
0.16956591606140137
0.18924331665039062
0.09721040725708008
0.2061786651611328
0.21109676361083984
0.2164163589477539
0.14039993286132812
0.1525871753692627
0.10541105270385742
0.2020106315612793
0.1467726230621338
0.11646056175231934
0.16346240043640137
0.23738861083984375
0.27753424644470215
0.19855332374572754
0.05922698974609375
0.10238289833068848
0.09328985214233398
0.06328129768371582
0.05459761619567871
0.07294273376464844
0.08867335319519043
0.06489729881286621
0.08612203598022461
0.04294443130493164
0.055301666259765625
0.04119157791137695
0.0562741756439209
0.023583412170410156
0.029459476470947266
0.024390459060668945
0.12705302238464355
0.021491050720214844
0.03845500946044922
0.03345537185668945
0.027904987335205078
0.02390265464782715
0.026218414306640625
0.019433021545410156
0.029979228973388672
0.03592824935913086
0.08067679405212402
0.0430293083190918
0.07856535911560059
0.056960105895996094
0.042278289794921875
0.04194998741149902
0.03931856155395508
0.03904128074645996
0.04546689987182617
