0.04041457176208496
0.184981107711792
0.041799068450927734
0.14347076416015625
0.07315850257873535
0.13576579093933105
0.13701558113098145
0.14208316802978516
0.0281827449798584
0.2389528751373291
0.14731550216674805
0.13840007781982422
0.13925719261169434
0.030180692672729492
0.12926840782165527
0.1304948329925537
0.03745412826538086
0.0455780029296875
0.03506922721862793
0.030595779418945312
0.03958606719970703
0.04482889175415039
0.028748750686645508
0.04249072074890137
0.040410757064819336
0.037245988845825195
0.05434536933898926
0.03372955322265625
0.047217607498168945
0.04295158386230469
0.049635887145996094
0.09963393211364746
0.04831886291503906
0.04922008514404297
0.06371903419494629
0.042156219482421875
0.05929970741271973
0.057027339935302734
0.05170273780822754
0.054451942443847656
0.05985832214355469
0.05265355110168457
0.047684431076049805
0.061484336853027344
0.060745954513549805
0.05021357536315918
0.05659365653991699
0.060895442962646484
0.05139470100402832
0.051847219467163086
0.06659531593322754
0.06150650978088379
0.06606888771057129
0.06505084037780762
0.0682370662689209
0.06359338760375977
0.06528806686401367
0.06618475914001465
0.07010769844055176
0.06717944145202637
0.06234002113342285
0.07370424270629883
0.07634949684143066
0.07704949378967285
0.08074092864990234
0.08442330360412598
0.08589029312133789
0.07863402366638184
0.08305788040161133
0.08466410636901855
0.08926582336425781
0.07814645767211914
0.07779693603515625
0.07649445533752441
0.08742737770080566
0.0977170467376709
0.09426546096801758
0.09594416618347168
0.08918595314025879
0.09847259521484375
0.09361577033996582
0.1006007194519043
0.098846435546875
0.09749650955200195
0.09056282043457031
0.13770055770874023
0.1143343448638916
0.0938725471496582
0.11469674110412598
0.11035513877868652
0.10820484161376953
0.10974240303039551
0.10303068161010742
0.09930253028869629
0.11313629150390625
0.11914587020874023
0.10406494140625
0.11749649047851562
0.10728931427001953
0.1128847599029541
0.11833667755126953
0.10952115058898926
0.11468291282653809
0.10945892333984375
0.11067342758178711
0.13071203231811523
0.1244051456451416
0.11857891082763672
0.1341233253479004
0.12492513656616211
0.012011528015136719
0.019215822219848633
0.0220334529876709
0.030927181243896484
0.02946949005126953
0.03391075134277344
0.02904367446899414
0.02275562286376953
0.025191068649291992
0.02075481414794922
0.05227255821228027
0.03187918663024902
0.02714395523071289
0.022296428680419922
0.019791841506958008
0.0241851806640625
0.027904987335205078
0.0543515682220459
0.02943706512451172
0.035529375076293945
0.038071393966674805
0.04320025444030762
0.04679536819458008
0.04794788360595703
0.04693269729614258
0.0451052188873291
0.04397177696228027
0.0407106876373291
0.07451152801513672
0.045894622802734375
0.043264150619506836
0.04426383972167969
0.05715584754943848
0.059357643127441406
0.06579899787902832
0.05533194541931152
0.049051523208618164
0.04914093017578125
0.05209469795227051
0.05070161819458008
0.04866194725036621
0.038109540939331055
0.05551767349243164
0.052154541015625
0.05096173286437988
0.05736398696899414
0.06165790557861328
0.05786776542663574
0.05141186714172363
0.05307459831237793
0.0504755973815918
0.0660090446472168
0.061417341232299805
0.06648135185241699
0.07173490524291992
0.06833982467651367
0.06868219375610352
0.07161688804626465
0.06933140754699707
0.06831526756286621
0.07652497291564941
0.07675814628601074
0.061567068099975586
0.08056807518005371
0.09242105484008789
0.07052731513977051
0.07129788398742676
0.07789278030395508
0.07534432411193848
0.07734370231628418
0.06430196762084961
0.07428312301635742
0.07663226127624512
0.0683445930480957
0.07195806503295898
0.06229043006896973
0.0743265151977539
0.07582449913024902
0.05685734748840332
0.06770610809326172
0.07606077194213867
0.06008172035217285
0.07457637786865234
0.06453752517700195
0.05794835090637207
0.07313895225524902
0.05262279510498047
0.05240130424499512
0.058774709701538086
0.05972003936767578
0.05964922904968262
0.05460858345031738
0.049309730529785156
0.059786081314086914
0.05215573310852051
0.06355953216552734
0.03189826011657715
0.03856539726257324
0.04350399971008301
0.03203248977661133
0.04288506507873535
0.04252290725708008
0.04957461357116699
0.037191152572631836
0.03818774223327637
0.03669428825378418
0.04191446304321289
0.03829240798950195
0.03663325309753418
0.03408074378967285
0.038060903549194336
0.044766902923583984
0.037824392318725586
0.028326034545898438
0.030663728713989258
0.0354313850402832
0.02881598472595215
0.04229474067687988
0.027989625930786133
0.040032148361206055
0.039469242095947266
0.03631758689880371
0.0310819149017334
0.023053884506225586
0.03844881057739258
0.040238380432128906
0.030730485916137695
0.04268336296081543
0.04466962814331055
0.04752635955810547
0.04691743850708008
0.03214693069458008
0.04834628105163574
0.04059553146362305
0.03274822235107422
0.032631635665893555
0.03374028205871582
0.0369417667388916
0.03762555122375488
0.05571341514587402
0.04602789878845215
0.03740954399108887
0.04691672325134277
0.049524784088134766
0.04464387893676758
0.03258562088012695
0.05063366889953613
0.046645402908325195
0.03512978553771973
0.04657912254333496
0.04030966758728027
0.038326263427734375
0.05271196365356445
0.05540132522583008
0.04265880584716797
0.049375057220458984
0.061224937438964844
0.05164337158203125
0.03937530517578125
0.04015636444091797
0.05183839797973633
0.048987388610839844
0.042964935302734375
0.047159671783447266
0.044896602630615234
0.03790545463562012
0.04789876937866211
0.03606557846069336
0.0500025749206543
0.052802324295043945
0.05052375793457031
0.040059804916381836
0.04687786102294922
0.058807373046875
0.04092979431152344
0.04446673393249512
0.05947518348693848
0.05783963203430176
0.040665388107299805
0.05852460861206055
0.04868507385253906
0.05030965805053711
0.14572501182556152
0.06382465362548828
0.1524333953857422
0.055983543395996094
0.16106104850769043
0.15854430198669434
0.04462790489196777
0.04887890815734863
0.18611860275268555
0.1599881649017334
0.05950188636779785
0.05460047721862793
0.156693696975708
0.14883160591125488
0.06051492691040039
0.14609980583190918
0.058019161224365234
0.04194045066833496
0.04289531707763672
0.042887210845947266
0.0562596321105957
0.0497136116027832
0.062470436096191406
0.04582810401916504
0.04624032974243164
0.0690464973449707
0.06396865844726562
0.06898736953735352
0.06928253173828125
0.06842637062072754
0.12999677658081055
0.06121540069580078
0.06722068786621094
0.0657811164855957
0.07295465469360352
0.08692741394042969
0.06515979766845703
0.062491655349731445
0.07664942741394043
0.0805661678314209
0.08028316497802734
0.18349885940551758
0.26285696029663086
0.16879010200500488
0.0573117733001709
0.1298384666442871
0.12248730659484863
0.11870861053466797
0.12616848945617676
0.12205791473388672
0.11725711822509766
0.12272763252258301
0.011986017227172852
0.010343790054321289
0.018974781036376953
0.015529870986938477
0.028171777725219727
0.028995513916015625
0.039876461029052734
0.03200387954711914
0.03747200965881348
0.026216506958007812
0.015116691589355469
0.02220773696899414
0.026368141174316406
0.0353856086730957
0.02097320556640625
0.03318500518798828
0.0220949649810791
0.03634786605834961
0.026367664337158203
0.023283004760742188
0.03568005561828613
0.0322721004486084
0.03244900703430176
0.041284799575805664
0.02996993064880371
0.02494668960571289
0.0318300724029541
0.03453207015991211
0.027942180633544922
0.03998565673828125
0.04072070121765137
0.041571855545043945
0.04038405418395996
0.04355216026306152
0.029423236846923828
0.03579545021057129
0.045683860778808594
0.05282878875732422
0.043460845947265625
0.04759979248046875
0.04951977729797363
0.04687333106994629
0.050809383392333984
0.03986072540283203
0.051688194274902344
0.04370236396789551
0.040439605712890625
0.04631447792053223
0.041352272033691406
0.04226374626159668
0.05772209167480469
0.05635523796081543
0.05537056922912598
0.04665946960449219
0.05261826515197754
0.0586085319519043
0.052008867263793945
0.05004739761352539
0.05087995529174805
0.05652570724487305
0.060343265533447266
0.03718113899230957
0.06364727020263672
0.06173062324523926
0.04951286315917969
0.0511937141418457
0.04705476760864258
0.051192522048950195
0.03781461715698242
0.05628681182861328
0.049127817153930664
0.030694961547851562
0.04044938087463379
0.04633975028991699
0.04363441467285156
0.03128695487976074
0.04210305213928223
0.04264116287231445
0.03945446014404297
0.04310321807861328
0.042344093322753906
0.04292130470275879
0.040253400802612305
0.04176950454711914
0.051207780838012695
0.04001879692077637
0.0493009090423584
0.03710532188415527
0.04556441307067871
0.04477095603942871
0.05127739906311035
0.042772769927978516
0.0563359260559082
0.04164576530456543
0.05193495750427246
0.057221412658691406
0.04451465606689453
0.052928924560546875
0.04609227180480957
0.041165828704833984
0.043663978576660156
0.05249977111816406
0.04842376708984375
0.06640267372131348
0.05626845359802246
0.07164812088012695
0.07056760787963867
0.07029294967651367
0.0614323616027832
0.06612992286682129
0.057708740234375
0.046683311462402344
0.05963754653930664
0.05286407470703125
0.0569002628326416
0.05672025680541992
0.19507837295532227
0.04845380783081055
0.04657602310180664
0.0651388168334961
0.043725013732910156
0.126753568649292
0.10489153861999512
0.1083993911743164
0.11918807029724121
0.11235928535461426
0.11010241508483887
0.11310648918151855
0.022757768630981445
0.02410125732421875
0.026279687881469727
0.029813766479492188
0.02289724349975586
0.02708292007446289
0.01813483238220215
0.13887524604797363
0.11299872398376465
0.12764406204223633
0.1551804542541504
0.12004828453063965
0.09052109718322754
0.08939099311828613
0.0775442123413086
0.08714151382446289
0.07081151008605957
0.08138108253479004
0.09933614730834961
0.07779812812805176
0.0735623836517334
0.0616755485534668
0.06676363945007324
0.06133913993835449
0.056379079818725586
0.05825448036193848
0.06187152862548828
0.05784344673156738
0.05306673049926758
0.04842329025268555
0.04943728446960449
0.04679703712463379
0.08730006217956543
0.05722451210021973
0.040023088455200195
0.04924654960632324
0.050725698471069336
0.058672189712524414
0.056191444396972656
0.0550537109375
0.059392452239990234
0.0612485408782959
0.06300806999206543
0.05921053886413574
0.053220510482788086
0.06005382537841797
0.060662031173706055
0.05021810531616211
0.03755021095275879
0.028086423873901367
0.03962063789367676
0.05126142501831055
0.04771113395690918
0.03287458419799805
0.03493165969848633
0.03520822525024414
0.06447267532348633
0.04162240028381348
0.05889296531677246
0.05506086349487305
0.046114206314086914
0.060468435287475586
0.0515744686126709
0.07977819442749023
0.04431009292602539
0.052256107330322266
0.05672049522399902
0.0830843448638916
0.14455008506774902
0.12997078895568848
0.10740137100219727
0.21590948104858398
0.16525650024414062
0.05421018600463867
0.06637001037597656
0.0735635757446289
0.06397509574890137
0.05319929122924805
0.12158799171447754
0.11035919189453125
0.08549308776855469
0.11739182472229004
0.08989715576171875
0.22057867050170898
0.22070789337158203
0.17941617965698242
0.23671531677246094
0.22341036796569824
0.1270596981048584
0.12014317512512207
0.12567138671875
0.10919880867004395
0.10935115814208984
0.1201174259185791
0.11154723167419434
0.10903239250183105
0.12358593940734863
0.09731483459472656
0.11239171028137207
0.10899496078491211
0.09815573692321777
0.1011509895324707
0.1094975471496582
0.10187959671020508
0.10359454154968262
0.13053607940673828
0.11746358871459961
0.11842155456542969
0.10774755477905273
0.12118077278137207
0.13240313529968262
0.1898186206817627
0.12913155555725098
0.11875700950622559
0.11416292190551758
0.11794400215148926
0.12602639198303223
0.11890983581542969
0.11776614189147949
0.026532649993896484
0.11815237998962402
0.1345217227935791
0.13682031631469727
0.13593578338623047
0.2211153507232666
0.11549925804138184
0.1293325424194336
0.13208818435668945
0.12305450439453125
0.12489581108093262
0.12465977668762207
0.016286611557006836
0.0245821475982666
0.024329185485839844
0.022366762161254883
0.02945113182067871
0.027303218841552734
0.02668166160583496
0.017989158630371094
0.029818058013916016
0.0506134033203125
0.02858877182006836
0.14168357849121094
0.1372392177581787
0.17489290237426758
0.11591362953186035
0.12428116798400879
0.13324379920959473
0.09062576293945312
0.1148536205291748
0.09358835220336914
0.10301065444946289
0.1047048568725586
0.1137547492980957
0.10323500633239746
0.09739828109741211
0.13902974128723145
0.08542180061340332
0.11009502410888672
0.1010277271270752
0.1059427261352539
0.12572765350341797
0.08768773078918457
0.17665982246398926
0.1585216522216797
0.10784745216369629
0.10573649406433105
0.1192471981048584
0.21974945068359375
0.22348237037658691
0.08897733688354492
0.15961599349975586
0.12404131889343262
0.16257691383361816
0.13151049613952637
0.10068511962890625
0.11820125579833984
0.12435197830200195
0.11141800880432129
0.09540176391601562
0.09666728973388672
0.0787041187286377
0.14691376686096191
0.10437607765197754
0.09398627281188965
0.1182405948638916
0.11419796943664551
0.08951425552368164
0.07825303077697754
0.07847046852111816
0.07583212852478027
0.11791062355041504
0.1169588565826416
0.09308743476867676
0.07464838027954102
0.07498764991760254
0.08516621589660645
0.10175538063049316
0.06863069534301758
0.09883642196655273
0.07019972801208496
0.058788299560546875
0.06489253044128418
0.06620454788208008
0.10313296318054199
0.06256413459777832
0.06358218193054199
0.08252811431884766
0.058611154556274414
0.09861946105957031
0.09426307678222656
0.051557302474975586
0.04738259315490723
0.08163166046142578
0.0558927059173584
0.0451509952545166
0.0578305721282959
0.06415677070617676
0.057952165603637695
0.05916333198547363
0.050586700439453125
0.05103015899658203
0.051141977310180664
0.0522913932800293
0.06300473213195801
0.06330537796020508
0.05942893028259277
0.05994749069213867
0.07451343536376953
0.058437347412109375
0.0733027458190918
0.0640099048614502
0.07244706153869629
0.0777742862701416
0.08083653450012207
0.07547616958618164
0.0702061653137207
0.07242822647094727
0.07384967803955078
0.07355499267578125
0.06780147552490234
0.06940913200378418
0.0632622241973877
0.06984829902648926
0.0756077766418457
0.06852269172668457
0.07949376106262207
0.06485605239868164
0.07863426208496094
0.06748414039611816
0.08124017715454102
0.08090615272521973
0.08308625221252441
0.0715327262878418
0.08649826049804688
0.11565518379211426
0.08054614067077637
0.08130145072937012
0.0854349136352539
0.07435059547424316
0.08924984931945801
0.07603001594543457
0.08795380592346191
0.08106160163879395
0.08965539932250977
0.09158015251159668
0.07180285453796387
0.08524727821350098
0.08170938491821289
0.08530139923095703
0.08995962142944336
0.10019183158874512
0.1562967300415039
0.40024518966674805
0.19624757766723633
0.2474980354309082
0.13362812995910645
0.1418914794921875
0.14452481269836426
0.10243654251098633
0.19369935989379883
0.19313788414001465
1.3380446434020996
1.1378045082092285
0.9499609470367432
0.76314377784729
0.4977912902832031
0.2745065689086914
0.11708307266235352
0.11153101921081543
0.14681792259216309
0.10946941375732422
0.15592360496520996
0.12625527381896973
0.09299874305725098
0.12017011642456055
0.14414691925048828
0.16892242431640625
0.08922481536865234
0.13410687446594238
0.10269975662231445
0.11904406547546387
0.11438632011413574
0.07710409164428711
0.17624807357788086
0.0767371654510498
0.07412576675415039
0.10541701316833496
0.0727851390838623
0.05991721153259277
0.06288027763366699
0.06792187690734863
0.06819272041320801
0.08513689041137695
0.08736133575439453
0.0721888542175293
0.053041696548461914
0.08482718467712402
0.06253552436828613
0.0967092514038086
0.2240893840789795
0.08137869834899902
0.08359074592590332
0.1069650650024414
0.029436588287353516
0.10990405082702637
0.12786078453063965
0.08604311943054199
0.08525490760803223
0.19011378288269043
0.11547112464904785
0.2581486701965332
0.09099221229553223
0.08453774452209473
0.10482478141784668
0.09143733978271484
0.15501856803894043
0.14298224449157715
0.14287757873535156
0.1810157299041748
0.1219789981842041
0.09279465675354004
0.10909867286682129
0.0817415714263916
0.1615450382232666
0.12270784378051758
0.08906745910644531
0.10156035423278809
0.09258532524108887
0.09587383270263672
0.08233094215393066
0.09549546241760254
0.1735858917236328
0.1623392105102539
0.15018010139465332
0.19263887405395508
0.11548495292663574
0.06435918807983398
0.08771562576293945
0.0938270092010498
0.11468815803527832
0.06271839141845703
0.11409568786621094
0.09482049942016602
0.09383034706115723
0.06397843360900879
0.07556581497192383
0.06602668762207031
0.28693079948425293
0.11386513710021973
0.11658310890197754
0.09166908264160156
0.09456992149353027
0.08675599098205566
0.09756660461425781
0.1203773021697998
0.09429717063903809
0.11626839637756348
0.09226727485656738
0.11113262176513672
0.12463951110839844
0.21222400665283203
0.1596813201904297
0.15724873542785645
0.17421388626098633
0.09955286979675293
0.08497357368469238
0.09469294548034668
0.07208752632141113
0.0807952880859375
0.06374597549438477
0.09957146644592285
0.11246323585510254
0.13611984252929688
0.07436823844909668
0.07324862480163574
0.08716917037963867
0.07116389274597168
0.051357269287109375
0.16496872901916504
0.09949612617492676
0.19817900657653809
0.04752230644226074
0.16595125198364258
0.13833999633789062
0.11571311950683594
0.19533920288085938
0.1292121410369873
0.1435542106628418
0.11591577529907227
0.23018789291381836
0.14411473274230957
0.16332530975341797
0.12306618690490723
0.13755369186401367
0.1525428295135498
0.13118648529052734
0.1214134693145752
0.11640381813049316
0.1170496940612793
0.11289119720458984
0.13619160652160645
0.1902141571044922
0.15214252471923828
0.1312391757965088
0.1488807201385498
0.13581585884094238
0.16788792610168457
0.12534666061401367
0.1258225440979004
0.13538575172424316
0.18434715270996094
0.13787364959716797
0.11479306221008301
0.09349703788757324
0.12946414947509766
0.09815096855163574
0.13212966918945312
0.1155240535736084
0.11224865913391113
0.09601473808288574
0.11020970344543457
0.13399839401245117
0.14473724365234375
0.13354873657226562
0.16747164726257324
0.12281441688537598
0.09667611122131348
0.11424612998962402
0.09764671325683594
0.10626673698425293
0.11422204971313477
0.10785698890686035
0.1326909065246582
0.09734535217285156
0.1349620819091797
0.07038617134094238
0.0729072093963623
0.08132600784301758
0.07147836685180664
0.08017420768737793
0.08530664443969727
0.08484935760498047
0.07646679878234863
0.07454848289489746
0.06666016578674316
0.06953811645507812
0.08119392395019531
0.06353473663330078
0.04402041435241699
0.0437769889831543
0.06064462661743164
0.046646833419799805
0.06137704849243164
0.05865287780761719
0.05041670799255371
0.06474661827087402
0.06527280807495117
0.06165742874145508
0.07131648063659668
0.06000018119812012
0.06615686416625977
0.07658004760742188
0.06242036819458008
0.06958365440368652
0.06656098365783691
0.07839322090148926
0.07349324226379395
0.0831761360168457
0.06889986991882324
0.08555150032043457
0.07251214981079102
0.08058547973632812
0.07044768333435059
0.07585620880126953
0.07137703895568848
0.06515860557556152
0.07113051414489746
0.0626382827758789
0.07418370246887207
0.06333494186401367
0.0742194652557373
0.07298994064331055
0.055927276611328125
0.06705117225646973
0.07200932502746582
0.07495403289794922
0.0651865005493164
0.07397127151489258
0.06626486778259277
0.05857110023498535
0.06191611289978027
0.061600685119628906
0.06599617004394531
0.0656728744506836
0.05811285972595215
0.06886601448059082
0.059688568115234375
0.06556820869445801
0.07355904579162598
0.07057809829711914
0.06870698928833008
0.06943416595458984
0.06680488586425781
0.07610154151916504
0.07140088081359863
0.0686345100402832
0.0734243392944336
0.0809488296508789
0.06806182861328125
0.08184337615966797
0.08366107940673828
0.07787203788757324
0.08248472213745117
0.07012391090393066
0.07613658905029297
0.0660550594329834
0.07673358917236328
0.07961606979370117
0.07499313354492188
0.08215618133544922
0.0690610408782959
0.08071017265319824
0.08329105377197266
0.07443428039550781
0.08578610420227051
0.08295845985412598
0.0920872688293457
0.08145594596862793
0.08793830871582031
0.15800929069519043
0.06481051445007324
0.08122372627258301
0.08352255821228027
0.08422350883483887
0.21117806434631348
0.06685924530029297
0.08195328712463379
0.3148515224456787
0.1692028045654297
0.11137962341308594
0.12018251419067383
0.12012553215026855
0.1003115177154541
0.11516046524047852
0.11500406265258789
0.12608766555786133
0.17512917518615723
0.0933692455291748
0.11662554740905762
0.07961010932922363
0.10030317306518555
0.09366774559020996
0.08174347877502441
0.09193277359008789
0.12157559394836426
0.08027768135070801
0.08987569808959961
0.13409423828125
0.08170127868652344
0.10878443717956543
0.17014360427856445
0.10091257095336914
0.10240578651428223
0.08539533615112305
0.09152436256408691
0.08376002311706543
0.14911580085754395
0.10389089584350586
0.15812897682189941
0.2341289520263672
0.14258217811584473
0.22436785697937012
0.12402558326721191
0.18072080612182617
0.1340787410736084
0.08064389228820801
0.18526721000671387
0.15985584259033203
0.18990278244018555
0.26077938079833984
0.12441587448120117
0.11327981948852539
0.15706562995910645
0.1147763729095459
0.046499013900756836
0.07901859283447266
0.05535149574279785
0.05443716049194336
0.10303378105163574
0.2024219036102295
0.12941884994506836
0.12231326103210449
0.13029694557189941
0.12708091735839844
0.14393925666809082
0.12594175338745117
0.11763668060302734
0.13638615608215332
0.21083974838256836
0.19169831275939941
0.13625335693359375
0.11150646209716797
0.1170656681060791
0.12853407859802246
0.13648366928100586
0.1064453125
0.15484881401062012
0.05996561050415039
0.08086729049682617
0.09638833999633789
0.07300424575805664
0.08294963836669922
0.06531429290771484
0.11160683631896973
0.08784723281860352
0.07291650772094727
0.08728718757629395
0.1576244831085205
0.07081294059753418
0.21362638473510742
0.13749241828918457
0.0645899772644043
0.04752802848815918
0.09701848030090332
0.05008673667907715
0.04290485382080078
0.14631962776184082
0.252347469329834
0.1793813705444336
0.10229134559631348
0.08808135986328125
0.08455586433410645
0.0908517837524414
0.17728066444396973
0.035170555114746094
0.3618497848510742
0.3691840171813965
0.11614632606506348
0.06976103782653809
0.04347801208496094
0.04053497314453125
0.04334831237792969
0.05723214149475098
0.02461409568786621
0.06991910934448242
0.08471488952636719
0.02451300621032715
0.05157971382141113
0.02779078483581543
0.06313061714172363
0.1668696403503418
0.13904118537902832
0.13793611526489258
0.2419731616973877
0.1534595489501953
0.06134438514709473
0.05170869827270508
0.03830242156982422
0.03265500068664551
0.06983733177185059
0.04201674461364746
0.0344846248626709
0.06152486801147461
0.08478403091430664
0.11561179161071777
0.0955047607421875
0.16437888145446777
0.032652854919433594
0.16689062118530273
0.04571413993835449
0.15310025215148926
0.5887160301208496
0.3761768341064453
0.22738003730773926
0.18358564376831055
0.16184568405151367
0.1572580337524414
0.06854033470153809
0.053090572357177734
0.3020462989807129
0.0977778434753418
0.20390772819519043
0.08564496040344238
0.07797884941101074
0.03744792938232422
0.037897348403930664
0.14822769165039062
0.12281537055969238
0.0985264778137207
0.22959065437316895
0.08983898162841797
0.11458396911621094
0.0643761157989502
0.06925821304321289
0.05399370193481445
0.05756497383117676
0.04457402229309082
0.07793259620666504
0.0843048095703125
0.11216211318969727
0.04643082618713379
0.038938283920288086
0.029770612716674805
0.028532981872558594
0.1105499267578125
0.13159704208374023
0.09209918975830078
0.1759638786315918
0.11868047714233398
0.13909387588500977
0.14324402809143066
0.10263919830322266
0.1283116340637207
0.11152362823486328
0.12719988822937012
0.12783288955688477
0.6361827850341797
0.41651010513305664
0.18816709518432617
0.06972289085388184
0.05505514144897461
0.024791240692138672
0.12078690528869629
0.13033771514892578
0.11112642288208008
0.12478947639465332
0.1769094467163086
0.17600178718566895
0.0953671932220459
0.12433767318725586
0.11550641059875488
0.12395405769348145
0.11487436294555664
0.16753625869750977
0.15848970413208008
0.17973089218139648
0.11244416236877441
0.15962672233581543
0.10861659049987793
0.13550949096679688
0.14714741706848145
0.21399879455566406
0.18837928771972656
0.12372803688049316
0.09227371215820312
0.07849431037902832
0.12591886520385742
0.15237188339233398
0.1494908332824707
0.025854825973510742
0.04359602928161621
0.1600205898284912
0.21666741371154785
0.2814614772796631
0.17685151100158691
0.06874251365661621
0.06274938583374023
0.2414083480834961
0.15372061729431152
0.06386184692382812
0.08376097679138184
0.07158637046813965
0.19501376152038574
0.08294510841369629
0.14143013954162598
0.2858283519744873
0.13135957717895508
0.19759225845336914
0.0984954833984375
0.06096148490905762
0.10119032859802246
0.09180283546447754
0.04097557067871094
0.05075216293334961
0.04638409614562988
0.18502211570739746
0.20858001708984375
0.15224981307983398
0.18521666526794434
0.10817599296569824
0.1354978084564209
0.277449369430542
0.14021062850952148
0.08720135688781738
0.11276888847351074
0.07785439491271973
1.0611186027526855
0.8278703689575195
0.588890790939331
0.35457301139831543
0.32115817070007324
0.10979509353637695
0.15116429328918457
0.23493170738220215
0.21915555000305176
0.2083268165588379
0.10216212272644043
0.06916427612304688
0.07075381278991699
0.22687911987304688
0.16217780113220215
0.05709242820739746
0.1345503330230713
0.23021316528320312
0.22546124458312988
0.13268423080444336
0.06645679473876953
0.07539963722229004
0.09374666213989258
0.04952192306518555
0.048265695571899414
0.0693199634552002
0.12449002265930176
0.05954861640930176
0.08444547653198242
0.09692716598510742
0.04273414611816406
0.023938894271850586
0.02654576301574707
0.035744667053222656
0.030031442642211914
0.0368192195892334
0.11202073097229004
0.038953542709350586
0.02099609375
0.0293881893157959
0.03050994873046875
0.019531726837158203
0.027274608612060547
0.031239748001098633
0.020934343338012695
0.03194832801818848
0.0487973690032959
0.041810035705566406
0.0912480354309082
0.057105064392089844
0.04270148277282715
0.03376626968383789
0.030492782592773438
0.030428647994995117
0.038718223571777344
