0.17339062690734863
0.03143024444580078
0.18471312522888184
0.03924417495727539
0.1467587947845459
0.0753476619720459
0.12817168235778809
0.12952923774719238
0.1442396640777588
0.02624058723449707
0.23731660842895508
0.13747310638427734
0.14159679412841797
0.13689923286437988
0.03903055191040039
0.13692378997802734
0.12803888320922852
0.03580141067504883
0.04291892051696777
0.032421112060546875
0.03768444061279297
0.04384136199951172
0.039545536041259766
0.036086320877075195
0.04057669639587402
0.03421807289123535
0.04059576988220215
0.04272961616516113
0.03675508499145508
0.04020380973815918
0.044524431228637695
0.046825408935546875
0.11037707328796387
0.052900075912475586
0.041422128677368164
0.0414128303527832
0.0507349967956543
0.05618166923522949
0.051129817962646484
0.045397281646728516
0.056105852127075195
0.05523109436035156
0.05615592002868652
0.05602860450744629
0.04612612724304199
0.047127485275268555
0.05981183052062988
0.057004690170288086
0.0589597225189209
0.05924415588378906
0.05012154579162598
0.0604248046875
0.06382036209106445
0.06404471397399902
0.06394100189208984
0.06625032424926758
0.06673097610473633
0.06785726547241211
0.06956958770751953
0.07082605361938477
0.06606936454772949
0.07023811340332031
0.0668792724609375
0.07259058952331543
0.06695199012756348
0.07699203491210938
0.07651710510253906
0.06690120697021484
0.06998276710510254
0.08365941047668457
0.07092404365539551
0.07629799842834473
0.07616376876831055
0.08562350273132324
0.09000539779663086
0.08411264419555664
0.09854841232299805
0.08692097663879395
0.08742475509643555
0.09990096092224121
0.08521914482116699
0.09093952178955078
0.09782528877258301
0.0859975814819336
0.09429430961608887
0.10015273094177246
0.09025287628173828
0.10319399833679199
0.09143686294555664
0.10934686660766602
0.10653877258300781
0.09641194343566895
0.09671139717102051
0.10065984725952148
0.09757137298583984
0.11483120918273926
0.11520528793334961
0.10805869102478027
0.10369491577148438
0.12069535255432129
0.11075234413146973
0.11318087577819824
0.11324477195739746
0.10750293731689453
0.11258697509765625
0.11732935905456543
0.12358880043029785
0.1369931697845459
0.12487077713012695
0.12864089012145996
0.12305831909179688
0.015458106994628906
0.017335176467895508
0.014578580856323242
0.025658607482910156
0.023830890655517578
0.03673052787780762
0.031392812728881836
0.02617049217224121
0.033702850341796875
0.019053220748901367
0.04618954658508301
0.028620481491088867
0.0195462703704834
0.019839048385620117
0.032642364501953125
0.027812957763671875
0.04002571105957031
0.025710344314575195
0.021647930145263672
0.033388614654541016
0.025807619094848633
0.04065728187561035
0.05620574951171875
0.04126906394958496
0.029656410217285156
0.030965089797973633
0.03087782859802246
0.038724660873413086
0.0353543758392334
0.05300784111022949
0.05546164512634277
0.05314064025878906
0.05903172492980957
0.0552518367767334
0.06328868865966797
0.05062413215637207
0.04539060592651367
0.03659796714782715
0.04849076271057129
0.037277936935424805
0.041510581970214844
0.05102276802062988
0.05734372138977051
0.03845858573913574
0.04390859603881836
0.05160260200500488
0.04405546188354492
0.050755977630615234
0.05889439582824707
0.06046342849731445
0.05397748947143555
0.048746347427368164
0.059305667877197266
0.058449745178222656
0.06423163414001465
0.07069182395935059
0.06094717979431152
0.05752277374267578
0.0664675235748291
0.06528162956237793
0.0728297233581543
0.06087613105773926
0.0700078010559082
0.06193995475769043
0.06073737144470215
0.0687105655670166
0.058028459548950195
0.06862640380859375
0.06226181983947754
0.06997108459472656
0.06226062774658203
0.06176924705505371
0.07441091537475586
0.06633830070495605
0.06558942794799805
0.06045031547546387
0.06255435943603516
0.06262636184692383
0.06481647491455078
0.06983375549316406
0.058069467544555664
0.07473134994506836
0.06136155128479004
0.06263136863708496
0.06679010391235352
0.07224440574645996
0.05075478553771973
0.045218467712402344
0.0570673942565918
0.05777549743652344
0.053621768951416016
0.04240536689758301
0.057537078857421875
0.05383634567260742
0.056684017181396484
0.05877852439880371
0.04495596885681152
0.036386728286743164
0.03631472587585449
0.03915810585021973
0.038343191146850586
0.030394554138183594
0.03933072090148926
0.03166818618774414
0.028757333755493164
0.023328065872192383
0.02353382110595703
0.042516469955444336
0.030681848526000977
0.0215606689453125
0.02381134033203125
0.025922298431396484
0.025173425674438477
0.026389360427856445
0.04045867919921875
0.03397631645202637
0.032099008560180664
0.04493880271911621
0.026261091232299805
0.02738022804260254
0.026304960250854492
0.03910088539123535
0.02923130989074707
0.029675006866455078
0.021840810775756836
0.038033485412597656
0.03326296806335449
0.0289914608001709
0.027789592742919922
0.04120039939880371
0.041016340255737305
0.04031181335449219
0.04630422592163086
0.03654026985168457
0.025170326232910156
0.030286788940429688
0.031856536865234375
0.023882389068603516
0.03117227554321289
0.04775428771972656
0.04052400588989258
0.030149459838867188
0.04257059097290039
0.04610753059387207
0.04173779487609863
0.030887365341186523
0.0323796272277832
0.04279351234436035
0.04962968826293945
0.0339510440826416
0.04470396041870117
0.05173230171203613
0.03561997413635254
0.04876542091369629
0.05145454406738281
0.0581812858581543
0.04877185821533203
0.04790496826171875
0.03765988349914551
0.03808021545410156
0.04280519485473633
0.04315447807312012
0.04512143135070801
0.03508448600769043
0.037619829177856445
0.045673370361328125
0.03592705726623535
0.034124135971069336
0.04000663757324219
0.03616142272949219
0.03881573677062988
0.060654401779174805
0.03938436508178711
0.04859352111816406
0.04437589645385742
0.04248547554016113
0.04584217071533203
0.051300048828125
0.048691749572753906
0.05054473876953125
0.04731941223144531
0.04259371757507324
0.16095328330993652
0.06158161163330078
0.15465140342712402
0.05161595344543457
0.15694117546081543
0.15566158294677734
0.05189037322998047
0.06365370750427246
0.1974794864654541
0.16290640830993652
0.05706787109375
0.057891845703125
0.1438770294189453
0.1523447036743164
0.04930615425109863
0.1497352123260498
0.05954766273498535
0.04949164390563965
0.05267930030822754
0.04081106185913086
0.04068636894226074
0.04216456413269043
0.05592608451843262
0.043976783752441406
0.05424165725708008
0.061223745346069336
0.07759952545166016
0.056059837341308594
0.056815147399902344
0.055123090744018555
0.05912613868713379
0.0634305477142334
0.061479806900024414
0.0581967830657959
0.06418395042419434
0.07832765579223633
0.06892251968383789
0.07045364379882812
0.06336021423339844
0.07975101470947266
0.07162737846374512
0.2075650691986084
0.2632167339324951
0.1371760368347168
0.06646156311035156
0.12757587432861328
0.11973929405212402
0.12247228622436523
0.12163090705871582
0.11495852470397949
0.11966753005981445
0.1197209358215332
0.01526188850402832
0.018207550048828125
0.011991024017333984
0.013535499572753906
0.02638983726501465
0.026768207550048828
0.02803945541381836
0.01933455467224121
0.017093896865844727
0.013000011444091797
0.01310586929321289
0.036383628845214844
0.023789405822753906
0.026919841766357422
0.01892852783203125
0.02539348602294922
0.020264148712158203
0.03510475158691406
0.0300595760345459
0.021634578704833984
0.03653216361999512
0.033731698989868164
0.030956506729125977
0.02645730972290039
0.03147006034851074
0.023250579833984375
0.029857397079467773
0.027521371841430664
0.034418344497680664
0.04234433174133301
0.03968238830566406
0.04075479507446289
0.0351262092590332
0.03770709037780762
0.03761696815490723
0.03935670852661133
0.0406491756439209
0.06731033325195312
0.04010963439941406
0.044808387756347656
0.040247440338134766
0.04749941825866699
0.036855459213256836
0.0471339225769043
0.04375338554382324
0.0453035831451416
0.046767234802246094
0.044818878173828125
0.04471421241760254
0.05058121681213379
0.04977726936340332
0.048619985580444336
0.03641915321350098
0.04432058334350586
0.048809051513671875
0.061617136001586914
0.05352377891540527
0.05990147590637207
0.05231451988220215
0.036926984786987305
0.052590131759643555
0.05229616165161133
0.07289624214172363
0.06342482566833496
0.04610800743103027
0.044785499572753906
0.03502702713012695
0.040468692779541016
0.04485464096069336
0.05098748207092285
0.04459190368652344
0.04290318489074707
0.03832197189331055
0.04037117958068848
0.03545737266540527
0.043387651443481445
0.02966618537902832
0.0260312557220459
0.037008047103881836
0.03741908073425293
0.03495335578918457
0.030309677124023438
0.04388689994812012
0.044605255126953125
0.0538172721862793
0.035639047622680664
0.033774375915527344
0.04921841621398926
0.052831411361694336
0.04256463050842285
0.047681331634521484
0.05012083053588867
0.040517330169677734
0.04534292221069336
0.0492854118347168
0.04290580749511719
0.04257702827453613
0.05566859245300293
0.04434061050415039
0.048308372497558594
0.04205513000488281
0.054865360260009766
0.0465543270111084
0.05797100067138672
0.054030656814575195
0.09294271469116211
0.06914973258972168
0.06438279151916504
0.05489397048950195
0.06669235229492188
0.04477405548095703
0.05859255790710449
0.054877281188964844
0.05023980140686035
0.052965402603149414
0.04581570625305176
0.08451533317565918
0.16191458702087402
0.04377460479736328
0.11561465263366699
0.29588985443115234
0.10868191719055176
0.1021428108215332
0.1169891357421875
0.11378955841064453
0.11945271492004395
0.11819219589233398
0.11617636680603027
0.01854848861694336
0.012698173522949219
0.015358686447143555
0.022251367568969727
0.025792598724365234
0.015568256378173828
0.026288509368896484
0.14496588706970215
0.13211655616760254
0.15271234512329102
0.16597580909729004
0.11394524574279785
0.08559346199035645
0.08503389358520508
0.1008150577545166
0.06958484649658203
0.07461690902709961
0.0747528076171875
0.0706472396850586
0.06576180458068848
0.06065225601196289
0.06577062606811523
0.05865216255187988
0.06261444091796875
0.06339526176452637
0.05932188034057617
0.05922842025756836
0.09174680709838867
0.05637025833129883
0.04669594764709473
0.05060720443725586
0.05113840103149414
0.04854393005371094
0.05231022834777832
0.03798317909240723
0.03592371940612793
0.04414081573486328
0.0528864860534668
0.0486912727355957
0.0581667423248291
0.06297588348388672
0.0567164421081543
0.05996394157409668
0.04622793197631836
0.054635047912597656
0.04654979705810547
0.053096771240234375
0.060830116271972656
0.03432750701904297
0.02616405487060547
0.03818941116333008
0.030544281005859375
0.03222465515136719
0.03596782684326172
0.04225301742553711
0.041312456130981445
0.04921269416809082
0.04556441307067871
0.03924822807312012
0.05367851257324219
0.05937910079956055
0.057385921478271484
0.054918527603149414
0.0654902458190918
0.05078125
0.05373549461364746
0.06552648544311523
0.1112828254699707
0.14660215377807617
0.0640106201171875
0.16301751136779785
0.39077305793762207
0.18237948417663574
0.056714773178100586
0.062308549880981445
0.04891681671142578
0.0666799545288086
0.05692720413208008
0.07052111625671387
0.11936163902282715
0.07569479942321777
0.11850214004516602
0.1190500259399414
0.1872389316558838
0.14359211921691895
0.1499786376953125
0.21039962768554688
0.40564632415771484
0.13927936553955078
0.1048581600189209
0.12462210655212402
0.0954434871673584
0.0954282283782959
0.14936614036560059
0.10982275009155273
0.0943760871887207
0.10902118682861328
0.10559439659118652
0.11152267456054688
0.09579253196716309
0.09579300880432129
0.09899592399597168
0.11437630653381348
0.10487174987792969
0.1105797290802002
0.10611152648925781
0.10766434669494629
0.11385059356689453
0.11447405815124512
0.10730886459350586
0.1449131965637207
0.1798703670501709
0.11620426177978516
0.11091399192810059
0.11192607879638672
0.12638378143310547
0.1154026985168457
0.13058090209960938
0.11025810241699219
0.010291099548339844
0.12182736396789551
0.12238311767578125
0.12868571281433105
0.11757969856262207
0.2237255573272705
0.1277632713317871
0.12515568733215332
0.11907362937927246
0.12094783782958984
0.12189459800720215
0.11375784873962402
0.01471090316772461
0.02171158790588379
0.0172574520111084
0.020098447799682617
0.02249932289123535
0.01879286766052246
0.01270914077758789
0.026104450225830078
0.023091793060302734
0.04422640800476074
0.013389825820922852
0.1735846996307373
0.12832927703857422
0.1828019618988037
0.1246025562286377
0.1269087791442871
0.12664580345153809
0.11817622184753418
0.12578248977661133
0.10222959518432617
0.11354422569274902
0.11375927925109863
0.10524916648864746
0.09976673126220703
0.12002992630004883
0.0829477310180664
0.08288073539733887
0.09996151924133301
0.10939741134643555
0.11363744735717773
0.13450145721435547
0.09897923469543457
0.19081687927246094
0.1419382095336914
0.1278519630432129
0.10000848770141602
0.14400243759155273
0.21247196197509766
0.12390351295471191
0.08578181266784668
0.16599774360656738
0.13150525093078613
0.1461198329925537
0.13529634475708008
0.08773469924926758
0.10451030731201172
0.08368563652038574
0.10236978530883789
0.12108230590820312
0.09496355056762695
0.1564502716064453
0.14220690727233887
0.11031532287597656
0.09849119186401367
0.09518051147460938
0.11517143249511719
0.09245562553405762
0.07512545585632324
0.07611322402954102
0.08944511413574219
0.10582542419433594
0.12550687789916992
0.08326554298400879
0.07735776901245117
0.08948636054992676
0.0759437084197998
0.1091012954711914
0.10722827911376953
0.12345528602600098
0.04534721374511719
0.045157670974731445
0.06144213676452637
0.046681880950927734
0.08008575439453125
0.060218095779418945
0.05540204048156738
0.07858896255493164
0.049861907958984375
0.11236834526062012
0.08067727088928223
0.04864358901977539
0.06081724166870117
0.07827615737915039
0.058937788009643555
0.048882246017456055
0.0692911148071289
0.0537714958190918
0.05440163612365723
0.05066657066345215
0.05426907539367676
0.049031972885131836
0.05903482437133789
0.058710336685180664
0.05558133125305176
0.061217308044433594
0.062116146087646484
0.06679964065551758
0.06467080116271973
0.06465411186218262
0.0764305591583252
0.07331013679504395
0.06350088119506836
0.06263089179992676
0.06265830993652344
0.06151127815246582
0.062120676040649414
0.07613301277160645
0.07179951667785645
0.06960272789001465
0.07415533065795898
0.07281923294067383
0.061361074447631836
0.06213569641113281
0.07309269905090332
0.06135916709899902
0.07339668273925781
0.06829166412353516
0.0684514045715332
0.06499767303466797
0.07270169258117676
0.079742431640625
0.08057856559753418
0.07520437240600586
0.07036280632019043
0.10811614990234375
0.07764697074890137
0.07402777671813965
0.08093667030334473
0.0835728645324707
0.08110427856445312
0.08296585083007812
0.08649730682373047
0.07973098754882812
0.08170080184936523
0.09074831008911133
0.07546019554138184
0.07815694808959961
0.08325004577636719
0.07877659797668457
0.08154749870300293
0.10220599174499512
0.15750956535339355
0.09758973121643066
0.5161783695220947
0.2992739677429199
0.11884260177612305
0.13516783714294434
0.17621088027954102
0.61537766456604
0.3552591800689697
0.13047242164611816
1.1553375720977783
0.9418091773986816
0.7884087562561035
0.6559476852416992
0.458803653717041
0.24379491806030273
0.16519856452941895
0.12441253662109375
0.15765619277954102
0.11573672294616699
0.1643362045288086
0.09824323654174805
0.10278773307800293
0.0971212387084961
0.125960111618042
0.13759660720825195
0.2293379306793213
0.11949896812438965
0.10933637619018555
0.12381100654602051
0.10822868347167969
0.11504268646240234
0.15854954719543457
0.08053112030029297
0.07758975028991699
0.10420966148376465
0.07683515548706055
0.07939863204956055
0.07288074493408203
0.062058210372924805
0.08318901062011719
0.06720304489135742
0.0691063404083252
0.06539559364318848
0.13995003700256348
0.08917427062988281
0.06483983993530273
0.09329986572265625
0.22322487831115723
0.06592679023742676
0.08840680122375488
0.050215959548950195
0.0718841552734375
0.2874479293823242
0.12552261352539062
0.08205056190490723
0.12331461906433105
0.15820550918579102
0.18424439430236816
0.2779097557067871
0.07589864730834961
0.1007988452911377
0.08359122276306152
0.07245087623596191
0.14459776878356934
0.17290425300598145
0.13646554946899414
0.16025376319885254
0.18558144569396973
0.08332228660583496
0.07252359390258789
0.06591343879699707
0.19299840927124023
0.08171296119689941
0.08415889739990234
0.10003399848937988
0.08258271217346191
0.11261534690856934
0.06819605827331543
0.06653428077697754
0.15697431564331055
0.13266515731811523
0.13051819801330566
0.20047307014465332
0.10203385353088379
0.09860658645629883
0.0575108528137207
0.08465290069580078
0.11768960952758789
0.0959615707397461
0.09621667861938477
0.06805014610290527
0.11327481269836426
0.07072329521179199
0.08399748802185059
0.07731890678405762
0.2828965187072754
0.09086847305297852
0.09610104560852051
0.10762643814086914
0.07489299774169922
0.08119416236877441
0.08973097801208496
0.15691876411437988
0.08553957939147949
0.09528613090515137
0.09923124313354492
0.11477208137512207
0.09472513198852539
0.23021149635314941
0.18368029594421387
0.03370094299316406
0.16259384155273438
0.09712362289428711
0.0866079330444336
0.10350990295410156
0.08746862411499023
0.11193704605102539
0.07631206512451172
0.11146330833435059
0.0708017349243164
0.1426084041595459
0.05499696731567383
0.058630943298339844
0.08207893371582031
0.07881784439086914
0.03798794746398926
0.16743803024291992
0.10477232933044434
0.1947956085205078
0.0701439380645752
0.15897846221923828
0.06975293159484863
0.05491995811462402
0.19855880737304688
0.15286779403686523
0.14415454864501953
0.15607666969299316
0.22678852081298828
0.1393740177154541
0.16196846961975098
0.12007331848144531
0.15036368370056152
0.16336703300476074
0.18349027633666992
0.12802433967590332
0.12345218658447266
0.13680553436279297
0.11023068428039551
0.11933612823486328
0.1587221622467041
0.1452641487121582
0.11328387260437012
0.16001558303833008
0.1909036636352539
0.17082834243774414
0.11425590515136719
0.12480711936950684
0.11154532432556152
0.13488245010375977
0.12985801696777344
0.13128662109375
0.10959625244140625
0.09073829650878906
0.1207573413848877
0.0941009521484375
0.09918069839477539
0.1119394302368164
0.09988641738891602
0.15362095832824707
0.14489459991455078
0.09249305725097656
0.14728045463562012
0.14404511451721191
0.13589715957641602
0.08918571472167969
0.10611462593078613
0.08954811096191406
0.1019129753112793
0.11511850357055664
0.07364034652709961
0.10859251022338867
0.11009454727172852
0.11289644241333008
0.08587169647216797
0.07055330276489258
0.08288741111755371
0.07400226593017578
0.07757568359375
0.07470130920410156
0.07735586166381836
0.07926607131958008
0.07211184501647949
0.17711782455444336
0.06393098831176758
0.08234214782714844
0.04286026954650879
0.04742598533630371
0.05125689506530762
0.05596327781677246
0.04907941818237305
0.06719422340393066
0.06308722496032715
0.07483077049255371
0.0488584041595459
0.06681561470031738
0.05436420440673828
0.05838179588317871
0.0636911392211914
0.06777405738830566
0.07354354858398438
0.07072281837463379
0.07303333282470703
0.0643758773803711
0.06557011604309082
0.07145190238952637
0.07590079307556152
0.0811624526977539
0.07262110710144043
0.0745244026184082
0.07775402069091797
0.0843813419342041
0.08787393569946289
0.07503104209899902
0.05774521827697754
0.06795716285705566
0.07060623168945312
0.06692624092102051
0.0765078067779541
0.06710672378540039
0.06677389144897461
0.053865909576416016
0.059961557388305664
0.06514096260070801
0.05665397644042969
0.057000160217285156
0.06032395362854004
0.07499217987060547
0.07653570175170898
0.06531572341918945
0.06935930252075195
0.0649871826171875
0.06910252571105957
0.06586790084838867
0.06662845611572266
0.06850719451904297
0.06847786903381348
0.06583833694458008
0.0718693733215332
0.06658220291137695
0.05379128456115723
0.0641944408416748
0.07898926734924316
0.05820798873901367
0.07642197608947754
0.07206869125366211
0.07367968559265137
0.06578373908996582
0.0765068531036377
0.07952308654785156
0.08155465126037598
0.06947755813598633
0.07403683662414551
0.0628197193145752
0.07909655570983887
0.07322454452514648
0.07019972801208496
0.07071495056152344
0.07108092308044434
0.07240867614746094
0.07201337814331055
0.08136796951293945
0.07735466957092285
0.07304644584655762
0.07568836212158203
0.0873863697052002
0.08903050422668457
0.07147741317749023
0.16210722923278809
0.06213068962097168
0.0737922191619873
0.07675313949584961
0.06758666038513184
0.10969996452331543
0.06439614295959473
0.07426667213439941
0.18376779556274414
0.2536036968231201
0.10828304290771484
0.11649227142333984
0.12316703796386719
0.10801887512207031
0.09839701652526855
0.10669803619384766
0.10000777244567871
0.1519031524658203
0.0892798900604248
0.10070109367370605
0.07619976997375488
0.10117840766906738
0.1391758918762207
0.07873344421386719
0.07269597053527832
0.11598396301269531
0.06827449798583984
0.10557365417480469
0.12824749946594238
0.1361386775970459
0.09606575965881348
0.19181203842163086
0.12366724014282227
0.0688478946685791
0.082305908203125
0.06385469436645508
0.06919097900390625
0.15874791145324707
0.15071868896484375
0.10389256477355957
0.20248937606811523
0.042842864990234375
0.25967907905578613
0.13422107696533203
0.16362762451171875
0.06279587745666504
0.07882833480834961
0.14972949028015137
0.12116479873657227
0.19932913780212402
0.19509601593017578
0.0981290340423584
0.1174478530883789
0.1426856517791748
0.32944226264953613
0.09272909164428711
0.0484774112701416
0.05151200294494629
0.18277192115783691
0.23638629913330078
0.1269090175628662
0.11518549919128418
0.1557939052581787
0.12828588485717773
0.12623858451843262
0.1412041187286377
0.10832691192626953
0.11555051803588867
0.1358933448791504
0.19895124435424805
0.1710813045501709
0.11860156059265137
0.10303950309753418
0.11548638343811035
0.12115478515625
0.0905606746673584
0.12039995193481445
0.13753652572631836
0.09464597702026367
0.06490850448608398
0.1012566089630127
0.06558513641357422
0.07290935516357422
0.056824445724487305
0.07340216636657715
0.1546175479888916
0.08099603652954102
0.07261872291564941
0.12341451644897461
0.16758942604064941
0.23999381065368652
0.05151677131652832
0.052091360092163086
0.04412984848022461
0.09518194198608398
0.04981684684753418
0.03296804428100586
0.13495492935180664
0.2673523426055908
0.17840337753295898
0.13293814659118652
0.10027074813842773
0.06450343132019043
0.08783245086669922
0.0816190242767334
0.05977678298950195
0.5233185291290283
0.2831299304962158
0.030109405517578125
0.03915548324584961
0.029654502868652344
0.043375253677368164
0.028598308563232422
0.046411752700805664
0.02892303466796875
0.13120579719543457
0.07536029815673828
0.04649662971496582
0.05224800109863281
0.0306394100189209
0.06554031372070312
0.12973427772521973
0.13872194290161133
0.09759759902954102
0.22719383239746094
0.15538930892944336
0.05740690231323242
0.04138970375061035
0.08228182792663574
0.02972269058227539
0.08693695068359375
0.0444340705871582
0.10587096214294434
0.08452701568603516
0.06576800346374512
0.129227876663208
0.06400847434997559
0.16181230545043945
0.03806710243225098
0.16390228271484375
0.05255746841430664
0.15750861167907715
0.2884068489074707
0.39522886276245117
0.17688727378845215
0.12917327880859375
0.19277143478393555
0.17588376998901367
0.06260967254638672
0.05063128471374512
0.2264566421508789
0.152634859085083
0.1855299472808838
0.07036018371582031
0.07376384735107422
0.07243800163269043
0.029172420501708984
0.163438081741333
0.1897428035736084
0.0736854076385498
0.1344301700592041
0.09347820281982422
0.07798981666564941
0.07731246948242188
0.07939600944519043
0.04687762260437012
0.05447101593017578
0.09685254096984863
0.05458998680114746
0.09397196769714355
0.053116559982299805
0.03172421455383301
0.049437522888183594
0.03908705711364746
0.09074878692626953
0.10452723503112793
0.09341073036193848
0.08259201049804688
0.17508840560913086
0.12778687477111816
0.16188836097717285
0.12171387672424316
0.1474916934967041
0.22052907943725586
0.19505524635314941
0.1765732765197754
0.3425474166870117
0.09907698631286621
0.3899674415588379
0.1703660488128662
0.14840960502624512
0.12604832649230957
0.09693264961242676
0.116424560546875
0.13911843299865723
0.09822773933410645
0.11368823051452637
0.11298727989196777
0.11995244026184082
0.1726207733154297
0.1286911964416504
0.11317086219787598
0.16027212142944336
0.16563892364501953
0.27400827407836914
0.16556429862976074
0.17741703987121582
0.09285569190979004
0.1368861198425293
0.13040828704833984
0.11868643760681152
0.1546769142150879
0.20719599723815918
0.12800908088684082
0.23831582069396973
0.1280074119567871
0.06819939613342285
0.15977072715759277
0.154069185256958
0.15641283988952637
0.02301931381225586
0.03734326362609863
0.2053823471069336
0.2056894302368164
0.2592806816101074
0.08967423439025879
0.06607985496520996
0.06584405899047852
0.362194299697876
0.15763354301452637
0.060614824295043945
0.10455799102783203
0.0614323616027832
0.15295147895812988
0.39917445182800293
0.16646361351013184
0.18011927604675293
0.12182283401489258
0.07986736297607422
0.10603976249694824
0.07320094108581543
0.04040169715881348
0.075653076171875
0.0671083927154541
0.035531044006347656
0.0670781135559082
0.1495358943939209
0.2679264545440674
0.11102056503295898
0.22017979621887207
0.10338950157165527
0.14346528053283691
0.10646510124206543
0.2694358825683594
0.08501195907592773
0.1143503189086914
0.9543197154998779
0.7390639781951904
0.5058133602142334
0.30266261100769043
0.06854057312011719
0.30918049812316895
0.20113706588745117
0.1712336540222168
0.22591638565063477
0.20679569244384766
0.42195987701416016
0.20146417617797852
0.11397218704223633
0.1747119426727295
0.17514920234680176
0.15860891342163086
0.09877920150756836
0.20580029487609863
0.22600507736206055
0.38031458854675293
0.1708049774169922
0.06957674026489258
0.05096101760864258
0.06505680084228516
0.05741763114929199
0.04672527313232422
0.08785748481750488
0.08882689476013184
0.04964780807495117
0.07748126983642578
0.09620356559753418
0.02918553352355957
0.0369112491607666
0.0557246208190918
0.021834611892700195
0.03999686241149902
0.039014339447021484
0.13418054580688477
0.020359277725219727
0.04365825653076172
0.033155202865600586
0.017280101776123047
0.02225041389465332
0.025740385055541992
0.02348947525024414
0.03355526924133301
0.029593944549560547
0.02236151695251465
0.02841019630432129
0.07757115364074707
0.06485748291015625
0.03662300109863281
0.036047935485839844
0.03371095657348633
0.03794288635253906
0.03130197525024414
