0.03839540481567383
0.03631329536437988
0.13936471939086914
0.04732370376586914
0.18396472930908203
0.028737545013427734
0.12723422050476074
0.07913041114807129
0.13448715209960938
0.1350412368774414
0.12654614448547363
0.030644655227661133
0.22704601287841797
0.13858318328857422
0.16431617736816406
0.1268322467803955
0.023021221160888672
0.12716078758239746
0.13403606414794922
0.02450871467590332
0.027714014053344727
0.02428126335144043
0.029140710830688477
0.027552127838134766
0.027835369110107422
0.02452230453491211
0.045113563537597656
0.026547670364379883
0.027720212936401367
0.05374550819396973
0.036011457443237305
0.04410743713378906
0.03332185745239258
0.034536123275756836
0.06761479377746582
0.08254694938659668
0.04130387306213379
0.04688692092895508
0.03735923767089844
0.04148983955383301
0.046880483627319336
0.04524350166320801
0.05639791488647461
0.05653047561645508
0.05130314826965332
0.04336214065551758
0.04383349418640137
0.0479123592376709
0.04903602600097656
0.046289682388305664
0.047393798828125
0.05930066108703613
0.04804801940917969
0.04838395118713379
0.05216789245605469
0.05192232131958008
0.05541229248046875
0.05581808090209961
0.0672616958618164
0.06321239471435547
0.06505227088928223
0.07090973854064941
0.0711667537689209
0.05824470520019531
0.05916452407836914
0.07228946685791016
0.0725107192993164
0.0761103630065918
0.07747626304626465
0.0643923282623291
0.07962918281555176
0.06697726249694824
0.07372331619262695
0.06755328178405762
0.06771731376647949
0.08232235908508301
0.0717320442199707
0.0815422534942627
0.09872126579284668
0.08866047859191895
0.08984780311584473
0.08129644393920898
0.10422515869140625
0.09738588333129883
0.08688783645629883
0.09658336639404297
0.11252117156982422
0.08996725082397461
0.11373209953308105
0.0941307544708252
0.09131169319152832
0.10119295120239258
0.10116410255432129
0.10181522369384766
0.11086416244506836
0.09554910659790039
0.11315155029296875
0.11440467834472656
0.11129045486450195
0.11241531372070312
0.13152456283569336
0.10265922546386719
0.11951732635498047
0.10208773612976074
0.10491609573364258
0.10521411895751953
0.10745835304260254
0.10678219795227051
0.1191859245300293
0.13702130317687988
0.11265039443969727
0.1134333610534668
0.11824965476989746
0.007575035095214844
0.022906780242919922
0.026053667068481445
0.021973848342895508
0.018420934677124023
0.02751946449279785
0.019448041915893555
0.026699542999267578
0.02310657501220703
0.019620180130004883
0.04375600814819336
0.019567012786865234
0.01722550392150879
0.06284284591674805
0.029373884201049805
0.019236087799072266
0.01948094367980957
0.022444725036621094
0.031243562698364258
0.023834705352783203
0.04157519340515137
0.03998970985412598
0.030819177627563477
0.03104996681213379
0.04044771194458008
0.04184556007385254
0.028069257736206055
0.0427241325378418
0.06175804138183594
0.033431053161621094
0.056261301040649414
0.03632974624633789
0.06032514572143555
0.037683963775634766
0.03781437873840332
0.03996086120605469
0.036489248275756836
0.04757332801818848
0.038661956787109375
0.0371851921081543
0.03362536430358887
0.0417940616607666
0.051323890686035156
0.054378509521484375
0.03639364242553711
0.05200839042663574
0.04515480995178223
0.04241442680358887
0.050276756286621094
0.05672478675842285
0.0591883659362793
0.04606819152832031
0.04801130294799805
0.05871391296386719
0.07054758071899414
0.07457923889160156
0.052292823791503906
0.05511617660522461
0.0560307502746582
0.05664658546447754
0.0545196533203125
0.07270503044128418
0.05974268913269043
0.07527852058410645
0.07306742668151855
0.06340336799621582
0.0642693042755127
0.06858158111572266
0.07716965675354004
0.05893230438232422
0.07285118103027344
0.07287430763244629
0.06973886489868164
0.06116461753845215
0.06083989143371582
0.07091116905212402
0.07363247871398926
0.06042337417602539
0.05306386947631836
0.07167887687683105
0.07620882987976074
0.05593132972717285
0.061890602111816406
0.06323766708374023
0.07091617584228516
0.06896734237670898
0.042847633361816406
0.051314592361450195
0.059418439865112305
0.05517172813415527
0.04447293281555176
0.04233384132385254
0.056465864181518555
0.04581570625305176
0.05485033988952637
0.04771113395690918
0.04209494590759277
0.028595685958862305
0.031198740005493164
0.030625343322753906
0.03568673133850098
0.027784347534179688
0.04413461685180664
0.02075028419494629
0.0330202579498291
0.02355337142944336
0.03408479690551758
0.03923964500427246
0.02642035484313965
0.033632516860961914
0.03583860397338867
0.025896072387695312
0.02258014678955078
0.03244495391845703
0.02904534339904785
0.029230833053588867
0.027806520462036133
0.02681422233581543
0.036920785903930664
0.033432722091674805
0.042217254638671875
0.026007652282714844
0.026976823806762695
0.02196979522705078
0.032840728759765625
0.024513959884643555
0.021085262298583984
0.03521990776062012
0.028026580810546875
0.03560185432434082
0.028122901916503906
0.028104305267333984
0.031166791915893555
0.025114059448242188
0.0442042350769043
0.035962820053100586
0.03651571273803711
0.024372339248657227
0.03690290451049805
0.050542593002319336
0.04542088508605957
0.02797532081604004
0.03743886947631836
0.028539419174194336
0.03800153732299805
0.04268169403076172
0.03364229202270508
0.043619632720947266
0.033800363540649414
0.0341649055480957
0.044975996017456055
0.052892446517944336
0.03527235984802246
0.03625988960266113
0.03824496269226074
0.05405068397521973
0.04993319511413574
0.05141091346740723
0.03779029846191406
0.05004739761352539
0.047644615173339844
0.048349857330322266
0.05162525177001953
0.03294992446899414
0.037410736083984375
0.04196596145629883
0.036260366439819336
0.0460813045501709
0.03226661682128906
0.047179222106933594
0.047721147537231445
0.06123185157775879
0.04807329177856445
0.049429893493652344
0.03645777702331543
0.057024240493774414
0.05683708190917969
0.03806662559509277
0.03882598876953125
0.03751373291015625
0.05319666862487793
0.03402090072631836
0.14059042930603027
0.04866743087768555
0.154191255569458
0.04805874824523926
0.15587472915649414
0.14415931701660156
0.04307222366333008
0.05012989044189453
0.19383668899536133
0.14690899848937988
0.05889415740966797
0.05699348449707031
0.14987397193908691
0.14212918281555176
0.05223584175109863
0.1533348560333252
0.036431312561035156
0.050974130630493164
0.05222654342651367
0.038693904876708984
0.04666304588317871
0.0524289608001709
0.04503202438354492
0.052193641662597656
0.05316734313964844
0.05489969253540039
0.07229447364807129
0.06651020050048828
0.057402849197387695
0.055228471755981445
0.1508643627166748
0.05882382392883301
0.05303215980529785
0.07411837577819824
0.06977033615112305
0.05884075164794922
0.06899738311767578
0.07680749893188477
0.07273530960083008
0.061673641204833984
0.0736854076385498
0.23950695991516113
0.38833022117614746
0.16985726356506348
0.07210493087768555
0.11202669143676758
0.12705612182617188
0.1069793701171875
0.11170339584350586
0.12872672080993652
0.1070859432220459
0.10916996002197266
0.00734257698059082
0.006505727767944336
0.02043938636779785
0.028570175170898438
0.025273799896240234
0.028757572174072266
0.028702497482299805
0.030900955200195312
0.01726365089416504
0.02410578727722168
0.010733842849731445
0.028761625289916992
0.011794090270996094
0.03185892105102539
0.018962860107421875
0.034229278564453125
0.020396709442138672
0.029734373092651367
0.030228137969970703
0.027435779571533203
0.02540731430053711
0.031511545181274414
0.03826284408569336
0.024315834045410156
0.03123021125793457
0.02377009391784668
0.021872282028198242
0.02772665023803711
0.026876211166381836
0.04327654838562012
0.039104461669921875
0.04050135612487793
0.040212154388427734
0.02904796600341797
0.03714585304260254
0.03836512565612793
0.03005361557006836
0.06325387954711914
0.030873775482177734
0.03511929512023926
0.03506612777709961
0.0400698184967041
0.04635930061340332
0.03814530372619629
0.04715085029602051
0.045668601989746094
0.03658604621887207
0.05066227912902832
0.045686960220336914
0.03830742835998535
0.0471501350402832
0.0437474250793457
0.03432965278625488
0.05416440963745117
0.05174589157104492
0.05928969383239746
0.034154653549194336
0.038014888763427734
0.07237029075622559
0.039540767669677734
0.06328964233398438
0.036116838455200195
0.03460812568664551
0.04253745079040527
0.05095624923706055
0.036075592041015625
0.032822370529174805
0.04952383041381836
0.046622514724731445
0.0602874755859375
0.030652284622192383
0.026021718978881836
0.04167032241821289
0.035991668701171875
0.040884971618652344
0.0354771614074707
0.027124643325805664
0.023728370666503906
0.026863813400268555
0.04016399383544922
0.03563404083251953
0.041097164154052734
0.04311704635620117
0.04635000228881836
0.03541398048400879
0.06668853759765625
0.04360461235046387
0.049254417419433594
0.034265995025634766
0.04832005500793457
0.03641104698181152
0.04121565818786621
0.04989314079284668
0.03788614273071289
0.04973292350769043
0.04954195022583008
0.05297088623046875
0.05609416961669922
0.05035400390625
0.04517388343811035
0.03999805450439453
0.043088436126708984
0.062304019927978516
0.04720926284790039
0.045670509338378906
0.05296683311462402
0.048442840576171875
0.0739133358001709
0.04250144958496094
0.04807710647583008
0.04503750801086426
0.04490065574645996
0.0422358512878418
0.04940366744995117
0.0445401668548584
0.043665170669555664
0.04324698448181152
0.11634349822998047
0.033153533935546875
0.10391855239868164
0.02465534210205078
0.12662672996520996
0.1018073558807373
0.10787749290466309
0.11892151832580566
0.11911582946777344
0.1060175895690918
0.1076042652130127
0.01457667350769043
0.0101165771484375
0.015082120895385742
0.02555704116821289
0.012755632400512695
0.02160167694091797
0.024914026260375977
0.11904311180114746
0.13065004348754883
0.16813445091247559
0.15450572967529297
0.1049799919128418
0.0964198112487793
0.07567477226257324
0.10560250282287598
0.0988473892211914
0.08043313026428223
0.06295037269592285
0.08997941017150879
0.06602811813354492
0.059908390045166016
0.06031608581542969
0.0532536506652832
0.05352783203125
0.05216550827026367
0.051473379135131836
0.046033382415771484
0.09055304527282715
0.036841392517089844
0.03882408142089844
0.056165456771850586
0.04203677177429199
0.05244326591491699
0.03830718994140625
0.03547525405883789
0.03594970703125
0.05019068717956543
0.0523223876953125
0.05401468276977539
0.05366086959838867
0.04759502410888672
0.045285701751708984
0.054413795471191406
0.055765390396118164
0.04559016227722168
0.05820965766906738
0.05223798751831055
0.04144740104675293
0.02514195442199707
0.03635668754577637
0.02728724479675293
0.027918100357055664
0.04522275924682617
0.030642986297607422
0.04163622856140137
0.038785696029663086
0.0661628246307373
0.0400538444519043
0.039617300033569336
0.04012012481689453
0.056580543518066406
0.05481910705566406
0.05010199546813965
0.06869769096374512
0.04294276237487793
0.051104068756103516
0.06370329856872559
0.10631608963012695
0.16066408157348633
0.10718345642089844
0.1459031105041504
0.384735107421875
0.17640185356140137
0.05838775634765625
0.10082006454467773
0.04862356185913086
0.10470938682556152
0.04472517967224121
0.13296198844909668
0.11444830894470215
0.08411669731140137
0.0775752067565918
0.11625289916992188
0.22231054306030273
0.023521900177001953
0.1627345085144043
0.6010830402374268
0.3877856731414795
0.094573974609375
0.12092804908752441
0.1028296947479248
0.10690927505493164
0.11984920501708984
0.1464519500732422
0.12281584739685059
0.11556029319763184
0.10851669311523438
0.10425305366516113
0.11164617538452148
0.10027503967285156
0.10486245155334473
0.09621095657348633
0.11335015296936035
0.10543942451477051
0.11094331741333008
0.10306143760681152
0.11347508430480957
0.10897159576416016
0.10562658309936523
0.11251449584960938
0.10615754127502441
0.1331489086151123
0.12888503074645996
0.11548924446105957
0.10919356346130371
0.12644696235656738
0.11533546447753906
0.12309408187866211
0.10789775848388672
0.007927894592285156
0.13353323936462402
0.11811304092407227
0.12745451927185059
0.11484289169311523
0.22300291061401367
0.11372113227844238
0.12495064735412598
0.1166846752166748
0.10728764533996582
0.11672568321228027
0.1111612319946289
0.01833033561706543
0.009882211685180664
0.009754419326782227
0.011785030364990234
0.00963735580444336
0.013182878494262695
0.018690824508666992
0.021840810775756836
0.0174105167388916
0.04304814338684082
0.014697074890136719
0.1586320400238037
0.19085025787353516
0.17387890815734863
0.11941838264465332
0.09460616111755371
0.12948060035705566
0.09033441543579102
0.12886524200439453
0.09157061576843262
0.11390042304992676
0.10893821716308594
0.1272737979888916
0.09954380989074707
0.09961390495300293
0.11882162094116211
0.09387707710266113
0.11516404151916504
0.09831786155700684
0.09379792213439941
0.1236565113067627
0.09328222274780273
0.17591309547424316
0.10629558563232422
0.1281452178955078
0.08054828643798828
0.1701962947845459
0.18764877319335938
0.12365460395812988
0.08345389366149902
0.16389775276184082
0.12424588203430176
0.16437363624572754
0.1446857452392578
0.08760261535644531
0.11499595642089844
0.12480711936950684
0.09454154968261719
0.10543036460876465
0.0786738395690918
0.1562809944152832
0.13260173797607422
0.10071134567260742
0.13848114013671875
0.0978231430053711
0.07867932319641113
0.07407593727111816
0.07089924812316895
0.08406615257263184
0.09386801719665527
0.11724352836608887
0.1351306438446045
0.0680079460144043
0.06845283508300781
0.06942367553710938
0.0759127140045166
0.06749796867370605
0.10541057586669922
0.14205002784729004
0.04939007759094238
0.05740237236022949
0.04402279853820801
0.04734086990356445
0.10340189933776855
0.0640871524810791
0.047231197357177734
0.049924373626708984
0.06936454772949219
0.10760688781738281
0.054639577865600586
0.04009699821472168
0.04480290412902832
0.05424046516418457
0.04900860786437988
0.052098989486694336
0.06673860549926758
0.04011726379394531
0.05061793327331543
0.05047750473022461
0.05376577377319336
0.06362128257751465
0.05908775329589844
0.05044913291931152
0.04831266403198242
0.05169963836669922
0.04994034767150879
0.05901360511779785
0.06894588470458984
0.07813477516174316
0.07136344909667969
0.058663368225097656
0.07524609565734863
0.06897592544555664
0.0730588436126709
0.0730595588684082
0.07930612564086914
0.06288743019104004
0.06633162498474121
0.06474542617797852
0.07538652420043945
0.059038639068603516
0.07596206665039062
0.06824350357055664
0.059545278549194336
0.07429170608520508
0.0684058666229248
0.06051301956176758
0.06298160552978516
0.061615943908691406
0.07736921310424805
0.06537556648254395
0.0694437026977539
0.07277750968933105
0.08078980445861816
0.11532068252563477
0.0829019546508789
0.06618094444274902
0.0678243637084961
0.08401703834533691
0.0875241756439209
0.07428550720214844
0.07708048820495605
0.07447648048400879
0.0905618667602539
0.07734107971191406
0.0679025650024414
0.0725405216217041
0.07065129280090332
0.07037210464477539
0.0755014419555664
0.10300278663635254
0.13839077949523926
0.204484224319458
0.5165665149688721
0.29966139793395996
0.14017677307128906
0.14833903312683105
0.6686561107635498
0.4526183605194092
0.4917933940887451
0.2670128345489502
0.6791276931762695
0.46042680740356445
0.23665499687194824
0.463623046875
0.19929218292236328
0.2018580436706543
0.16224312782287598
0.10005044937133789
0.09561467170715332
0.1392822265625
0.16253995895385742
0.10294294357299805
0.08657479286193848
0.14029192924499512
0.13490915298461914
0.1048581600189209
0.1582489013671875
0.08470630645751953
0.11586809158325195
0.1201024055480957
0.10251140594482422
0.10245800018310547
0.19141030311584473
0.07795953750610352
0.06566786766052246
0.11212468147277832
0.05250430107116699
0.07346510887145996
0.07443976402282715
0.05653262138366699
0.0814051628112793
0.07395339012145996
0.09565567970275879
0.050527334213256836
0.1377270221710205
0.0525212287902832
0.06503629684448242
0.08594942092895508
0.055403709411621094
0.07117938995361328
0.08969283103942871
0.21899175643920898
0.06836605072021484
0.12230992317199707
0.13588190078735352
0.08217549324035645
0.08553957939147949
0.14384722709655762
0.18399262428283691
0.2231884002685547
0.08208370208740234
0.10432577133178711
0.09995174407958984
0.07274651527404785
0.17296051979064941
0.17367792129516602
0.13983535766601562
0.06835722923278809
0.2065138816833496
0.07764887809753418
0.09093523025512695
0.062348365783691406
0.12981128692626953
0.06436491012573242
0.10264158248901367
0.08937978744506836
0.08638167381286621
0.061696767807006836
0.07928895950317383
0.06822061538696289
0.1591041088104248
0.06670403480529785
0.08592462539672852
0.1639420986175537
0.11169886589050293
0.13116455078125
0.057476043701171875
0.1442880630493164
0.11368536949157715
0.0865473747253418
0.1107020378112793
0.08373570442199707
0.10984206199645996
0.07448649406433105
0.1042318344116211
0.051763296127319336
0.3154921531677246
0.08788633346557617
0.11154460906982422
0.09866189956665039
0.07567071914672852
0.07224869728088379
0.0754554271697998
0.15827441215515137
0.08489418029785156
0.12639737129211426
0.08008432388305664
0.11382055282592773
0.08984613418579102
0.25281381607055664
0.3881340026855469
0.1683063507080078
0.11541509628295898
0.08741044998168945
0.09894704818725586
0.09970593452453613
0.10525393486022949
0.06755757331848145
0.09292483329772949
0.08644270896911621
0.1121985912322998
0.05374312400817871
0.06753373146057129
0.05821943283081055
0.08111357688903809
0.04010939598083496
0.06435203552246094
0.13866138458251953
0.09413862228393555
0.18720054626464844
0.05693960189819336
0.13487982749938965
0.0610051155090332
0.07836461067199707
0.18240737915039062
0.13161563873291016
0.16681981086730957
0.10927176475524902
0.23015999794006348
0.1092226505279541
0.16089510917663574
0.10904407501220703
0.1386890411376953
0.15024828910827637
0.1114816665649414
0.13818669319152832
0.1045985221862793
0.11073780059814453
0.10685515403747559
0.1224522590637207
0.16112875938415527
0.14020633697509766
0.11638951301574707
0.1226804256439209
0.14014172554016113
0.17572808265686035
0.1401231288909912
0.13872957229614258
0.13690567016601562
0.15963983535766602
0.12453079223632812
0.12216496467590332
0.08717679977416992
0.13815522193908691
0.09497499465942383
0.1386699676513672
0.10020327568054199
0.18384027481079102
0.08884024620056152
0.1608591079711914
0.1494448184967041
0.14670181274414062
0.14501500129699707
0.10157203674316406
0.16611766815185547
0.10495233535766602
0.08880448341369629
0.08797526359558105
0.08883476257324219
0.06372499465942383
0.11610531806945801
0.10207390785217285
0.0655524730682373
0.1308598518371582
0.08412384986877441
0.06986856460571289
0.07834315299987793
0.07478857040405273
0.06443619728088379
0.0782766342163086
0.07268548011779785
0.06861042976379395
0.08691668510437012
0.1739516258239746
0.07168078422546387
0.08458685874938965
0.04264259338378906
0.04153108596801758
0.052073001861572266
0.04413342475891113
0.04082059860229492
0.04317140579223633
0.04298901557922363
0.04615068435668945
0.05433368682861328
0.05876517295837402
0.051770925521850586
0.05524444580078125
0.05800604820251465
0.07257604598999023
0.05887579917907715
0.05723404884338379
0.06195974349975586
0.07097816467285156
0.07108759880065918
0.0657966136932373
0.06608152389526367
0.06379556655883789
0.08534026145935059
0.06484484672546387
0.06445813179016113
0.08564162254333496
0.06590127944946289
0.059555768966674805
0.05534696578979492
0.05810880661010742
0.05802273750305176
0.06720757484436035
0.05852198600769043
0.06185793876647949
0.06706738471984863
0.05140089988708496
0.06056499481201172
0.05552029609680176
0.05840611457824707
0.07501482963562012
0.06700396537780762
0.05936026573181152
0.05501985549926758
0.09558582305908203
0.0649576187133789
0.05354666709899902
0.06548309326171875
0.05577421188354492
0.0747060775756836
0.057236433029174805
0.05825018882751465
0.07403039932250977
0.0559694766998291
0.07696151733398438
0.05445361137390137
0.06624579429626465
0.07273149490356445
0.06720519065856934
0.06080770492553711
0.061902523040771484
0.07682061195373535
0.06615471839904785
0.06747055053710938
0.06903362274169922
0.06743669509887695
0.07298970222473145
0.07664895057678223
0.06309390068054199
0.08243370056152344
0.06218767166137695
0.0753180980682373
0.06256842613220215
0.06590723991394043
0.06414961814880371
0.06410694122314453
0.07070183753967285
0.07254147529602051
0.07082700729370117
0.0821390151977539
0.08760213851928711
0.07873368263244629
0.08036565780639648
0.1257317066192627
0.0666964054107666
0.07251954078674316
0.06674718856811523
0.0674736499786377
0.20751738548278809
0.06399250030517578
0.07467341423034668
0.20111346244812012
0.07122540473937988
0.19355201721191406
0.12711048126220703
0.0973973274230957
0.09281539916992188
0.11957144737243652
0.09579229354858398
0.09738373756408691
0.15518593788146973
0.07449793815612793
0.12610626220703125
0.07535743713378906
0.08526468276977539
0.1399707794189453
0.08571600914001465
0.06912350654602051
0.1270294189453125
0.12696194648742676
0.09645533561706543
0.07904291152954102
0.1205897331237793
0.08525371551513672
0.15190958976745605
0.12176394462585449
0.08150959014892578
0.07322001457214355
0.10544395446777344
0.08621478080749512
0.15281391143798828
0.16982078552246094
0.09816169738769531
0.15525054931640625
0.6892836093902588
0.4426429271697998
0.20407342910766602
0.08494806289672852
0.11141753196716309
0.06765985488891602
0.1203606128692627
0.13654398918151855
0.20039844512939453
0.2539689540863037
0.10778069496154785
0.08583211898803711
0.14304542541503906
0.09078693389892578
0.0984501838684082
0.048551321029663086
0.05445456504821777
0.08971214294433594
0.12355804443359375
0.23100733757019043
0.149885892868042
0.1636979579925537
0.14200448989868164
0.09760832786560059
0.13006877899169922
0.12913942337036133
0.1301746368408203
0.12505078315734863
0.19559669494628906
0.2019510269165039
0.11968278884887695
0.1149444580078125
0.11702775955200195
0.13260769844055176
0.12709927558898926
0.16452360153198242
0.14963579177856445
0.1458265781402588
0.05595874786376953
0.056557416915893555
0.06050729751586914
0.057305097579956055
0.0571293830871582
0.09385943412780762
0.15081191062927246
0.05738353729248047
0.0792379379272461
0.1625359058380127
0.1674492359161377
0.23607707023620605
0.09694337844848633
0.08766007423400879
0.06375455856323242
0.09514069557189941
0.1667647361755371
0.04801368713378906
0.14966726303100586
0.19974470138549805
0.18757987022399902
0.13683629035949707
0.09307575225830078
0.10442948341369629
0.05972862243652344
0.08037328720092773
0.06374692916870117
0.5168628692626953
0.27672243118286133
0.026672840118408203
0.055001020431518555
0.019841670989990234
0.04369497299194336
0.0559999942779541
0.021326303482055664
0.033721923828125
0.037294864654541016
0.035700321197509766
0.04269003868103027
0.04408431053161621
0.019713640213012695
0.035001516342163086
0.13503241539001465
0.13126540184020996
0.13198041915893555
0.19570684432983398
0.15526962280273438
0.0491030216217041
0.04380440711975098
0.08091425895690918
0.029341459274291992
0.026988744735717773
0.05111217498779297
0.07707071304321289
0.06986856460571289
0.04670548439025879
0.1167902946472168
0.03773093223571777
0.1741933822631836
0.03732037544250488
0.12725496292114258
0.05234193801879883
0.14282536506652832
0.13946914672851562
0.20716476440429688
0.26983070373535156
0.17434263229370117
0.21414494514465332
0.1727619171142578
0.049962520599365234
0.050360918045043945
0.23286175727844238
0.1484847068786621
0.1406559944152832
0.06179046630859375
0.07749247550964355
0.031214475631713867
0.02585625648498535
0.13571763038635254
0.13958239555358887
0.08299994468688965
0.24709248542785645
0.09245991706848145
0.037667036056518555
0.04072928428649902
0.07943463325500488
0.05716419219970703
0.03985595703125
0.07546687126159668
0.04979538917541504
0.051920413970947266
0.11792373657226562
0.04726004600524902
0.06049704551696777
0.037970781326293945
0.09162712097167969
0.11147212982177734
0.10413813591003418
0.04502701759338379
0.16931748390197754
0.11273670196533203
0.16164875030517578
0.12828803062438965
0.14166593551635742
0.2065141201019287
0.1887378692626953
0.1770787239074707
0.12445926666259766
0.22362327575683594
0.43026113510131836
0.20191740989685059
0.14731860160827637
0.12360119819641113
0.059839725494384766
0.09125399589538574
0.11772608757019043
0.12390637397766113
0.11433291435241699
0.17234468460083008
0.16765069961547852
0.1023108959197998
0.18311357498168945
0.11293530464172363
0.14506173133850098
0.16959547996520996
0.14963507652282715
