0.13867902755737305
0.04269266128540039
0.18223142623901367
0.04965353012084961
0.1423473358154297
0.05051565170288086
0.13474321365356445
0.14476680755615234
0.13609838485717773
0.027251005172729492
0.22742748260498047
0.13863348960876465
0.1664900779724121
0.1378161907196045
0.029199600219726562
0.1282060146331787
0.13494396209716797
0.025303125381469727
0.03408503532409668
0.02817058563232422
0.03509092330932617
0.04177975654602051
0.0313262939453125
0.037085771560668945
0.04184603691101074
0.03779745101928711
0.04507780075073242
0.05576038360595703
0.03282570838928223
0.03576016426086426
0.04679226875305176
0.04794192314147949
0.05606555938720703
0.04810142517089844
0.04247450828552246
0.04841041564941406
0.04111361503601074
0.05711984634399414
0.05231118202209473
0.0470278263092041
0.05358767509460449
0.056505680084228516
0.04613757133483887
0.046791791915893555
0.06105518341064453
0.06336688995361328
0.061034202575683594
0.05521845817565918
0.050492286682128906
0.06145644187927246
0.05964922904968262
0.06495094299316406
0.0658407211303711
0.06098747253417969
0.062351226806640625
0.05690169334411621
0.06848549842834473
0.06421828269958496
0.07039785385131836
0.06321024894714355
0.06127572059631348
0.07139205932617188
0.06742525100708008
0.07329010963439941
0.07615399360656738
0.06836462020874023
0.0789940357208252
0.0848994255065918
0.07684898376464844
0.07020831108093262
0.09232234954833984
0.08869528770446777
0.07149219512939453
0.08273100852966309
0.0918736457824707
0.08693647384643555
0.09893250465393066
0.09065461158752441
0.09769654273986816
0.09964108467102051
0.09156322479248047
0.09219241142272949
0.09904837608337402
0.09255695343017578
0.09745097160339355
0.08972001075744629
0.09691047668457031
0.1132664680480957
0.09274530410766602
0.09569978713989258
0.0966794490814209
0.09729361534118652
0.11136889457702637
0.1051473617553711
0.09846329689025879
0.11511421203613281
0.11684894561767578
0.10876703262329102
0.1323089599609375
0.12289690971374512
0.11178326606750488
0.11801552772521973
0.11391830444335938
0.11426854133605957
0.11705827713012695
0.10986065864562988
0.12903285026550293
0.12915492057800293
0.11768174171447754
0.13010287284851074
0.12367391586303711
0.016497373580932617
0.018486738204956055
0.02113175392150879
0.030471086502075195
0.019608020782470703
0.037786245346069336
0.03282594680786133
0.027380943298339844
0.03523540496826172
0.02523207664489746
0.04266619682312012
0.030660152435302734
0.025818347930908203
0.045823097229003906
0.03466057777404785
0.023110628128051758
0.02517867088317871
0.0520172119140625
0.02288031578063965
0.03361344337463379
0.03737807273864746
0.031230449676513672
0.057114601135253906
0.03723883628845215
0.04633164405822754
0.03192472457885742
0.03760409355163574
0.047514915466308594
0.03646588325500488
0.04854583740234375
0.04109501838684082
0.0551145076751709
0.038951873779296875
0.0418848991394043
0.042104482650756836
0.0462040901184082
0.047208547592163086
0.0435793399810791
0.03907322883605957
0.03850722312927246
0.03723716735839844
0.047154903411865234
0.03830385208129883
0.054528236389160156
0.048520565032958984
0.05242609977722168
0.06069064140319824
0.05739903450012207
0.06063365936279297
0.0619664192199707
0.05498814582824707
0.04977774620056152
0.06352996826171875
0.06954693794250488
0.05997443199157715
0.07186555862426758
0.06229734420776367
0.06820988655090332
0.05706644058227539
0.06735754013061523
0.07476162910461426
0.0731513500213623
0.060556650161743164
0.06335663795471191
0.07280230522155762
0.06955695152282715
0.07101750373840332
0.05950355529785156
0.07474827766418457
0.06254076957702637
0.07405495643615723
0.07555007934570312
0.06523823738098145
0.06728816032409668
0.06662869453430176
0.06715965270996094
0.06872224807739258
0.06366491317749023
0.06765866279602051
0.0661165714263916
0.05923008918762207
0.07224178314208984
0.07969903945922852
0.07296633720397949
0.057097673416137695
0.0577998161315918
0.05809187889099121
0.0567624568939209
0.06360292434692383
0.04956698417663574
0.05012679100036621
0.04888749122619629
0.04278993606567383
0.05672335624694824
0.06122779846191406
0.062224388122558594
0.0310361385345459
0.05156707763671875
0.03699636459350586
0.0422821044921875
0.040480613708496094
0.031580448150634766
0.036014556884765625
0.033135175704956055
0.03360724449157715
0.03055286407470703
0.024804115295410156
0.0255887508392334
0.03493857383728027
0.02257513999938965
0.04050278663635254
0.0435636043548584
0.026349306106567383
0.03326010704040527
0.04286503791809082
0.03488564491271973
0.03339552879333496
0.030328035354614258
0.035837650299072266
0.03930521011352539
0.04319119453430176
0.029588937759399414
0.04390072822570801
0.022181034088134766
0.03357243537902832
0.043320417404174805
0.03703880310058594
0.0441896915435791
0.0388188362121582
0.03694558143615723
0.03147172927856445
0.031348466873168945
0.03190302848815918
0.03761696815490723
0.03647732734680176
0.0313718318939209
0.03649091720581055
0.03502225875854492
0.026233434677124023
0.0372164249420166
0.02954888343811035
0.03653240203857422
0.043047428131103516
0.04513859748840332
0.03275775909423828
0.03756594657897949
0.044344425201416016
0.03454089164733887
0.05072021484375
0.03493523597717285
0.04721546173095703
0.04730868339538574
0.047803640365600586
0.052925825119018555
0.05189394950866699
0.048726558685302734
0.04517364501953125
0.038204193115234375
0.03854799270629883
0.044859886169433594
0.04391193389892578
0.044297218322753906
0.04165983200073242
0.041550636291503906
0.044272661209106445
0.05080008506774902
0.036859989166259766
0.04062986373901367
0.03533148765563965
0.042482852935791016
0.04855775833129883
0.056470394134521484
0.05018019676208496
0.05655550956726074
0.04556608200073242
0.07083749771118164
0.05811023712158203
0.05736374855041504
0.05111336708068848
0.05383443832397461
0.056027889251708984
0.04437756538391113
0.1449124813079834
0.06206965446472168
0.16060471534729004
0.054860591888427734
0.16028618812561035
0.15755438804626465
0.05480647087097168
0.05891132354736328
0.19260478019714355
0.16492533683776855
0.04297804832458496
0.059359073638916016
0.15527844429016113
0.15634775161743164
0.04557466506958008
0.1558856964111328
0.05858325958251953
0.040923357009887695
0.05902099609375
0.05367136001586914
0.051976919174194336
0.054514169692993164
0.05678725242614746
0.05423164367675781
0.055986881256103516
0.06409978866577148
0.05326271057128906
0.06331300735473633
0.06788372993469238
0.0619664192199707
0.061005353927612305
0.0546870231628418
0.06660890579223633
0.07517552375793457
0.05974936485290527
0.08477354049682617
0.0699765682220459
0.06697344779968262
0.07835960388183594
0.08492922782897949
0.06636548042297363
0.21013617515563965
0.36954665184020996
0.16266989707946777
0.055014610290527344
0.09336733818054199
0.14887213706970215
0.11906862258911133
0.12333178520202637
0.12746906280517578
0.11081838607788086
0.1125192642211914
0.01658344268798828
0.022585630416870117
0.018299579620361328
0.014533758163452148
0.01604008674621582
0.0336916446685791
0.028514862060546875
0.020426273345947266
0.01829695701599121
0.025094032287597656
0.025403261184692383
0.015513181686401367
0.02483057975769043
0.01757359504699707
0.04168248176574707
0.0325319766998291
0.03218507766723633
0.038301944732666016
0.031008481979370117
0.03252434730529785
0.03787636756896973
0.035470008850097656
0.026082992553710938
0.03863358497619629
0.029279232025146484
0.02410292625427246
0.025172948837280273
0.030997037887573242
0.027140140533447266
0.0384211540222168
0.039943695068359375
0.03579592704772949
0.030370473861694336
0.029315948486328125
0.028530597686767578
0.03551626205444336
0.04339003562927246
0.047238826751708984
0.04178619384765625
0.036520957946777344
0.04114890098571777
0.04055476188659668
0.04915618896484375
0.052903175354003906
0.04992079734802246
0.037613868713378906
0.04842019081115723
0.045705318450927734
0.049788713455200195
0.05145692825317383
0.05791068077087402
0.056906700134277344
0.05156731605529785
0.03980278968811035
0.05110621452331543
0.04682803153991699
0.0453486442565918
0.04870462417602539
0.06650519371032715
0.0380854606628418
0.05389904975891113
0.0475306510925293
0.06371474266052246
0.051774024963378906
0.04246044158935547
0.046254634857177734
0.046074628829956055
0.036081552505493164
0.03698301315307617
0.06371688842773438
0.041478872299194336
0.039766788482666016
0.03364253044128418
0.04293632507324219
0.031018495559692383
0.04668259620666504
0.030707597732543945
0.03799319267272949
0.038178205490112305
0.04000091552734375
0.030860424041748047
0.044774532318115234
0.04499077796936035
0.04594898223876953
0.05462813377380371
0.0795583724975586
0.04642343521118164
0.04787015914916992
0.04405665397644043
0.05096006393432617
0.05066061019897461
0.05193662643432617
0.04140424728393555
0.04083085060119629
0.04053854942321777
0.049637556076049805
0.04363822937011719
0.057463884353637695
0.05485939979553223
0.049886465072631836
0.0428466796875
0.05683612823486328
0.0638587474822998
0.06348252296447754
0.05542325973510742
0.05441141128540039
0.06885170936584473
0.08472466468811035
0.04655194282531738
0.06102442741394043
0.05135083198547363
0.05887579917907715
0.05596637725830078
0.05640697479248047
0.045241594314575195
0.05221223831176758
0.047081708908081055
0.11603713035583496
0.05829620361328125
0.08440732955932617
0.04814624786376953
0.12949657440185547
0.10358619689941406
0.11268091201782227
0.11822104454040527
0.12170839309692383
0.11491250991821289
0.11768794059753418
0.01944422721862793
0.019405603408813477
0.016341686248779297
0.028301239013671875
0.027876615524291992
0.01650381088256836
0.027230501174926758
0.146148681640625
0.11147570610046387
0.1259927749633789
0.16687726974487305
0.09208250045776367
0.09172606468200684
0.09244036674499512
0.10729765892028809
0.11461710929870605
0.07578206062316895
0.06406283378601074
0.08530282974243164
0.0775899887084961
0.06716084480285645
0.07390236854553223
0.053998470306396484
0.06013774871826172
0.055451154708862305
0.05762767791748047
0.060617923736572266
0.06032705307006836
0.04633736610412598
0.04775547981262207
0.042990922927856445
0.061525821685791016
0.07430291175842285
0.0482785701751709
0.04480457305908203
0.0368804931640625
0.04524517059326172
0.059446096420288086
0.04954218864440918
0.0592801570892334
0.0537564754486084
0.05868935585021973
0.05227804183959961
0.047319650650024414
0.051880598068237305
0.047731876373291016
0.054401397705078125
0.04392743110656738
0.03616762161254883
0.04101848602294922
0.0287325382232666
0.04308152198791504
0.05250668525695801
0.03725123405456543
0.03950309753417969
0.04339241981506348
0.06071662902832031
0.05100607872009277
0.05542349815368652
0.05483198165893555
0.05070352554321289
0.056209564208984375
0.05987238883972168
0.08071255683898926
0.052207231521606445
0.04581403732299805
0.055948495864868164
0.10833978652954102
0.14955377578735352
0.10721135139465332
0.16289710998535156
0.058985233306884766
0.1185464859008789
0.1259167194366455
0.09594058990478516
0.06213641166687012
0.0915217399597168
0.05115222930908203
0.13211965560913086
0.11197400093078613
0.07231783866882324
0.11055755615234375
0.08117890357971191
0.17745757102966309
0.1293942928314209
0.19079160690307617
0.20926713943481445
0.40967822074890137
0.14400887489318848
0.1178441047668457
0.12225866317749023
0.10519981384277344
0.11336159706115723
0.13468456268310547
0.1146383285522461
0.10762596130371094
0.1208791732788086
0.10907959938049316
0.10355806350708008
0.10239028930664062
0.10868573188781738
0.11310935020446777
0.11342263221740723
0.1065669059753418
0.10257291793823242
0.1270439624786377
0.10324645042419434
0.1051645278930664
0.11204695701599121
0.12459468841552734
0.14639759063720703
0.1673882007598877
0.11640429496765137
0.11753034591674805
0.11307549476623535
0.11682438850402832
0.11098670959472656
0.11201190948486328
0.11120867729187012
0.011417865753173828
0.11703181266784668
0.1328415870666504
0.14115357398986816
0.1323847770690918
0.21465611457824707
0.12979626655578613
0.1266942024230957
0.12003922462463379
0.11134767532348633
0.11789894104003906
0.11475658416748047
0.015567779541015625
0.01311945915222168
0.012865066528320312
0.01798725128173828
0.023836135864257812
0.02703857421875
0.0231015682220459
0.02272510528564453
0.018395185470581055
0.05544137954711914
0.01473546028137207
0.12029623985290527
0.19664907455444336
0.1376960277557373
0.1146552562713623
0.09622526168823242
0.13440752029418945
0.09491991996765137
0.12305092811584473
0.10291004180908203
0.0896294116973877
0.10957717895507812
0.11240029335021973
0.10646581649780273
0.10189437866210938
0.08442163467407227
0.08983659744262695
0.11130046844482422
0.09775590896606445
0.10818076133728027
0.10197281837463379
0.08101820945739746
0.1887836456298828
0.14129900932312012
0.08669638633728027
0.10158944129943848
0.14986014366149902
0.20022177696228027
0.19655442237854004
0.0894019603729248
0.16423463821411133
0.1251964569091797
0.15667176246643066
0.14283108711242676
0.11046028137207031
0.10641646385192871
0.08501029014587402
0.11190462112426758
0.11684966087341309
0.09064102172851562
0.11631202697753906
0.1380760669708252
0.10028910636901855
0.13482236862182617
0.10695862770080566
0.10143661499023438
0.09237527847290039
0.08111429214477539
0.08299994468688965
0.08011603355407715
0.12675929069519043
0.1137700080871582
0.08252859115600586
0.07330799102783203
0.0913858413696289
0.08933401107788086
0.08716106414794922
0.10686206817626953
0.12318754196166992
0.05250406265258789
0.04638028144836426
0.05440330505371094
0.04818391799926758
0.08373808860778809
0.07005548477172852
0.061044931411743164
0.0542905330657959
0.06285476684570312
0.10407376289367676
0.07380104064941406
0.05002760887145996
0.05181550979614258
0.07947564125061035
0.054853200912475586
0.044258832931518555
0.06967449188232422
0.043901681900024414
0.044855594635009766
0.04618549346923828
0.058203697204589844
0.06323552131652832
0.050279855728149414
0.056619882583618164
0.05151677131652832
0.06667113304138184
0.058716773986816406
0.05317878723144531
0.05618476867675781
0.07041239738464355
0.07168841361999512
0.0773916244506836
0.07559871673583984
0.07418513298034668
0.07875537872314453
0.07919549942016602
0.08017539978027344
0.07181143760681152
0.07274055480957031
0.07117652893066406
0.07654500007629395
0.07771587371826172
0.06229710578918457
0.06861472129821777
0.07440567016601562
0.08130073547363281
0.06898093223571777
0.07691311836242676
0.07766151428222656
0.08207941055297852
0.0796051025390625
0.0805509090423584
0.0703582763671875
0.07619500160217285
0.07134723663330078
0.0959784984588623
0.07907962799072266
0.07554864883422852
0.07113885879516602
0.08721542358398438
0.07702088356018066
0.08847904205322266
0.09255170822143555
0.08057045936584473
0.08335041999816895
0.09155035018920898
0.07628631591796875
0.07399559020996094
0.08499741554260254
0.08426141738891602
0.08871698379516602
0.13215231895446777
0.17228055000305176
0.17845630645751953
0.1992805004119873
0.24836993217468262
0.1258089542388916
0.12260174751281738
0.1692190170288086
0.44509172439575195
1.1258010864257812
0.9011945724487305
1.044466257095337
0.8268642425537109
0.6709940433502197
0.4664430618286133
0.20162439346313477
0.1147770881652832
0.1608572006225586
0.1515059471130371
0.1578202247619629
0.135955810546875
0.1641557216644287
0.10545134544372559
0.10331273078918457
0.1307220458984375
0.14739131927490234
0.14542198181152344
0.19567155838012695
0.08445239067077637
0.08739352226257324
0.12060236930847168
0.12078332901000977
0.11493039131164551
0.16832280158996582
0.07336997985839844
0.061751604080200195
0.1243898868560791
0.06838488578796387
0.07847285270690918
0.054583072662353516
0.0674276351928711
0.07704401016235352
0.07314157485961914
0.07746315002441406
0.0684652328491211
0.13259220123291016
0.05689048767089844
0.06157207489013672
0.08479118347167969
0.2067573070526123
0.08052778244018555
0.09028291702270508
0.1355116367340088
0.05329561233520508
0.28448915481567383
0.13591694831848145
0.17040801048278809
0.18666481971740723
0.14342546463012695
0.47957611083984375
0.275897741317749
0.1039283275604248
0.10784411430358887
0.0843052864074707
0.10118484497070312
0.17207646369934082
0.15562915802001953
0.12302756309509277
0.07317423820495605
0.17737364768981934
0.12494230270385742
0.08481526374816895
0.08110380172729492
0.13650870323181152
0.12717962265014648
0.10234880447387695
0.09127092361450195
0.06973838806152344
0.10626959800720215
0.08010673522949219
0.0683586597442627
0.1709439754486084
0.1522369384765625
0.1586475372314453
0.20239591598510742
0.0617833137512207
0.12270021438598633
0.09637904167175293
0.13446760177612305
0.1262364387512207
0.09118175506591797
0.13295841217041016
0.07857537269592285
0.10957026481628418
0.051633358001708984
0.10102367401123047
0.06919431686401367
0.1233973503112793
0.10584330558776855
0.11433768272399902
0.08646368980407715
0.07640624046325684
0.09920573234558105
0.07758212089538574
0.11838841438293457
0.09262657165527344
0.12189960479736328
0.09119892120361328
0.08002114295959473
0.15720820426940918
0.1772160530090332
0.3162827491760254
0.06408429145812988
0.1522533893585205
0.09757471084594727
0.08906102180480957
0.1058495044708252
0.12671732902526855
0.0780332088470459
0.08275842666625977
0.11079239845275879
0.0996086597442627
0.07591772079467773
0.08971190452575684
0.06545829772949219
0.08362507820129395
0.05312538146972656
0.05380082130432129
0.1640329360961914
0.1081385612487793
0.17579126358032227
0.07044649124145508
0.13671302795410156
0.13265752792358398
0.0836632251739502
0.16594266891479492
0.1671292781829834
0.17030048370361328
0.1500263214111328
0.2170722484588623
0.13907742500305176
0.16138720512390137
0.10941290855407715
0.18253040313720703
0.15412092208862305
0.163055419921875
0.12426519393920898
0.1306767463684082
0.12738823890686035
0.13547396659851074
0.1349930763244629
0.19329571723937988
0.12364053726196289
0.11564493179321289
0.16602849960327148
0.14111804962158203
0.13405442237854004
0.13998913764953613
0.13518667221069336
0.1152188777923584
0.1808321475982666
0.12173843383789062
0.12324047088623047
0.09799408912658691
0.15489935874938965
0.12512803077697754
0.09581542015075684
0.09912919998168945
0.10592484474182129
0.09451580047607422
0.14777231216430664
0.1449589729309082
0.07980108261108398
0.14713311195373535
0.1427154541015625
0.15025782585144043
0.06836223602294922
0.10335230827331543
0.07048368453979492
0.10454511642456055
0.0757288932800293
0.11730384826660156
0.10716772079467773
0.1132802963256836
0.12653636932373047
0.08108043670654297
0.08333015441894531
0.08420610427856445
0.08057594299316406
0.07968473434448242
0.08307886123657227
0.07300472259521484
0.0748293399810791
0.07019901275634766
0.16817712783813477
0.05893731117248535
0.0840604305267334
0.049504756927490234
0.05289506912231445
0.05369997024536133
0.056734561920166016
0.058751821517944336
0.059282779693603516
0.07291960716247559
0.0688939094543457
0.05571484565734863
0.0676426887512207
0.061344146728515625
0.07039666175842285
0.06533503532409668
0.07390022277832031
0.06522059440612793
0.06704592704772949
0.06301760673522949
0.07683801651000977
0.06660008430480957
0.07659268379211426
0.06633353233337402
0.07834863662719727
0.0853123664855957
0.07126021385192871
0.08252406120300293
0.08638381958007812
0.08806395530700684
0.07032966613769531
0.06433796882629395
0.06992459297180176
0.06687498092651367
0.06250405311584473
0.062334299087524414
0.07383012771606445
0.07074213027954102
0.05495429039001465
0.055963754653930664
0.06727099418640137
0.07091307640075684
0.07532477378845215
0.0662076473236084
0.0717313289642334
0.08031845092773438
0.06650018692016602
0.06046772003173828
0.06575679779052734
0.07005906105041504
0.06701278686523438
0.07138490676879883
0.06932473182678223
0.06989574432373047
0.06172919273376465
0.05967831611633301
0.0726308822631836
0.06632447242736816
0.06042814254760742
0.07219529151916504
0.06480598449707031
0.06728076934814453
0.07258415222167969
0.07862591743469238
0.06686758995056152
0.08006501197814941
0.07546544075012207
0.07667326927185059
0.07991528511047363
0.07472395896911621
0.07518887519836426
0.07578372955322266
0.07484245300292969
0.07677745819091797
0.07316756248474121
0.0784599781036377
0.07376313209533691
0.07253026962280273
0.08229327201843262
0.0786125659942627
0.07398509979248047
0.0765533447265625
0.07802724838256836
0.08593463897705078
0.08305668830871582
0.16456270217895508
0.08060216903686523
0.06945085525512695
0.0725243091583252
0.07444596290588379
0.14725828170776367
0.0742502212524414
0.08334016799926758
0.12905001640319824
0.2546560764312744
0.19528770446777344
0.11723756790161133
0.10390925407409668
0.11554217338562012
0.11469697952270508
0.1184682846069336
0.09749698638916016
0.2492818832397461
0.09451770782470703
0.12711787223815918
0.07780647277832031
0.10044431686401367
0.12447643280029297
0.09153056144714355
0.09598469734191895
0.10692739486694336
0.12630510330200195
0.11281156539916992
0.1704392433166504
0.12309789657592773
0.09004497528076172
0.13465166091918945
0.11590886116027832
0.136094331741333
0.0677800178527832
0.08739280700683594
0.0800783634185791
0.15878582000732422
0.183441162109375
0.1428823471069336
0.20592331886291504
0.1659538745880127
0.17514443397521973
0.12080693244934082
0.18282413482666016
0.11171269416809082
0.08012604713439941
0.19386506080627441
0.16123080253601074
0.14730548858642578
0.245955228805542
0.1751248836517334
0.09036087989807129
0.1389172077178955
0.1690654754638672
0.07916975021362305
0.05482053756713867
0.04044818878173828
0.07480859756469727
0.10088849067687988
0.23396730422973633
0.1773064136505127
0.15163779258728027
0.10982918739318848
0.1171576976776123
0.11072564125061035
0.10367393493652344
0.12436270713806152
0.1493511199951172
0.19859933853149414
0.1850588321685791
0.10364222526550293
0.11051511764526367
0.10020899772644043
0.1133108139038086
0.12374305725097656
0.12605977058410645
0.16403579711914062
0.09220266342163086
0.06759071350097656
0.07823395729064941
0.06127452850341797
0.0724325180053711
0.10431361198425293
0.09689140319824219
0.15159296989440918
0.06746268272399902
0.07596516609191895
0.15899300575256348
0.20573043823242188
0.20994973182678223
0.15371131896972656
0.08538556098937988
0.06445121765136719
0.08472752571105957
0.16742992401123047
0.023968219757080078
0.14117217063903809
0.13238239288330078
0.19168543815612793
0.12946462631225586
0.07078123092651367
0.1113584041595459
0.07273459434509277
0.1235506534576416
0.04915881156921387
0.5003712177276611
0.27228498458862305
0.06789708137512207
0.05493521690368652
0.02525782585144043
0.033155202865600586
0.0648045539855957
0.025485515594482422
0.03024148941040039
0.12120723724365234
0.050254106521606445
0.031250715255737305
0.05382394790649414
0.036966800689697266
0.05585741996765137
0.13128089904785156
0.12057137489318848
0.3956723213195801
0.17146682739257812
0.14327549934387207
0.06456208229064941
0.04999184608459473
0.07775139808654785
0.031189441680908203
0.04887223243713379
0.045552730560302734
0.10451221466064453
0.10107231140136719
0.07561755180358887
0.09659004211425781
0.06038212776184082
0.15936279296875
0.018338441848754883
0.16539430618286133
0.06940889358520508
0.15881013870239258
0.22446846961975098
0.48587512969970703
0.2996373176574707
0.1384737491607666
0.17930960655212402
0.16496014595031738
0.0674433708190918
0.04654383659362793
0.23968720436096191
0.10098552703857422
0.18898963928222656
0.07330203056335449
0.07734298706054688
0.07367491722106934
0.04154348373413086
0.1685192584991455
0.195723295211792
0.09806466102600098
0.2468550205230713
0.14903879165649414
0.09978604316711426
0.059665679931640625
0.052539825439453125
0.05639052391052246
0.044584035873413086
0.04273581504821777
0.05180859565734863
0.09211897850036621
0.08860993385314941
0.026897430419921875
0.06789946556091309
0.04015231132507324
0.027225971221923828
0.09989190101623535
0.13298916816711426
0.06940412521362305
0.11518049240112305
0.11745548248291016
0.14313864707946777
0.13421297073364258
0.14909768104553223
0.2382829189300537
0.16082215309143066
0.17649078369140625
0.34147167205810547
0.15656256675720215
0.39830875396728516
0.20922040939331055
0.14681029319763184
0.13358521461486816
0.11273789405822754
0.12565112113952637
0.11782670021057129
0.1245110034942627
0.09273791313171387
0.16971230506896973
0.15045762062072754
0.19489097595214844
0.18414807319641113
0.1396036148071289
0.15547919273376465
0.1748216152191162
0.16927742958068848
0.16223454475402832
0.10300040245056152
0.08329200744628906
0.14797258377075195
0.1380758285522461
0.1231234073638916
0.1277754306793213
0.248457670211792
0.1893317699432373
0.224365234375
0.08535003662109375
0.08118724822998047
0.14723992347717285
0.15547680854797363
0.08022117614746094
0.024491548538208008
0.05165505409240723
0.15061426162719727
0.133453369140625
0.39908313751220703
0.18846893310546875
0.07066607475280762
0.05628013610839844
0.33275294303894043
0.13840961456298828
0.05800771713256836
0.0797116756439209
0.05861163139343262
0.13729524612426758
0.13577008247375488
0.4058995246887207
0.29441165924072266
0.10970854759216309
0.12603235244750977
0.10672688484191895
0.04006242752075195
0.07960224151611328
0.07092547416687012
0.07926368713378906
0.030600309371948242
0.04236912727355957
0.14934253692626953
0.2776947021484375
0.161468505859375
0.22180891036987305
0.11488580703735352
0.17131304740905762
0.2826411724090576
0.19429302215576172
0.08612060546875
0.15988874435424805
1.2286019325256348
1.3647689819335938
1.1315724849700928
0.8926105499267578
0.7001359462738037
0.44742655754089355
0.2400975227355957
0.16448020935058594
0.2228083610534668
0.1580355167388916
0.21683740615844727
0.14198970794677734
0.12326979637145996
0.17201972007751465
0.20138978958129883
0.1468818187713623
0.1128988265991211
0.20221924781799316
0.2359178066253662
0.36977553367614746
0.1820662021636963
0.06865262985229492
0.040192365646362305
0.09302592277526855
0.054341793060302734
0.03017425537109375
0.08556532859802246
0.10554718971252441
0.05339193344116211
0.0860898494720459
0.09600496292114258
0.030664920806884766
0.041712045669555664
0.04134726524353027
0.03866910934448242
0.05132246017456055
0.03593754768371582
0.056046485900878906
0.032413482666015625
0.06019854545593262
0.033722639083862305
0.026784181594848633
0.023629426956176758
0.026913166046142578
0.02985095977783203
0.034681081771850586
0.019459009170532227
0.08169221878051758
0.043225765228271484
0.04268383979797363
0.056243181228637695
0.027748823165893555
0.026383638381958008
0.029433727264404297
0.03489422798156738
0.038080453872680664
