0.03980064392089844
0.15572619438171387
0.03124403953552246
0.14752483367919922
0.0268862247467041
0.14472413063049316
0.06756591796875
0.13686466217041016
0.13259649276733398
0.1330106258392334
0.03835344314575195
0.22984600067138672
0.12951374053955078
0.15863680839538574
0.12522315979003906
0.03203940391540527
0.13034629821777344
0.12660956382751465
0.023044824600219727
0.025838136672973633
0.03589224815368652
0.03275299072265625
0.03598356246948242
0.029178380966186523
0.030216693878173828
0.03942728042602539
0.03128242492675781
0.033605337142944336
0.04058408737182617
0.0450747013092041
0.03332018852233887
0.04892683029174805
0.040038347244262695
0.09422945976257324
0.05160069465637207
0.040038347244262695
0.05678081512451172
0.0387120246887207
0.03952503204345703
0.044577598571777344
0.05397844314575195
0.0458216667175293
0.05467391014099121
0.048532962799072266
0.04989147186279297
0.055542707443237305
0.05108952522277832
0.0520632266998291
0.04754304885864258
0.06469607353210449
0.04873776435852051
0.05277848243713379
0.05354452133178711
0.06290268898010254
0.05300116539001465
0.054447174072265625
0.059760332107543945
0.05551004409790039
0.06190848350524902
0.05764365196228027
0.06123089790344238
0.06385254859924316
0.07319426536560059
0.07125687599182129
0.06268596649169922
0.06946563720703125
0.06998419761657715
0.08488750457763672
0.08186459541320801
0.07254147529602051
0.0735483169555664
0.08692669868469238
0.08006691932678223
0.08146429061889648
0.08519649505615234
0.07304859161376953
0.0785667896270752
0.08234190940856934
0.0811307430267334
0.08578991889953613
0.10193538665771484
0.10651421546936035
0.09462189674377441
0.085693359375
0.0849459171295166
0.12407159805297852
0.10263514518737793
0.1278824806213379
0.10796475410461426
0.0953824520111084
0.09910178184509277
0.0979454517364502
0.09981298446655273
0.09560728073120117
0.10693073272705078
0.1002960205078125
0.10315275192260742
0.10436391830444336
0.10609579086303711
0.10629105567932129
0.10397529602050781
0.10905981063842773
0.10752487182617188
0.11106038093566895
0.11181306838989258
0.10977029800415039
0.11191678047180176
0.11223936080932617
0.1319260597229004
0.11502766609191895
0.11035871505737305
0.11153268814086914
0.013833284378051758
0.015151262283325195
0.018541574478149414
0.01985335350036621
0.026100635528564453
0.029668331146240234
0.024982929229736328
0.024062156677246094
0.03823590278625488
0.022231101989746094
0.03764605522155762
0.018365144729614258
0.018502473831176758
0.048441410064697266
0.01681375503540039
0.020734786987304688
0.053778886795043945
0.02419114112854004
0.02034616470336914
0.022242307662963867
0.030033349990844727
0.03307008743286133
0.044095754623413086
0.03422951698303223
0.0284576416015625
0.034569501876831055
0.03470611572265625
0.03659224510192871
0.04463815689086914
0.038819313049316406
0.0326085090637207
0.056868791580200195
0.05855512619018555
0.04506659507751465
0.059453487396240234
0.04361295700073242
0.04005551338195801
0.04093146324157715
0.05368947982788086
0.04040217399597168
0.039266347885131836
0.04434514045715332
0.03632688522338867
0.04171299934387207
0.04169964790344238
0.04406571388244629
0.04264378547668457
0.053464651107788086
0.04782676696777344
0.049222469329833984
0.05701923370361328
0.0629274845123291
0.04701852798461914
0.0559079647064209
0.05797314643859863
0.09413266181945801
0.05381059646606445
0.06127762794494629
0.05953049659729004
0.06414008140563965
0.05616283416748047
0.05956315994262695
0.06344461441040039
0.060253143310546875
0.09333682060241699
0.06671643257141113
0.06695437431335449
0.06152677536010742
0.06595301628112793
0.06449747085571289
0.06580615043640137
0.0644841194152832
0.06322097778320312
0.06953787803649902
0.06403088569641113
0.06385660171508789
0.06168222427368164
0.06706428527832031
0.05880546569824219
0.07431626319885254
0.05687093734741211
0.0679476261138916
0.06529903411865234
0.055435895919799805
0.06933879852294922
0.06067824363708496
0.049507856369018555
0.04413652420043945
0.0603327751159668
0.06822609901428223
0.05235433578491211
0.05067753791809082
0.04541897773742676
0.04873037338256836
0.04802584648132324
0.046302080154418945
0.032953500747680664
0.035034894943237305
0.03444385528564453
0.03314089775085449
0.02858734130859375
0.029101848602294922
0.052405595779418945
0.02461552619934082
0.039345502853393555
0.0222165584564209
0.0390934944152832
0.023085832595825195
0.024356842041015625
0.020498275756835938
0.026537656784057617
0.029384851455688477
0.029088258743286133
0.029903173446655273
0.03226828575134277
0.03235816955566406
0.036464691162109375
0.034046173095703125
0.029337167739868164
0.030678749084472656
0.029790163040161133
0.03227972984313965
0.03345966339111328
0.024875164031982422
0.02055978775024414
0.03780722618103027
0.02681899070739746
0.022209644317626953
0.031395912170410156
0.05058765411376953
0.029379606246948242
0.03437662124633789
0.027237415313720703
0.028516292572021484
0.024072885513305664
0.02932286262512207
0.02008342742919922
0.0320584774017334
0.029475927352905273
0.04118943214416504
0.032372236251831055
0.03458261489868164
0.03565716743469238
0.03356337547302246
0.030741214752197266
0.03560304641723633
0.04678082466125488
0.0366363525390625
0.03687286376953125
0.03672289848327637
0.03682088851928711
0.045653581619262695
0.043881893157958984
0.03740358352661133
0.04424715042114258
0.046178579330444336
0.037079572677612305
0.04640388488769531
0.03653287887573242
0.04210853576660156
0.04088139533996582
0.03654980659484863
0.04374837875366211
0.03927969932556152
0.051453351974487305
0.03956913948059082
0.039743661880493164
0.03807878494262695
0.03841590881347656
0.039954185485839844
0.04176926612854004
0.03710746765136719
0.03833317756652832
0.041918039321899414
0.0472872257232666
0.047971248626708984
0.04895591735839844
0.04373455047607422
0.042211294174194336
0.0386347770690918
0.0344085693359375
0.05219602584838867
0.15427756309509277
0.05169868469238281
0.16083288192749023
0.0416717529296875
0.1497182846069336
0.14545202255249023
0.046103477478027344
0.057778120040893555
0.16461896896362305
0.16073036193847656
0.04591679573059082
0.040038347244262695
0.15376043319702148
0.1507585048675537
0.03764915466308594
0.1475236415863037
0.04293560981750488
0.04392743110656738
0.04386186599731445
0.045433759689331055
0.0445399284362793
0.045928239822387695
0.04788684844970703
0.04742884635925293
0.04339599609375
0.0496976375579834
0.07732892036437988
0.06412315368652344
0.055397748947143555
0.05349326133728027
0.0928044319152832
0.05772590637207031
0.059079885482788086
0.06242561340332031
0.0579066276550293
0.0768887996673584
0.06598472595214844
0.06412863731384277
0.06676411628723145
0.0632486343383789
0.07117176055908203
0.20133614540100098
0.06630420684814453
0.1445751190185547
0.07000327110290527
0.10380268096923828
0.12521910667419434
0.13306093215942383
0.13736653327941895
0.1130971908569336
0.10838103294372559
0.11037588119506836
0.008668899536132812
0.011382818222045898
0.0147857666015625
0.012568950653076172
0.013886690139770508
0.014210700988769531
0.025290966033935547
0.027991771697998047
0.03838372230529785
0.01726555824279785
0.016591787338256836
0.03090524673461914
0.017783403396606445
0.030582189559936523
0.03983902931213379
0.028751611709594727
0.02295541763305664
0.02279829978942871
0.0273287296295166
0.024412870407104492
0.021712064743041992
0.03693842887878418
0.024172306060791016
0.029519081115722656
0.025671005249023438
0.02230358123779297
0.027071237564086914
0.024634599685668945
0.025199174880981445
0.03483700752258301
0.03405189514160156
0.03284025192260742
0.03285098075866699
0.027475357055664062
0.030254125595092773
0.03262186050415039
0.028487682342529297
0.06005287170410156
0.0337677001953125
0.04757118225097656
0.03799843788146973
0.03864550590515137
0.04072093963623047
0.041441917419433594
0.041028499603271484
0.03974628448486328
0.04174041748046875
0.04283952713012695
0.04255104064941406
0.03941202163696289
0.04026293754577637
0.04218935966491699
0.0458836555480957
0.037862300872802734
0.04303240776062012
0.043474435806274414
0.05285787582397461
0.05231976509094238
0.04031085968017578
0.0527195930480957
0.044107913970947266
0.034017086029052734
0.03302788734436035
0.05956268310546875
0.03420567512512207
0.03890252113342285
0.03792977333068848
0.03912663459777832
0.035062313079833984
0.04164743423461914
0.03730416297912598
0.03208327293395996
0.046578168869018555
0.038689613342285156
0.033620595932006836
0.033415794372558594
0.028440475463867188
0.024888038635253906
0.029592275619506836
0.03255057334899902
0.03316926956176758
0.033951520919799805
0.03635406494140625
0.03222012519836426
0.04123091697692871
0.053801536560058594
0.03249406814575195
0.03898739814758301
0.04691910743713379
0.03977847099304199
0.03737163543701172
0.044382333755493164
0.039113759994506836
0.04295063018798828
0.04264497756958008
0.04706120491027832
0.04630923271179199
0.04928231239318848
0.04737567901611328
0.038491249084472656
0.04650735855102539
0.048982858657836914
0.04938912391662598
0.0500025749206543
0.04737448692321777
0.050264835357666016
0.06142234802246094
0.08215141296386719
0.04406237602233887
0.057630062103271484
0.04355573654174805
0.04808378219604492
0.05275297164916992
0.05794501304626465
0.0471959114074707
0.0485386848449707
0.06511569023132324
0.11342716217041016
0.05760002136230469
0.12314510345458984
0.2322232723236084
0.10738992691040039
0.1111001968383789
0.12723755836486816
0.11111330986022949
0.11319160461425781
0.12162065505981445
0.13191533088684082
0.0231320858001709
0.01567554473876953
0.02340245246887207
0.019597768783569336
0.018781423568725586
0.014507770538330078
0.015343666076660156
0.11239886283874512
0.1315619945526123
0.13051962852478027
0.13501453399658203
0.08851432800292969
0.0791008472442627
0.07769942283630371
0.1050412654876709
0.06710267066955566
0.07178688049316406
0.06671476364135742
0.10088610649108887
0.07524561882019043
0.06840085983276367
0.058779239654541016
0.05681276321411133
0.06196999549865723
0.05336952209472656
0.05021214485168457
0.05068612098693848
0.040895700454711914
0.05473899841308594
0.04421067237854004
0.045891523361206055
0.052411794662475586
0.0730593204498291
0.045163869857788086
0.04036879539489746
0.034917354583740234
0.042356252670288086
0.043118953704833984
0.04225039482116699
0.04602622985839844
0.056351661682128906
0.046315670013427734
0.04898810386657715
0.04493212699890137
0.05395317077636719
0.045113563537597656
0.05023837089538574
0.0403745174407959
0.028303861618041992
0.029479026794433594
0.04174232482910156
0.03914237022399902
0.02965521812438965
0.029662609100341797
0.03668951988220215
0.03238511085510254
0.05819821357727051
0.043407440185546875
0.0487675666809082
0.045773983001708984
0.04821181297302246
0.04866838455200195
0.04796195030212402
0.06393742561340332
0.041532278060913086
0.04797959327697754
0.0579991340637207
0.048429250717163086
0.11307740211486816
0.050591230392456055
0.16265082359313965
0.21644830703735352
0.09100675582885742
0.11580324172973633
0.06509280204772949
0.06695008277893066
0.09724307060241699
0.047756195068359375
0.12149262428283691
0.09893345832824707
0.05318570137023926
0.13756227493286133
0.095489501953125
0.19982099533081055
0.09193158149719238
0.18487834930419922
0.27548742294311523
0.1175377368927002
0.09653115272521973
0.11924099922180176
0.11840367317199707
0.10662341117858887
0.12679243087768555
0.1305527687072754
0.10910272598266602
0.11749839782714844
0.11094236373901367
0.10312414169311523
0.10419750213623047
0.11031508445739746
0.10971307754516602
0.09760379791259766
0.10089898109436035
0.10870790481567383
0.10412359237670898
0.10849356651306152
0.11128354072570801
0.10711455345153809
0.10886764526367188
0.11099505424499512
0.1566333770751953
0.1984264850616455
0.12555646896362305
0.11866521835327148
0.12787652015686035
0.11912274360656738
0.11874127388000488
0.10955667495727539
0.10917353630065918
0.01534891128540039
0.11466717720031738
0.12091588973999023
0.12801671028137207
0.11618924140930176
0.21727848052978516
0.11764669418334961
0.11790585517883301
0.12273836135864258
0.11928272247314453
0.10968780517578125
0.11248779296875
0.012349367141723633
0.015421152114868164
0.01453852653503418
0.010518312454223633
0.020275115966796875
0.016352415084838867
0.011709451675415039
0.019466638565063477
0.025309324264526367
0.04731178283691406
0.023871183395385742
0.1680278778076172
0.1445615291595459
0.17432594299316406
0.13314604759216309
0.12768125534057617
0.12845063209533691
0.08701777458190918
0.11026167869567871
0.1054995059967041
0.11415672302246094
0.09492921829223633
0.09208106994628906
0.09441637992858887
0.09804987907409668
0.09353971481323242
0.08672928810119629
0.10487842559814453
0.0885915756225586
0.10746169090270996
0.12829995155334473
0.10114336013793945
0.1765909194946289
0.16197681427001953
0.08623909950256348
0.0842735767364502
0.1271216869354248
0.21538543701171875
0.2059786319732666
0.09642672538757324
0.08672451972961426
0.1371309757232666
0.16317296028137207
0.09106874465942383
0.09722638130187988
0.09014487266540527
0.12358999252319336
0.11064410209655762
0.09503412246704102
0.07637476921081543
0.1076974868774414
0.13231515884399414
0.10142636299133301
0.1341707706451416
0.10726809501647949
0.1049501895904541
0.07772231101989746
0.0877065658569336
0.089447021484375
0.09270310401916504
0.10514307022094727
0.12127137184143066
0.09785842895507812
0.07026910781860352
0.08902430534362793
0.10139942169189453
0.10139226913452148
0.11949777603149414
0.14008498191833496
0.0695643424987793
0.04891681671142578
0.04963541030883789
0.05672049522399902
0.08037805557250977
0.0643770694732666
0.04870486259460449
0.05653548240661621
0.06570553779602051
0.05792236328125
0.07643961906433105
0.05828380584716797
0.04900765419006348
0.06125807762145996
0.05163240432739258
0.04625749588012695
0.0721890926361084
0.05784130096435547
0.048024892807006836
0.04824328422546387
0.05656886100769043
0.0575411319732666
0.06505155563354492
0.05283164978027344
0.0494542121887207
0.05951714515686035
0.055716753005981445
0.05124616622924805
0.052283287048339844
0.07928228378295898
0.06900382041931152
0.060315608978271484
0.07730865478515625
0.06577610969543457
0.06127309799194336
0.07664895057678223
0.0726773738861084
0.06848645210266113
0.07570648193359375
0.06245279312133789
0.05866837501525879
0.06535935401916504
0.06532907485961914
0.07169294357299805
0.06563973426818848
0.06565093994140625
0.0720973014831543
0.07667350769042969
0.06149792671203613
0.06340527534484863
0.07039427757263184
0.0714731216430664
0.06807923316955566
0.06853699684143066
0.07973670959472656
0.11526322364807129
0.0812067985534668
0.07747721672058105
0.07375764846801758
0.07573342323303223
0.09148216247558594
0.07717633247375488
0.08975768089294434
0.07298040390014648
0.0755162239074707
0.08071684837341309
0.07284402847290039
0.07533431053161621
0.08206868171691895
0.07603073120117188
0.07888126373291016
0.12243294715881348
0.15384697914123535
0.1683638095855713
0.08928132057189941
0.21476101875305176
0.11107254028320312
0.11089944839477539
0.27696871757507324
0.19796347618103027
0.051967620849609375
0.12046456336975098
0.47770261764526367
0.9138603210449219
0.8503739833831787
0.6458413600921631
0.3755033016204834
0.1522214412689209
0.11408853530883789
0.08903956413269043
0.15685296058654785
0.12334966659545898
0.09390473365783691
0.14818954467773438
0.0995328426361084
0.09688997268676758
0.0859370231628418
0.1962893009185791
0.22551178932189941
0.11911392211914062
0.12038516998291016
0.12232279777526855
0.06350874900817871
0.07179045677185059
0.1840956211090088
0.1046133041381836
0.05297517776489258
0.1264657974243164
0.06322360038757324
0.10999870300292969
0.045581817626953125
0.05156755447387695
0.07741641998291016
0.06493330001831055
0.08947134017944336
0.07142233848571777
0.04948925971984863
0.09328007698059082
0.05877971649169922
0.09008097648620605
0.22399306297302246
0.06256484985351562
0.09177494049072266
0.22485876083374023
0.07073593139648438
0.11397290229797363
0.12125754356384277
0.08043527603149414
0.18200373649597168
0.18329739570617676
0.25733375549316406
0.25966787338256836
0.09247207641601562
0.10625672340393066
0.0710597038269043
0.0904080867767334
0.15281224250793457
0.07485055923461914
0.11150574684143066
0.16806888580322266
0.17496800422668457
0.09157204627990723
0.07783865928649902
0.06389760971069336
0.19165754318237305
0.06600379943847656
0.11333847045898438
0.09537482261657715
0.09047293663024902
0.10245370864868164
0.06643080711364746
0.11409521102905273
0.08800005912780762
0.1560683250427246
0.14274144172668457
0.21852636337280273
0.09249043464660645
0.10711121559143066
0.06507301330566406
0.06469273567199707
0.12421727180480957
0.06536316871643066
0.06188631057739258
0.0678560733795166
0.09002566337585449
0.052632808685302734
0.08251428604125977
0.08187437057495117
0.3133535385131836
0.10664868354797363
0.11499905586242676
0.09434056282043457
0.07876253128051758
0.07321929931640625
0.07480692863464355
0.12529301643371582
0.07174253463745117
0.13262581825256348
0.0765221118927002
0.07109618186950684
0.14390921592712402
0.11075162887573242
0.21396136283874512
0.13176751136779785
0.16190671920776367
0.10177183151245117
0.0922398567199707
0.10697031021118164
0.11583280563354492
0.09172606468200684
0.05990123748779297
0.11427760124206543
0.11466264724731445
0.08893108367919922
0.08315587043762207
0.08395171165466309
0.08126211166381836
0.0822296142578125
0.05729031562805176
0.13776516914367676
0.09789299964904785
0.16218066215515137
0.06154966354370117
0.13383030891418457
0.12803864479064941
0.07137203216552734
0.19649839401245117
0.17043709754943848
0.11133646965026855
0.15688276290893555
0.22684025764465332
0.1272587776184082
0.16496706008911133
0.12845778465270996
0.15558195114135742
0.10554194450378418
0.18912005424499512
0.1063234806060791
0.11310195922851562
0.1343827247619629
0.13770604133605957
0.1292707920074463
0.14036297798156738
0.1367816925048828
0.1323540210723877
0.11629509925842285
0.18643808364868164
0.1267087459564209
0.10030770301818848
0.1330397129058838
0.13776111602783203
0.09289836883544922
0.10704278945922852
0.1331777572631836
0.11151909828186035
0.12320756912231445
0.08777117729187012
0.15199518203735352
0.10354304313659668
0.11924505233764648
0.1168069839477539
0.1144096851348877
0.07894015312194824
0.14719581604003906
0.08970022201538086
0.15398263931274414
0.11701035499572754
0.11283063888549805
0.06349539756774902
0.06207561492919922
0.06393074989318848
0.07133936882019043
0.1105353832244873
0.1308450698852539
0.09691476821899414
0.11514139175415039
0.08464288711547852
0.07268333435058594
0.06617999076843262
0.08427238464355469
0.06585192680358887
0.06726551055908203
0.07586264610290527
0.07156705856323242
0.10827231407165527
0.08090710639953613
0.04937624931335449
0.06650805473327637
0.0624995231628418
0.04971122741699219
0.04017829895019531
0.04298114776611328
0.04770016670227051
0.06105375289916992
0.05702519416809082
0.05223679542541504
0.05228137969970703
0.05491065979003906
0.05764603614807129
0.07353734970092773
0.05666303634643555
0.06199049949645996
0.06293702125549316
0.06391477584838867
0.06072568893432617
0.06813597679138184
0.07378339767456055
0.06884217262268066
0.06427693367004395
0.07042288780212402
0.08270263671875
0.0685737133026123
0.07069206237792969
0.08358407020568848
0.08859562873840332
0.0734400749206543
0.05659222602844238
0.0718681812286377
0.059421539306640625
0.07042384147644043
0.07076501846313477
0.06560897827148438
0.06452345848083496
0.06775140762329102
0.058747291564941406
0.05851483345031738
0.07280278205871582
0.07191681861877441
0.053063392639160156
0.057149410247802734
0.06274867057800293
0.08873629570007324
0.057715654373168945
0.05179715156555176
0.05584287643432617
0.06451296806335449
0.06000018119812012
0.05551481246948242
0.062215566635131836
0.07937908172607422
0.06708979606628418
0.0760340690612793
0.06817007064819336
0.05827689170837402
0.07613468170166016
0.06115460395812988
0.06411528587341309
0.06023001670837402
0.06625723838806152
0.07493734359741211
0.07631158828735352
0.0729529857635498
0.07365012168884277
0.07140779495239258
0.06058311462402344
0.08223414421081543
0.08238053321838379
0.07257413864135742
0.07312774658203125
0.06540536880493164
0.08056163787841797
0.07023906707763672
0.06527137756347656
0.07403016090393066
0.08128952980041504
0.07652902603149414
0.07460474967956543
0.0759737491607666
0.08189702033996582
0.08019256591796875
0.17400193214416504
0.07037544250488281
0.07051682472229004
0.06829237937927246
0.06613802909851074
0.1938183307647705
0.06261587142944336
0.06739187240600586
0.10446453094482422
0.10666632652282715
0.16968846321105957
0.09794926643371582
0.11055970191955566
0.11227941513061523
0.1197197437286377
0.12548494338989258
0.13213014602661133
0.17626237869262695
0.08172988891601562
0.12018561363220215
0.0926961898803711
0.07813000679016113
0.09101080894470215
0.07202434539794922
0.07673525810241699
0.13325047492980957
0.08864831924438477
0.09612107276916504
0.13402867317199707
0.11312341690063477
0.10522723197937012
0.08775520324707031
0.1069028377532959
0.10223770141601562
0.07619547843933105
0.08400797843933105
0.08566737174987793
0.16265583038330078
0.1818077564239502
0.08904743194580078
0.05492520332336426
0.1511826515197754
0.2332763671875
0.1642155647277832
0.17985177040100098
0.11560297012329102
0.07638096809387207
0.13681697845458984
0.13670635223388672
0.12174248695373535
0.17507553100585938
0.1778726577758789
0.1069498062133789
0.0996706485748291
0.17365407943725586
0.10157489776611328
0.04621291160583496
0.05583548545837402
0.07772994041442871
0.06423735618591309
0.09231424331665039
0.11904406547546387
0.12287569046020508
0.13088703155517578
0.11351919174194336
0.1447303295135498
0.11461687088012695
0.10121536254882812
0.12990522384643555
0.10706639289855957
0.1844649314880371
0.1303091049194336
0.11901378631591797
0.11527180671691895
0.09696483612060547
0.09168553352355957
0.16101455688476562
0.18501591682434082
0.07891225814819336
0.06912374496459961
0.0959618091583252
0.058280229568481445
0.07277321815490723
0.08530521392822266
0.07743310928344727
0.07160711288452148
0.08315205574035645
0.050405025482177734
0.15650534629821777
0.16339516639709473
0.24309587478637695
0.1418609619140625
0.04900765419006348
0.04282212257385254
0.0574345588684082
0.10608625411987305
0.02434563636779785
0.14995718002319336
0.13134241104125977
0.18161892890930176
0.1355605125427246
0.0997612476348877
0.0685722827911377
0.06126904487609863
0.11622357368469238
0.05693459510803223
0.5467445850372314
0.3065798282623291
0.05355525016784668
0.0505678653717041
0.021863937377929688
0.02399444580078125
0.032419681549072266
0.02398371696472168
0.020624637603759766
0.0723116397857666
0.08514904975891113
0.026445865631103516
0.06781363487243652
0.028963327407836914
0.05678391456604004
0.16739606857299805
0.13240599632263184
0.2541167736053467
0.2004857063293457
0.09996724128723145
0.07494735717773438
0.03429007530212402
0.06458091735839844
0.0445253849029541
0.055230140686035156
0.042249441146850586
0.09692502021789551
0.030706405639648438
0.08560729026794434
0.10648918151855469
0.1074979305267334
0.16425752639770508
0.016319751739501953
0.11877250671386719
0.06813788414001465
0.1306452751159668
0.49782705307006836
0.2852518558502197
0.20653724670410156
0.12813472747802734
0.21076393127441406
0.14782142639160156
0.047051191329956055
0.06047511100769043
0.36690616607666016
0.162628173828125
0.14247417449951172
0.07910418510437012
0.06295180320739746
0.0701601505279541
0.052669525146484375
0.13182520866394043
0.19263577461242676
0.09069204330444336
0.22327351570129395
0.10943365097045898
0.09340810775756836
0.06891059875488281
0.04897332191467285
0.04955792427062988
0.041597843170166016
0.03421282768249512
0.07535338401794434
0.12181782722473145
0.0535433292388916
0.029007911682128906
0.05748438835144043
0.02053380012512207
0.04330015182495117
0.10403561592102051
0.13243770599365234
0.08417558670043945
0.15023422241210938
0.11995244026184082
0.13899850845336914
0.13613581657409668
0.0934000015258789
0.08969593048095703
0.256803035736084
0.17347455024719238
0.32604336738586426
0.6167678833007812
0.4262392520904541
0.19787335395812988
0.10648846626281738
0.05421090126037598
0.06021380424499512
0.10098648071289062
0.12008881568908691
0.12590837478637695
0.11377930641174316
0.18003082275390625
0.12279391288757324
0.20042181015014648
0.09823942184448242
0.1294422149658203
0.14915752410888672
0.12409353256225586
0.16608142852783203
0.15332412719726562
0.08147358894348145
