0.16182804107666016
0.06428313255310059
0.17377185821533203
0.04089212417602539
0.13034319877624512
0.08319735527038574
0.1457357406616211
0.1410198211669922
0.1300344467163086
0.0266416072845459
0.23174667358398438
0.14734673500061035
0.13581371307373047
0.12705588340759277
0.03956890106201172
0.13874411582946777
0.1389293670654297
0.03544497489929199
0.03289508819580078
0.04279732704162598
0.03988528251647949
0.045250654220581055
0.040921926498413086
0.02724146842956543
0.04614400863647461
0.03793668746948242
0.04158806800842285
0.030916452407836914
0.032187700271606445
0.044426679611206055
0.035841941833496094
0.042810916900634766
0.10665726661682129
0.05204916000366211
0.0533299446105957
0.05878019332885742
0.051160573959350586
0.04120326042175293
0.05488276481628418
0.04679059982299805
0.05408740043640137
0.05066370964050293
0.04557013511657715
0.046217918395996094
0.05656552314758301
0.058336496353149414
0.06325626373291016
0.06302762031555176
0.049918413162231445
0.055672407150268555
0.059026241302490234
0.062065839767456055
0.06007504463195801
0.054480552673339844
0.06466817855834961
0.06814455986022949
0.06752920150756836
0.06889915466308594
0.06816601753234863
0.0684499740600586
0.07037663459777832
0.0695183277130127
0.0728297233581543
0.07516241073608398
0.07660126686096191
0.0677943229675293
0.08272790908813477
0.06735587120056152
0.08079361915588379
0.06965017318725586
0.09285473823547363
0.08838939666748047
0.08765864372253418
0.07085514068603516
0.09069132804870605
0.07635235786437988
0.09521889686584473
0.07835960388183594
0.11869668960571289
0.08703374862670898
0.10705924034118652
0.09150266647338867
0.09675860404968262
0.09181332588195801
0.10492610931396484
0.10476803779602051
0.1365208625793457
0.11260867118835449
0.0979313850402832
0.09501910209655762
0.10994076728820801
0.0967550277709961
0.09711647033691406
0.09604096412658691
0.11249566078186035
0.09964990615844727
0.11090612411499023
0.11252498626708984
0.10413265228271484
0.11119937896728516
0.11144328117370605
0.1148984432220459
0.10807561874389648
0.12311100959777832
0.11313748359680176
0.11972689628601074
0.12957239151000977
0.13776350021362305
0.12512755393981934
0.1226806640625
0.11871004104614258
0.01932692527770996
0.022537708282470703
0.025616884231567383
0.022133827209472656
0.01903080940246582
0.03847789764404297
0.032124996185302734
0.03095555305480957
0.02875518798828125
0.03000617027282715
0.05453157424926758
0.025249481201171875
0.030530929565429688
0.05501294136047363
0.029262542724609375
0.033756256103515625
0.04132699966430664
0.026208877563476562
0.02772045135498047
0.0292661190032959
0.042513132095336914
0.036318063735961914
0.04515337944030762
0.04684710502624512
0.044370174407958984
0.04198741912841797
0.0365447998046875
0.043495893478393555
0.07543015480041504
0.04698061943054199
0.034325361251831055
0.054749250411987305
0.059517621994018555
0.0533294677734375
0.06165957450866699
0.049282073974609375
0.03636050224304199
0.04284358024597168
0.05569338798522949
0.03777885437011719
0.0462191104888916
0.05118703842163086
0.05353116989135742
0.04902791976928711
0.03899979591369629
0.05138421058654785
0.05622410774230957
0.056673526763916016
0.05916023254394531
0.05577445030212402
0.05945611000061035
0.04916977882385254
0.05757784843444824
0.06459426879882812
0.05951499938964844
0.05443525314331055
0.06202292442321777
0.057866573333740234
0.061879634857177734
0.07044672966003418
0.06792950630187988
0.07598161697387695
0.06560015678405762
0.06265854835510254
0.09196352958679199
0.0733797550201416
0.06931328773498535
0.06545400619506836
0.06281518936157227
0.07323169708251953
0.06783914566040039
0.07260560989379883
0.06470632553100586
0.0751032829284668
0.0606386661529541
0.06082344055175781
0.07259917259216309
0.07376289367675781
0.0639495849609375
0.0597231388092041
0.058535099029541016
0.0803680419921875
0.07230591773986816
0.05726218223571777
0.05652570724487305
0.06853628158569336
0.060707807540893555
0.060745954513549805
0.0632476806640625
0.05848574638366699
0.05947613716125488
0.04285717010498047
0.056832075119018555
0.05699920654296875
0.04539656639099121
0.04781627655029297
0.04482150077819824
0.03134322166442871
0.03128671646118164
0.03889775276184082
0.04161548614501953
0.0358884334564209
0.036530494689941406
0.034787654876708984
0.023791790008544922
0.02370929718017578
0.0414433479309082
0.04896187782287598
0.025904178619384766
0.027663230895996094
0.03955674171447754
0.042195796966552734
0.035112857818603516
0.03254580497741699
0.0390782356262207
0.028913259506225586
0.04196357727050781
0.035331010818481445
0.041208505630493164
0.027790307998657227
0.04188251495361328
0.039801597595214844
0.039766550064086914
0.021637916564941406
0.027719974517822266
0.027857542037963867
0.03231406211853027
0.023691415786743164
0.04242730140686035
0.030192852020263672
0.030892133712768555
0.030778169631958008
0.04175424575805664
0.025696992874145508
0.04721403121948242
0.025127649307250977
0.03686690330505371
0.0358123779296875
0.025735139846801758
0.048848867416381836
0.04000663757324219
0.04575395584106445
0.04180026054382324
0.031175613403320312
0.032219886779785156
0.04558897018432617
0.03275799751281738
0.045209646224975586
0.04902529716491699
0.04350423812866211
0.04329252243041992
0.05182290077209473
0.04154062271118164
0.055151939392089844
0.041088104248046875
0.04250836372375488
0.055646419525146484
0.04307675361633301
0.05224108695983887
0.05357980728149414
0.03764796257019043
0.04741716384887695
0.04667401313781738
0.0500638484954834
0.0380396842956543
0.04235506057739258
0.04981803894042969
0.04011797904968262
0.04568290710449219
0.03651022911071777
0.04453849792480469
0.05399131774902344
0.045499563217163086
0.04986739158630371
0.055307865142822266
0.06946969032287598
0.05743813514709473
0.055182695388793945
0.04427933692932129
0.040052175521850586
0.03628826141357422
0.0544431209564209
0.1649949550628662
0.04217696189880371
0.15062904357910156
0.0431516170501709
0.15602707862854004
0.1470165252685547
0.048668861389160156
0.0691378116607666
0.15023255348205566
0.15317869186401367
0.05877518653869629
0.0574033260345459
0.15004324913024902
0.1564798355102539
0.05126190185546875
0.15064525604248047
0.04874563217163086
0.0507197380065918
0.05304551124572754
0.05222058296203613
0.046855926513671875
0.04257988929748535
0.050226688385009766
0.04433846473693848
0.054729461669921875
0.06176161766052246
0.08520889282226562
0.06627225875854492
0.05751609802246094
0.056150197982788086
0.0706186294555664
0.05400872230529785
0.06590652465820312
0.0692131519317627
0.05923652648925781
0.061469316482543945
0.06918811798095703
0.061022281646728516
0.06930136680603027
0.06523966789245605
0.0720064640045166
0.07062554359436035
0.16898369789123535
0.15415143966674805
0.11792492866516113
0.07242560386657715
0.12123608589172363
0.13341903686523438
0.11760807037353516
0.12548279762268066
0.12180399894714355
0.11757397651672363
0.025220632553100586
0.009000062942504883
0.012358665466308594
0.02354264259338379
0.03101944923400879
0.021404266357421875
0.0167081356048584
0.025412559509277344
0.03415656089782715
0.013455629348754883
0.02366328239440918
0.020425796508789062
0.020430803298950195
0.03139233589172363
0.03661513328552246
0.020207881927490234
0.020630598068237305
0.034348487854003906
0.02496647834777832
0.02200627326965332
0.028552770614624023
0.0346379280090332
0.036325931549072266
0.026807546615600586
0.028436899185180664
0.02898573875427246
0.024619102478027344
0.033589839935302734
0.03232693672180176
0.0420534610748291
0.03656935691833496
0.04085516929626465
0.03997445106506348
0.03774213790893555
0.038730621337890625
0.03841114044189453
0.03991293907165527
0.04961347579956055
0.036985158920288086
0.04518771171569824
0.04427909851074219
0.04528927803039551
0.047040462493896484
0.04919099807739258
0.04344630241394043
0.046154022216796875
0.039060115814208984
0.05035662651062012
0.05062222480773926
0.04074811935424805
0.056096792221069336
0.05931591987609863
0.04820561408996582
0.055701255798339844
0.0567021369934082
0.045334577560424805
0.03940749168395996
0.03642630577087402
0.05374002456665039
0.03735542297363281
0.057672977447509766
0.051610469818115234
0.03445935249328613
0.03631401062011719
0.04779863357543945
0.05043530464172363
0.04074883460998535
0.050666093826293945
0.04494285583496094
0.04638051986694336
0.04583907127380371
0.02911996841430664
0.048320770263671875
0.03682827949523926
0.04005146026611328
0.04069709777832031
0.030123233795166016
0.03753304481506348
0.03232264518737793
0.04284811019897461
0.04427909851074219
0.0307159423828125
0.042044878005981445
0.03365588188171387
0.03889203071594238
0.077972412109375
0.03424525260925293
0.03556084632873535
0.054738521575927734
0.03726363182067871
0.04443621635437012
0.0413517951965332
0.04605555534362793
0.04033017158508301
0.051207780838012695
0.04878091812133789
0.042980194091796875
0.05545926094055176
0.04470062255859375
0.04549431800842285
0.05682849884033203
0.04558968544006348
0.052678585052490234
0.05689263343811035
0.04931831359863281
0.06757164001464844
0.0665287971496582
0.0888211727142334
0.061006784439086914
0.06425738334655762
0.06081581115722656
0.05472064018249512
0.044707536697387695
0.045804500579833984
0.05059504508972168
0.0545201301574707
0.32898378372192383
0.15885567665100098
0.032369136810302734
0.06543302536010742
0.1698625087738037
0.1262671947479248
0.1084296703338623
0.11230778694152832
0.11779117584228516
0.11638021469116211
0.11654472351074219
0.13375067710876465
0.010011672973632812
0.023446083068847656
0.021080970764160156
0.02657032012939453
0.01558375358581543
0.021279335021972656
0.016738414764404297
0.12101864814758301
0.12101531028747559
0.1208956241607666
0.15880537033081055
0.09364557266235352
0.07713675498962402
0.09748435020446777
0.10783576965332031
0.08996176719665527
0.07860922813415527
0.06853437423706055
0.10535573959350586
0.06108808517456055
0.06111431121826172
0.060149431228637695
0.06476330757141113
0.059969425201416016
0.06037545204162598
0.05712080001831055
0.0611724853515625
0.07066226005554199
0.04537653923034668
0.04967522621154785
0.04230523109436035
0.050600528717041016
0.06754088401794434
0.041652679443359375
0.04769015312194824
0.04751324653625488
0.049492835998535156
0.05051684379577637
0.05460000038146973
0.05788564682006836
0.0584714412689209
0.05311274528503418
0.05792832374572754
0.0569002628326416
0.05655694007873535
0.052605628967285156
0.05853724479675293
0.04842662811279297
0.035643815994262695
0.036902666091918945
0.03336167335510254
0.0544588565826416
0.03916168212890625
0.04067802429199219
0.033509254455566406
0.03912639617919922
0.0551455020904541
0.049823760986328125
0.054320335388183594
0.054898738861083984
0.05517005920410156
0.05120372772216797
0.055637359619140625
0.06676673889160156
0.04861950874328613
0.05054283142089844
0.060808420181274414
0.1046757698059082
0.14487695693969727
0.07331371307373047
0.1579914093017578
0.40141963958740234
0.1940445899963379
0.11866331100463867
0.10116362571716309
0.06813263893127441
0.07236790657043457
0.061719417572021484
0.10811686515808105
0.10971784591674805
0.0856940746307373
0.13693547248840332
0.11995244026184082
0.2115468978881836
0.22553038597106934
0.18034982681274414
0.208054780960083
0.4124264717102051
0.09901785850524902
0.09929919242858887
0.09590387344360352
0.10816216468811035
0.10357880592346191
0.13623690605163574
0.10774922370910645
0.10036849975585938
0.09467077255249023
0.10066080093383789
0.09585762023925781
0.10811233520507812
0.10761427879333496
0.10977602005004883
0.11322832107543945
0.11092448234558105
0.10761523246765137
0.11170768737792969
0.11285758018493652
0.10963201522827148
0.10604524612426758
0.12001824378967285
0.16864228248596191
0.18891668319702148
0.12032961845397949
0.12120819091796875
0.12993168830871582
0.12131404876708984
0.12051272392272949
0.11746358871459961
0.12461137771606445
0.02059006690979004
0.13132381439208984
0.12855076789855957
0.12395834922790527
0.12995195388793945
0.22580504417419434
0.11949872970581055
0.12045693397521973
0.13110852241516113
0.1212921142578125
0.1225895881652832
0.1197807788848877
0.009610891342163086
0.012526750564575195
0.01232600212097168
0.017760038375854492
0.028278827667236328
0.013494253158569336
0.01855158805847168
0.016629695892333984
0.01776289939880371
0.04787302017211914
0.013956546783447266
0.2041332721710205
0.13985085487365723
0.17958378791809082
0.11386966705322266
0.11261701583862305
0.13310551643371582
0.09906888008117676
0.10648846626281738
0.09679627418518066
0.09565973281860352
0.10442399978637695
0.09408903121948242
0.08991360664367676
0.09979414939880371
0.08358335494995117
0.09817814826965332
0.09012818336486816
0.08359575271606445
0.08479952812194824
0.2544593811035156
0.0974123477935791
0.18681025505065918
0.10583901405334473
0.08079004287719727
0.08139371871948242
0.1723463535308838
0.21062183380126953
0.21926045417785645
0.08649492263793945
0.14455127716064453
0.137864351272583
0.11131834983825684
0.12546515464782715
0.09401392936706543
0.08758711814880371
0.13343548774719238
0.12766361236572266
0.1127936840057373
0.0893394947052002
0.13537383079528809
0.15252017974853516
0.10262489318847656
0.1223001480102539
0.11464929580688477
0.09964537620544434
0.07529854774475098
0.07003283500671387
0.07672691345214844
0.09032273292541504
0.1543729305267334
0.08243942260742188
0.0944216251373291
0.0843348503112793
0.07874464988708496
0.0877068042755127
0.07571125030517578
0.08043026924133301
0.07734847068786621
0.07217836380004883
0.0456540584564209
0.0619809627532959
0.04721355438232422
0.10275912284851074
0.05441689491271973
0.050627708435058594
0.08229565620422363
0.057488203048706055
0.07923030853271484
0.07898473739624023
0.04379463195800781
0.05675649642944336
0.08016753196716309
0.05367469787597656
0.043639421463012695
0.0674440860748291
0.05979013442993164
0.04411172866821289
0.045583248138427734
0.0543060302734375
0.06041979789733887
0.06052517890930176
0.06013083457946777
0.050920963287353516
0.06300759315490723
0.05251145362854004
0.06326580047607422
0.05485701560974121
0.05649852752685547
0.0741879940032959
0.07240891456604004
0.08082175254821777
0.06851029396057129
0.07924747467041016
0.06247544288635254
0.07315778732299805
0.0760951042175293
0.0778968334197998
0.06929373741149902
0.06627678871154785
0.07240748405456543
0.07674050331115723
0.06790399551391602
0.06815171241760254
0.07590246200561523
0.06857967376708984
0.07463884353637695
0.07343649864196777
0.0654137134552002
0.07851076126098633
0.07894396781921387
0.07989192008972168
0.08496713638305664
0.07648468017578125
0.11595034599304199
0.07851767539978027
0.07944202423095703
0.07986998558044434
0.07284069061279297
0.07614994049072266
0.08603692054748535
0.09150123596191406
0.08393311500549316
0.07702755928039551
0.08257675170898438
0.0804750919342041
0.08280420303344727
0.08337664604187012
0.08266758918762207
0.08820462226867676
0.10703301429748535
0.1561880111694336
0.1599271297454834
0.47196483612060547
0.25517773628234863
0.11304545402526855
0.11988186836242676
0.11323809623718262
0.31796908378601074
0.18718218803405762
1.3043122291564941
1.0809473991394043
0.8621201515197754
0.9450109004974365
0.7459714412689209
0.4756474494934082
0.28316402435302734
0.14599061012268066
0.135237455368042
0.14238810539245605
0.1296844482421875
0.09084320068359375
0.12485957145690918
0.09593486785888672
0.13032007217407227
0.13468265533447266
0.19751715660095215
0.23412823677062988
0.1352674961090088
0.0833733081817627
0.11534690856933594
0.1005859375
0.07097959518432617
0.14428138732910156
0.10293817520141602
0.06728839874267578
0.10698390007019043
0.07750988006591797
0.052127838134765625
0.05395817756652832
0.059928178787231445
0.06398534774780273
0.07476449012756348
0.06721067428588867
0.06690406799316406
0.13403797149658203
0.07157111167907715
0.049668073654174805
0.06569600105285645
0.21990132331848145
0.05554318428039551
0.08162331581115723
0.12024712562561035
0.055687665939331055
0.10750770568847656
0.1295948028564453
0.13451361656188965
0.11264848709106445
0.18948745727539062
0.2555367946624756
0.27614665031433105
0.07641768455505371
0.08206796646118164
0.07239580154418945
0.07340455055236816
0.14053821563720703
0.14448976516723633
0.1602640151977539
0.16738080978393555
0.18082809448242188
0.12055516242980957
0.07535123825073242
0.11181282997131348
0.20299625396728516
0.11557531356811523
0.08254432678222656
0.09008002281188965
0.06875872611999512
0.08141875267028809
0.08197307586669922
0.12989377975463867
0.1510920524597168
0.10767459869384766
0.15450167655944824
0.20106053352355957
0.09134769439697266
0.12620306015014648
0.0597379207611084
0.06699490547180176
0.13371658325195312
0.07233333587646484
0.14397621154785156
0.08278274536132812
0.08849859237670898
0.07343554496765137
0.08413386344909668
0.07253193855285645
0.31255459785461426
0.09811210632324219
0.09220504760742188
0.10210943222045898
0.09715437889099121
0.10457563400268555
0.0768134593963623
0.1308460235595703
0.0867009162902832
0.14589881896972656
0.08673691749572754
0.08586812019348145
0.08575248718261719
0.25683093070983887
0.2270514965057373
0.13195276260375977
0.1580212116241455
0.0920872688293457
0.09324955940246582
0.09678411483764648
0.12713241577148438
0.10952615737915039
0.062029361724853516
0.11340808868408203
0.10518026351928711
0.10089254379272461
0.08133149147033691
0.0649564266204834
0.04777073860168457
0.07168006896972656
0.03862714767456055
0.16023755073547363
0.10004067420959473
0.15819764137268066
0.06966614723205566
0.13640356063842773
0.042556047439575195
0.11100459098815918
0.18563580513000488
0.1301267147064209
0.13592839241027832
0.14176630973815918
0.21610188484191895
0.12310385704040527
0.16835236549377441
0.12493538856506348
0.17893481254577637
0.15565061569213867
0.17559051513671875
0.1094667911529541
0.10863494873046875
0.12170147895812988
0.11058878898620605
0.11787533760070801
0.1696152687072754
0.14958620071411133
0.11472582817077637
0.11266350746154785
0.1646728515625
0.1291821002960205
0.12976574897766113
0.12731075286865234
0.13365817070007324
0.15771269798278809
0.098297119140625
0.1338810920715332
0.10309004783630371
0.10488748550415039
0.10206723213195801
0.1315624713897705
0.13078975677490234
0.09533309936523438
0.10322904586791992
0.16020560264587402
0.13945531845092773
0.0787973403930664
0.13498234748840332
0.13964438438415527
0.15235471725463867
0.11009049415588379
0.11166667938232422
0.10048651695251465
0.10470700263977051
0.10696673393249512
0.11560940742492676
0.11613011360168457
0.13248586654663086
0.09830689430236816
0.06861281394958496
0.08051681518554688
0.07364606857299805
0.07990002632141113
0.06762957572937012
0.06913590431213379
0.07227063179016113
0.08323264122009277
0.058144569396972656
0.14605998992919922
0.07200908660888672
0.07499408721923828
0.043334007263183594
0.0474705696105957
0.04765939712524414
0.050069570541381836
0.044417619705200195
0.04651331901550293
0.05216574668884277
0.0779266357421875
0.04929041862487793
0.06317758560180664
0.054761648178100586
0.05890345573425293
0.06936311721801758
0.05884742736816406
0.06470656394958496
0.06610989570617676
0.07115411758422852
0.07005691528320312
0.07165694236755371
0.07229971885681152
0.07169747352600098
0.06696939468383789
0.07299971580505371
0.07987737655639648
0.0780034065246582
0.06788492202758789
0.08075571060180664
0.0694425106048584
0.06763458251953125
0.05920004844665527
0.06669807434082031
0.07237744331359863
0.06700587272644043
0.07210063934326172
0.07250332832336426
0.06932902336120605
0.06989789009094238
0.06438612937927246
0.07456326484680176
0.05748891830444336
0.0718989372253418
0.07061624526977539
0.06838536262512207
0.07226276397705078
0.07430744171142578
0.0649099349975586
0.07405304908752441
0.06180119514465332
0.0759744644165039
0.06317973136901855
0.07317686080932617
0.06646084785461426
0.0655674934387207
0.06608057022094727
0.06537628173828125
0.060227155685424805
0.08054995536804199
0.0701284408569336
0.07701230049133301
0.061928749084472656
0.06396222114562988
0.07728242874145508
0.07785892486572266
0.07500505447387695
0.07610082626342773
0.07498049736022949
0.07347559928894043
0.07470250129699707
0.07481956481933594
0.0649557113647461
0.07534170150756836
0.06781792640686035
0.06624412536621094
0.07802057266235352
0.07777547836303711
0.07690715789794922
0.08396387100219727
0.07880020141601562
0.08234477043151855
0.08728241920471191
0.0795283317565918
0.07738757133483887
0.15592575073242188
0.06266474723815918
0.06863856315612793
0.0809323787689209
0.07967543601989746
0.15419936180114746
0.07065367698669434
0.06935977935791016
0.3156859874725342
0.23102259635925293
0.16979575157165527
0.10656070709228516
0.1173551082611084
0.12260770797729492
0.11182308197021484
0.09976530075073242
0.1319739818572998
0.12627387046813965
0.08454513549804688
0.11698627471923828
0.0826566219329834
0.08012175559997559
0.10598373413085938
0.07405209541320801
0.09025096893310547
0.12139344215393066
0.0841677188873291
0.11042571067810059
0.12053179740905762
0.09728336334228516
0.09839963912963867
0.08679318428039551
0.07150697708129883
0.10255932807922363
0.0797872543334961
0.087432861328125
0.08642268180847168
0.1165626049041748
0.1722719669342041
0.13913440704345703
0.20376324653625488
0.02927994728088379
0.35320138931274414
0.11465096473693848
0.1484088897705078
0.1307382583618164
0.09708523750305176
0.1372380256652832
0.11074137687683105
0.1269831657409668
0.23259305953979492
0.173628568649292
0.13360214233398438
0.12183070182800293
0.17336726188659668
0.09670591354370117
0.054953575134277344
0.06910395622253418
0.1687023639678955
0.10421299934387207
0.16932272911071777
0.15622258186340332
0.1685779094696045
0.13932394981384277
0.11495399475097656
0.1487572193145752
0.12107419967651367
0.1314072608947754
0.12250447273254395
0.19995665550231934
0.1856982707977295
0.12512540817260742
0.10394763946533203
0.10650992393493652
0.1121225357055664
0.10938715934753418
0.08245706558227539
0.1517488956451416
0.057837486267089844
0.0601506233215332
0.07855367660522461
0.060381174087524414
0.08456540107727051
0.06303787231445312
0.0849761962890625
0.1085045337677002
0.07264518737792969
0.07282590866088867
0.1416769027709961
0.09000492095947266
0.24654889106750488
0.07863903045654297
0.051128387451171875
0.050972700119018555
0.0985872745513916
0.08283019065856934
0.049787282943725586
0.13436102867126465
0.1469876766204834
0.17929863929748535
0.0912177562713623
0.09164214134216309
0.06516766548156738
0.08353829383850098
0.09819602966308594
0.07350850105285645
0.38733363151550293
0.32134270668029785
0.0684196949005127
0.04098224639892578
0.03649711608886719
0.04236459732055664
0.02294635772705078
0.05169677734375
0.028387784957885742
0.0939798355102539
0.05477118492126465
0.022713422775268555
0.03939008712768555
0.03181099891662598
0.04442787170410156
0.16470122337341309
0.12303280830383301
0.24910616874694824
0.17501449584960938
0.10835766792297363
0.07423973083496094
0.05475926399230957
0.06388616561889648
0.04537677764892578
0.03156089782714844
0.07104754447937012
0.03239798545837402
0.035520315170288086
0.07486367225646973
0.10890078544616699
0.10723233222961426
0.12362027168273926
0.03685498237609863
0.13769841194152832
0.023776769638061523
0.155517578125
0.682908296585083
0.47034168243408203
0.3630030155181885
0.1479949951171875
0.19019079208374023
0.15068984031677246
0.055786848068237305
0.04586529731750488
0.3022885322570801
0.09800124168395996
0.1751408576965332
0.0619511604309082
0.08105158805847168
0.05133867263793945
0.03563237190246582
0.12365174293518066
0.1934218406677246
0.07933592796325684
0.33144330978393555
0.11241292953491211
0.10238790512084961
0.054459333419799805
0.0731818675994873
0.03986692428588867
0.049056053161621094
0.09043407440185547
0.09109282493591309
0.13073229789733887
0.0335240364074707
0.030386686325073242
0.10061097145080566
0.03485822677612305
0.08870315551757812
0.0251007080078125
0.1368694305419922
0.09363961219787598
0.17667412757873535
0.12603306770324707
0.15859246253967285
0.12547898292541504
0.09148931503295898
0.22876620292663574
0.25408291816711426
0.1715865135192871
0.3469381332397461
0.22628164291381836
0.10598230361938477
0.034661054611206055
0.13480138778686523
0.11036109924316406
0.040227413177490234
0.12577080726623535
0.14001893997192383
0.11523652076721191
0.0926508903503418
0.17795228958129883
0.10139131546020508
0.19882583618164062
0.13331270217895508
0.1373610496520996
0.10544943809509277
0.10246515274047852
0.18003153800964355
0.14225316047668457
0.1266953945159912
0.1104896068572998
0.16858124732971191
0.1232450008392334
0.11718034744262695
0.15379714965820312
0.21302318572998047
0.2693521976470947
0.13460850715637207
0.12439918518066406
0.06600379943847656
0.12598347663879395
0.1353294849395752
0.11028671264648438
0.023620128631591797
0.019106149673461914
0.14728236198425293
0.10863709449768066
0.401350736618042
0.187758207321167
0.0673227310180664
0.06488347053527832
0.331892728805542
0.14855170249938965
0.07333612442016602
0.10320019721984863
0.06012082099914551
0.13208866119384766
0.22292447090148926
0.14106082916259766
0.18488430976867676
0.10995054244995117
0.057132720947265625
0.06479501724243164
0.05858588218688965
0.05238676071166992
0.12355494499206543
0.060990333557128906
0.05242156982421875
0.06782007217407227
0.18575406074523926
0.24086880683898926
0.42357659339904785
0.21741890907287598
0.11059117317199707
0.13579201698303223
0.2878992557525635
0.1796576976776123
0.10091733932495117
0.06372714042663574
0.10403966903686523
0.6912624835968018
0.894240140914917
0.65533447265625
0.42104291915893555
0.1634988784790039
0.20195913314819336
0.17711663246154785
0.15558171272277832
0.20807695388793945
0.21318626403808594
0.10186553001403809
0.15573501586914062
0.14949297904968262
0.3590247631072998
0.14903759956359863
0.11875438690185547
0.1857614517211914
0.22066855430603027
0.2697751522064209
0.12724542617797852
0.05295848846435547
0.04669022560119629
0.0893411636352539
0.04118680953979492
0.03928995132446289
0.04204964637756348
0.12328314781188965
0.03817248344421387
0.034795284271240234
0.03047800064086914
0.07526826858520508
0.02206897735595703
0.03474712371826172
0.028420448303222656
0.04353475570678711
0.03519916534423828
0.03401041030883789
0.02730250358581543
0.05899977684020996
0.02704596519470215
0.03410959243774414
0.02814459800720215
0.02136063575744629
0.018577098846435547
0.024628400802612305
0.029278039932250977
0.022823095321655273
0.02896285057067871
0.04232430458068848
0.06563711166381836
0.04181408882141113
0.04107379913330078
0.028677701950073242
0.03422212600708008
0.0410466194152832
