0.15450334548950195
0.04927253723144531
0.14943957328796387
0.06777310371398926
0.14762234687805176
0.13199186325073242
0.14338994026184082
0.03709149360656738
0.24061155319213867
0.1341853141784668
0.1461169719696045
0.14043188095092773
0.03640317916870117
0.14060711860656738
0.14273285865783691
0.03836488723754883
0.030048608779907227
0.040360450744628906
0.04243111610412598
0.04125523567199707
0.04332852363586426
0.029219865798950195
0.048738718032836914
0.0398564338684082
0.043091773986816406
0.05706381797790527
0.0341944694519043
0.04659771919250488
0.04834294319152832
0.05040144920349121
0.14646363258361816
0.06114602088928223
0.055321455001831055
0.06466317176818848
0.04268908500671387
0.054457664489746094
0.04277658462524414
0.04843759536743164
0.05585837364196777
0.05292868614196777
0.060373783111572266
0.04813098907470703
0.0487210750579834
0.05994868278503418
0.06515097618103027
0.06229710578918457
0.06385111808776855
0.06592845916748047
0.06371164321899414
0.05254054069519043
0.06749844551086426
0.06719708442687988
0.057753801345825195
0.05816936492919922
0.06996011734008789
0.07248497009277344
0.06091165542602539
0.06456232070922852
0.07354092597961426
0.0737156867980957
0.07469987869262695
0.06609678268432617
0.07437610626220703
0.07979321479797363
0.08214068412780762
0.08627963066101074
0.08316349983215332
0.08917498588562012
0.07340669631958008
0.0919945240020752
0.08424925804138184
0.08460831642150879
0.08906769752502441
0.07818484306335449
0.08131098747253418
0.09429097175598145
0.08413982391357422
0.10127568244934082
0.08763551712036133
0.10412025451660156
0.09963107109069824
0.09405922889709473
0.1232447624206543
0.10184597969055176
0.09302496910095215
0.11195874214172363
0.11115717887878418
0.10739564895629883
0.10362839698791504
0.11038732528686523
0.10470080375671387
0.10590863227844238
0.11510992050170898
0.10190415382385254
0.12000322341918945
0.11591744422912598
0.1387324333190918
0.10783052444458008
0.10781335830688477
0.11687088012695312
0.11937952041625977
0.12540054321289062
0.10989999771118164
0.12245917320251465
0.11574459075927734
0.12938427925109863
0.11880874633789062
0.134354829788208
0.12782740592956543
0.021742820739746094
0.014397382736206055
0.031180143356323242
0.02457737922668457
0.020998001098632812
0.023014307022094727
0.034725189208984375
0.03371691703796387
0.03136610984802246
0.03268241882324219
0.05057191848754883
0.02703237533569336
0.0330350399017334
0.029090404510498047
0.035886526107788086
0.029851198196411133
0.04129362106323242
0.04729032516479492
0.03490638732910156
0.026196002960205078
0.03972029685974121
0.03846120834350586
0.04374837875366211
0.03318309783935547
0.03251147270202637
0.0441281795501709
0.03911185264587402
0.048328399658203125
0.07194852828979492
0.05092358589172363
0.04754924774169922
0.044870853424072266
0.05157160758972168
0.05492663383483887
0.06417465209960938
0.04177498817443848
0.049961090087890625
0.039144277572631836
0.05684161186218262
0.04559946060180664
0.04790139198303223
0.03858470916748047
0.051094770431518555
0.04095029830932617
0.04681134223937988
0.05710148811340332
0.05255126953125
0.047913312911987305
0.05793285369873047
0.05334329605102539
0.05644941329956055
0.05123305320739746
0.06295537948608398
0.06194949150085449
0.061255455017089844
0.10196113586425781
0.06400680541992188
0.07107996940612793
0.06451988220214844
0.06909060478210449
0.07124519348144531
0.07385563850402832
0.06202507019042969
0.07654500007629395
0.0747528076171875
0.07082819938659668
0.07684516906738281
0.061098575592041016
0.07655000686645508
0.07789850234985352
0.07579302787780762
0.06404781341552734
0.07807135581970215
0.06347775459289551
0.07329702377319336
0.06843400001525879
0.0647726058959961
0.07086515426635742
0.06846094131469727
0.07305169105529785
0.07541155815124512
0.06065845489501953
0.06434512138366699
0.06487846374511719
0.06958580017089844
0.0701138973236084
0.0531158447265625
0.059355735778808594
0.053327083587646484
0.07006311416625977
0.05749368667602539
0.05060148239135742
0.05540943145751953
0.05309700965881348
0.0582427978515625
0.05004429817199707
0.04848074913024902
0.04560208320617676
0.033263206481933594
0.04340338706970215
0.037627220153808594
0.043276309967041016
0.055791616439819336
0.039758920669555664
0.040242910385131836
0.03781747817993164
0.04302501678466797
0.0349278450012207
0.03635215759277344
0.029587507247924805
0.037132978439331055
0.028376340866088867
0.033516883850097656
0.03429698944091797
0.04234457015991211
0.045011043548583984
0.029347658157348633
0.037363529205322266
0.02847123146057129
0.04122185707092285
0.040849924087524414
0.031099319458007812
0.04584336280822754
0.02346634864807129
0.03579378128051758
0.029431819915771484
0.03971743583679199
0.026277542114257812
0.02996230125427246
0.03842592239379883
0.03807663917541504
0.044775962829589844
0.03373312950134277
0.03793644905090332
0.03919076919555664
0.03812050819396973
0.02387523651123047
0.03743410110473633
0.03901338577270508
0.03824353218078613
0.030970096588134766
0.04928231239318848
0.044762372970581055
0.0390470027923584
0.03422379493713379
0.044614553451538086
0.04055285453796387
0.03597068786621094
0.05445551872253418
0.04698324203491211
0.0355381965637207
0.038481950759887695
0.04371142387390137
0.05373859405517578
0.05469655990600586
0.06155729293823242
0.058158159255981445
0.04492306709289551
0.04545474052429199
0.055190086364746094
0.050192832946777344
0.03997921943664551
0.037754058837890625
0.04850339889526367
0.05154275894165039
0.049959421157836914
0.04949164390563965
0.04245638847351074
0.042990684509277344
0.04978299140930176
0.04632735252380371
0.05219674110412598
0.04153585433959961
0.04657387733459473
0.05243086814880371
0.06164979934692383
0.04280209541320801
0.059587717056274414
0.04113340377807617
0.04194068908691406
0.03835701942443848
0.056458473205566406
0.16373896598815918
0.044022321701049805
0.16021060943603516
0.04503989219665527
0.14863967895507812
0.15997695922851562
0.0561521053314209
0.07863163948059082
0.17705106735229492
0.16112709045410156
0.05668950080871582
0.05436086654663086
0.14655232429504395
0.14411067962646484
0.04156208038330078
0.15210247039794922
0.06208968162536621
0.05356001853942871
0.054584503173828125
0.05771207809448242
0.04342365264892578
0.050222158432006836
0.05868649482727051
0.04635000228881836
0.05191302299499512
0.06390523910522461
0.0638272762298584
0.06387066841125488
0.07019782066345215
0.07447123527526855
0.14935040473937988
0.06196188926696777
0.0646364688873291
0.06054997444152832
0.06652617454528809
0.08659505844116211
0.07535886764526367
0.0687105655670166
0.0717771053314209
0.07794046401977539
0.09012293815612793
0.23387765884399414
0.39943814277648926
0.17644381523132324
0.03826093673706055
0.09442734718322754
0.14066147804260254
0.12365365028381348
0.13006329536437988
0.12448334693908691
0.12378549575805664
0.11389374732971191
0.023492813110351562
0.024964332580566406
0.02446126937866211
0.021047115325927734
0.02395033836364746
0.029185056686401367
0.03893923759460449
0.03340029716491699
0.032152414321899414
0.015717267990112305
0.025815248489379883
0.03410649299621582
0.027876615524291992
0.0360109806060791
0.03445720672607422
0.027889728546142578
0.027960538864135742
0.026265859603881836
0.02677750587463379
0.029228687286376953
0.029953479766845703
0.03670811653137207
0.03769636154174805
0.028827428817749023
0.024988412857055664
0.030824899673461914
0.03571629524230957
0.02985858917236328
0.03720831871032715
0.03400421142578125
0.03870558738708496
0.04228544235229492
0.04224967956542969
0.041342735290527344
0.02985072135925293
0.04209470748901367
0.03175091743469238
0.06903243064880371
0.033129215240478516
0.03804349899291992
0.049933671951293945
0.050286054611206055
0.03898429870605469
0.05176520347595215
0.0508570671081543
0.04807639122009277
0.04945254325866699
0.0546722412109375
0.04179120063781738
0.054060935974121094
0.043482303619384766
0.04544377326965332
0.050217390060424805
0.05217790603637695
0.05795454978942871
0.05986928939819336
0.055339813232421875
0.044676780700683594
0.044351816177368164
0.056098222732543945
0.03807401657104492
0.05423140525817871
0.042188405990600586
0.06558585166931152
0.04453301429748535
0.05152463912963867
0.047226667404174805
0.04320788383483887
0.0383298397064209
0.04171633720397949
0.04743027687072754
0.04249143600463867
0.03520989418029785
0.03343963623046875
0.03238964080810547
0.03721189498901367
0.04171895980834961
0.02841353416442871
0.028682231903076172
0.043968915939331055
0.0323488712310791
0.047219038009643555
0.034881591796875
0.03558468818664551
0.04143214225769043
0.056385040283203125
0.042588233947753906
0.048818111419677734
0.056586503982543945
0.04474067687988281
0.053043365478515625
0.04315972328186035
0.047842979431152344
0.051203250885009766
0.047456979751586914
0.04497933387756348
0.05099749565124512
0.05819249153137207
0.05498957633972168
0.052712202072143555
0.0498964786529541
0.059572696685791016
0.054395198822021484
0.04950857162475586
0.06254410743713379
0.09263944625854492
0.05922412872314453
0.07423567771911621
0.05405831336975098
0.0549161434173584
0.04711437225341797
0.04721379280090332
0.06028175354003906
0.05733203887939453
0.051857948303222656
0.05947065353393555
0.049050092697143555
0.1275174617767334
0.04686760902404785
0.11823558807373047
0.2883434295654297
0.12292003631591797
0.11574316024780273
0.10900473594665527
0.12096714973449707
0.11838746070861816
0.11058378219604492
0.11377429962158203
0.01742410659790039
0.026958942413330078
0.027016878128051758
0.029231548309326172
0.01771712303161621
0.01772928237915039
0.01859140396118164
0.14412879943847656
0.13010549545288086
0.13216304779052734
0.1656172275543213
0.1104898452758789
0.09353446960449219
0.11043715476989746
0.1052396297454834
0.08616518974304199
0.08577561378479004
0.0865025520324707
0.07323884963989258
0.06357479095458984
0.07445526123046875
0.06937766075134277
0.05551624298095703
0.06906795501708984
0.05680680274963379
0.05893850326538086
0.06417679786682129
0.0916593074798584
0.052712202072143555
0.05259251594543457
0.05540919303894043
0.06209611892700195
0.050499677658081055
0.05510711669921875
0.04052400588989258
0.043972015380859375
0.05285477638244629
0.05836796760559082
0.05774211883544922
0.06255936622619629
0.050162315368652344
0.06012725830078125
0.06305122375488281
0.060533761978149414
0.06034684181213379
0.054758548736572266
0.06180882453918457
0.038786888122558594
0.03361916542053223
0.02865004539489746
0.030255794525146484
0.05337882041931152
0.03663039207458496
0.033349037170410156
0.0442357063293457
0.04103493690490723
0.05771970748901367
0.04206490516662598
0.05711078643798828
0.05639195442199707
0.05187368392944336
0.05385851860046387
0.05789065361022949
0.062052249908447266
0.05010509490966797
0.05736732482910156
0.06909465789794922
0.12630105018615723
0.14883089065551758
0.13018512725830078
0.0758817195892334
0.25029873847961426
0.13854026794433594
0.0548245906829834
0.08986020088195801
0.06503033638000488
0.10183072090148926
0.05639934539794922
0.04088568687438965
0.08826780319213867
0.10048079490661621
0.06910538673400879
0.1194295883178711
0.18013763427734375
0.02473592758178711
0.17661356925964355
0.211045503616333
0.36757612228393555
0.10548543930053711
0.10194563865661621
0.12174630165100098
0.11909985542297363
0.12124800682067871
0.14786887168884277
0.09439921379089355
0.11145782470703125
0.11818385124206543
0.10870194435119629
0.09881067276000977
0.10457706451416016
0.10393023490905762
0.11412215232849121
0.09920430183410645
0.10249710083007812
0.10997414588928223
0.12758469581604004
0.11079001426696777
0.11237716674804688
0.11904025077819824
0.11057519912719727
0.1611034870147705
0.13298916816711426
0.13608121871948242
0.12461519241333008
0.13355445861816406
0.11854362487792969
0.12319064140319824
0.1242067813873291
0.1127922534942627
0.023696422576904297
0.12889456748962402
0.13368678092956543
0.13842391967773438
0.13600730895996094
0.22722721099853516
0.13167452812194824
0.12296295166015625
0.1330420970916748
0.1241767406463623
0.1256866455078125
0.12620830535888672
0.011533975601196289
0.014501810073852539
0.014142036437988281
0.019737958908081055
0.019711971282958984
0.015300750732421875
0.015243768692016602
0.029819011688232422
0.01977682113647461
0.058359384536743164
0.03832268714904785
0.15850591659545898
0.16190314292907715
0.1520392894744873
0.13214612007141113
0.09727334976196289
0.12403464317321777
0.11697530746459961
0.09719657897949219
0.09464097023010254
0.10529017448425293
0.10012149810791016
0.12642168998718262
0.10435652732849121
0.11984014511108398
0.11744546890258789
0.0971231460571289
0.11511373519897461
0.10787081718444824
0.10626029968261719
0.1522982120513916
0.0950314998626709
0.08553242683410645
0.10648131370544434
0.09971785545349121
0.11406636238098145
0.1681804656982422
0.21834087371826172
0.1245274543762207
0.08977150917053223
0.09393143653869629
0.13506340980529785
0.15682291984558105
0.13165569305419922
0.10416603088378906
0.11570096015930176
0.12473177909851074
0.11129570007324219
0.11136198043823242
0.08679676055908203
0.15465474128723145
0.10579204559326172
0.11692333221435547
0.09681916236877441
0.08099842071533203
0.09507393836975098
0.07804465293884277
0.0787053108215332
0.08477544784545898
0.08820629119873047
0.1513066291809082
0.12713909149169922
0.07649636268615723
0.08112311363220215
0.0756676197052002
0.10218954086303711
0.10462594032287598
0.12902283668518066
0.08266615867614746
0.06725096702575684
0.05954933166503906
0.06651926040649414
0.06020212173461914
0.08222222328186035
0.06782126426696777
0.05840587615966797
0.08788371086120605
0.07001876831054688
0.09772825241088867
0.07518124580383301
0.060184478759765625
0.05387115478515625
0.08256936073303223
0.05691981315612793
0.04571962356567383
0.053505897521972656
0.06271624565124512
0.05171394348144531
0.0578303337097168
0.05660724639892578
0.05685830116271973
0.051625967025756836
0.05824589729309082
0.0641489028930664
0.05837559700012207
0.06595611572265625
0.07515454292297363
0.07008886337280273
0.08026123046875
0.07795929908752441
0.06978988647460938
0.06691622734069824
0.0706338882446289
0.07623481750488281
0.07595348358154297
0.08092093467712402
0.07803893089294434
0.07460999488830566
0.06846761703491211
0.07700967788696289
0.0746457576751709
0.07557201385498047
0.07525801658630371
0.0650184154510498
0.07536911964416504
0.07668209075927734
0.07661080360412598
0.07537531852722168
0.0777750015258789
0.06998705863952637
0.07091259956359863
0.08580660820007324
0.0720362663269043
0.08429431915283203
0.10991454124450684
0.0807638168334961
0.07712817192077637
0.07262039184570312
0.08918046951293945
0.08905839920043945
0.08204960823059082
0.08867144584655762
0.08684897422790527
0.07895159721374512
0.0898287296295166
0.08355927467346191
0.08472251892089844
0.08668661117553711
0.0815882682800293
0.07947325706481934
0.10008907318115234
0.13539648056030273
0.06616783142089844
0.4668867588043213
0.2549455165863037
0.12978625297546387
0.12998175621032715
0.13942837715148926
0.4624927043914795
0.2082233428955078
0.3094198703765869
0.44797515869140625
0.4040820598602295
0.18359041213989258
0.7192938327789307
0.44913792610168457
0.22699546813964844
0.15900063514709473
0.13815808296203613
0.15009737014770508
0.1260817050933838
0.09500002861022949
0.1304326057434082
0.1148843765258789
0.12121891975402832
0.1356945037841797
0.19410967826843262
0.20856070518493652
0.10464286804199219
0.08935093879699707
0.1210329532623291
0.12350320816040039
0.11510682106018066
0.18432331085205078
0.09740376472473145
0.06990814208984375
0.12461113929748535
0.06949830055236816
0.06393647193908691
0.07722020149230957
0.08432292938232422
0.07923531532287598
0.06517362594604492
0.07890748977661133
0.05808568000793457
0.10023283958435059
0.09794807434082031
0.06305861473083496
0.10251736640930176
0.12367630004882812
0.08217549324035645
0.06681609153747559
0.07094407081604004
0.038092613220214844
0.29015302658081055
0.2025003433227539
0.1314256191253662
0.18649792671203613
0.18870949745178223
0.48226118087768555
0.27678656578063965
0.08475899696350098
0.13634252548217773
0.08618974685668945
0.09853506088256836
0.19152331352233887
0.1673717498779297
0.09345483779907227
0.1587822437286377
0.1096506118774414
0.12469983100891113
0.07734131813049316
0.17281365394592285
0.18883728981018066
0.0711984634399414
0.10271811485290527
0.08869409561157227
0.08132171630859375
0.06817841529846191
0.0940694808959961
0.09282970428466797
0.16771435737609863
0.14590811729431152
0.15893006324768066
0.18113064765930176
0.10179853439331055
0.09296512603759766
0.06520700454711914
0.1450517177581787
0.12750577926635742
0.10266828536987305
0.11014652252197266
0.10425782203674316
0.10860085487365723
0.0953516960144043
0.11013007164001465
0.08048415184020996
0.11772274971008301
0.11690115928649902
0.1210319995880127
0.11081886291503906
0.08955001831054688
0.10124635696411133
0.09481549263000488
0.10299015045166016
0.09231138229370117
0.11447525024414062
0.08185839653015137
0.1065061092376709
0.1548013687133789
0.24146819114685059
0.37253284454345703
0.11998605728149414
0.17056632041931152
0.08938288688659668
0.10403013229370117
0.09948992729187012
0.10908961296081543
0.11421680450439453
0.09296226501464844
0.08048486709594727
0.11393427848815918
0.14177465438842773
0.08756732940673828
0.08280062675476074
0.07614445686340332
0.09364843368530273
0.05944943428039551
0.1433088779449463
0.10031938552856445
0.17456364631652832
0.07221102714538574
0.16776299476623535
0.06580018997192383
0.113739013671875
0.18869328498840332
0.1622157096862793
0.16106390953063965
0.13849854469299316
0.24084711074829102
0.14636635780334473
0.16858339309692383
0.12278938293457031
0.18245673179626465
0.15438413619995117
0.11406302452087402
0.14001083374023438
0.12252187728881836
0.12926459312438965
0.1137087345123291
0.11705183982849121
0.19281601905822754
0.13974881172180176
0.12955427169799805
0.1526014804840088
0.1732487678527832
0.1361250877380371
0.13921737670898438
0.12221837043762207
0.12597322463989258
0.17653846740722656
0.09534406661987305
0.15946078300476074
0.10741376876831055
0.1217648983001709
0.12398242950439453
0.12810826301574707
0.12633085250854492
0.09919905662536621
0.12142682075500488
0.10098147392272949
0.1363976001739502
0.08999061584472656
0.1427762508392334
0.1506788730621338
0.13912272453308105
0.0700843334197998
0.12215971946716309
0.06665182113647461
0.11267590522766113
0.10525941848754883
0.11838865280151367
0.12697815895080566
0.07961487770080566
0.10104799270629883
0.08189058303833008
0.07922744750976562
0.07060432434082031
0.07212185859680176
0.08293318748474121
0.08253645896911621
0.08635711669921875
0.07144284248352051
0.09378337860107422
0.1632699966430664
0.07527494430541992
0.07795071601867676
0.04566383361816406
0.0499420166015625
0.05546140670776367
0.05833721160888672
0.047165632247924805
0.051007747650146484
0.04855823516845703
0.07501792907714844
0.062345266342163086
0.06453609466552734
0.07205033302307129
0.061142683029174805
0.06598091125488281
0.061213016510009766
0.07261490821838379
0.07399320602416992
0.07714319229125977
0.06712865829467773
0.06810569763183594
0.08148908615112305
0.07340455055236816
0.08300113677978516
0.08687281608581543
0.08144211769104004
0.07512974739074707
0.07669448852539062
0.07369709014892578
0.07191824913024902
0.06018972396850586
0.06132841110229492
0.06879186630249023
0.0755927562713623
0.07480096817016602
0.06446456909179688
0.06392717361450195
0.05651736259460449
0.05732369422912598
0.07209587097167969
0.060047149658203125
0.07134199142456055
0.0630178451538086
0.07970690727233887
0.05910491943359375
0.07341575622558594
0.06734204292297363
0.06727170944213867
0.06630802154541016
0.06420516967773438
0.07473516464233398
0.07126235961914062
0.06617927551269531
0.06879472732543945
0.0613245964050293
0.06454896926879883
0.06673073768615723
0.056578636169433594
0.06807541847229004
0.07079672813415527
0.06933355331420898
0.07526588439941406
0.07998538017272949
0.08270096778869629
0.07528996467590332
0.08307671546936035
0.08387875556945801
0.07183718681335449
0.07615232467651367
0.0746622085571289
0.08127355575561523
0.07245731353759766
0.07712101936340332
0.06431746482849121
0.07921290397644043
0.06962966918945312
0.07998442649841309
0.08815145492553711
0.08541107177734375
0.08077239990234375
0.07776236534118652
0.09104514122009277
0.08210182189941406
0.0744926929473877
0.17246079444885254
0.08119463920593262
0.08416748046875
0.09224152565002441
0.08231234550476074
0.20818829536437988
0.0673832893371582
0.06631731986999512
0.12860512733459473
0.06532979011535645
0.15301036834716797
0.11815762519836426
0.12284255027770996
0.11183738708496094
0.11935615539550781
0.1285104751586914
0.11842846870422363
0.18074607849121094
0.09234166145324707
0.11711454391479492
0.0855867862701416
0.10339236259460449
0.1257634162902832
0.08743429183959961
0.08725929260253906
0.1307508945465088
0.08497953414916992
0.11686038970947266
0.1430494785308838
0.170729398727417
0.09530234336853027
0.09422874450683594
0.12274885177612305
0.08261513710021973
0.08603882789611816
0.13742494583129883
0.08443427085876465
0.15522122383117676
0.1830282211303711
0.16368484497070312
0.2194223403930664
0.16615629196166992
0.40993380546569824
0.2044966220855713
0.13172411918640137
0.12684941291809082
0.07384729385375977
0.17416048049926758
0.13961291313171387
0.14082121849060059
0.25977063179016113
0.1265573501586914
0.12903594970703125
0.1406843662261963
0.1817002296447754
0.0780344009399414
0.07367181777954102
0.04803276062011719
0.18306636810302734
0.10730528831481934
0.23269414901733398
0.15913701057434082
0.16936445236206055
0.14098238945007324
0.11536455154418945
0.14171600341796875
0.1245722770690918
0.124481201171875
0.1463470458984375
0.19608712196350098
0.18607425689697266
0.1089332103729248
0.11820220947265625
0.11853694915771484
0.13251829147338867
0.13865876197814941
0.10425019264221191
0.15558218955993652
0.1459496021270752
0.06296992301940918
0.06291770935058594
0.0913386344909668
0.08116507530212402
0.11223840713500977
0.10794734954833984
0.1103518009185791
0.08176589012145996
0.07446980476379395
0.15419507026672363
0.08531999588012695
0.20511126518249512
0.09654378890991211
0.0860893726348877
0.06292867660522461
0.09463810920715332
0.05322718620300293
0.047966718673706055
0.1426248550415039
0.25397539138793945
0.24911260604858398
0.1306746006011963
0.09835267066955566
0.06918215751647949
0.0858454704284668
0.0854644775390625
0.06717562675476074
0.5120394229888916
0.3254563808441162
0.08986425399780273
0.046079158782958984
0.0507049560546875
0.03042149543762207
0.05871319770812988
0.060864925384521484
0.04637908935546875
0.12136054039001465
0.04886579513549805
0.02515411376953125
0.05308866500854492
0.028755664825439453
0.02251267433166504
0.13617157936096191
0.14213323593139648
0.35631728172302246
0.13213372230529785
0.15148448944091797
0.05987071990966797
0.03899264335632324
0.08042025566101074
0.046793222427368164
0.09120893478393555
0.0440373420715332
0.1030583381652832
0.10110592842102051
0.06500840187072754
0.1212921142578125
0.06342387199401855
0.18067073822021484
0.03495001792907715
0.15797090530395508
0.06308412551879883
0.1543292999267578
0.18660759925842285
0.26144838333129883
0.09737682342529297
0.17932820320129395
0.1973717212677002
0.15825510025024414
0.05816149711608887
0.05865335464477539
0.2319037914276123
0.17240071296691895
0.20468473434448242
0.06557989120483398
0.08042407035827637
0.053304195404052734
0.03254866600036621
0.15758490562438965
0.18833208084106445
0.09966158866882324
0.13695716857910156
0.1010129451751709
0.05082535743713379
0.05433082580566406
0.048284292221069336
0.04277992248535156
0.05178642272949219
0.0964808464050293
0.053699493408203125
0.06792521476745605
0.10973286628723145
0.0506591796875
0.04866218566894531
0.03614091873168945
0.030260801315307617
0.09271669387817383
0.1294865608215332
0.0598294734954834
0.18264484405517578
0.13001179695129395
0.11908864974975586
0.12985801696777344
0.15032029151916504
0.09968876838684082
0.20463824272155762
0.13097405433654785
0.33366918563842773
0.10079193115234375
0.4342200756072998
0.22178053855895996
0.12338709831237793
0.1138162612915039
0.09500741958618164
0.12331128120422363
0.12677431106567383
0.12224721908569336
0.11635351181030273
0.11866259574890137
0.15147781372070312
0.12494683265686035
0.18304204940795898
0.0923764705657959
0.15665030479431152
0.1747608184814453
0.16310358047485352
0.1919543743133545
0.18943119049072266
0.11687684059143066
0.1770639419555664
0.14172792434692383
0.1368701457977295
0.15392351150512695
0.12294840812683105
0.4280381202697754
0.2118079662322998
0.08516287803649902
0.08187270164489746
0.10959887504577637
0.15422391891479492
0.09173989295959473
0.05916261672973633
0.05193066596984863
0.205322265625
0.21407866477966309
0.3229978084564209
0.1882174015045166
0.06433892250061035
0.07178783416748047
0.355602502822876
0.15299582481384277
0.07187891006469727
0.0739293098449707
0.061057090759277344
0.17946600914001465
0.6390678882598877
0.6339097023010254
0.40740036964416504
0.15218162536621094
0.11365103721618652
0.05909585952758789
0.07017302513122559
0.06430435180664062
0.11717963218688965
0.06341433525085449
0.061679840087890625
0.03448796272277832
0.1607975959777832
0.2697029113769531
0.17286324501037598
0.21659517288208008
0.11462211608886719
0.13067293167114258
0.24939799308776855
0.23746705055236816
0.10363650321960449
0.14729809761047363
0.8778982162475586
0.6626932621002197
0.5233755111694336
0.2844676971435547
0.2939169406890869
0.2065274715423584
0.19472527503967285
0.17567133903503418
0.2483839988708496
0.17178583145141602
0.34209370613098145
0.12164950370788574
0.10823941230773926
0.07332444190979004
0.21828603744506836
0.13531827926635742
0.059862613677978516
0.18936753273010254
0.17817163467407227
0.37082910537719727
0.19861912727355957
0.07485580444335938
0.09545731544494629
0.0521395206451416
0.05070209503173828
0.03716444969177246
0.09296846389770508
0.039084434509277344
0.036032915115356445
0.08517861366271973
0.07935547828674316
0.08084273338317871
0.04092836380004883
0.02724456787109375
0.02524709701538086
0.03648257255554199
0.031159400939941406
0.12688446044921875
0.029477596282958984
0.05685710906982422
0.024686574935913086
0.0212557315826416
0.020574569702148438
0.02855658531188965
0.02083897590637207
0.032799482345581055
0.026549577713012695
0.04909539222717285
0.0515294075012207
0.09717798233032227
0.06354117393493652
0.04469943046569824
0.028008460998535156
0.036569833755493164
0.041543006896972656
0.04604053497314453
