0.09924030303955078
0.11154580116271973
0.09257268905639648
0.0776219367980957
0.0631265640258789
0.04918026924133301
0.10613870620727539
0.08378076553344727
0.06979846954345703
0.05903935432434082
0.04507279396057129
0.03043651580810547
0.10942649841308594
0.08899497985839844
0.07454395294189453
0.0639181137084961
0.05032920837402344
0.036212921142578125
0.0217592716217041
0.1159965991973877
0.09859585762023926
0.08571839332580566
0.07133698463439941
0.053789377212524414
0.039748430252075195
0.10780167579650879
0.0839838981628418
0.08119440078735352
0.06318163871765137
0.04951024055480957
0.035201311111450195
0.10251641273498535
0.09920072555541992
0.08614897727966309
0.07234025001525879
0.05810880661010742
0.0453035831451416
0.11769819259643555
0.09079480171203613
0.07417893409729004
0.06454300880432129
0.04658770561218262
0.03265380859375
0.10688209533691406
0.09816384315490723
0.08413434028625488
0.06990742683410645
0.055466413497924805
0.048491716384887695
0.1193850040435791
0.07746338844299316
0.055808305740356445
0.06022334098815918
0.045841217041015625
0.030962705612182617
0.09132766723632812
0.07762455940246582
0.06541800498962402
0.052969932556152344
0.04894208908081055
0.03465771675109863
0.10516071319580078
0.09603381156921387
0.08173871040344238
0.06746268272399902
0.05290985107421875
0.03855109214782715
0.023386478424072266
0.08958649635314941
0.08107352256774902
0.06743144989013672
0.05916714668273926
0.05373644828796387
0.03569197654724121
0.08567094802856445
0.09038066864013672
0.07544112205505371
0.06178689002990723
0.047351837158203125
0.03526639938354492
0.10034418106079102
0.10468387603759766
0.09050846099853516
0.07544755935668945
0.060721635818481445
0.04651594161987305
0.036237239837646484
0.10027670860290527
0.08432483673095703
0.07033348083496094
0.054563283920288086
0.10992431640625
0.09912681579589844
0.08675074577331543
0.08809208869934082
0.07351040840148926
0.05840420722961426
0.043673038482666016
0.1216881275177002
0.09482789039611816
0.08075308799743652
0.06633281707763672
0.051666259765625
0.03352499008178711
0.10966897010803223
0.08450531959533691
0.07031011581420898
0.05737614631652832
0.057244300842285156
0.045215606689453125
0.034436941146850586
0.09417724609375
0.08293008804321289
0.06868720054626465
0.05099987983703613
0.03292036056518555
0.019154071807861328
0.10317873954772949
0.08823156356811523
0.07328367233276367
0.07567763328552246
0.062042236328125
0.04787898063659668
0.034322500228881836
0.10278868675231934
0.08486056327819824
0.06694412231445312
0.051779747009277344
0.037071943283081055
0.024677038192749023
0.10638785362243652
0.08447551727294922
0.06976151466369629
0.05189228057861328
0.037746429443359375
0.02460765838623047
0.09233760833740234
0.08154129981994629
0.06752133369445801
0.05380105972290039
0.052632808685302734
0.03846430778503418
0.09285879135131836
0.0925135612487793
0.07813239097595215
0.06402826309204102
0.048889875411987305
0.034698486328125
0.09693050384521484
0.08212709426879883
0.06873130798339844
0.05464315414428711
0.040155649185180664
0.026612281799316406
0.10020971298217773
0.08306527137756348
0.07460784912109375
0.06341266632080078
0.045207977294921875
0.027625322341918945
0.1007838249206543
0.08223772048950195
0.06987524032592773
0.059983253479003906
0.045675039291381836
0.026030540466308594
0.10708165168762207
0.09180235862731934
0.09022355079650879
0.07600593566894531
0.062094926834106445
0.04779815673828125
0.033447980880737305
0.10289120674133301
0.08296895027160645
0.06786417961120605
0.06197547912597656
0.04679083824157715
0.03236961364746094
0.10501813888549805
0.08529901504516602
0.08104968070983887
0.07030892372131348
0.055814266204833984
0.04186439514160156
0.10843133926391602
0.08878087997436523
0.0766289234161377
0.07637286186218262
0.062378883361816406
0.04848527908325195
0.040679931640625
0.10093402862548828
0.08794784545898438
0.07914900779724121
0.06453156471252441
0.031839609146118164
0.11218762397766113
0.09041929244995117
0.07130265235900879
0.06092953681945801
0.03330588340759277
0.0350341796875
0.09153938293457031
0.09710407257080078
0.08207488059997559
0.06817078590393066
0.05320453643798828
0.0424191951751709
0.10972166061401367
0.10941100120544434
0.10248923301696777
0.08839869499206543
0.0742943286895752
0.05948042869567871
0.04516100883483887
0.11440372467041016
0.09341859817504883
0.07566595077514648
0.06280970573425293
0.044968366622924805
0.021315813064575195
0.1025838851928711
0.08800888061523438
0.07408308982849121
0.05279088020324707
0.03879213333129883
0.023569107055664062
0.10059332847595215
0.08660244941711426
0.06861209869384766
0.058663368225097656
0.046030521392822266
0.03483080863952637
0.1143646240234375
0.08852481842041016
0.07364010810852051
0.07380437850952148
0.0598602294921875
0.04395556449890137
0.10526633262634277
0.08181595802307129
0.06768155097961426
0.06718850135803223
0.053201913833618164
0.03823590278625488
0.10936570167541504
0.08196663856506348
0.09913873672485352
0.08949589729309082
0.07766008377075195
0.06649923324584961
0.10886406898498535
0.09898519515991211
0.08423781394958496
0.0692896842956543
0.05477309226989746
0.04045248031616211
0.09088420867919922
0.07936644554138184
0.07893753051757812
0.0652303695678711
0.04302978515625
0.029511451721191406
0.09630775451660156
0.08221316337585449
0.07448220252990723
0.06057286262512207
0.045977115631103516
0.040231943130493164
0.11255264282226562
0.09911370277404785
0.08444404602050781
0.06953597068786621
0.055799007415771484
0.04303121566772461
0.026779890060424805
0.0946812629699707
0.08015847206115723
0.06569123268127441
0.06315445899963379
0.04879426956176758
0.03438925743103027
0.10234379768371582
0.09094119071960449
0.07646989822387695
0.062180280685424805
0.05099010467529297
0.04000043869018555
0.11353039741516113
0.09260940551757812
0.08263707160949707
0.06809377670288086
0.05464744567871094
0.042586326599121094
0.11424541473388672
0.08052563667297363
0.061249494552612305
0.09514498710632324
0.08020830154418945
0.06521344184875488
0.10602402687072754
0.0909719467163086
0.0912783145904541
0.07559633255004883
0.060607194900512695
0.045662879943847656
0.09723615646362305
0.0707712173461914
0.05647993087768555
0.046257972717285156
0.04177546501159668
0.10796046257019043
0.08592653274536133
0.09360790252685547
0.07941412925720215
0.061280012130737305
0.04276847839355469
0.1085970401763916
0.08813214302062988
0.07787537574768066
0.044347286224365234
0.11724066734313965
0.10014033317565918
0.10868215560913086
0.09455537796020508
0.08018207550048828
0.06560921669006348
0.05100536346435547
0.10971570014953613
0.10601115226745605
0.09101057052612305
0.07654404640197754
0.06311273574829102
0.06607580184936523
0.055202484130859375
0.11368799209594727
0.10464096069335938
0.0876471996307373
0.07356595993041992
0.041226863861083984
0.023286104202270508
0.09944677352905273
0.08023977279663086
0.07160639762878418
0.05769181251525879
0.0442354679107666
0.039972782135009766
0.025293350219726562
0.09783005714416504
0.08190417289733887
0.07482719421386719
0.07282137870788574
0.05787491798400879
0.043393850326538086
0.09032273292541504
0.07925724983215332
0.07082962989807129
0.0560297966003418
0.039283037185668945
0.024450063705444336
0.10835766792297363
0.09436440467834473
0.0803980827331543
0.0654904842376709
0.05049729347229004
0.05097150802612305
0.04086637496948242
0.09677410125732422
0.08201384544372559
0.07086896896362305
0.06083941459655762
0.046263933181762695
0.031430721282958984
0.10526490211486816
0.08177065849304199
0.0676727294921875
0.05879974365234375
0.044798851013183594
0.03440713882446289
0.10951733589172363
0.09910774230957031
0.0851600170135498
0.07193398475646973
0.06310105323791504
0.05207061767578125
0.037813425064086914
0.02355027198791504
0.0870506763458252
0.08245611190795898
0.06829547882080078
0.06037545204162598
0.04595375061035156
0.02804732322692871
0.09589862823486328
0.08186888694763184
0.06735372543334961
0.0540776252746582
0.04103851318359375
0.04007220268249512
0.10672736167907715
0.09586691856384277
0.06402182579040527
0.04950451850891113
0.0353243350982666
0.10759091377258301
0.10614895820617676
0.09201335906982422
0.07818245887756348
0.06457877159118652
0.05097508430480957
0.0360565185546875
0.11111688613891602
0.09119868278503418
0.08794832229614258
0.07468461990356445
0.06039118766784668
0.04804491996765137
0.03329348564147949
0.09961557388305664
0.08367180824279785
0.06939697265625
0.06900477409362793
0.05524802207946777
0.040570974349975586
0.10351133346557617
0.08237504959106445
0.0806729793548584
0.06493330001831055
0.0541074275970459
0.04098796844482422
0.10121297836303711
0.0861058235168457
0.07190537452697754
0.05697751045227051
0.045330047607421875
0.031202316284179688
0.10615873336791992
0.08568811416625977
0.07815265655517578
0.06424999237060547
0.04994940757751465
0.034950971603393555
0.020600557327270508
0.09393429756164551
0.07912540435791016
0.06487154960632324
0.04827547073364258
0.04772591590881348
0.03331422805786133
0.11423683166503906
0.09894657135009766
0.08463382720947266
0.07041311264038086
0.05603671073913574
0.04168891906738281
0.02729654312133789
0.09880185127258301
0.08376765251159668
0.07587337493896484
0.06198525428771973
0.04739069938659668
0.02572941780090332
0.12561964988708496
0.10407614707946777
0.08992195129394531
0.07128763198852539
0.0571136474609375
0.042473554611206055
0.10622310638427734
0.09007620811462402
0.07611823081970215
0.061514854431152344
0.05750584602355957
0.04348468780517578
0.029512882232666016
0.09016942977905273
0.0840754508972168
0.0688169002532959
0.05440235137939453
0.03760123252868652
0.03047633171081543
0.09788799285888672
0.08898258209228516
0.07772064208984375
0.0627739429473877
0.04818153381347656
0.03429007530212402
0.1069633960723877
0.09953689575195312
0.08649659156799316
0.07192707061767578
0.05586123466491699
0.0335085391998291
0.10338568687438965
0.08331537246704102
0.07421207427978516
0.06598877906799316
0.055177927017211914
0.04062247276306152
0.1090693473815918
0.10702729225158691
0.09567761421203613
0.081298828125
0.06593108177185059
0.05137896537780762
0.037288665771484375
0.11913061141967773
0.09313321113586426
0.07939004898071289
0.051627397537231445
0.03265714645385742
0.10602521896362305
0.08551859855651855
0.08059930801391602
0.06641936302185059
0.0519864559173584
0.0375361442565918
0.02661275863647461
0.10312175750732422
0.08221817016601562
0.06791067123413086
0.05807638168334961
0.05666017532348633
0.04239463806152344
0.11497902870178223
0.0977015495300293
0.08374691009521484
0.06946945190429688
0.06950974464416504
0.05630064010620117
0.04338383674621582
0.10672736167907715
0.0932924747467041
0.07871389389038086
0.06401491165161133
0.04909110069274902
0.03468036651611328
0.023667335510253906
0.09694409370422363
0.08089828491210938
0.0859827995300293
0.07098269462585449
0.05643463134765625
0.044599056243896484
0.1317300796508789
0.11498260498046875
0.10128545761108398
0.08619070053100586
0.07110595703125
0.05631113052368164
0.0414581298828125
0.10467410087585449
0.09095096588134766
0.07621550559997559
0.06089591979980469
0.04612421989440918
0.03233146667480469
0.01874065399169922
0.09065055847167969
0.09192442893981934
0.0775609016418457
0.06320381164550781
0.049045562744140625
0.03406214714050293
0.10333895683288574
0.08186602592468262
0.07616376876831055
0.061455726623535156
0.05314016342163086
0.04226541519165039
0.10701417922973633
0.0965580940246582
0.0865638256072998
0.07318949699401855
0.05907845497131348
0.045777320861816406
0.10829663276672363
0.0816810131072998
0.06843996047973633
0.06892728805541992
0.05291938781738281
0.03919076919555664
0.11621332168579102
0.09192800521850586
0.08374357223510742
0.07169628143310547
0.058083534240722656
0.037665605545043945
0.11230611801147461
0.08832597732543945
0.0742943286895752
0.0597536563873291
0.0555269718170166
0.04632925987243652
0.03364276885986328
0.09601354598999023
0.08059835433959961
0.08600473403930664
0.07259702682495117
0.05079030990600586
0.03683042526245117
0.10820984840393066
0.0852806568145752
0.07099580764770508
0.057270050048828125
0.06417417526245117
0.04919576644897461
0.035016775131225586
0.10234689712524414
0.0955958366394043
0.08145904541015625
0.06728696823120117
0.052284955978393555
0.03723454475402832
0.10637354850769043
0.09748148918151855
0.08653998374938965
0.07208991050720215
0.05717802047729492
0.04261922836303711
0.10848832130432129
0.09995031356811523
0.08547353744506836
0.08195662498474121
0.06706547737121582
0.05260467529296875
0.038323163986206055
0.11092329025268555
0.0985708236694336
0.09391570091247559
0.08526182174682617
0.07018470764160156
0.05607104301452637
0.04644966125488281
0.107818603515625
0.08701729774475098
0.07291793823242188
0.05491757392883301
0.041109323501586914
0.02877497673034668
0.10733699798583984
0.08231186866760254
0.07660770416259766
0.05859637260437012
0.04424428939819336
0.04037737846374512
0.10609173774719238
0.09159040451049805
0.08100032806396484
0.06938028335571289
0.054918527603149414
0.0410304069519043
0.03611302375793457
0.09661412239074707
0.08225584030151367
0.06842517852783203
0.053880929946899414
0.044458866119384766
0.029726505279541016
0.10753750801086426
0.08255815505981445
0.07691359519958496
0.06299233436584473
0.04877352714538574
0.03503298759460449
0.030923128128051758
0.09879112243652344
0.08570337295532227
0.06777191162109375
0.06605267524719238
0.05303025245666504
0.03526449203491211
0.09619402885437012
0.08429980278015137
0.06879353523254395
0.055304527282714844
0.05540609359741211
0.04101443290710449
0.11339116096496582
0.10483098030090332
0.09158611297607422
0.16923737525939941
0.15959644317626953
0.14539217948913574
0.13188433647155762
0.11745285987854004
0.10366225242614746
0.09131693840026855
0.08182096481323242
0.0714571475982666
0.1382617950439453
0.13288450241088867
0.12955617904663086
0.10406160354614258
0.0889594554901123
0.07447123527526855
0.060059547424316406
0.04570364952087402
0.030916452407836914
0.08647346496582031
0.07236337661743164
0.06733179092407227
0.06302285194396973
0.04989981651306152
0.03569507598876953
0.1023721694946289
0.16730904579162598
0.1603536605834961
0.1468040943145752
0.13218903541564941
0.11504292488098145
0.10078978538513184
0.08240437507629395
0.08346152305603027
0.13916587829589844
0.138932466506958
0.1122136116027832
0.09809446334838867
0.08472323417663574
0.06907320022583008
0.055084228515625
0.04287147521972656
0.1076200008392334
0.09619808197021484
0.07802677154541016
0.06419491767883301
0.04910469055175781
0.037076473236083984
0.1043539047241211
0.1832714080810547
0.1764519214630127
0.15855836868286133
0.14411616325378418
0.12913823127746582
0.12006831169128418
0.10330414772033691
0.0905308723449707
0.0763096809387207
0.05324077606201172
0.13037419319152832
0.11723923683166504
0.09432005882263184
0.0812840461730957
0.06711149215698242
0.04986834526062012
0.035196781158447266
0.09120488166809082
0.1929771900177002
0.1788938045501709
0.1647045612335205
0.150526762008667
0.1357429027557373
0.13228106498718262
0.13274073600769043
0.11839914321899414
0.10402846336364746
0.09354805946350098
0.08081960678100586
0.06574726104736328
0.21655821800231934
0.19083428382873535
0.17690014839172363
0.1622467041015625
0.15811419486999512
0.14393353462219238
0.1290121078491211
0.11419510841369629
0.09637165069580078
0.1504673957824707
0.14392924308776855
0.1297607421875
0.08229184150695801
0.07139968872070312
0.05145454406738281
0.037394046783447266
0.02334284782409668
0.10127019882202148
0.18312621116638184
0.1685953140258789
0.1570909023284912
0.15335488319396973
0.1523888111114502
0.1391289234161377
0.12505435943603516
0.11080574989318848
0.09619331359863281
0.08193421363830566
0.06748151779174805
0.22356390953063965
0.2257685661315918
0.20893597602844238
0.18791866302490234
0.1737511157989502
0.15632319450378418
0.14183855056762695
0.1265857219696045
0.11602210998535156
0.1055450439453125
0.09663891792297363
0.15659618377685547
0.16058611869812012
0.14699935913085938
0.13327980041503906
0.08925080299377441
0.06898927688598633
0.0547027587890625
0.040136098861694336
0.10983443260192871
0.20046687126159668
0.18347883224487305
0.176469087600708
0.19209074974060059
0.17710661888122559
0.1629195213317871
0.15338134765625
0.13785743713378906
0.12314558029174805
0.10889506340026855
0.09443187713623047
0.07906389236450195
0.228928804397583
0.2146749496459961
0.18396902084350586
0.17341303825378418
0.15949344635009766
0.14484333992004395
0.11543941497802734
0.1049962043762207
0.09044361114501953
0.1687626838684082
0.1542959213256836
0.14001703262329102
0.1286783218383789
0.12046933174133301
0.10615038871765137
0.09341549873352051
0.08008027076721191
0.06490850448608398
0.0505218505859375
0.10650515556335449
0.17512154579162598
0.16334986686706543
0.16393780708312988
0.14945054054260254
0.1343224048614502
0.11947202682495117
0.10551905632019043
0.09122323989868164
0.0769646167755127
0.06309843063354492
0.22395825386047363
0.21038484573364258
0.19787168502807617
0.19536638259887695
0.18045520782470703
0.16646027565002441
0.1514885425567627
0.13755464553833008
0.12358951568603516
0.10966753959655762
0.16327929496765137
0.15452218055725098
0.1437387466430664
0.13316750526428223
0.11879873275756836
0.08097195625305176
0.06602120399475098
0.05700993537902832
0.04841446876525879
0.04593348503112793
0.0994415283203125
0.08309221267700195
0.06923556327819824
0.034363508224487305
0.10955166816711426
0.09320878982543945
0.17097711563110352
0.15956950187683105
0.16941547393798828
0.15143656730651855
0.13345098495483398
0.11348557472229004
0.09854483604431152
0.0797724723815918
0.1419966220855713
0.13160991668701172
0.12475323677062988
0.11354422569274902
0.09106588363647461
0.09377527236938477
0.0779123306274414
0.05889081954956055
0.04568123817443848
0.09705376625061035
0.0738077163696289
0.06640028953552246
0.060231924057006836
0.04572343826293945
0.031075239181518555
0.1019737720489502
0.08655071258544922
0.07626605033874512
0.06197619438171387
0.04771876335144043
0.033448219299316406
0.10798907279968262
0.09592652320861816
0.10315489768981934
0.08908724784851074
0.07451105117797852
0.05937552452087402
0.04462718963623047
0.10683846473693848
0.0914154052734375
0.07730364799499512
0.07052206993103027
0.05730128288269043
0.04202771186828613
0.10986185073852539
0.09632992744445801
0.08230233192443848
0.07542037963867188
0.05661320686340332
0.041864871978759766
0.027647018432617188
0.0933077335357666
0.09422945976257324
0.07376694679260254
0.05931496620178223
0.044873952865600586
0.030844926834106445
0.10894918441772461
0.09093713760375977
0.0764455795288086
0.062026262283325195
0.055872440338134766
0.04132962226867676
0.027109622955322266
0.09945106506347656
0.08335542678833008
0.07792949676513672
0.06354546546936035
0.04956674575805664
0.03451871871948242
0.10805511474609375
0.09617757797241211
0.08438372611999512
0.07249832153320312
0.06122303009033203
0.05326676368713379
0.04864358901977539
0.035941123962402344
0.09660744667053223
0.08017802238464355
0.08524227142333984
0.07105398178100586
0.05679178237915039
0.04210305213928223
0.09362196922302246
0.07170891761779785
0.06275415420532227
0.048368215560913086
0.03463912010192871
0.03593707084655762
0.09966778755187988
0.09403300285339355
0.08434271812438965
0.06976771354675293
0.05517387390136719
0.039273738861083984
0.10926008224487305
0.0875539779663086
0.08601784706115723
0.07138657569885254
0.05736231803894043
0.042917490005493164
0.129896879196167
0.11233401298522949
0.09525775909423828
0.08040165901184082
0.06450414657592773
0.052757978439331055
0.03954029083251953
0.09964466094970703
0.08602380752563477
0.06795954704284668
0.05304217338562012
0.04122519493103027
0.10542631149291992
0.08371305465698242
0.0716102123260498
0.06250667572021484
0.04811716079711914
0.033826589584350586
0.021586179733276367
0.09668350219726562
0.08114051818847656
0.06888818740844727
0.07292747497558594
0.061112403869628906
0.04610252380371094
0.031877994537353516
0.09672164916992188
0.09041690826416016
0.07593870162963867
0.061127662658691406
0.04666709899902344
0.031943321228027344
0.1151723861694336
0.09907698631286621
0.08534407615661621
0.07073760032653809
0.05317211151123047
0.03844904899597168
0.027949810028076172
0.10233283042907715
0.08386015892028809
0.07278585433959961
0.05550670623779297
0.04965686798095703
0.03630542755126953
0.09063267707824707
0.08123993873596191
0.06676840782165527
0.05185365676879883
0.03806877136230469
0.03259396553039551
0.10330700874328613
0.08270859718322754
0.06736588478088379
0.05354046821594238
0.0366063117980957
0.11731481552124023
0.09394478797912598
0.07547187805175781
0.057509422302246094
0.04296088218688965
0.02837204933166504
0.12614202499389648
0.10071563720703125
0.08605456352233887
0.07038068771362305
0.05602431297302246
0.041362762451171875
0.02716803550720215
0.09458804130554199
0.0910336971282959
0.07351970672607422
0.05884838104248047
0.04451632499694824
0.029799699783325195
0.10894894599914551
0.09089422225952148
0.07344889640808105
0.05903959274291992
0.04099154472351074
0.026677608489990234
0.10306882858276367
0.08251118659973145
0.07384634017944336
0.06275153160095215
0.04841971397399902
0.03419232368469238
0.11272859573364258
0.11974358558654785
0.10583257675170898
0.09209990501403809
0.07833313941955566
0.06351947784423828
0.046143293380737305
0.10744595527648926
0.08127164840698242
0.07153511047363281
0.05756378173828125
0.03813314437866211
0.03024768829345703
0.10450196266174316
0.08562445640563965
0.07219147682189941
0.05956888198852539
0.05106163024902344
0.038424015045166016
0.10981941223144531
0.08493709564208984
0.06989526748657227
0.07075214385986328
0.05672478675842285
0.04224705696105957
0.028261423110961914
0.09067773818969727
0.08069920539855957
0.06591677665710449
0.05191612243652344
0.03945326805114746
0.03550434112548828
0.1119089126586914
0.10019969940185547
0.08690476417541504
0.07262849807739258
0.057790517807006836
0.040100812911987305
0.10870194435119629
0.08565306663513184
0.07399296760559082
0.0602872371673584
0.045179128646850586
0.039986371994018555
0.11130380630493164
0.10584092140197754
0.10310554504394531
0.09085226058959961
0.07345008850097656
0.05950522422790527
0.044551849365234375
0.10912752151489258
0.08339810371398926
0.07836627960205078
0.06006336212158203
0.045293331146240234
0.026463747024536133
0.09150433540344238
0.08271336555480957
0.07223725318908691
0.06753373146057129
0.05363202095031738
0.03920888900756836
0.025143861770629883
0.09580373764038086
0.0849301815032959
0.06981325149536133
0.04751896858215332
0.034913063049316406
0.1194601058959961
0.0940256118774414
0.09449625015258789
0.07039976119995117
0.055891990661621094
0.04149341583251953
0.10346603393554688
0.08467388153076172
0.08509516716003418
0.0721437931060791
0.05804443359375
0.04277849197387695
0.11213183403015137
0.0986032485961914
0.08464360237121582
0.06999897956848145
0.059554100036621094
0.05134868621826172
0.03874540328979492
0.10983848571777344
0.09719157218933105
0.08136224746704102
0.07285809516906738
0.05859112739562988
0.044258832931518555
0.031737565994262695
0.11151266098022461
0.09292316436767578
0.07441902160644531
0.06944155693054199
0.05502176284790039
0.04080986976623535
0.037183523178100586
0.1053013801574707
0.09049057960510254
0.07648730278015137
0.06219124794006348
0.04781937599182129
0.03820681571960449
0.11274218559265137
0.08084535598754883
0.06706571578979492
0.06505060195922852
0.05458354949951172
0.04076743125915527
0.10790038108825684
0.0923309326171875
0.08166885375976562
0.07017707824707031
0.05650210380554199
0.0430300235748291
0.028608322143554688
0.10482335090637207
0.09016060829162598
0.07575392723083496
0.062103986740112305
0.048210859298706055
0.034475088119506836
0.10835742950439453
0.09524202346801758
0.0809168815612793
0.06682157516479492
0.04840826988220215
0.038425445556640625
0.024886608123779297
0.10045957565307617
0.08252930641174316
0.06423282623291016
0.05047774314880371
0.03614974021911621
0.021971464157104492
0.10327601432800293
0.09090614318847656
0.0733952522277832
0.05496358871459961
0.041216373443603516
0.02698493003845215
0.09916543960571289
0.08655905723571777
0.07237029075622559
0.062177181243896484
0.04819989204406738
0.034646034240722656
0.034522294998168945
0.11012601852416992
0.06633996963500977
0.05127859115600586
0.03027629852294922
0.10637640953063965
0.09108352661132812
0.08042359352111816
0.06961894035339355
0.058693647384643555
0.04403424263000488
0.030004501342773438
0.11469030380249023
0.09137177467346191
0.07706093788146973
0.06262040138244629
0.05357050895690918
0.039469242095947266
0.11277222633361816
0.09512829780578613
0.10390663146972656
0.0897982120513916
0.07495760917663574
0.06055116653442383
0.04615640640258789
0.10630369186401367
0.09474468231201172
0.07974600791931152
0.06581640243530273
0.05184578895568848
0.038256168365478516
0.028388500213623047
0.09548139572143555
0.0881798267364502
0.07998538017272949
0.06517791748046875
0.0504765510559082
0.028408050537109375
0.10287833213806152
0.08851408958435059
0.07409858703613281
0.059403181076049805
0.04153132438659668
0.027851104736328125
0.13116455078125
0.10654735565185547
0.09261274337768555
0.07764053344726562
0.06041836738586426
0.04605531692504883
0.03370404243469238
0.09771275520324707
0.09663867950439453
0.08267784118652344
0.06917977333068848
0.056192636489868164
0.04130363464355469
0.10857892036437988
0.08816146850585938
0.0795431137084961
0.06874895095825195
0.04732966423034668
0.03256106376647949
0.02260303497314453
0.09564733505249023
0.09897136688232422
0.08475041389465332
0.07019615173339844
0.055199384689331055
0.039957284927368164
0.11134886741638184
0.09689974784851074
0.08392953872680664
0.0694577693939209
0.048421621322631836
0.04078388214111328
0.10749268531799316
0.08746719360351562
0.07322001457214355
0.06246829032897949
0.04715132713317871
0.042012929916381836
0.11792707443237305
0.09284615516662598
0.07770776748657227
0.06297421455383301
0.04887676239013672
0.03612923622131348
0.027898788452148438
0.10085535049438477
0.08388876914978027
0.06959366798400879
0.05654716491699219
0.047364234924316406
0.040915727615356445
0.11003327369689941
0.10948705673217773
0.09533357620239258
0.08092308044433594
0.06625819206237793
0.052063941955566406
0.03852534294128418
0.1093912124633789
0.0986473560333252
0.08469986915588379
0.07447576522827148
0.0597681999206543
0.05653238296508789
0.04340338706970215
0.1083076000213623
0.08724117279052734
0.07392644882202148
0.0658876895904541
0.0482025146484375
0.033965349197387695
0.09940123558044434
0.08264565467834473
0.06467032432556152
0.06971979141235352
0.05657219886779785
0.04294013977050781
0.10504341125488281
0.08227682113647461
0.08521533012390137
0.07028484344482422
0.05510568618774414
0.04003095626831055
0.10560464859008789
0.08355450630187988
0.06937503814697266
0.07092499732971191
0.05680251121520996
0.03887128829956055
0.09886360168457031
0.0861365795135498
0.07857942581176758
0.0643310546875
0.04977774620056152
0.0358119010925293
0.0296328067779541
0.08872652053833008
0.08019208908081055
0.06589174270629883
0.05537247657775879
0.04044747352600098
0.0348203182220459
0.10396194458007812
0.08600950241088867
0.07151484489440918
0.0572819709777832
0.04446673393249512
0.03178715705871582
0.10892367362976074
0.09618473052978516
0.08260345458984375
0.07316207885742188
0.06751084327697754
0.05444931983947754
0.04274559020996094
0.11977815628051758
0.09688663482666016
0.08240103721618652
0.06771636009216309
0.05344343185424805
0.03919482231140137
0.11607480049133301
0.09458637237548828
0.08044981956481934
0.06644606590270996
0.025224924087524414
0.10693073272705078
0.09027624130249023
0.07583904266357422
0.061444759368896484
0.0596160888671875
0.045679330825805664
0.031304121017456055
0.10105085372924805
0.08149576187133789
0.07556366920471191
0.06033039093017578
0.04960155487060547
0.035111188888549805
0.1123654842376709
0.10150337219238281
0.08744239807128906
0.07306051254272461
0.058382272720336914
0.053064823150634766
0.03788614273071289
0.10651588439941406
0.08756756782531738
0.07291889190673828
0.05764484405517578
0.043265581130981445
0.03986835479736328
0.10805320739746094
0.10006427764892578
0.11426472663879395
0.1003420352935791
0.10164165496826172
0.08671092987060547
0.07165193557739258
0.13802289962768555
0.10336804389953613
0.08560872077941895
0.06505084037780762
0.05249953269958496
0.09325337409973145
0.08295917510986328
0.0767817497253418
0.0627448558807373
0.044901132583618164
0.030930042266845703
0.09735822677612305
0.0802907943725586
0.06158256530761719
0.04675865173339844
0.03280806541442871
0.02333545684814453
0.0922088623046875
0.09354734420776367
0.08240318298339844
0.07122468948364258
0.05925774574279785
0.04650521278381348
0.10515594482421875
0.09931278228759766
0.08509063720703125
0.07115578651428223
0.05371427536010742
0.03976774215698242
0.10923218727111816
0.12230587005615234
0.1062319278717041
0.09357047080993652
0.08140850067138672
0.0665888786315918
0.05271720886230469
0.10788106918334961
0.0921173095703125
0.07598996162414551
0.0593562126159668
0.04970502853393555
0.04475855827331543
0.1037297248840332
0.08574652671813965
0.09029722213745117
0.07632017135620117
0.0618438720703125
0.04780292510986328
0.03325653076171875
0.10236287117004395
0.08411026000976562
0.08886361122131348
0.07403993606567383
0.05921339988708496
0.04467892646789551
0.10610747337341309
0.09350705146789551
0.08445072174072266
0.06937742233276367
0.054518938064575195
0.042461395263671875
0.028263092041015625
0.09671449661254883
0.07804751396179199
0.06195640563964844
0.0470280647277832
0.0367887020111084
0.021913766860961914
0.09798812866210938
0.08252263069152832
0.09051728248596191
0.07680869102478027
0.06383705139160156
0.04940223693847656
0.03464627265930176
0.09975981712341309
0.08757877349853516
0.08540010452270508
0.07088398933410645
0.05630826950073242
0.0419001579284668
0.11016845703125
0.07995414733886719
0.06859827041625977
0.05457329750061035
0.040724754333496094
0.03081798553466797
0.10358595848083496
0.09313106536865234
0.07844901084899902
0.06342363357543945
0.0621037483215332
0.047393798828125
0.03321504592895508
0.09391927719116211
0.07929730415344238
0.06512594223022461
0.05555272102355957
0.040914058685302734
0.03167581558227539
0.12059640884399414
0.09546232223510742
0.08124709129333496
0.06617498397827148
0.05190014839172363
0.037677764892578125
0.1070261001586914
0.09586620330810547
0.08854913711547852
0.07412528991699219
0.0605621337890625
0.04639077186584473
0.03184247016906738
0.10699987411499023
0.09020543098449707
0.07246613502502441
0.04842042922973633
0.0334322452545166
0.11060023307800293
0.1138770580291748
0.09967708587646484
0.08530926704406738
0.06882643699645996
0.054119110107421875
0.03984332084655762
0.10996723175048828
0.10008978843688965
0.08513784408569336
0.08278036117553711
0.06802535057067871
0.053815603256225586
0.03939056396484375
0.10811948776245117
0.11111259460449219
0.09518575668334961
0.08060789108276367
0.06315851211547852
0.049160003662109375
0.03408336639404297
0.10949158668518066
0.08336877822875977
0.07467126846313477
0.057364463806152344
0.04258370399475098
0.028336524963378906
0.10622358322143555
0.08386802673339844
0.075164794921875
0.05714249610900879
0.04303574562072754
0.0422213077545166
0.12226247787475586
0.10216426849365234
0.08822941780090332
0.07398676872253418
0.059819698333740234
0.03900933265686035
0.02454996109008789
0.0893864631652832
0.0805976390838623
0.06615591049194336
0.05622267723083496
0.04200172424316406
0.02787160873413086
0.10750460624694824
0.0861959457397461
0.07822489738464355
0.06371188163757324
0.04973745346069336
0.04574251174926758
0.033238887786865234
0.09056520462036133
0.08021187782287598
0.07529640197753906
0.060767412185668945
0.047339439392089844
0.03303360939025879
0.10756158828735352
0.09319019317626953
0.07899665832519531
0.06482577323913574
0.05051851272583008
0.03948092460632324
0.10976457595825195
0.11666131019592285
0.09870600700378418
0.08149218559265137
0.06357073783874512
0.04546761512756348
0.03149533271789551
0.09094715118408203
0.07718324661254883
0.06492400169372559
0.051962852478027344
0.04293322563171387
0.025017499923706055
0.09509110450744629
0.08015894889831543
0.06960415840148926
0.05507993698120117
0.04744887351989746
0.03276824951171875
0.11321043968200684
0.08834385871887207
0.07084417343139648
0.06561517715454102
0.05066728591918945
0.03275465965270996
0.11369156837463379
0.10550308227539062
0.09153556823730469
0.07760453224182129
0.06366324424743652
0.049661874771118164
0.03535723686218262
0.0921180248260498
0.08067798614501953
0.06548595428466797
0.051178932189941406
0.047846317291259766
0.028972625732421875
0.09880423545837402
0.08397388458251953
0.0697627067565918
0.0800938606262207
0.0655670166015625
0.051558732986450195
0.10801196098327637
0.08408951759338379
0.07526922225952148
0.06425738334655762
0.05845475196838379
0.04424309730529785
0.029998064041137695
0.08922410011291504
0.08719134330749512
0.07294559478759766
0.0587308406829834
0.04451751708984375
0.0312647819519043
0.10403871536254883
0.08283233642578125
0.07401490211486816
0.06859469413757324
0.0477900505065918
0.03293466567993164
0.0926218032836914
0.09175968170166016
0.07762956619262695
0.06327676773071289
0.048403024673461914
0.03412151336669922
0.1056373119354248
0.0829768180847168
0.06898260116577148
0.05971097946166992
0.05016684532165527
0.043007850646972656
0.10999321937561035
0.09922170639038086
0.08527851104736328
0.07217144966125488
0.07818460464477539
0.0654456615447998
0.05132269859313965
0.03630399703979492
0.09052586555480957
0.07585501670837402
0.07571005821228027
0.06418299674987793
0.050753116607666016
0.037332773208618164
0.10175180435180664
0.0973968505859375
0.08387923240661621
0.0696265697479248
0.05509448051452637
0.04065895080566406
0.11126542091369629
0.08975386619567871
0.07567906379699707
0.061286211013793945
0.05080413818359375
0.036351680755615234
0.031336069107055664
0.09932303428649902
0.08481955528259277
0.07052731513977051
0.06005120277404785
0.04509758949279785
0.03228497505187988
0.023353099822998047
0.09760332107543945
0.08770871162414551
0.0795137882232666
0.06695365905761719
0.04899764060974121
0.03476309776306152
0.1078188419342041
0.08308672904968262
0.0705404281616211
0.05877232551574707
0.04655027389526367
0.017836570739746094
0.09770345687866211
0.09024810791015625
0.07263064384460449
0.0548248291015625
0.0544893741607666
0.03957939147949219
0.1015937328338623
0.08461833000183105
0.07872414588928223
0.06480097770690918
0.050635576248168945
0.036612510681152344
0.10555028915405273
0.09352874755859375
0.0804133415222168
0.06598615646362305
0.054841041564941406
0.038279056549072266
0.12282133102416992
0.09789514541625977
0.08362960815429688
0.0693519115447998
0.05939793586730957
0.04604315757751465
0.031996726989746094
0.09413361549377441
0.08077502250671387
0.0722355842590332
0.05753207206726074
0.04648947715759277
0.032052040100097656
0.10836362838745117
0.09735441207885742
0.08562636375427246
0.07716655731201172
0.06292414665222168
0.04775571823120117
0.044510841369628906
0.03728199005126953
0.09826135635375977
0.08148455619812012
0.07085371017456055
0.06355524063110352
0.04939723014831543
0.03521418571472168
0.10888361930847168
0.0902853012084961
0.07743406295776367
0.06518959999084473
0.05559492111206055
0.045693397521972656
0.030337095260620117
0.10595083236694336
0.09804773330688477
0.08470535278320312
0.07053256034851074
0.05634117126464844
0.035176753997802734
0.10084676742553711
0.08118343353271484
0.06932616233825684
0.0641021728515625
0.04935908317565918
0.03488016128540039
0.025943994522094727
0.09936976432800293
0.08563685417175293
0.07107710838317871
0.055878639221191406
0.04818224906921387
0.12108588218688965
0.10733842849731445
0.09241962432861328
0.07758760452270508
0.06271052360534668
0.04815959930419922
0.0340113639831543
0.08907961845397949
0.08670783042907715
0.07157301902770996
0.057260990142822266
0.043317556381225586
0.02887892723083496
0.10549736022949219
0.08463859558105469
0.06709623336791992
0.061043739318847656
0.04584908485412598
0.03152751922607422
0.09510111808776855
0.08694291114807129
0.08421611785888672
0.07107090950012207
0.05669116973876953
0.04199075698852539
0.11007213592529297
0.09945988655090332
0.08753371238708496
0.08035874366760254
0.0653085708618164
0.051431894302368164
0.04161381721496582
0.09956908226013184
0.09014201164245605
0.08496785163879395
0.07439279556274414
0.060546875
0.04663252830505371
0.10478639602661133
0.08522629737854004
0.07412552833557129
0.05888509750366211
0.04125189781188965
0.11295819282531738
0.09498953819274902
0.08563780784606934
0.07152056694030762
0.08182096481323242
0.0671696662902832
0.053598880767822266
0.03978252410888672
0.09244918823242188
0.09014010429382324
0.07565021514892578
0.060719966888427734
0.046774864196777344
0.03780364990234375
0.08806729316711426
0.07493972778320312
0.06100869178771973
0.04961752891540527
0.03462791442871094
0.1124880313873291
0.09194087982177734
0.07995462417602539
0.08046770095825195
0.06648921966552734
0.05355262756347656
0.03700685501098633
0.10799598693847656
0.0841054916381836
0.07318663597106934
0.058136701583862305
0.046102046966552734
0.036008358001708984
0.029189586639404297
0.0990900993347168
0.0841517448425293
0.07718348503112793
0.06807088851928711
0.05312633514404297
0.03884005546569824
0.1098790168762207
0.1033010482788086
0.09495854377746582
0.07991242408752441
0.06600022315979004
0.05330824851989746
0.04995226860046387
0.03669571876525879
0.09945797920227051
0.08051753044128418
0.0766911506652832
0.06572508811950684
0.054677486419677734
0.0372314453125
0.10918784141540527
0.10065221786499023
0.0866401195526123
0.07272577285766602
0.05877113342285156
0.04483532905578613
0.03088688850402832
0.09990549087524414
0.08216142654418945
0.07143950462341309
0.05933332443237305
0.045354604721069336
0.031197071075439453
0.022451400756835938
0.0932927131652832
0.08078312873840332
0.06589245796203613
0.05056881904602051
0.03748822212219238
0.02534341812133789
0.10035204887390137
0.08851408958435059
0.07362675666809082
0.056064605712890625
0.04186868667602539
0.0292360782623291
0.1030881404876709
0.10005474090576172
0.08609247207641602
0.0681915283203125
0.053197383880615234
0.03625297546386719
0.10278987884521484
0.08221006393432617
0.07779407501220703
0.06383633613586426
0.04963541030883789
0.03552508354187012
0.10784721374511719
0.08534574508666992
0.07951116561889648
0.06823849678039551
0.054131507873535156
0.04056715965270996
0.10996580123901367
0.10309028625488281
0.09845995903015137
0.0832357406616211
0.06884765625
0.04805588722229004
0.034429311752319336
0.10548758506774902
0.08112359046936035
0.06791400909423828
0.06522583961486816
0.0505526065826416
0.036192893981933594
0.10956645011901855
0.08630061149597168
0.06772756576538086
0.06154775619506836
0.04788351058959961
0.03336215019226074
0.10909509658813477
0.09542250633239746
0.09795045852661133
0.08401679992675781
0.06938648223876953
0.05478239059448242
0.04146313667297363
0.10785460472106934
0.08373475074768066
0.0823519229888916
0.06782722473144531
0.052925825119018555
0.039327383041381836
0.10076141357421875
0.08634281158447266
0.07469820976257324
0.05977487564086914
0.0420231819152832
0.034993886947631836
0.10859203338623047
0.10038185119628906
0.08645820617675781
0.07218503952026367
0.05870389938354492
0.04475855827331543
0.03008246421813965
0.10684394836425781
0.08220458030700684
0.07294130325317383
0.06944584846496582
0.05521345138549805
0.041274309158325195
0.1116480827331543
0.11468720436096191
0.09669375419616699
0.08167266845703125
0.06732535362243652
0.05282735824584961
0.042088985443115234
0.12038183212280273
0.09200334548950195
0.0777428150177002
0.06340813636779785
0.04910874366760254
0.1287541389465332
0.09801197052001953
0.0996103286743164
0.08585834503173828
0.07167911529541016
0.05683636665344238
0.039556026458740234
0.11498594284057617
0.0957028865814209
0.08087778091430664
0.06628274917602539
0.05261635780334473
0.05395102500915527
0.039199113845825195
0.09032440185546875
0.07597684860229492
0.062001943588256836
0.04760575294494629
0.03273129463195801
0.018631696701049805
0.09299492835998535
0.08308291435241699
0.06896209716796875
0.06381750106811523
0.04949808120727539
0.03479146957397461
0.13269758224487305
0.1250159740447998
0.11108589172363281
0.09655141830444336
0.08259129524230957
0.06867098808288574
0.054300785064697266
0.048558712005615234
0.09744453430175781
0.07952165603637695
0.07170653343200684
0.05672097206115723
0.0464777946472168
0.03525829315185547
0.10549163818359375
0.0847172737121582
0.06974482536315918
0.06755733489990234
0.05261492729187012
0.03467226028442383
0.10215926170349121
0.0859370231628418
0.06794524192810059
0.05414295196533203
0.041336774826049805
0.03347611427307129
0.09953737258911133
0.08611392974853516
0.07257342338562012
0.05857491493225098
0.04877614974975586
0.03855729103088379
0.10791611671447754
0.09371161460876465
0.09015989303588867
0.07699251174926758
0.06372499465942383
0.04979419708251953
0.03532862663269043
0.09554338455200195
0.07897567749023438
0.06963801383972168
0.06436753273010254
0.05058646202087402
0.03623533248901367
0.10538983345031738
0.08642125129699707
0.07907867431640625
0.06777119636535645
0.06272697448730469
0.04893922805786133
0.03470873832702637
0.1022188663482666
0.08767342567443848
0.0736992359161377
0.05935096740722656
0.04527926445007324
0.03877854347229004
0.026079416275024414
0.09442973136901855
0.08164811134338379
0.07036018371582031
0.05845189094543457
0.0575718879699707
0.03568887710571289
0.08790779113769531
0.07549428939819336
0.06056642532348633
0.05093264579772949
0.03366708755493164
0.023598909378051758
0.09878110885620117
0.08568120002746582
0.0814504623413086
0.06776595115661621
0.054155826568603516
0.03990006446838379
0.02561807632446289
0.08908224105834961
0.08568167686462402
0.07140469551086426
0.0527796745300293
0.034975528717041016
0.11275410652160645
0.0991976261138916
0.08568167686462402
0.08818316459655762
0.07392096519470215
0.062315940856933594
0.04882407188415527
0.03477144241333008
0.08666086196899414
0.07518219947814941
0.06353759765625
0.04720807075500488
0.035160064697265625
0.02259659767150879
0.09242987632751465
0.07973861694335938
0.06452417373657227
0.05460715293884277
0.04463458061218262
0.03494763374328613
0.10497212409973145
0.08587932586669922
0.07576560974121094
0.06127738952636719
0.0473330020904541
0.10888409614562988
0.11178922653198242
0.10956287384033203
0.09630465507507324
0.08110880851745605
0.06141161918640137
0.04728507995605469
0.10411596298217773
0.07790970802307129
0.06842231750488281
0.05419325828552246
0.040317535400390625
0.037827491760253906
0.10616922378540039
0.0852813720703125
0.07011890411376953
0.05938100814819336
0.04515647888183594
0.04246711730957031
0.0345461368560791
0.09715485572814941
0.08164215087890625
0.07392764091491699
0.07496881484985352
0.05997920036315918
0.04603743553161621
0.10388374328613281
0.0867159366607666
0.07316827774047852
0.058130741119384766
0.04320836067199707
0.041803836822509766
0.1061406135559082
0.08619189262390137
0.07544732093811035
0.061394453048706055
0.05173039436340332
0.038944244384765625
0.11925792694091797
0.10477161407470703
0.09128546714782715
0.07703924179077148
0.0628211498260498
0.04787278175354004
0.03188610076904297
0.09010601043701172
0.07926774024963379
0.0823373794555664
0.06847929954528809
0.054460763931274414
0.0393681526184082
0.09111976623535156
0.08209586143493652
0.06757402420043945
0.0531466007232666
0.0436403751373291
0.03329205513000488
0.10819864273071289
0.10552215576171875
0.09043002128601074
0.07607388496398926
0.06198263168334961
0.047631025314331055
0.03290438652038574
0.09675478935241699
0.08189892768859863
0.0744781494140625
0.06013655662536621
0.04581737518310547
0.031374216079711914
0.10803818702697754
0.0957951545715332
0.08373403549194336
0.06935620307922363
0.055022239685058594
0.04022645950317383
0.02631998062133789
0.09763097763061523
0.08976435661315918
0.07134008407592773
0.05767059326171875
0.043393611907958984
0.028502941131591797
0.10287165641784668
0.09198212623596191
0.07776355743408203
0.05596160888671875
0.04152321815490723
0.0271151065826416
0.11217141151428223
0.09298133850097656
0.08157229423522949
0.06657552719116211
0.051834821701049805
0.036637306213378906
0.022445201873779297
0.0987405776977539
0.09499049186706543
0.08059573173522949
0.0661470890045166
0.05180001258850098
0.0380401611328125
0.11206555366516113
0.10003161430358887
0.0859980583190918
0.07163667678833008
0.05730605125427246
0.04285883903503418
0.02920246124267578
0.09359312057495117
0.07912302017211914
0.06485509872436523
0.05127596855163574
0.03726553916931152
0.027313232421875
0.09203076362609863
0.07884716987609863
0.06960940361022949
0.054909467697143555
0.05390143394470215
0.040338993072509766
0.11133170127868652
0.09886336326599121
0.08694291114807129
0.07197380065917969
0.05768895149230957
0.04305291175842285
0.028931617736816406
0.09929347038269043
0.08134961128234863
0.07185029983520508
0.06639957427978516
0.053923845291137695
0.04020047187805176
0.11207962036132812
0.0944364070892334
0.08109641075134277
0.0675201416015625
0.052887916564941406
0.034941911697387695
0.11257052421569824
0.09850144386291504
0.08443498611450195
0.07155609130859375
0.06037330627441406
0.053380489349365234
0.04081439971923828
0.10773372650146484
0.09279179573059082
0.07858681678771973
0.06440114974975586
0.0492861270904541
0.0380396842956543
0.10880136489868164
0.0860748291015625
0.07477951049804688
0.05987071990966797
0.046591758728027344
0.033615827560424805
0.0953364372253418
0.09090685844421387
0.0765693187713623
0.06157088279724121
0.04706096649169922
0.032652854919433594
0.1109468936920166
0.08813762664794922
0.09024405479431152
0.07599377632141113
0.06181526184082031
0.04753375053405762
0.031556129455566406
0.09410262107849121
0.08260536193847656
0.07835507392883301
0.06352829933166504
0.04897141456604004
0.03476309776306152
0.1098318099975586
0.08808326721191406
0.07349085807800293
0.062494754791259766
0.04831290245056152
0.03358268737792969
0.1069943904876709
0.08310937881469727
0.07107377052307129
0.06574654579162598
0.054135799407958984
0.04472231864929199
0.11055397987365723
0.09867596626281738
0.08383393287658691
0.06960940361022949
0.05542278289794922
0.04116177558898926
0.10412168502807617
0.10022211074829102
0.08753705024719238
0.07354974746704102
0.059387922286987305
0.0455470085144043
0.03126239776611328
0.09637188911437988
0.08125758171081543
0.0754086971282959
0.06511187553405762
0.050948143005371094
0.03672075271606445
0.025569438934326172
0.0887300968170166
0.07690644264221191
0.06229686737060547
0.05820202827453613
0.04466080665588379
0.0308074951171875
0.09344172477722168
0.0826411247253418
0.06508517265319824
0.05437111854553223
0.04008221626281738
0.023247718811035156
0.09218263626098633
0.09134030342102051
0.0700066089630127
0.052458763122558594
0.03840446472167969
0.11074256896972656
0.08480644226074219
0.07413172721862793
0.06287932395935059
0.05007433891296387
0.03397512435913086
0.11642980575561523
0.11308050155639648
0.09660792350769043
0.0817728042602539
0.06789708137512207
0.05369377136230469
0.039734601974487305
0.11692047119140625
0.10274386405944824
0.08638477325439453
0.07189536094665527
0.06116676330566406
0.046178579330444336
0.03635263442993164
0.10718369483947754
0.08873844146728516
0.0860738754272461
0.07425475120544434
0.061370134353637695
0.10608792304992676
0.08490586280822754
0.07570362091064453
0.07450604438781738
0.06464123725891113
0.05085396766662598
0.03350567817687988
0.08912539482116699
0.08078479766845703
0.07372260093688965
0.06224513053894043
0.04763174057006836
0.03375816345214844
0.1103057861328125
0.08515310287475586
0.07444429397583008
0.0594334602355957
0.045432090759277344
0.03229665756225586
0.11447501182556152
0.0959322452545166
0.08469271659851074
0.07048463821411133
0.06381344795227051
0.05028653144836426
0.037513017654418945
0.10090994834899902
0.08565831184387207
0.07159161567687988
0.06694149971008301
0.05300092697143555
0.039032697677612305
0.025075674057006836
0.09863471984863281
0.0781855583190918
0.07214593887329102
0.07080960273742676
0.05643010139465332
0.04201197624206543
0.10805535316467285
0.0787498950958252
0.06669855117797852
0.05829143524169922
0.04379773139953613
0.036337852478027344
0.10974001884460449
0.10332942008972168
0.09646773338317871
0.08199524879455566
0.07123112678527832
0.056794166564941406
0.04314279556274414
0.028852224349975586
0.09692597389221191
0.07930779457092285
0.07831168174743652
0.06460833549499512
0.05035853385925293
0.03617429733276367
0.10613822937011719
0.08301639556884766
0.0737917423248291
0.07263374328613281
0.0578150749206543
0.043591976165771484
0.11566424369812012
0.09912443161010742
0.08482766151428223
0.07257461547851562
0.05765247344970703
0.048760414123535156
0.03083014488220215
0.10310530662536621
0.07648205757141113
0.06997561454772949
0.06545424461364746
0.051306724548339844
0.04582405090332031
0.0994710922241211
0.09971857070922852
0.08477401733398438
0.07024741172790527
0.05758333206176758
0.04221963882446289
0.09577202796936035
0.07939600944519043
0.0642542839050293
0.05916452407836914
0.04486894607543945
0.030044078826904297
0.10296845436096191
0.08654427528381348
0.07150769233703613
0.06908893585205078
0.05467081069946289
0.0404202938079834
0.11185002326965332
0.10650849342346191
0.089569091796875
0.07532238960266113
0.05740547180175781
0.04468894004821777
0.03749537467956543
0.10840392112731934
0.08095669746398926
0.08104658126831055
0.070709228515625
0.05563497543334961
0.040943145751953125
0.10666489601135254
0.08028292655944824
0.0743706226348877
0.05216193199157715
0.04193878173828125
0.029993295669555664
0.09246373176574707
0.08198332786560059
0.06793594360351562
0.06062936782836914
0.04250597953796387
0.028298139572143555
0.1050255298614502
0.08510017395019531
0.0670156478881836
0.05376315116882324
0.04707932472229004
0.036576271057128906
0.11032629013061523
0.0884091854095459
0.07401919364929199
0.05929374694824219
0.04502534866333008
0.029768943786621094
0.10725021362304688
0.08548474311828613
0.07487010955810547
0.06040382385253906
0.04671502113342285
0.03559708595275879
0.12531375885009766
0.10247611999511719
0.0884251594543457
0.07404303550720215
0.05920696258544922
0.041664838790893555
0.11992168426513672
0.10598134994506836
0.09195375442504883
0.07780194282531738
0.04442405700683594
0.11030244827270508
0.08791875839233398
0.08441758155822754
0.07569003105163574
0.060719966888427734
0.043673038482666016
0.03160524368286133
0.10343122482299805
0.08298540115356445
0.08040618896484375
0.06680846214294434
0.05268359184265137
0.032797813415527344
0.0931704044342041
0.07970857620239258
0.08573746681213379
0.0726921558380127
0.060663700103759766
0.04599189758300781
0.10764431953430176
0.08576631546020508
0.07161355018615723
0.06171584129333496
0.046597957611083984
0.03966712951660156
0.03183436393737793
0.09727334976196289
0.0847158432006836
0.0714406967163086
0.0579681396484375
0.04571032524108887
0.032885074615478516
0.030025005340576172
0.09612417221069336
0.08208370208740234
0.06795001029968262
0.053690433502197266
0.04587984085083008
0.031603336334228516
0.10311388969421387
0.08317017555236816
0.07793211936950684
0.0637061595916748
0.057480573654174805
0.043121337890625
0.027617692947387695
0.10615968704223633
0.09172749519348145
0.07748651504516602
0.048390865325927734
0.03390073776245117
0.11650848388671875
0.0881354808807373
0.08614444732666016
0.0716407299041748
0.0573880672454834
0.046983957290649414
0.03360152244567871
0.10229659080505371
0.08781695365905762
0.07247400283813477
0.055657386779785156
0.0402836799621582
0.04324626922607422
0.10275459289550781
0.08983993530273438
0.08337235450744629
0.06551575660705566
0.05185127258300781
0.03736066818237305
0.10654330253601074
0.08028411865234375
0.08497452735900879
0.06994462013244629
0.05564117431640625
0.037774085998535156
0.10712337493896484
0.09807109832763672
0.09232950210571289
0.07869458198547363
0.061040639877319336
0.04709196090698242
0.09241223335266113
0.08166670799255371
0.08284497261047363
0.07109856605529785
0.05634903907775879
0.04133749008178711
0.11047053337097168
0.08998942375183105
0.07873725891113281
0.0638117790222168
0.053964853286743164
0.043689727783203125
0.02887272834777832
0.08849430084228516
0.08155226707458496
0.08107233047485352
0.06962180137634277
0.055669546127319336
0.04233241081237793
0.10592532157897949
0.08573794364929199
0.07058358192443848
0.05664205551147461
0.04454350471496582
0.04126429557800293
0.11049985885620117
0.08949494361877441
0.07145142555236816
0.06587648391723633
0.05495262145996094
0.03659343719482422
0.10795712471008301
0.09023904800415039
0.07004857063293457
0.0563969612121582
0.041257619857788086
0.028405189514160156
0.11021924018859863
0.08451676368713379
0.08273839950561523
0.06870865821838379
0.054032325744628906
0.03627586364746094
0.09454059600830078
0.07319331169128418
0.06269550323486328
0.04808449745178223
0.034671783447265625
0.02965569496154785
0.09906864166259766
0.0835423469543457
0.07979631423950195
0.06487178802490234
0.049958229064941406
0.039743661880493164
0.11066150665283203
0.08160710334777832
0.07008695602416992
0.06374788284301758
0.04614973068237305
0.04156684875488281
0.09165835380554199
0.08130264282226562
0.06998395919799805
0.055763959884643555
0.041135549545288086
0.029610157012939453
0.10518693923950195
0.08492016792297363
0.07092928886413574
0.05703544616699219
0.0425715446472168
0.0252988338470459
0.09212398529052734
0.0859675407409668
0.07616233825683594
0.0620121955871582
0.05589628219604492
0.04115700721740723
0.1193387508392334
0.09477019309997559
0.08023834228515625
0.06595659255981445
0.05684208869934082
0.04140663146972656
0.11626839637756348
0.09892988204956055
0.08397650718688965
0.0696265697479248
0.058246612548828125
0.05067157745361328
0.030718088150024414
0.09372758865356445
0.07947969436645508
0.06208968162536621
0.05208134651184082
0.025722503662109375
0.11959695816040039
0.10134148597717285
0.08690834045410156
0.07240891456604004
0.05796194076538086
0.0367739200592041
0.10757279396057129
0.08644556999206543
0.07480478286743164
0.06712770462036133
0.0522613525390625
0.03804349899291992
0.023530960083007812
0.09384632110595703
0.07979083061218262
0.06536102294921875
0.05994558334350586
0.050232648849487305
0.03830361366271973
0.1056356430053711
0.08361697196960449
0.07363247871398926
0.059381961822509766
0.04882097244262695
0.03454470634460449
0.10762548446655273
0.09327888488769531
0.08379626274108887
0.06939458847045898
0.06224679946899414
0.044643402099609375
0.0265047550201416
0.10003519058227539
0.08145928382873535
0.07571768760681152
0.06132245063781738
0.04638361930847168
0.031928062438964844
0.10913443565368652
0.08809161186218262
0.07738757133483887
0.065460205078125
0.051126718521118164
0.03688216209411621
0.11497712135314941
0.10392618179321289
0.09007096290588379
0.07991623878479004
0.06594347953796387
0.052147865295410156
0.040439605712890625
0.10803961753845215
0.08955097198486328
0.08949851989746094
0.07175421714782715
0.05763578414916992
0.04298663139343262
0.028688907623291016
0.11833405494689941
0.10040140151977539
0.08622908592224121
0.06792068481445312
0.053623199462890625
0.03959298133850098
0.10193204879760742
0.09180450439453125
0.07781219482421875
0.06382560729980469
0.0493621826171875
0.035295724868774414
0.021130084991455078
0.09037256240844727
0.08044147491455078
0.07498335838317871
0.05715537071228027
0.04286599159240723
0.028434038162231445
0.10579323768615723
0.10058856010437012
0.08639645576477051
0.07282423973083496
0.05873394012451172
0.04379677772521973
0.030237674713134766
0.0947260856628418
0.07669687271118164
0.06773662567138672
0.06716775894165039
0.049219608306884766
0.03486299514770508
0.09319901466369629
0.08981680870056152
0.07482242584228516
0.05960965156555176
0.044512271881103516
0.029380083084106445
0.1094663143157959
0.09524655342102051
0.07525420188903809
0.061283111572265625
0.04684185981750488
0.029973506927490234
0.09243178367614746
0.08258271217346191
0.06825733184814453
0.053777456283569336
0.04547572135925293
0.030215024948120117
0.10156917572021484
0.09299635887145996
0.07956552505493164
0.06518387794494629
0.04779243469238281
0.033200979232788086
0.11060833930969238
0.10695719718933105
0.09229063987731934
0.07801485061645508
0.04029655456542969
0.026418685913085938
0.10302257537841797
0.08510994911193848
0.07109594345092773
0.05558013916015625
0.05467367172241211
0.04057598114013672
0.1078798770904541
0.09947776794433594
0.09821438789367676
0.08407139778137207
0.07016897201538086
0.04274606704711914
0.027974605560302734
0.09815406799316406
0.08414387702941895
0.08241510391235352
0.06850886344909668
0.05425214767456055
0.039040327072143555
0.11477327346801758
0.09513354301452637
0.07889056205749512
0.06471109390258789
0.050856828689575195
0.04125165939331055
0.11634516716003418
0.0989220142364502
0.08481168746948242
0.07052755355834961
0.061316728591918945
0.05182480812072754
0.039034366607666016
0.10359025001525879
0.09256839752197266
0.07833528518676758
0.06402373313903809
0.049506425857543945
0.03444480895996094
0.10791134834289551
0.08753371238708496
0.0731666088104248
0.05874323844909668
0.05965757369995117
0.04798388481140137
0.038245201110839844
0.08872675895690918
0.07651162147521973
0.0676577091217041
0.053041934967041016
0.03987240791320801
0.041007041931152344
0.09214925765991211
0.0742940902709961
0.08428502082824707
0.07128143310546875
0.0575251579284668
0.04286074638366699
0.12365460395812988
0.10269665718078613
0.08759593963623047
0.07311391830444336
0.05883526802062988
0.044326066970825195
0.029981613159179688
0.09812307357788086
0.08896470069885254
0.08829569816589355
0.07650136947631836
0.06319618225097656
0.04800057411193848
0.11941885948181152
0.09050965309143066
0.0764472484588623
0.07338237762451172
0.05925941467285156
0.041074275970458984
0.10502743721008301
0.08118367195129395
0.07109808921813965
0.07318258285522461
0.056082963943481445
0.04120063781738281
0.11387968063354492
0.09290790557861328
0.0785207748413086
0.0647745132446289
0.0508725643157959
0.03623318672180176
0.03372812271118164
0.09799861907958984
0.08358359336853027
0.06963658332824707
0.06743836402893066
0.0608828067779541
0.04917597770690918
0.10214972496032715
0.0818796157836914
0.0631704330444336
0.05602908134460449
0.04944324493408203
0.03533339500427246
0.10766077041625977
0.09221410751342773
0.07714176177978516
0.06215620040893555
0.048111915588378906
0.03404808044433594
0.11013269424438477
0.10039997100830078
0.08324956893920898
0.0799250602722168
0.06224822998046875
0.040932416915893555
0.10874724388122559
0.09250140190124512
0.0774083137512207
0.0626382827758789
0.04844951629638672
0.030916929244995117
0.1066277027130127
0.0851597785949707
0.0666966438293457
0.053295135498046875
0.05225372314453125
0.03332948684692383
0.10127758979797363
0.08364057540893555
0.07890152931213379
0.0645761489868164
0.049985647201538086
0.03540921211242676
0.1265573501586914
0.10400557518005371
0.08901834487915039
0.07500362396240234
0.0608062744140625
0.10913300514221191
0.11236023902893066
0.09743952751159668
0.08331966400146484
0.06901359558105469
0.05050301551818848
0.036226749420166016
0.10204029083251953
0.08364295959472656
0.0694267749786377
0.05943179130554199
0.0597071647644043
0.04230189323425293
0.1082766056060791
0.09118413925170898
0.07184362411499023
0.07018256187438965
0.055350303649902344
0.03464317321777344
0.10389304161071777
0.0901038646697998
0.07915377616882324
0.06502246856689453
0.052898406982421875
0.03833150863647461
0.02385258674621582
0.09953999519348145
0.08396601676940918
0.07021856307983398
0.061469078063964844
0.05033278465270996
0.041013479232788086
0.03995513916015625
0.10495519638061523
0.09699273109436035
0.08205008506774902
0.06784868240356445
0.05368924140930176
0.03924131393432617
0.1074674129486084
0.08883190155029297
0.07407975196838379
0.06705141067504883
0.05271482467651367
0.03768777847290039
0.03743767738342285
0.09900546073913574
0.07979035377502441
0.1008157730102539
0.09105610847473145
0.07647848129272461
0.06252837181091309
0.1085512638092041
0.08414435386657715
0.04782986640930176
0.04793882369995117
0.0308990478515625
0.10423684120178223
0.08792495727539062
0.09561991691589355
0.07877635955810547
0.06466126441955566
0.04986429214477539
0.11332559585571289
0.09258413314819336
0.0784766674041748
0.06438374519348145
0.04925227165222168
0.03439807891845703
0.10975766181945801
0.09621763229370117
0.08257579803466797
0.06831097602844238
0.046975135803222656
0.032692909240722656
0.10537481307983398
0.08580279350280762
0.07451343536376953
0.07745504379272461
0.06302261352539062
0.048326730728149414
0.03304028511047363
0.09517312049865723
0.08703422546386719
0.0730581283569336
0.06238913536071777
0.05189394950866699
0.03794527053833008
0.02299356460571289
0.09094953536987305
0.07752251625061035
0.08094906806945801
0.06694912910461426
0.053114891052246094
0.038854360580444336
0.10676074028015137
0.09404826164245605
0.0841517448425293
0.06987571716308594
0.055434226989746094
0.038405418395996094
0.024823904037475586
0.10302877426147461
0.09208941459655762
0.07763218879699707
0.06316852569580078
0.049410104751586914
0.03523755073547363
0.10410737991333008
0.08340716361999512
0.07092094421386719
0.05867433547973633
0.04619097709655762
0.04052734375
0.028793811798095703
0.09543228149414062
0.0804293155670166
0.06950044631958008
0.06410741806030273
0.055005550384521484
0.03866744041442871
0.10856199264526367
0.09822583198547363
0.08413815498352051
0.07770776748657227
0.06319284439086914
0.045714378356933594
0.03119039535522461
0.1066122055053711
0.09359216690063477
0.07857394218444824
0.06484818458557129
0.05058097839355469
0.03272819519042969
0.10310506820678711
0.08699154853820801
0.07686352729797363
0.05741310119628906
0.042285919189453125
0.028755903244018555
0.11431646347045898
0.08894896507263184
0.0747826099395752
0.06042933464050293
0.05002856254577637
0.03958272933959961
0.027984142303466797
0.09678912162780762
0.08531451225280762
0.07048559188842773
0.05602836608886719
0.04164600372314453
0.026979923248291016
0.10822868347167969
0.08531522750854492
0.0708460807800293
0.05811023712158203
0.05206775665283203
0.03792405128479004
0.11578822135925293
0.08561253547668457
0.07137846946716309
0.06233644485473633
0.0580899715423584
0.04520845413208008
0.03160738945007324
0.0896453857421875
0.09104418754577637
0.07691097259521484
0.06224370002746582
0.04779362678527832
0.032697200775146484
0.10653305053710938
0.0848236083984375
0.07351565361022949
0.05914115905761719
0.044699668884277344
0.030977249145507812
0.10801959037780762
0.09921789169311523
0.08516430854797363
0.08657956123352051
0.07888007164001465
0.06476712226867676
0.05101299285888672
0.03705644607543945
0.09525251388549805
0.08170080184936523
0.0682840347290039
0.07876014709472656
0.06431865692138672
0.04986453056335449
0.10249853134155273
0.08260178565979004
0.06868743896484375
0.05882596969604492
0.06002187728881836
0.04945707321166992
0.03548026084899902
0.10770511627197266
0.09723472595214844
0.08350706100463867
0.06953549385070801
0.053398847579956055
0.039206743240356445
0.10599708557128906
0.09134459495544434
0.07650542259216309
0.06192660331726074
0.04774665832519531
0.03342866897583008
0.023387670516967773
0.09344935417175293
0.07935428619384766
0.06512951850891113
0.053842782974243164
0.04537820816040039
0.027409076690673828
0.10486245155334473
0.09814691543579102
0.08614873886108398
0.07202839851379395
0.05697894096374512
0.04256844520568848
0.11021566390991211
0.11092567443847656
0.15064740180969238
0.13591957092285156
0.10648345947265625
0.1022939682006836
0.11362218856811523
0.08394312858581543
0.07811212539672852
0.06372380256652832
0.04811263084411621
0.03361082077026367
0.09879875183105469
0.08552098274230957
0.07481861114501953
0.07532167434692383
0.06145811080932617
0.04686117172241211
0.11562991142272949
0.09814071655273438
0.08350563049316406
0.06917691230773926
0.05523490905761719
0.05437135696411133
0.04277825355529785
0.10653305053710938
0.08064126968383789
0.07625412940979004
0.054796457290649414
0.03995561599731445
0.025608539581298828
0.10408687591552734
0.08716106414794922
0.073028564453125
0.058647871017456055
0.045885562896728516
0.04489898681640625
0.03075718879699707
0.09681177139282227
0.08599138259887695
0.07113909721374512
0.05695939064025879
0.042958736419677734
0.028110742568969727
0.1043863296508789
0.09291577339172363
0.07873392105102539
0.06403422355651855
0.04987454414367676
0.03575921058654785
0.021448612213134766
0.09942245483398438
0.08602714538574219
0.07211565971374512
0.06504368782043457
0.050315141677856445
0.03576016426086426
0.10445117950439453
0.08556127548217773
0.07035708427429199
0.05337023735046387
0.04103565216064453
0.032152652740478516
0.10631823539733887
0.08770537376403809
0.07657313346862793
0.06257081031799316
0.04755401611328125
0.0331878662109375
0.019552230834960938
0.0892648696899414
0.08072972297668457
0.06617069244384766
0.0639650821685791
0.049346923828125
0.03444051742553711
0.11271119117736816
0.08911752700805664
0.07411813735961914
0.056411027908325195
0.038217782974243164
0.027294635772705078
0.10765480995178223
0.08350825309753418
0.07940411567687988
0.06470251083374023
0.050218820571899414
0.03606367111206055
0.13392996788024902
0.11018061637878418
0.09276151657104492
0.0775148868560791
0.06407618522644043
0.050008296966552734
0.10818743705749512
0.09647679328918457
0.0823507308959961
0.07632613182067871
0.05853581428527832
0.039895057678222656
0.024821758270263672
0.09897923469543457
0.08488607406616211
0.07766318321228027
0.06393170356750488
0.04678153991699219
0.03555655479431152
0.10340237617492676
0.08227396011352539
0.06956267356872559
0.05784463882446289
0.04559159278869629
0.03206944465637207
0.030011653900146484
0.09041810035705566
0.07727742195129395
0.06971573829650879
0.04785346984863281
0.03755545616149902
0.03069615364074707
0.11616683006286621
0.10067582130432129
0.08670258522033691
0.072601318359375
0.052683115005493164
0.03854036331176758
0.11023449897766113
0.08844375610351562
0.0743398666381836
0.059934377670288086
0.05291748046875
0.04367256164550781
0.03356218338012695
0.09007763862609863
0.08661985397338867
0.07615447044372559
0.06162524223327637
0.046468496322631836
0.03234219551086426
0.1058034896850586
0.08640384674072266
0.07893157005310059
0.06458020210266113
0.045790910720825195
0.029933929443359375
0.11046004295349121
0.09580159187316895
0.07928991317749023
0.0642538070678711
0.05795645713806152
0.040029287338256836
0.10537457466125488
0.08548235893249512
0.07089519500732422
0.060384273529052734
0.045465707778930664
0.03074932098388672
0.10239052772521973
0.08522987365722656
0.07013344764709473
0.056359052658081055
0.043624162673950195
0.034380197525024414
0.02072763442993164
0.08053803443908691
0.07045793533325195
0.056303977966308594
0.04276275634765625
0.03410530090332031
0.11065173149108887
0.0980534553527832
0.10312318801879883
0.08847618103027344
0.0674598217010498
0.055963993072509766
0.04197072982788086
0.10519242286682129
0.08266377449035645
0.06868839263916016
0.05936622619628906
0.04856300354003906
0.04442739486694336
0.10788202285766602
0.09354972839355469
0.09131264686584473
0.0759587287902832
0.061296939849853516
0.04660463333129883
0.032199859619140625
0.11383247375488281
0.08993244171142578
0.07525873184204102
0.060965776443481445
0.0466310977935791
0.03245711326599121
0.024808406829833984
0.08890247344970703
0.08703446388244629
0.0754704475402832
0.06282567977905273
0.05185079574584961
0.034722089767456055
0.09952425956726074
0.08400988578796387
0.07112812995910645
0.06799125671386719
0.053029537200927734
0.03873276710510254
0.02441692352294922
0.10037064552307129
0.08614230155944824
0.07228398323059082
0.05798649787902832
0.04372668266296387
0.021394968032836914
0.0988621711730957
0.08249521255493164
0.07402825355529785
0.07107067108154297
0.05713009834289551
0.04238581657409668
0.028362274169921875
0.09684348106384277
0.09850358963012695
0.08415627479553223
0.06922459602355957
0.05409860610961914
0.02589273452758789
0.09441018104553223
0.08917641639709473
0.07494997978210449
0.06698346138000488
0.06044936180114746
0.04706525802612305
0.03385591506958008
0.08873677253723145
0.07968616485595703
0.06852912902832031
0.05832099914550781
0.04343700408935547
0.02844095230102539
0.10394811630249023
0.08358979225158691
0.07924079895019531
0.06777644157409668
0.05859375
0.04786491394042969
0.1179955005645752
0.09010052680969238
0.07582974433898926
0.06524109840393066
0.03141188621520996
0.10734081268310547
0.07902669906616211
0.07693195343017578
0.06530046463012695
0.0510401725769043
0.03595900535583496
0.11691927909851074
0.09048151969909668
0.07524776458740234
0.06135439872741699
0.04693865776062012
0.032027482986450195
0.028926610946655273
0.09991216659545898
0.09151601791381836
0.07738280296325684
0.06287837028503418
0.045228004455566406
0.030506134033203125
0.09102559089660645
0.07912945747375488
0.06662464141845703
0.06820487976074219
0.05379319190979004
0.03936004638671875
0.12363338470458984
0.10013008117675781
0.0856478214263916
0.07069993019104004
0.05628633499145508
0.042305946350097656
0.10903739929199219
0.09171533584594727
0.08868694305419922
0.07502436637878418
0.06174659729003906
0.046816110610961914
0.0323789119720459
0.10035490989685059
0.0863487720489502
0.07219672203063965
0.05707097053527832
0.042574405670166016
0.02837967872619629
0.10895419120788574
0.08818697929382324
0.09235405921936035
0.07814764976501465
0.06383776664733887
0.04935860633850098
0.03475332260131836
0.08873391151428223
0.0803675651550293
0.07567191123962402
0.06126070022583008
0.04632067680358887
0.0251772403717041
0.10353207588195801
0.0901191234588623
0.07601547241210938
0.0608515739440918
0.046178579330444336
0.04709887504577637
0.03281760215759277
0.09723162651062012
0.08400344848632812
0.07956528663635254
0.06538152694702148
0.05070805549621582
0.03627181053161621
0.022045373916625977
0.09398007392883301
0.0798797607421875
0.07251358032226562
0.0583796501159668
0.04420614242553711
0.039306640625
0.12856292724609375
0.10358595848083496
0.0890340805053711
0.07410931587219238
0.05984854698181152
0.042897701263427734
0.11188578605651855
0.09122300148010254
0.07378292083740234
0.06086373329162598
0.04458475112915039
0.04300427436828613
0.031536102294921875
0.10592913627624512
0.09496378898620605
0.08052945137023926
0.06308531761169434
0.04863333702087402
0.03423571586608887
0.09103894233703613
0.08536314964294434
0.0405573844909668
0.026660442352294922
0.11951994895935059
0.0982820987701416
0.08011937141418457
0.062246084213256836
0.0445253849029541
0.026675939559936523
0.11156535148620605
0.0926365852355957
0.07842350006103516
0.06458115577697754
0.06146550178527832
0.047693490982055664
0.034804344177246094
0.09044861793518066
0.08950161933898926
0.07530522346496582
0.06055021286010742
0.04552173614501953
0.03142690658569336
0.10352706909179688
0.0869145393371582
0.08646702766418457
0.07198286056518555
0.05846595764160156
0.043991804122924805
0.11186027526855469
0.0941779613494873
0.08020234107971191
0.06622719764709473
0.052260637283325195
0.03831672668457031
0.1096506118774414
0.09927034378051758
0.08521771430969238
0.07180500030517578
0.06249594688415527
0.04828166961669922
0.03895735740661621
0.10696554183959961
0.09149479866027832
0.09232735633850098
0.07973170280456543
0.06554293632507324
0.051080942153930664
0.029642105102539062
0.09108281135559082
0.07797884941101074
0.08133745193481445
0.06732296943664551
0.05293011665344238
0.0388333797454834
0.10621476173400879
0.08631539344787598
0.07551455497741699
0.07107925415039062
0.05689883232116699
0.042443037033081055
0.02815842628479004
0.09727263450622559
0.08120298385620117
0.0718698501586914
0.05703854560852051
0.046720266342163086
0.036127328872680664
0.11290454864501953
0.09557867050170898
0.08192229270935059
0.06918072700500488
0.05644726753234863
0.05577826499938965
0.04239249229431152
0.11601758003234863
0.0974125862121582
0.0836489200592041
0.06929278373718262
0.05804586410522461
0.043865203857421875
0.03125286102294922
0.09303689002990723
0.08231973648071289
0.06809067726135254
0.05028080940246582
0.04399919509887695
0.03007340431213379
0.0923302173614502
0.08142209053039551
0.06807160377502441
0.06027531623840332
0.04214072227478027
0.027234792709350586
0.11019468307495117
0.09226512908935547
0.07811713218688965
0.06376409530639648
0.05149030685424805
0.03790593147277832
0.11865925788879395
0.09779500961303711
0.08064913749694824
0.06681060791015625
0.04919147491455078
0.03522610664367676
0.10910511016845703
0.0949850082397461
0.08106017112731934
0.06760668754577637
0.0556333065032959
0.038007259368896484
0.023996591567993164
0.10280084609985352
0.08287715911865234
0.06870055198669434
0.06178545951843262
0.04762005805969238
0.033843278884887695
0.02378702163696289
0.09631848335266113
0.08403587341308594
0.06882095336914062
0.05475878715515137
0.04037046432495117
0.02593207359313965
0.1024940013885498
0.08646607398986816
0.07233190536499023
0.05868172645568848
0.04646706581115723
0.0465388298034668
0.03345489501953125
0.09090971946716309
0.09016704559326172
0.07512569427490234
0.060318708419799805
0.04464316368103027
0.03029322624206543
0.09430241584777832
0.08030247688293457
0.06960368156433105
0.05876016616821289
0.044536590576171875
0.027103900909423828
0.0813758373260498
0.06490397453308105
0.06252574920654297
0.04624009132385254
0.03191685676574707
0.10774731636047363
0.08324217796325684
0.07965850830078125
0.06579256057739258
0.05938124656677246
0.04511427879333496
0.030860185623168945
0.08870410919189453
0.08167409896850586
0.0668942928314209
0.04892468452453613
0.034956932067871094
0.03235816955566406
0.1001133918762207
0.08205008506774902
0.0718240737915039
0.057573795318603516
0.04401111602783203
0.023957490921020508
0.09587430953979492
0.08243846893310547
0.06819319725036621
0.06668686866760254
0.05203390121459961
0.03794693946838379
0.10227704048156738
0.0873575210571289
0.07242393493652344
0.05452728271484375
0.04093146324157715
0.026885271072387695
0.11189532279968262
0.08899545669555664
0.07448196411132812
0.060122013092041016
0.04264712333679199
0.029979228973388672
0.10948538780212402
0.0936427116394043
0.07503771781921387
0.06276941299438477
0.05298495292663574
0.05063128471374512
0.03670001029968262
0.0887918472290039
0.08672690391540527
0.08002519607543945
0.0665137767791748
0.051775455474853516
0.037691593170166016
0.1123819351196289
0.08878493309020996
0.07528114318847656
0.06091141700744629
0.04969906806945801
0.035273075103759766
0.024049043655395508
0.09083175659179688
0.08065485954284668
0.06951045989990234
0.055077552795410156
0.04080080986022949
0.027019500732421875
0.10622930526733398
0.08330702781677246
0.07362675666809082
0.06260514259338379
0.06943297386169434
0.054502248764038086
0.03918719291687012
0.10960102081298828
0.09363675117492676
0.08200860023498535
0.07367181777954102
0.05870318412780762
0.04415106773376465
0.10758543014526367
0.10183191299438477
0.08636736869812012
0.07162117958068848
0.05699014663696289
0.04195857048034668
0.12216687202453613
0.10452866554260254
0.08942556381225586
0.07475447654724121
0.06053423881530762
0.045440673828125
0.03128552436828613
0.09033370018005371
0.07919526100158691
0.07148575782775879
0.0568389892578125
0.02799820899963379
0.10594487190246582
0.08899497985839844
0.07459688186645508
0.07618594169616699
0.06318235397338867
0.04796433448791504
0.03372693061828613
0.09127974510192871
0.07778596878051758
0.06853508949279785
0.05413699150085449
0.049124717712402344
0.036621809005737305
0.12294721603393555
0.09998822212219238
0.08546137809753418
0.07099366188049316
0.05692458152770996
0.042282819747924805
0.028374910354614258
0.09105515480041504
0.07756400108337402
0.066192626953125
0.05967521667480469
0.03817605972290039
0.023806095123291016
0.09287881851196289
0.08251714706420898
0.07433199882507324
0.0594937801361084
0.0450749397277832
0.02738332748413086
0.09884095191955566
0.08487057685852051
0.0704507827758789
0.05543780326843262
0.04192638397216797
0.030431270599365234
0.1087791919708252
0.08602690696716309
0.07181096076965332
0.06230497360229492
0.04789328575134277
0.03327345848083496
0.020696401596069336
0.09816193580627441
0.08348870277404785
0.06549239158630371
0.0585026741027832
0.04381108283996582
0.02646183967590332
0.10176658630371094
0.0866386890411377
0.07645821571350098
0.05505704879760742
0.04061269760131836
0.035630226135253906
0.10620570182800293
0.08957338333129883
0.07537388801574707
0.060698747634887695
0.046569108963012695
0.036823272705078125
0.02220010757446289
0.09111261367797852
0.0778188705444336
0.07213425636291504
0.05747509002685547
0.04944586753845215
0.03845977783203125
0.1091458797454834
0.08438611030578613
0.06995630264282227
0.06813645362854004
0.05384659767150879
0.03937339782714844
0.02463364601135254
0.08885025978088379
0.08025145530700684
0.06586909294128418
0.06577110290527344
0.051314353942871094
0.03631949424743652
0.10433483123779297
0.08350253105163574
0.07101798057556152
0.06156325340270996
0.04720878601074219
0.036812543869018555
0.1087946891784668
0.08528304100036621
0.07112956047058105
0.06485486030578613
0.05033707618713379
0.035834550857543945
0.020809173583984375
0.08939599990844727
0.07776403427124023
0.06496596336364746
0.06140923500061035
0.04703974723815918
0.03264307975769043
0.10507726669311523
0.08896303176879883
0.08321142196655273
0.06797027587890625
0.053856849670410156
0.03944849967956543
0.024984359741210938
0.09670329093933105
0.08447098731994629
0.06976199150085449
0.056113481521606445
0.04104495048522949
0.03030538558959961
0.11017155647277832
0.08523392677307129
0.07106280326843262
0.05550503730773926
0.0441131591796875
0.03738880157470703
0.10430049896240234
0.08028912544250488
0.06074070930480957
0.0602872371673584
0.04604530334472656
0.03151893615722656
0.10036587715148926
0.09309029579162598
0.07832837104797363
0.06385660171508789
0.05008721351623535
0.03827095031738281
0.023169755935668945
0.10076546669006348
0.08364534378051758
0.07539057731628418
0.060945749282836914
0.0465550422668457
0.040009498596191406
0.026885509490966797
0.09110736846923828
0.07787060737609863
0.07535576820373535
0.0609433650970459
0.04643440246582031
0.03161883354187012
0.10900616645812988
0.08483242988586426
0.07007002830505371
0.07165265083312988
0.05699515342712402
0.04258322715759277
0.028025388717651367
0.08959674835205078
0.09367632865905762
0.07930898666381836
0.06500911712646484
0.05060887336730957
0.035912275314331055
0.12042474746704102
0.09560894966125488
0.08131599426269531
0.0673990249633789
0.05308270454406738
0.038430213928222656
0.023977279663085938
0.10243368148803711
0.08142542839050293
0.06650042533874512
0.06006431579589844
0.04569745063781738
0.03123641014099121
0.10685110092163086
0.08200836181640625
0.08025956153869629
0.06630182266235352
0.05239605903625488
0.038451194763183594
0.02449178695678711
0.10326838493347168
0.09323787689208984
0.07901477813720703
0.06470441818237305
0.05025339126586914
0.03574514389038086
0.10810971260070801
0.09003067016601562
0.07637286186218262
0.07878565788269043
0.05767416954040527
0.04440808296203613
0.03003668785095215
0.09426450729370117
0.08978915214538574
0.07893586158752441
0.06419038772583008
0.04980731010437012
0.03491830825805664
0.10640668869018555
0.10425853729248047
0.09005141258239746
0.07535529136657715
0.0608367919921875
0.046439170837402344
0.031311750411987305
0.08910369873046875
0.08339071273803711
0.06891369819641113
0.05414891242980957
0.03966784477233887
0.030957698822021484
0.10536646842956543
0.08315777778625488
0.07718729972839355
0.0627126693725586
0.04829597473144531
0.03395509719848633
0.03394651412963867
0.09686589241027832
0.08767032623291016
0.08107542991638184
0.06080985069274902
0.04541444778442383
0.031161785125732422
0.11024713516235352
0.08823990821838379
0.0739896297454834
0.06908583641052246
0.05446767807006836
0.04028177261352539
0.026219606399536133
0.10422301292419434
0.09441733360290527
0.07993221282958984
0.06543278694152832
0.05006146430969238
0.03532290458679199
0.10336685180664062
0.08639955520629883
0.07561612129211426
0.061418771743774414
0.046994686126708984
0.03212451934814453
0.019711971282958984
0.0976414680480957
0.08364415168762207
0.06929993629455566
0.05485725402832031
0.0480501651763916
0.033702850341796875
0.11325359344482422
0.08855152130126953
0.07415366172790527
0.05966615676879883
0.060784101486206055
0.04635477066040039
0.032037973403930664
0.09634876251220703
0.08466243743896484
0.0762639045715332
0.06201529502868652
0.04756665229797363
0.03310823440551758
0.018864154815673828
0.0950772762298584
0.097198486328125
0.08246207237243652
0.06826496124267578
0.053597211837768555
0.03906869888305664
0.11294746398925781
0.09150314331054688
0.07725405693054199
0.06290149688720703
0.04875826835632324
0.02702474594116211
0.11515355110168457
0.09180688858032227
0.07679390907287598
0.062285661697387695
0.047965288162231445
0.04406595230102539
0.028916358947753906
0.09415316581726074
0.08016681671142578
0.06567811965942383
0.05566883087158203
0.04135489463806152
0.030844449996948242
0.10515952110290527
0.08619213104248047
0.07163619995117188
0.07452797889709473
0.060739994049072266
0.04742622375488281
0.03361320495605469
0.09057760238647461
0.08778595924377441
0.07320237159729004
0.05800008773803711
0.04365110397338867
0.0346074104309082
0.10902619361877441
0.08539795875549316
