0.12486052513122559
0.10990190505981445
0.09091591835021973
0.07598066329956055
0.06149005889892578
0.047551631927490234
0.1041865348815918
0.09502053260803223
0.08103609085083008
0.06610965728759766
0.052129268646240234
0.037209272384643555
0.10421442985534668
0.08601760864257812
0.07156682014465332
0.06160140037536621
0.06012988090515137
0.04853177070617676
0.03431439399719238
0.1099555492401123
0.10109734535217285
0.08729982376098633
0.07291817665100098
0.055370330810546875
0.041329383850097656
0.10567426681518555
0.08714032173156738
0.0728614330291748
0.05484294891357422
0.04467415809631348
0.033119916915893555
0.10226583480834961
0.10158157348632812
0.08744382858276367
0.07362961769104004
0.05939793586730957
0.04456686973571777
0.10911011695861816
0.0878603458404541
0.07125687599182129
0.06354498863220215
0.04923248291015625
0.03776097297668457
0.10504436492919922
0.09060859680175781
0.07869815826416016
0.06639695167541504
0.05774521827697754
0.04291677474975586
0.11527347564697266
0.07855963706970215
0.05962562561035156
0.06069445610046387
0.04681038856506348
0.032257080078125
0.0910804271697998
0.07740950584411621
0.0718231201171875
0.057505130767822266
0.04293203353881836
0.0286409854888916
0.10892820358276367
0.08777928352355957
0.07348513603210449
0.059210777282714844
0.05246591567993164
0.04531717300415039
0.03215217590332031
0.09051728248596191
0.07717704772949219
0.06611204147338867
0.05897212028503418
0.05001020431518555
0.03564262390136719
0.08542275428771973
0.07721710205078125
0.06227898597717285
0.04921579360961914
0.036688804626464844
0.023673534393310547
0.09828829765319824
0.09267377853393555
0.07850003242492676
0.06345677375793457
0.04879593849182129
0.03973126411437988
0.024916648864746094
0.09549784660339355
0.08654546737670898
0.07698488235473633
0.06122088432312012
0.10805892944335938
0.09572196006774902
0.08527326583862305
0.0761871337890625
0.06163954734802246
0.04655194282531738
0.03181290626525879
0.1055145263671875
0.0813596248626709
0.08379364013671875
0.07292509078979492
0.058264970779418945
0.040123701095581055
0.1084585189819336
0.08329391479492188
0.08099937438964844
0.0664522647857666
0.05234336853027344
0.04231667518615723
0.028366565704345703
0.09027099609375
0.07711577415466309
0.07337284088134766
0.05568647384643555
0.03761482238769531
0.02385878562927246
0.10591578483581543
0.10588407516479492
0.09185385704040527
0.0776212215423584
0.06343507766723633
0.04831409454345703
0.03413820266723633
0.09473562240600586
0.08236408233642578
0.0678553581237793
0.05270791053771973
0.0376889705657959
0.036034345626831055
0.11161589622497559
0.08970785140991211
0.0715782642364502
0.0537104606628418
0.0386044979095459
0.03232407569885254
0.09431076049804688
0.07959771156311035
0.0661168098449707
0.05363297462463379
0.050920724868774414
0.03839755058288574
0.09851264953613281
0.0875551700592041
0.07317709922790527
0.05907464027404785
0.04393815994262695
0.029747962951660156
0.09638547897338867
0.08157825469970703
0.06818270683288574
0.05409502983093262
0.039605140686035156
0.02605748176574707
0.09946131706237793
0.08283233642578125
0.0709223747253418
0.06806635856628418
0.04985809326171875
0.03227519989013672
0.10051965713500977
0.08199143409729004
0.06970477104187012
0.05661892890930176
0.04429197311401367
0.0366971492767334
0.11137199401855469
0.09577679634094238
0.0808861255645752
0.06665873527526855
0.0527341365814209
0.03843069076538086
0.024074316024780273
0.10569524765014648
0.08577370643615723
0.07066917419433594
0.056375741958618164
0.04118156433105469
0.02865123748779297
0.1059715747833252
0.09889745712280273
0.0867311954498291
0.07218313217163086
0.05768275260925293
0.0437312126159668
0.11083579063415527
0.09021568298339844
0.09519410133361816
0.08086800575256348
0.06685829162597656
0.05296039581298828
0.03801727294921875
0.10358238220214844
0.08266568183898926
0.07817959785461426
0.06356143951416016
0.03086996078491211
0.10536980628967285
0.08504462242126465
0.06801056861877441
0.06924724578857422
0.04163169860839844
0.028025150299072266
0.10501646995544434
0.09607863426208496
0.08106398582458496
0.06716132164001465
0.05219674110412598
0.04018354415893555
0.10781979560852051
0.10513782501220703
0.09119081497192383
0.07709479331970215
0.06299448013305664
0.04818224906921387
0.038129568099975586
0.11669349670410156
0.10578465461730957
0.08803868293762207
0.07003998756408691
0.05219268798828125
0.02427840232849121
0.09170794486999512
0.07876920700073242
0.06682348251342773
0.05472230911254883
0.04072737693786621
0.025501251220703125
0.10015678405761719
0.08245444297790527
0.06729531288146973
0.05847501754760742
0.05109834671020508
0.03819751739501953
0.10785460472106934
0.08790230751037598
0.07302308082580566
0.059187889099121094
0.04735374450683594
0.057608842849731445
0.11273765563964844
0.08278274536132812
0.06865310668945312
0.054283857345581055
0.047493934631347656
0.03723907470703125
0.1143500804901123
0.09356522560119629
0.08964967727661133
0.07471609115600586
0.060608625411987305
0.046157121658325195
0.10625147819519043
0.0846867561340332
0.0752265453338623
0.06895732879638672
0.0617218017578125
0.0474092960357666
0.08797311782836914
0.07746028900146484
0.06606650352478027
0.052359580993652344
0.030159950256347656
0.01775646209716797
0.10555219650268555
0.09146332740783691
0.07706260681152344
0.06316137313842773
0.048581600189208984
0.03752279281616211
0.1073606014251709
0.0963137149810791
0.08820772171020508
0.07330584526062012
0.05950427055358887
0.04483628273010254
0.02662205696105957
0.09331512451171875
0.07879853248596191
0.06548261642456055
0.06297016143798828
0.048520565032958984
0.03411364555358887
0.09748625755310059
0.08555436134338379
0.07108211517333984
0.05765676498413086
0.055526018142700195
0.03920102119445801
0.10967040061950684
0.09743762016296387
0.096466064453125
0.08329892158508301
0.07102060317993164
0.05673480033874512
0.11524581909179688
0.08425045013427734
0.0970308780670166
0.0960702896118164
0.08113288879394531
0.06900668144226074
0.10933303833007812
0.10362982749938965
0.09949898719787598
0.086029052734375
0.0712885856628418
0.056450843811035156
0.0968778133392334
0.07042336463928223
0.08129024505615234
0.06671881675720215
0.05154561996459961
0.1248483657836914
0.10032963752746582
0.08665823936462402
0.07245206832885742
0.054315805435180664
0.03580594062805176
0.10666775703430176
0.07819485664367676
0.06610417366027832
0.036089420318603516
0.11547255516052246
0.09648299217224121
0.08575439453125
0.0716257095336914
0.05725240707397461
0.06177639961242676
0.04718375205993652
0.10880088806152344
0.10200262069702148
0.08701300621032715
0.07551765441894531
0.06295609474182129
0.04985380172729492
0.05104565620422363
0.1095113754272461
0.09334278106689453
0.07861137390136719
0.07584095001220703
0.043529510498046875
0.025585651397705078
0.11684536933898926
0.10109686851501465
0.08710479736328125
0.07318401336669922
0.05917930603027344
0.04487156867980957
0.030173301696777344
0.1320199966430664
0.11828374862670898
0.10280752182006836
0.08862161636352539
0.07366394996643066
0.059187889099121094
0.09301376342773438
0.07683944702148438
0.06966471672058105
0.054857730865478516
0.038106679916381836
0.023268938064575195
0.1025538444519043
0.08362364768981934
0.0752875804901123
0.06528663635253906
0.050299644470214844
0.03635263442993164
0.0227053165435791
0.10055994987487793
0.07947802543640137
0.06590509414672852
0.05710721015930176
0.04255104064941406
0.028086423873901367
0.10433626174926758
0.08084940910339355
0.07070398330688477
0.06308817863464355
0.04908585548400879
0.03496360778808594
0.10891032218933105
0.0959463119506836
0.08394861221313477
0.07505559921264648
0.06421422958374023
0.0500636100769043
0.035798072814941406
0.03167271614074707
0.08683896064758301
0.07880926132202148
0.0714273452758789
0.05690503120422363
0.042478084564208984
0.03138446807861328
0.09201431274414062
0.07901406288146973
0.07635211944580078
0.06458759307861328
0.05270266532897949
0.039491891860961914
0.11067008972167969
0.0892491340637207
0.061997413635253906
0.047486305236816406
0.03330588340759277
0.10895776748657227
0.09665870666503906
0.08252429962158203
0.0686948299407959
0.05509376525878906
0.04140520095825195
0.03576850891113281
0.1033315658569336
0.10169219970703125
0.08903336524963379
0.07451868057250977
0.06021523475646973
0.045641183853149414
0.030594825744628906
0.09858274459838867
0.0859384536743164
0.08650732040405273
0.06938838958740234
0.055632591247558594
0.040955543518066406
0.10861372947692871
0.08470654487609863
0.07558870315551758
0.06487894058227539
0.04972434043884277
0.035318851470947266
0.1020045280456543
0.0793142318725586
0.06715226173400879
0.05733156204223633
0.04881882667541504
0.03683137893676758
0.11018204689025879
0.08753585815429688
0.07347774505615234
0.05956268310546875
0.04595804214477539
0.04668068885803223
0.033102989196777344
0.0930185317993164
0.08849835395812988
0.07425999641418457
0.05611228942871094
0.03971576690673828
0.025136232376098633
0.09946250915527344
0.08640003204345703
0.07208728790283203
0.05846834182739258
0.05568122863769531
0.04134225845336914
0.026948928833007812
0.09822297096252441
0.08034443855285645
0.07459115982055664
0.06855654716491699
0.053967952728271484
0.03571772575378418
0.10286712646484375
0.08521509170532227
0.0872645378112793
0.06863665580749512
0.05446362495422363
0.03982353210449219
0.10593843460083008
0.08289480209350586
0.07435464859008789
0.059757232666015625
0.05348348617553711
0.03948259353637695
0.02553272247314453
0.0896003246307373
0.07706022262573242
0.06411528587341309
0.05154776573181152
0.0455625057220459
0.02722620964050293
0.09772205352783203
0.08229827880859375
0.07980704307556152
0.06486272811889648
0.05027198791503906
0.03637552261352539
0.11352038383483887
0.090911865234375
0.08462071418762207
0.0712881088256836
0.05522942543029785
0.03287863731384277
0.10272455215454102
0.08940529823303223
0.07876896858215332
0.06120634078979492
0.047574520111083984
0.03211259841918945
0.10855984687805176
0.09302091598510742
0.08388972282409668
0.07299590110778809
0.057633161544799805
0.04308056831359863
0.03488349914550781
0.1065359115600586
0.09674477577209473
0.0830078125
0.05524086952209473
0.033151865005493164
0.10714578628540039
0.08927297592163086
0.07867026329040527
0.06449246406555176
0.050061702728271484
0.03616833686828613
0.029173851013183594
0.11980962753295898
0.09890341758728027
0.0845940113067627
0.07002878189086914
0.055848121643066406
0.041420936584472656
0.11757040023803711
0.10029315948486328
0.08633899688720703
0.07206463813781738
0.057691097259521484
0.04369616508483887
0.030963659286499023
0.10649514198303223
0.08320260047912598
0.08772015571594238
0.07302451133728027
0.058098793029785156
0.0436854362487793
0.029343128204345703
0.09615659713745117
0.10385823249816895
0.0896139144897461
0.07460260391235352
0.06004953384399414
0.04530692100524902
0.11108875274658203
0.09380841255187988
0.08956193923950195
0.07447576522827148
0.059392690658569336
0.04459857940673828
0.029766559600830078
0.10678672790527344
0.08287549018859863
0.08267426490783691
0.06736302375793457
0.05259275436401367
0.038800954818725586
0.02484917640686035
0.08886408805847168
0.07650923728942871
0.07180309295654297
0.06748366355895996
0.05333065986633301
0.03834867477416992
0.10306000709533691
0.08525872230529785
0.07068347930908203
0.05979752540588379
0.048593759536743164
0.040047645568847656
0.10535645484924316
0.08968710899353027
0.07848834991455078
0.06982636451721191
0.05571770668029785
0.04241800308227539
0.10957884788513184
0.08816933631896973
0.07305479049682617
0.05867648124694824
0.04055166244506836
0.03509211540222168
0.10862922668457031
0.08779501914978027
0.0849752426147461
0.07238483428955078
0.05857729911804199
0.038458824157714844
0.10505962371826172
0.08567571640014648
0.0751504898071289
0.06062030792236328
0.04604196548461914
0.03995776176452637
0.02644634246826172
0.10013389587402344
0.08222126960754395
0.07677149772644043
0.06250357627868652
0.040695905685424805
0.037911176681518555
0.10433387756347656
0.08209371566772461
0.07706403732299805
0.07149863243103027
0.06004953384399414
0.04709768295288086
0.036026954650878906
0.10155272483825684
0.08458852767944336
0.07044792175292969
0.05627799034118652
0.042952775955200195
0.034177303314208984
0.10738801956176758
0.08185124397277832
0.07309603691101074
0.06204032897949219
0.04713773727416992
0.03258204460144043
0.11235165596008301
0.10145306587219238
0.08697342872619629
0.07244873046875
0.06158757209777832
0.04713606834411621
0.03969120979309082
0.11052632331848145
0.09834098815917969
0.08691215515136719
0.07261323928833008
0.06150531768798828
0.05134773254394531
0.0396122932434082
0.11521196365356445
0.08530068397521973
0.0711965560913086
0.05758190155029297
0.04732823371887207
0.03281283378601074
0.10672807693481445
0.08211326599121094
0.08167147636413574
0.06807971000671387
0.053733110427856445
0.03919553756713867
0.1069643497467041
0.09125900268554688
0.08063840866088867
0.06899619102478027
0.05452919006347656
0.04063773155212402
0.0274655818939209
0.09575152397155762
0.08139491081237793
0.06759834289550781
0.05629324913024902
0.049228668212890625
0.03449702262878418
0.1057884693145752
0.08959317207336426
0.07810735702514648
0.06418371200561523
0.04996371269226074
0.03622150421142578
0.022090673446655273
0.0979166030883789
0.08528470993041992
0.06737685203552246
0.05726218223571777
0.05294322967529297
0.03694629669189453
0.09439730644226074
0.08081483840942383
0.07991147041320801
0.065765380859375
0.05136609077453613
0.036565303802490234
0.10957646369934082
0.09656453132629395
0.08869671821594238
0.1685030460357666
0.17257380485534668
0.16227507591247559
0.1487736701965332
0.13434100151062012
0.11921238899230957
0.1049964427947998
0.0905914306640625
0.07628154754638672
0.13806486129760742
0.12954306602478027
0.11585021018981934
0.09135746955871582
0.07814192771911621
0.07653617858886719
0.06841492652893066
0.055486440658569336
0.04229593276977539
0.08463311195373535
0.07888484001159668
0.06515002250671387
0.05116462707519531
0.03731894493103027
0.03409242630004883
0.10673046112060547
0.16951704025268555
0.15862512588500977
0.14507794380187988
0.12740373611450195
0.11118268966674805
0.09888529777526855
0.08931565284729004
0.07504773139953613
0.13494229316711426
0.12098193168640137
0.0913240909576416
0.07901406288146973
0.0740821361541748
0.056282997131347656
0.0413210391998291
0.04114890098571777
0.1024785041809082
0.08458375930786133
0.06640791893005371
0.052575111389160156
0.0429534912109375
0.037532806396484375
0.10410046577453613
0.1825697422027588
0.16257143020629883
0.14529037475585938
0.1327197551727295
0.12274885177612305
0.1233971118927002
0.10490751266479492
0.0906057357788086
0.07637667655944824
0.053308963775634766
0.11148333549499512
0.1076512336730957
0.0847320556640625
0.07041382789611816
0.05623459815979004
0.04546546936035156
0.032774925231933594
0.09049725532531738
0.18867063522338867
0.1745896339416504
0.18671774864196777
0.1836690902709961
0.17445111274719238
0.16005420684814453
0.14430999755859375
0.1299600601196289
0.1156308650970459
0.10274648666381836
0.08805346488952637
0.07297658920288086
0.2076425552368164
0.17484402656555176
0.16086935997009277
0.14676284790039062
0.14363336563110352
0.12949299812316895
0.11458158493041992
0.09977507591247559
0.0998983383178711
0.14806675910949707
0.13708043098449707
0.12856388092041016
0.08110284805297852
0.08210945129394531
0.05897665023803711
0.04491233825683594
0.03085017204284668
0.09526205062866211
0.2051403522491455
0.19061064720153809
0.17558526992797852
0.16225242614746094
0.14690423011779785
0.13214111328125
0.11806082725524902
0.10381388664245605
0.0892026424407959
0.07494497299194336
0.06049299240112305
0.22440123558044434
0.2151954174041748
0.1983633041381836
0.18487191200256348
0.1936354637145996
0.17621517181396484
0.16173195838928223
0.14647722244262695
0.1322319507598877
0.11788177490234375
0.1035926342010498
0.15589094161987305
0.14307689666748047
0.13483190536499023
0.12453722953796387
0.08381462097167969
0.07603096961975098
0.061749935150146484
0.047183990478515625
0.10907125473022461
0.1996595859527588
0.18604469299316406
0.17168474197387695
0.15747499465942383
0.14413046836853027
0.13190174102783203
0.12335872650146484
0.10726237297058105
0.0927131175994873
0.09472060203552246
0.08026576042175293
0.06489992141723633
0.22168803215026855
0.21430444717407227
0.17640089988708496
0.16239070892333984
0.15025591850280762
0.1374964714050293
0.1308751106262207
0.1166996955871582
0.10213899612426758
0.15816473960876465
0.17341184616088867
0.16114282608032227
0.1432642936706543
0.12920331954956055
0.10729598999023438
0.09420061111450195
0.0799415111541748
0.06494855880737305
0.05056309700012207
0.11029219627380371
0.17888975143432617
0.17473435401916504
0.16053462028503418
0.16000032424926758
0.14487838745117188
0.13002395629882812
0.1160593032836914
0.1017601490020752
0.08749794960021973
0.07297825813293457
0.22117185592651367
0.22571873664855957
0.1948552131652832
0.19993352890014648
0.18860697746276855
0.1746232509613037
0.15965938568115234
0.14573049545288086
0.13177108764648438
0.11787724494934082
0.16300725936889648
0.15765643119812012
0.14342331886291504
0.12873148918151855
0.12169766426086426
0.10763049125671387
0.09268355369567871
0.07868671417236328
0.06469893455505371
0.04964590072631836
0.09787297248840332
0.07753682136535645
0.059922218322753906
0.04114103317260742
0.11558723449707031
0.09375119209289551
0.1742546558380127
0.19098448753356934
0.1799015998840332
0.16192126274108887
0.1439347267150879
0.1239616870880127
0.10901045799255371
0.09023523330688477
0.15519404411315918
0.15648126602172852
0.14209914207458496
0.12771940231323242
0.10523104667663574
0.09070682525634766
0.07484722137451172
0.05437421798706055
0.04023098945617676
0.10226559638977051
0.07635855674743652
0.06604194641113281
0.05072164535522461
0.05358171463012695
0.04042172431945801
0.10027170181274414
0.09890937805175781
0.08463335037231445
0.07033395767211914
0.0560762882232666
0.04388904571533203
0.13484692573547363
0.11696910858154297
0.10283088684082031
0.08863973617553711
0.07445478439331055
0.059461116790771484
0.044756412506103516
0.11208152770996094
0.0861976146697998
0.07208013534545898
0.057059288024902344
0.05066108703613281
0.035243988037109375
0.10920333862304688
0.09316849708557129
0.08755087852478027
0.07666850090026855
0.061019182205200195
0.0462796688079834
0.0320744514465332
0.09004402160644531
0.09441423416137695
0.0747368335723877
0.06039023399353027
0.04595351219177246
0.031925201416015625
0.10476040840148926
0.08997249603271484
0.07548880577087402
0.06107139587402344
0.05014324188232422
0.03560447692871094
0.021386384963989258
0.10184884071350098
0.0857546329498291
0.07036614418029785
0.06271696090698242
0.05294990539550781
0.03791379928588867
0.10782265663146973
0.09597182273864746
0.08416914939880371
0.08349728584289551
0.07693004608154297
0.06661605834960938
0.05335044860839844
0.039086341857910156
0.09636855125427246
0.07694101333618164
0.06783866882324219
0.05270814895629883
0.0422055721282959
0.02752232551574707
0.09564208984375
0.07373046875
0.05950045585632324
0.04659700393676758
0.04806160926818848
0.03346538543701172
0.10843038558959961
0.0919954776763916
0.07705378532409668
0.07729363441467285
0.06270384788513184
0.046793222427368164
0.10832667350769043
0.08106780052185059
0.07836031913757324
0.06373262405395508
0.04971003532409668
0.035265207290649414
0.10679292678833008
0.1021881103515625
0.08511686325073242
0.07026004791259766
0.05436253547668457
0.03928375244140625
0.03055548667907715
0.08697366714477539
0.07973670959472656
0.07174086570739746
0.05682945251464844
0.039000749588012695
0.1076209545135498
0.08822417259216309
0.08565664291381836
0.07130861282348633
0.05691027641296387
0.042481184005737305
0.028044462203979492
0.09783339500427246
0.08095073699951172
0.06873297691345215
0.06003427505493164
0.04936552047729492
0.034357547760009766
0.020134687423706055
0.09458422660827637
0.09569859504699707
0.08122014999389648
0.06640911102294922
0.05194807052612305
0.03722405433654785
0.10733890533447266
0.0935370922088623
0.07980775833129883
0.06949138641357422
0.05193305015563965
0.03720736503601074
0.03059244155883789
0.09766316413879395
0.0847010612487793
0.0702204704284668
0.06658101081848145
0.04777717590332031
0.033869266510009766
0.09789061546325684
0.08329272270202637
0.06882190704345703
0.053910255432128906
0.045651912689208984
0.03509831428527832
0.10994768142700195
0.09067511558532715
0.06707525253295898
0.05247950553894043
0.03476357460021973
0.10961246490478516
0.09903740882873535
0.08516216278076172
0.0671987533569336
0.05263662338256836
0.038042545318603516
0.109039306640625
0.08362340927124023
0.06980776786804199
0.06700682640075684
0.05266070365905762
0.03800201416015625
0.023808956146240234
0.09439373016357422
0.08379864692687988
0.07306647300720215
0.06437301635742188
0.050043582916259766
0.03532576560974121
0.10529565811157227
0.08820438385009766
0.07428216934204102
0.05988454818725586
0.04184460639953613
0.03555750846862793
0.10684943199157715
0.09391117095947266
0.07976460456848145
0.06228017807006836
0.04794120788574219
0.03371286392211914
0.11170053482055664
0.09744429588317871
0.08342766761779785
0.07411909103393555
0.0595095157623291
0.05640912055969238
0.041091203689575195
0.11009073257446289
0.10139656066894531
0.08618950843811035
0.07220602035522461
0.05242443084716797
0.037503957748413086
0.1008596420288086
0.08644890785217285
0.07313179969787598
0.059380531311035156
0.052018165588378906
0.038384199142456055
0.10622406005859375
0.1055302619934082
0.09049034118652344
0.07615232467651367
0.062116384506225586
0.047636985778808594
0.03365039825439453
0.09009361267089844
0.08372020721435547
0.0689387321472168
0.05454230308532715
0.040200233459472656
0.025963306427001953
0.12696290016174316
0.10405182838439941
0.09074974060058594
0.07647323608398438
0.06163454055786133
0.04394412040710449
0.12894701957702637
0.10009026527404785
0.08486628532409668
0.07115316390991211
0.056043148040771484
0.041422128677368164
0.13025164604187012
0.11661529541015625
0.09969186782836914
0.08615493774414062
0.06874656677246094
0.05480003356933594
0.04148530960083008
0.1081697940826416
0.08244824409484863
0.06882262229919434
0.05051565170288086
0.03694558143615723
0.01998138427734375
0.09128522872924805
0.09972381591796875
0.08570504188537598
0.0715646743774414
0.057654380798339844
0.04322934150695801
0.029163360595703125
0.0952291488647461
0.0847020149230957
0.07297110557556152
0.05023384094238281
0.035593271255493164
0.11191010475158691
0.08690142631530762
0.07290196418762207
0.05773448944091797
0.0425868034362793
0.028145790100097656
0.10174727439880371
0.08446836471557617
0.06937456130981445
0.05556797981262207
0.05029559135437012
0.0349881649017334
0.1087038516998291
0.10317564010620117
0.08921408653259277
0.07801246643066406
0.06630086898803711
0.051842689514160156
0.037238359451293945
0.1077721118927002
0.1070566177368164
0.09267735481262207
0.08129596710205078
0.06703042984008789
0.05221676826477051
0.03772997856140137
0.11036872863769531
0.09594130516052246
0.08397078514099121
0.0705876350402832
0.056156158447265625
0.05285286903381348
0.038969993591308594
0.10468196868896484
0.10254049301147461
0.08853316307067871
0.0742344856262207
0.0598597526550293
0.04522514343261719
0.10909342765808105
0.07824468612670898
0.0773015022277832
0.0688333511352539
0.055954694747924805
0.04115748405456543
0.11683297157287598
0.09099578857421875
0.07674145698547363
0.06261157989501953
0.05240130424499512
0.03893733024597168
0.024522066116333008
0.09066963195800781
0.0876607894897461
0.07326507568359375
0.05961799621582031
0.04572653770446777
0.03199124336242676
0.1104423999786377
0.10298943519592285
0.08866238594055176
0.07456636428833008
0.05614185333251953
0.04170513153076172
0.02815723419189453
0.0992894172668457
0.08457708358764648
0.06628584861755371
0.05125927925109863
0.04350090026855469
0.028612852096557617
0.09118413925170898
0.07873082160949707
0.06121969223022461
0.0470280647277832
0.03742194175720215
0.02319788932800293
0.0985724925994873
0.09320211410522461
0.08229923248291016
0.0679020881652832
0.053917646408081055
0.040117502212524414
0.026042699813842773
0.09949421882629395
0.06019878387451172
0.05185341835021973
0.030859947204589844
0.10612678527832031
0.10718536376953125
0.0971670150756836
0.08284211158752441
0.06838536262512207
0.053861379623413086
0.03988480567932129
0.10442519187927246
0.08484888076782227
0.07051753997802734
0.05607247352600098
0.06062030792236328
0.05619049072265625
0.11191487312316895
0.09717798233032227
0.10270404815673828
0.08859610557556152
0.07375645637512207
0.059335947036743164
0.044936180114746094
0.1134181022644043
0.08887314796447754
0.08071255683898926
0.0667877197265625
0.05281686782836914
0.039226531982421875
0.02493429183959961
0.09524106979370117
0.08462262153625488
0.07032275199890137
0.06970643997192383
0.05501222610473633
0.032944440841674805
0.10106515884399414
0.09149718284606934
0.07708334922790527
0.06238818168640137
0.044515132904052734
0.0297091007232666
0.1054537296295166
0.08717703819274902
0.07326436042785645
0.05987215042114258
0.0523531436920166
0.03799748420715332
0.025647401809692383
0.10294699668884277
0.08341622352600098
0.076416015625
0.06187629699707031
0.05508089065551758
0.040761470794677734
0.11760401725769043
0.09632492065429688
0.08232641220092773
0.06835579872131348
0.046930789947509766
0.03216409683227539
0.028598546981811523
0.10884809494018555
0.09390497207641602
0.07967805862426758
0.06512236595153809
0.0501246452331543
0.034871816635131836
0.11054039001464844
0.0927121639251709
0.08406329154968262
0.06959795951843262
0.04445242881774902
0.029707670211791992
0.10928106307983398
0.09781479835510254
0.08356928825378418
0.0682532787322998
0.05292558670043945
0.0384976863861084
0.11409115791320801
0.09883809089660645
0.0916757583618164
0.0769495964050293
0.062380075454711914
0.05125927925109863
0.03776073455810547
0.10173439979553223
0.08055353164672852
0.07149434089660645
0.07069921493530273
0.0565030574798584
0.04262900352478027
0.10979962348937988
0.09325408935546875
0.10112762451171875
0.08727073669433594
0.07322859764099121
0.05904054641723633
0.04549884796142578
0.1145775318145752
0.10620808601379395
0.09968090057373047
0.08516335487365723
0.07045555114746094
0.0532679557800293
0.0397183895111084
0.10656356811523438
0.09555339813232422
0.0785226821899414
0.06423330307006836
0.04654073715209961
0.032297611236572266
0.0991823673248291
0.0987548828125
0.08317041397094727
0.06865453720092773
0.05094552040100098
0.03672981262207031
0.1110222339630127
0.10321736335754395
0.08822274208068848
0.07328510284423828
0.05810403823852539
0.043027400970458984
0.10529923439025879
0.08692717552185059
0.07274889945983887
0.061574697494506836
0.04745221138000488
0.029521942138671875
0.0971376895904541
0.08283543586730957
0.08094286918640137
0.0666952133178711
0.05214262008666992
0.0381770133972168
0.03051137924194336
0.08961701393127441
0.07667183876037598
0.06430172920227051
0.05194568634033203
0.04223752021789551
0.02814006805419922
0.10370326042175293
0.09215998649597168
0.07766509056091309
0.06771397590637207
0.05301713943481445
0.0383908748626709
0.12112712860107422
0.10244870185852051
0.08885955810546875
0.07443594932556152
0.059435129165649414
0.04454493522644043
0.03769207000732422
0.11045265197753906
0.08501815795898438
0.0705270767211914
0.05584239959716797
0.04240679740905762
0.03568005561828613
0.10476183891296387
0.09284067153930664
0.0787043571472168
0.06470036506652832
0.02348017692565918
0.09861469268798828
0.0844733715057373
0.07200241088867188
0.06942605972290039
0.057291507720947266
0.043354034423828125
0.028979778289794922
0.09913063049316406
0.0812830924987793
0.0688929557800293
0.05553603172302246
0.05574202537536621
0.041586875915527344
0.10858964920043945
0.09214448928833008
0.09470129013061523
0.08324718475341797
0.06857538223266602
0.0538938045501709
0.03870844841003418
0.10845828056335449
0.08559966087341309
0.07095170021057129
0.05881786346435547
0.0444486141204834
0.036031246185302734
0.11518692970275879
0.09827733039855957
0.09076261520385742
0.07682561874389648
0.06255984306335449
0.04761552810668945
0.033453941345214844
0.10390424728393555
0.10830378532409668
0.09055280685424805
0.06999540328979492
0.052883148193359375
0.09279251098632812
0.08250951766967773
0.07642698287963867
0.0624089241027832
0.04457831382751465
0.030616283416748047
0.09710955619812012
0.08334803581237793
0.06132817268371582
0.0591893196105957
0.04654240608215332
0.032050371170043945
0.09034585952758789
0.08132767677307129
0.06638503074645996
0.05320024490356445
0.04454922676086426
0.03898310661315918
0.10851240158081055
0.08687996864318848
0.07264852523803711
0.05870676040649414
0.042884111404418945
0.045659542083740234
0.1089468002319336
0.09450030326843262
0.08391070365905762
0.08516097068786621
0.07305622100830078
0.058270931243896484
0.05285525321960449
0.11046171188354492
0.09224367141723633
0.09346532821655273
0.0755007266998291
0.06056642532348633
0.039186716079711914
0.1034390926361084
0.08877205848693848
0.0894160270690918
0.07547259330749512
0.06101179122924805
0.04699110984802246
0.0324862003326416
0.11785626411437988
0.09593534469604492
0.08181595802307129
0.07063436508178711
0.059741973876953125
0.04522538185119629
0.10427379608154297
0.09650659561157227
0.08629131317138672
0.07121872901916504
0.05636024475097656
0.044289350509643555
0.03383612632751465
0.0947880744934082
0.08463430404663086
0.0631704330444336
0.05932140350341797
0.045211076736450195
0.030319929122924805
0.09774422645568848
0.0823371410369873
0.06977033615112305
0.05752921104431152
0.05229926109313965
0.03776097297668457
0.02300739288330078
0.09919500350952148
0.08415436744689941
0.07576107978820801
0.06510663032531738
0.0685739517211914
0.05476069450378418
0.10957121849060059
0.08329415321350098
0.06834864616394043
0.05766034126281738
0.047132253646850586
0.03203535079956055
0.10294008255004883
0.0864412784576416
0.08188867568969727
0.06687450408935547
0.05376577377319336
0.039049386978149414
0.024871826171875
0.09034442901611328
0.07988238334655762
0.08100199699401855
0.0664222240447998
0.051778316497802734
0.0381162166595459
0.11278104782104492
0.08764815330505371
0.08460807800292969
0.070709228515625
0.05644106864929199
0.042217254638671875
0.11075234413146973
0.10070657730102539
0.08666133880615234
0.07222938537597656
0.05866694450378418
0.04449725151062012
0.04301571846008301
0.10674667358398438
0.07999277114868164
0.06776213645935059
0.04979443550109863
0.0376133918762207
0.12934136390686035
0.11466813087463379
0.1004631519317627
0.08609557151794434
0.06961321830749512
0.05490565299987793
0.04063081741333008
0.10821914672851562
0.09622859954833984
0.08382749557495117
0.07716631889343262
0.06241488456726074
0.048211097717285156
0.033791542053222656
0.10798406600952148
0.09570431709289551
0.08507680892944336
0.0770881175994873
0.05965256690979004
0.04565834999084473
0.030583858489990234
0.10508275032043457
0.08135724067687988
0.07127881050109863
0.05397367477416992
0.03950786590576172
0.03483104705810547
0.10599231719970703
0.0836782455444336
0.07497048377990723
0.05694842338562012
0.05010509490966797
0.03569531440734863
0.11153459548950195
0.09466671943664551
0.08074021339416504
0.06649613380432129
0.056536197662353516
0.0438075065612793
0.03332185745239258
0.0904538631439209
0.07738089561462402
0.06489348411560059
0.06205010414123535
0.04963111877441406
0.03816628456115723
0.10533809661865234
0.08289432525634766
0.07392454147338867
0.06592988967895508
0.055082082748413086
0.040749549865722656
0.025799036026000977
0.08999371528625488
0.089874267578125
0.07520151138305664
0.06066608428955078
0.04723763465881348
0.03293156623840332
0.11288166046142578
0.08687734603881836
0.07267427444458008
0.05850100517272949
0.04989337921142578
0.03190207481384277
0.11162376403808594
0.10301709175109863
0.0850682258605957
0.06703066825866699
0.06202077865600586
0.04393124580383301
0.029965877532958984
0.09032082557678223
0.08339118957519531
0.07261109352111816
0.05776715278625488
0.043538808822631836
0.02560901641845703
0.09053325653076172
0.08813214302062988
0.07393193244934082
0.05939841270446777
0.04451942443847656
0.033089399337768555
0.10941362380981445
0.10071229934692383
0.0860147476196289
0.07251548767089844
0.05755972862243652
0.039646148681640625
0.09261965751647949
0.08316254615783691
0.06919527053833008
0.056435585021972656
0.05361461639404297
0.03962993621826172
0.025333404541015625
0.08833551406860352
0.07458162307739258
0.08103036880493164
0.0667259693145752
0.05282878875732422
0.03241777420043945
0.11687874794006348
0.10204815864562988
0.08783602714538574
0.07330441474914551
0.06078147888183594
0.04677772521972656
0.10718488693237305
0.0838778018951416
0.07505941390991211
0.060886383056640625
0.04743075370788574
0.035068511962890625
0.022680997848510742
0.08897924423217773
0.09389495849609375
0.08072090148925781
0.06650567054748535
0.05228686332702637
0.03389549255371094
0.10601663589477539
0.08388137817382812
0.07381677627563477
0.06259703636169434
0.05475592613220215
0.0410313606262207
0.0924825668334961
0.07771086692810059
0.08397531509399414
0.06958293914794922
0.05466747283935547
0.04034566879272461
0.10661649703979492
0.08678889274597168
0.08402323722839355
0.06984329223632812
0.05581378936767578
0.040999412536621094
0.11225175857543945
0.09768462181091309
0.1063535213470459
0.0923469066619873
0.07805442810058594
0.06403708457946777
0.04910111427307129
0.033919572830200195
0.08721184730529785
0.07407474517822266
0.062225341796875
0.05309414863586426
0.03893327713012695
0.03442883491516113
0.09171938896179199
0.08242201805114746
0.07787036895751953
0.06341028213500977
0.04887533187866211
0.03444266319274902
0.10665678977966309
0.08739590644836426
0.07332110404968262
0.05974173545837402
0.04730796813964844
0.045641183853149414
0.03432345390319824
0.1059105396270752
0.10147762298583984
0.08718204498291016
0.07270455360412598
0.057741641998291016
0.04430580139160156
0.029838085174560547
0.09556770324707031
0.08742523193359375
0.08142304420471191
0.06685709953308105
0.048894643783569336
0.03465890884399414
0.10713720321655273
0.09567761421203613
0.08543539047241211
0.07148957252502441
0.0574493408203125
0.026945829391479492
0.09583067893981934
0.08492016792297363
0.07242417335510254
0.0546262264251709
0.03966856002807617
0.03574109077453613
0.1068580150604248
0.08286023139953613
0.06792259216308594
0.05399155616760254
0.043760061264038086
0.0359950065612793
0.10493969917297363
0.08340930938720703
0.07579588890075684
0.06136894226074219
0.054292917251586914
0.03191089630126953
0.10553979873657227
0.08182525634765625
0.07309985160827637
0.05882573127746582
0.054532766342163086
0.0397648811340332
0.024982213973999023
0.09519791603088379
0.09085464477539062
0.07964015007019043
0.06493449211120605
0.05010581016540527
0.035659074783325195
0.11598706245422363
0.11048054695129395
0.10022211074829102
0.08784651756286621
0.07360053062438965
0.05843067169189453
0.043750762939453125
0.029785633087158203
0.10036039352416992
0.07943558692932129
0.07878279685974121
0.06483650207519531
0.05067276954650879
0.03648996353149414
0.11079263687133789
0.09140896797180176
0.07727169990539551
0.06818485260009766
0.05369877815246582
0.04451465606689453
0.027019262313842773
0.09089946746826172
0.07794713973999023
0.07053637504577637
0.06788015365600586
0.05832624435424805
0.038059234619140625
0.0991969108581543
0.08938837051391602
0.08748006820678711
0.07348966598510742
0.058732032775878906
0.04423928260803223
0.030063152313232422
0.09601259231567383
0.0863335132598877
0.07177329063415527
0.05657386779785156
0.04233694076538086
0.11325907707214355
0.10264420509338379
0.08772730827331543
0.07289695739746094
0.05802106857299805
0.0434718132019043
0.029325246810913086
0.08995175361633301
0.07984399795532227
0.07917475700378418
0.06486892700195312
0.050925254821777344
0.0364835262298584
0.10456991195678711
0.09439539909362793
0.07915472984313965
0.06847739219665527
0.0532832145690918
0.038961172103881836
0.09433817863464355
0.0799100399017334
0.0825796127319336
0.06813454627990723
0.05374646186828613
0.04104137420654297
0.10921144485473633
0.09124350547790527
0.07631587982177734
0.0779111385345459
0.06285953521728516
0.04898786544799805
0.03505206108093262
0.09076786041259766
0.08792710304260254
0.07346916198730469
0.059395790100097656
0.04554605484008789
0.031638145446777344
0.10813450813293457
0.0830225944519043
0.06203603744506836
0.05937457084655762
0.046222686767578125
0.1139671802520752
0.11823415756225586
0.10371279716491699
0.08959174156188965
0.07756900787353516
0.0629115104675293
0.04934096336364746
0.03552556037902832
0.1037454605102539
0.08874058723449707
0.07424688339233398
0.05933046340942383
0.04539346694946289
0.03159308433532715
0.08914041519165039
0.0746450424194336
0.06408214569091797
0.052864789962768555
0.037873268127441406
0.11447000503540039
0.09299850463867188
0.07977294921875
0.07098650932312012
0.06777310371398926
0.055814504623413086
0.0402071475982666
0.1105184555053711
0.08662796020507812
0.07251334190368652
0.05745339393615723
0.05909585952758789
0.04818534851074219
0.033341407775878906
0.1032416820526123
0.08231449127197266
0.07169318199157715
0.06481003761291504
0.05388593673706055
0.04079484939575195
0.11901164054870605
0.10444879531860352
0.08951640129089355
0.07445955276489258
0.06054496765136719
0.047844648361206055
0.05173063278198242
0.037215232849121094
0.10195231437683105
0.08301305770874023
0.06906008720397949
0.05925488471984863
0.05443716049194336
0.03922152519226074
0.10466909408569336
0.09421753883361816
0.08020615577697754
0.06628799438476562
0.05232882499694824
0.04268836975097656
0.02874302864074707
0.11868095397949219
0.10018324851989746
0.08619952201843262
0.0709526538848877
0.05696249008178711
0.0428009033203125
0.029653549194335938
0.08805131912231445
0.08159232139587402
0.08011317253112793
0.0627591609954834
0.047677040100097656
0.032056570053100586
0.10875678062438965
0.10271382331848145
0.08790230751037598
0.07036972045898438
0.056199073791503906
0.041790008544921875
0.09776997566223145
0.08374285697937012
0.06976723670959473
0.06408834457397461
0.049095869064331055
0.03216052055358887
0.10225796699523926
0.08546614646911621
0.07106614112854004
0.057108402252197266
0.0429081916809082
0.030670166015625
0.1087028980255127
0.09649944305419922
0.08240818977355957
0.06806230545043945
0.05395245552062988
0.04039287567138672
0.10935568809509277
0.11073708534240723
0.10161638259887695
0.08639144897460938
0.07200384140014648
0.05121159553527832
0.037584543228149414
0.10784578323364258
0.08295774459838867
0.07135629653930664
0.06391572952270508
0.049245595932006836
0.03488874435424805
0.10792136192321777
0.08312606811523438
0.07685732841491699
0.0628359317779541
0.049165964126586914
0.03464508056640625
0.11123228073120117
0.09353208541870117
0.08643651008605957
0.07582664489746094
0.06120705604553223
0.046605825424194336
0.03328657150268555
0.10725045204162598
0.09015011787414551
0.0758976936340332
0.06136798858642578
0.04946637153625488
0.04025983810424805
0.10054397583007812
0.08604621887207031
0.07445049285888672
0.05952787399291992
0.04514002799987793
0.030864715576171875
0.10783886909484863
0.11083269119262695
0.09792685508728027
0.08365750312805176
0.0701756477355957
0.056246280670166016
0.041568756103515625
0.10610485076904297
0.08518600463867188
0.07039594650268555
0.05764603614807129
0.0454559326171875
0.03349471092224121
0.1111290454864502
0.11623239517211914
0.09823894500732422
0.08321762084960938
0.06887054443359375
0.05437064170837402
0.04086709022521973
0.12543129920959473
0.09462571144104004
0.08035898208618164
0.06602358818054199
0.051725149154663086
0.12385177612304688
0.10272455215454102
0.08838057518005371
0.07462167739868164
0.06044793128967285
0.04698610305786133
0.04272580146789551
0.1110982894897461
0.09181714057922363
0.08400487899780273
0.06941652297973633
0.054904937744140625
0.04633975028991699
0.03953051567077637
0.08834266662597656
0.07880520820617676
0.059618234634399414
0.04522228240966797
0.030347585678100586
0.017386436462402344
0.0910959243774414
0.09047579765319824
0.07635021209716797
0.062213897705078125
0.04789280891418457
0.03731822967529297
0.11157846450805664
0.0976717472076416
0.08732366561889648
0.07278275489807129
0.059335947036743164
0.0471653938293457
0.03463912010192871
0.028521060943603516
0.09685039520263672
0.07929110527038574
0.07975912094116211
0.0647735595703125
0.04985165596008301
0.03475499153137207
0.10969161987304688
0.08652591705322266
0.07155489921569824
0.05660557746887207
0.046184539794921875
0.02824854850769043
0.10519266128540039
0.09507513046264648
0.07708525657653809
0.06310486793518066
0.04817795753479004
0.028708219528198242
0.09758186340332031
0.08582925796508789
0.07229328155517578
0.05322003364562988
0.05909442901611328
0.04788827896118164
0.10716509819030762
0.0856626033782959
0.07952523231506348
0.06358170509338379
0.04962611198425293
0.035700082778930664
0.02124333381652832
0.09665346145629883
0.0919337272644043
0.07729792594909668
0.06284022331237793
0.049051761627197266
0.03469991683959961
0.10381150245666504
0.08611249923706055
0.09066653251647949
0.07682466506958008
0.06374144554138184
0.0510404109954834
0.03708386421203613
0.10124325752258301
0.08331131935119629
0.08479690551757812
0.07365155220031738
0.060515403747558594
0.04610133171081543
0.031046390533447266
0.11617588996887207
0.10164403915405273
0.08769416809082031
0.07328248023986816
0.05830550193786621
0.03720521926879883
0.09171128273010254
0.07379341125488281
0.05939364433288574
0.05747056007385254
0.04216790199279785
0.029222488403320312
0.10411524772644043
0.0871894359588623
0.0727839469909668
0.059093475341796875
0.04976153373718262
0.035512447357177734
0.021779775619506836
0.09246301651000977
0.08194422721862793
0.07314491271972656
0.054527997970581055
0.036725521087646484
0.10936260223388672
0.1173543930053711
0.10384368896484375
0.08643174171447754
0.07215428352355957
0.057936906814575195
0.04417920112609863
0.029937744140625
0.09063529968261719
0.07657504081726074
0.06336569786071777
0.04702901840209961
0.03499293327331543
0.022423982620239258
0.09214520454406738
0.07645869255065918
0.06673073768615723
0.05274367332458496
0.03935122489929199
0.026568174362182617
0.10302543640136719
0.08969569206237793
0.07556939125061035
0.06107473373413086
0.04713034629821777
0.11908483505249023
0.10534477233886719
0.09140801429748535
0.0826711654663086
0.08119058609008789
0.06103205680847168
0.046842336654663086
0.10632538795471191
0.08702635765075684
0.0719609260559082
0.057718753814697266
0.04279685020446777
0.03797268867492676
0.10560870170593262
0.10296988487243652
0.08781886100769043
0.07300758361816406
0.05878043174743652
0.043965816497802734
0.029899120330810547
0.0953824520111084
0.0847480297088623
0.0887908935546875
0.0748286247253418
0.05983710289001465
0.04590630531311035
0.10482549667358398
0.07939815521240234
0.06821131706237793
0.05506610870361328
0.04215121269226074
0.03257012367248535
0.10555839538574219
0.0892641544342041
0.06844568252563477
0.054387569427490234
0.040427446365356445
0.035684823989868164
0.12801027297973633
0.10308599472045898
0.08917617797851562
0.0749204158782959
0.06070303916931152
0.04575538635253906
0.029770851135253906
0.09198999404907227
0.08373904228210449
0.06867337226867676
0.0588681697845459
0.0448756217956543
0.029788494110107422
0.09210515022277832
0.08871245384216309
0.07419085502624512
0.05918002128601074
0.04451704025268555
0.03392672538757324
0.10659527778625488
0.08757185935974121
0.08040714263916016
0.07599258422851562
0.061908721923828125
0.047557830810546875
0.032831668853759766
0.09762978553771973
0.07868504524230957
0.08408784866333008
0.06969738006591797
0.05534505844116211
0.04089021682739258
0.1060020923614502
0.08243608474731445
0.08493876457214355
0.07056117057800293
0.05622744560241699
0.04142951965332031
0.027523517608642578
0.09111762046813965
0.08440923690795898
0.0723114013671875
0.058646202087402344
0.04436826705932617
0.02947688102722168
0.1023249626159668
0.09178376197814941
0.07755565643310547
0.05574822425842285
0.04130673408508301
0.029892444610595703
0.10716772079467773
0.08432817459106445
0.08149218559265137
0.0664968490600586
0.051752328872680664
0.03655052185058594
0.022338390350341797
0.09795665740966797
0.0810394287109375
0.06726861000061035
0.06497526168823242
0.05063462257385254
0.03687453269958496
0.11433935165405273
0.09292054176330566
0.08265089988708496
0.07297968864440918
0.058656930923461914
0.04421043395996094
0.030555009841918945
0.08850574493408203
0.07659173011779785
0.07480311393737793
0.056437015533447266
0.042421579360961914
0.02775859832763672
0.09159970283508301
0.0816643238067627
0.06710696220397949
0.056613922119140625
0.046706438064575195
0.04123878479003906
0.1045980453491211
0.08593082427978516
0.08201742172241211
0.0703744888305664
0.05609703063964844
0.04146432876586914
0.027344703674316406
0.09750771522521973
0.08795690536499023
0.06943202018737793
0.05518817901611328
0.042705535888671875
0.030524253845214844
0.11137223243713379
0.08355903625488281
0.08294486999511719
0.06937479972839355
0.05474257469177246
0.03679656982421875
0.11189723014831543
0.10826635360717773
0.09420633316040039
0.07613134384155273
0.061545610427856445
0.047509193420410156
0.0327143669128418
0.10584616661071777
0.08390545845031738
0.08589625358581543
0.0717165470123291
0.05659937858581543
0.04227566719055176
0.10443568229675293
0.09743022918701172
0.08583998680114746
0.07150936126708984
0.05082511901855469
0.03672313690185547
0.09448051452636719
0.08648848533630371
0.07215189933776855
0.05715584754943848
0.0535433292388916
0.03974342346191406
0.10621762275695801
0.10180950164794922
0.08737039566040039
0.07259011268615723
0.05840468406677246
0.044121742248535156
0.028143644332885742
0.09290170669555664
0.08155155181884766
0.06787872314453125
0.05304670333862305
0.039520263671875
0.027546405792236328
0.10918784141540527
0.08740854263305664
0.0728144645690918
0.05839896202087402
0.04488253593444824
0.04112696647644043
0.10781097412109375
0.09305596351623535
0.07892084121704102
0.06446409225463867
0.05002951622009277
0.04289674758911133
0.1099097728729248
0.08119964599609375
0.06829190254211426
0.06994318962097168
0.057993412017822266
0.04373979568481445
0.1077573299407959
0.10187053680419922
0.08654642105102539
0.07212066650390625
0.05795478820800781
0.045293569564819336
0.032102346420288086
0.0985269546508789
0.08577537536621094
0.07133817672729492
0.06085705757141113
0.04669380187988281
0.03245711326599121
0.01993846893310547
0.0885171890258789
0.07667398452758789
0.05883288383483887
0.04801368713378906
0.033402204513549805
0.02272629737854004
0.09551715850830078
0.08442926406860352
0.06687617301940918
0.051973819732666016
0.04170823097229004
0.030461549758911133
0.09170365333557129
0.08221054077148438
0.07135891914367676
0.05381894111633301
0.0397648811340332
0.11774253845214844
0.09088730812072754
0.08957576751708984
0.07705521583557129
0.06191277503967285
0.04364466667175293
0.10925722122192383
0.10255885124206543
0.08608722686767578
0.07125115394592285
0.06393003463745117
0.049733877182006836
0.035775184631347656
0.10964798927307129
0.09990501403808594
0.0871725082397461
0.0758507251739502
0.061376094818115234
0.046381235122680664
0.03242349624633789
0.11382889747619629
0.09285998344421387
0.0788111686706543
0.06390094757080078
0.05095481872558594
0.10406327247619629
0.08470726013183594
0.07556343078613281
0.06838178634643555
0.05380082130432129
0.03929591178894043
0.029483318328857422
0.08891415596008301
0.07724523544311523
0.06884264945983887
0.057734012603759766
0.043117523193359375
0.029242753982543945
0.10504531860351562
0.0854945182800293
0.08176851272583008
0.07192230224609375
0.05792713165283203
0.043361663818359375
0.13207292556762695
0.11353063583374023
0.09893608093261719
0.08471798896789551
0.07048988342285156
0.05183076858520508
0.03731989860534668
0.10203814506530762
0.08174538612365723
0.08544349670410156
0.07053375244140625
0.05658602714538574
0.0426175594329834
0.028659582138061523
0.0968329906463623
0.0825185775756836
0.06850886344909668
0.055605411529541016
0.052997589111328125
0.04743194580078125
0.10742712020874023
0.0816650390625
0.07138490676879883
0.057318925857543945
0.04281973838806152
0.030047178268432617
0.10913300514221191
0.09657144546508789
0.08809423446655273
0.07706880569458008
0.07558012008666992
0.061142921447753906
0.04749155044555664
0.033200740814208984
0.09784865379333496
0.0852968692779541
0.07127094268798828
0.05755901336669922
0.04330849647521973
0.03507566452026367
0.10545110702514648
0.0894007682800293
0.07507586479187012
0.07109212875366211
0.056275129318237305
0.0420527458190918
0.11126899719238281
0.10833048820495605
0.11135268211364746
0.09751200675964355
0.0796661376953125
0.0646214485168457
0.04667949676513672
0.11627411842346191
0.08955240249633789
0.07471847534179688
0.06067609786987305
0.05578756332397461
0.04631662368774414
0.09894728660583496
0.08374762535095215
0.06880354881286621
0.0791933536529541
0.06119489669799805
0.048900604248046875
0.0908515453338623
0.0769643783569336
0.06371855735778809
0.05391192436218262
0.04401135444641113
0.029146194458007812
0.10392165184020996
0.08278942108154297
0.0700230598449707
0.05781078338623047
0.045812368392944336
0.046620845794677734
0.11106109619140625
0.09854650497436523
0.08825278282165527
0.07401490211486816
0.0691072940826416
0.06065106391906738
0.048691749572753906
0.12470054626464844
0.10033607482910156
0.08626484870910645
0.0719156265258789
0.05683398246765137
0.04214119911193848
0.10762190818786621
0.08645462989807129
0.07223820686340332
0.05002117156982422
0.0354914665222168
0.026809215545654297
0.09169435501098633
0.08173894882202148
0.07759618759155273
0.0664052963256836
0.049967288970947266
0.036229848861694336
0.10091137886047363
0.08238482475280762
0.08482742309570312
0.06647920608520508
0.0518033504486084
0.03681468963623047
0.10206174850463867
0.08920168876647949
0.07481741905212402
0.060091495513916016
0.042021751403808594
0.028233051300048828
0.10947155952453613
0.08354902267456055
0.08411502838134766
0.0708611011505127
0.05717921257019043
0.038716793060302734
0.10422158241271973
0.08799147605895996
0.07395029067993164
0.0595707893371582
0.044736385345458984
0.03520345687866211
0.10435652732849121
0.08467912673950195
0.07923388481140137
0.07419466972351074
0.04083561897277832
0.10962438583374023
0.09562492370605469
0.08567428588867188
0.08437681198120117
0.06939315795898438
0.05233407020568848
0.03751182556152344
0.09663677215576172
0.07750964164733887
0.07221484184265137
0.06851959228515625
0.05440115928649902
0.0345149040222168
0.09563732147216797
0.08464598655700684
0.06944537162780762
0.05515265464782715
0.04474234580993652
0.03861069679260254
0.10565543174743652
0.09240221977233887
0.07824873924255371
0.07390260696411133
0.060671091079711914
0.0465543270111084
0.03162193298339844
0.09651327133178711
0.0909264087677002
0.08146142959594727
0.0802764892578125
0.06611227989196777
0.051425933837890625
0.03714323043823242
0.08848834037780762
0.07993698120117188
0.06580924987792969
0.05229783058166504
0.04579353332519531
0.0354311466217041
0.10251879692077637
0.08611297607421875
0.08805179595947266
0.07382321357727051
0.05968761444091797
0.04532003402709961
0.029814958572387695
0.0974125862121582
0.09280872344970703
0.0847008228302002
0.05597043037414551
0.04161548614501953
0.10996413230895996
0.08304429054260254
0.07110714912414551
0.062192678451538086
0.056051015853881836
0.04119706153869629
0.02640080451965332
0.09438490867614746
0.07888674736022949
0.06546187400817871
0.06340694427490234
0.04804420471191406
0.03387761116027832
0.10366678237915039
0.0821528434753418
0.0825958251953125
0.06473731994628906
0.0510716438293457
0.03658461570739746
0.11218690872192383
0.08532547950744629
0.07160377502441406
0.05656719207763672
0.05166959762573242
0.03380870819091797
0.10634565353393555
0.08577418327331543
0.07220315933227539
0.05951499938964844
0.04377460479736328
0.040636539459228516
0.09456777572631836
0.07957577705383301
0.06936025619506836
0.07206487655639648
0.058942317962646484
0.04440498352050781
0.1056063175201416
0.08448481559753418
0.07524299621582031
0.060317277908325195
0.04602456092834473
0.038243770599365234
0.03651285171508789
0.09404516220092773
0.0796976089477539
0.06518125534057617
0.05156302452087402
0.03857088088989258
0.030086278915405273
0.10567641258239746
0.08532214164733887
0.08583998680114746
0.07484912872314453
0.06086993217468262
0.046837806701660156
0.10993075370788574
0.08892202377319336
0.0779564380645752
0.06284403800964355
0.04849743843078613
0.03012847900390625
0.11393404006958008
0.08833169937133789
0.06814074516296387
0.054495811462402344
0.04059624671936035
0.036385536193847656
0.11281251907348633
0.08711099624633789
0.07224106788635254
0.05820512771606445
0.04744601249694824
0.02969670295715332
0.10865139961242676
0.08730530738830566
0.07303452491760254
0.058415889739990234
0.04123091697692871
0.027644634246826172
0.1012411117553711
0.08866286277770996
0.07822418212890625
0.06330275535583496
0.04839754104614258
0.039337158203125
0.10866165161132812
0.0813136100769043
0.06657695770263672
0.06464171409606934
0.05257439613342285
0.0405428409576416
0.09098124504089355
0.07812333106994629
0.06586050987243652
0.06027722358703613
0.045455217361450195
0.03187274932861328
0.10326004028320312
0.08471345901489258
0.07756352424621582
0.059609413146972656
0.04514002799987793
0.027361154556274414
0.0916132926940918
0.08559536933898926
0.08828258514404297
0.07406210899353027
0.060235023498535156
0.04548811912536621
0.10840702056884766
0.08379411697387695
0.06993603706359863
0.06419181823730469
0.05305361747741699
0.03553009033203125
0.1083369255065918
0.10643267631530762
0.09822297096252441
0.08388161659240723
0.06892085075378418
0.05516386032104492
0.03520083427429199
0.09340476989746094
0.0824275016784668
0.06503152847290039
0.0502924919128418
0.020975112915039062
0.10547304153442383
0.10213756561279297
0.08771324157714844
0.07321500778198242
0.05876779556274414
0.03758072853088379
0.1055593490600586
0.09263443946838379
0.07764959335327148
0.06315732002258301
0.04828357696533203
0.03406500816345215
0.019552946090698242
0.08899164199829102
0.08040237426757812
0.0659787654876709
0.05218958854675293
0.04942178726196289
0.038487911224365234
0.10493826866149902
0.09267306327819824
0.07755661010742188
0.06330251693725586
0.056002140045166016
0.04267454147338867
0.10739421844482422
0.09607648849487305
0.08465790748596191
0.07026100158691406
0.06525993347167969
0.049387216567993164
0.03125357627868652
0.10120439529418945
0.08444452285766602
0.06989455223083496
0.05968284606933594
0.044753313064575195
0.03824257850646973
0.10875487327575684
0.08771324157714844
0.08013558387756348
0.06804895401000977
0.05371451377868652
0.03946948051452637
0.10962581634521484
0.0977022647857666
0.08276176452636719
0.08935379981994629
0.07537651062011719
0.06157374382019043
0.04652070999145508
0.1073758602142334
0.08924436569213867
0.07852745056152344
0.07618045806884766
0.06220436096191406
0.0475614070892334
0.0332639217376709
0.09746026992797852
0.0874788761138916
0.0733175277709961
0.05501151084899902
0.04428553581237793
0.030263423919677734
0.10528016090393066
0.08977699279785156
0.07875776290893555
0.06477093696594238
0.05030703544616699
0.036242008209228516
0.021618366241455078
0.09221434593200684
0.07816648483276367
0.06727266311645508
0.05283761024475098
0.03855752944946289
0.024128437042236328
0.10033822059631348
0.0829918384552002
0.07126522064208984
0.060929298400878906
0.04989767074584961
0.0414423942565918
0.02789616584777832
0.09570741653442383
0.07929611206054688
0.08052301406860352
0.06661200523376465
0.04865670204162598
0.03429985046386719
0.09255075454711914
0.07936453819274902
0.07825851440429688
0.06305170059204102
0.04795432090759277
0.0328218936920166
0.09050321578979492
0.08194541931152344
0.061959266662597656
0.05589175224304199
0.04148221015930176
0.024634122848510742
0.09065794944763184
0.07920646667480469
0.07355809211730957
0.058568477630615234
0.04178047180175781
0.02651691436767578
0.09976029396057129
0.08950495719909668
0.07607412338256836
0.06169295310974121
0.04429745674133301
0.031114816665649414
0.11264896392822266
0.09470343589782715
0.08430314064025879
0.0700368881225586
0.04333639144897461
0.03057098388671875
0.09901881217956543
0.08252453804016113
0.07049894332885742
0.06206369400024414
0.04829144477844238
0.03334617614746094
0.12239956855773926
0.10841870307922363
0.09387493133544922
0.07972502708435059
0.06582331657409668
0.0384061336517334
0.03209257125854492
0.10321331024169922
0.08852052688598633
0.07686209678649902
0.062957763671875
0.04870176315307617
0.033490657806396484
0.10676193237304688
0.08882665634155273
0.07257747650146484
0.058399200439453125
0.04798483848571777
0.03911948204040527
0.10814738273620605
0.09691882133483887
0.08661985397338867
0.08790302276611328
0.07305622100830078
0.05909156799316406
0.039145469665527344
0.10635876655578613
0.08145880699157715
0.06721735000610352
0.05420064926147461
0.04485917091369629
0.029845476150512695
0.10731053352355957
0.08715224266052246
0.0727853775024414
0.05852007865905762
0.06852865219116211
0.05407118797302246
0.04004645347595215
0.08849978446960449
0.0826265811920166
0.0686194896697998
0.05399465560913086
0.0489656925201416
0.03822493553161621
0.09381389617919922
0.07500481605529785
0.0652005672454834
0.050867319107055664
0.054810523986816406
0.04012298583984375
0.10468769073486328
0.08847379684448242
0.07679867744445801
0.06232428550720215
0.056702375411987305
0.044858455657958984
0.030516624450683594
0.1004183292388916
0.08209848403930664
0.07705903053283691
0.062397003173828125
0.0478057861328125
0.032605648040771484
0.10632920265197754
0.07989883422851562
0.07125043869018555
0.05648374557495117
0.04180264472961426
0.035681962966918945
0.10682916641235352
0.08891510963439941
0.07373499870300293
0.05920124053955078
0.042095184326171875
0.02721405029296875
0.10569906234741211
0.10721850395202637
0.09282445907592773
0.07907629013061523
0.06517553329467773
0.050534963607788086
0.03533482551574707
0.12996578216552734
0.11004114151000977
0.09608340263366699
0.08411240577697754
0.06718659400939941
0.05225038528442383
0.1030580997467041
0.08150887489318848
0.08619952201843262
0.0682682991027832
0.050774574279785156
0.036653995513916016
0.09949803352355957
0.09390401840209961
0.07883167266845703
0.06384634971618652
0.04980278015136719
0.03573918342590332
0.11431550979614258
0.09701228141784668
0.07985329627990723
0.06564640998840332
0.05280923843383789
0.03150010108947754
0.1141672134399414
0.09000825881958008
0.07491445541381836
0.06015419960021973
0.04596877098083496
0.03864336013793945
0.10640692710876465
0.08193540573120117
0.06879734992980957
0.06766247749328613
0.05369758605957031
0.03476667404174805
0.0900876522064209
0.07519125938415527
0.07326865196228027
0.058943748474121094
0.04435396194458008
0.029778003692626953
0.10697054862976074
0.08440208435058594
0.07072043418884277
0.062012672424316406
0.0478062629699707
0.11118888854980469
0.10542726516723633
0.09051680564880371
0.0764017105102539
0.062102556228637695
0.05362272262573242
0.03991889953613281
0.10177826881408691
0.09494185447692871
0.08072161674499512
0.06666898727416992
0.053014278411865234
0.03506612777709961
0.11052250862121582
0.09292197227478027
0.08475613594055176
0.07113361358642578
0.056294918060302734
0.035587310791015625
0.10196185111999512
0.08608889579772949
0.07552766799926758
0.06469917297363281
0.052582502365112305
0.038016319274902344
0.02353215217590332
0.09785127639770508
0.0836954116821289
0.06995344161987305
0.08160638809204102
0.06664180755615234
0.052234649658203125
0.038385629653930664
0.10846734046936035
0.09153413772583008
0.07659578323364258
0.06240558624267578
0.04825425148010254
0.03381848335266113
0.1141364574432373
0.10044002532958984
0.08570337295532227
0.0708763599395752
0.056539297103881836
0.04151749610900879
0.027211666107177734
0.09827733039855957
0.08749771118164062
0.07240915298461914
0.07800555229187012
0.06843829154968262
0.06151843070983887
0.10789656639099121
0.09992575645446777
0.06361198425292969
0.04891657829284668
0.03186774253845215
0.1237640380859375
0.10744547843933105
0.09347772598266602
0.0752248764038086
0.06028032302856445
0.04532670974731445
0.10836672782897949
0.08938789367675781
0.07528424263000488
0.06119251251220703
0.04606199264526367
0.031209468841552734
0.10587286949157715
0.09307169914245605
0.08295345306396484
0.07235169410705566
0.051018476486206055
0.03673601150512695
0.10500741004943848
0.09290146827697754
0.07830429077148438
0.07642912864685059
0.0619964599609375
0.04730105400085449
0.03201484680175781
0.0961904525756836
0.08678364753723145
0.07280707359313965
0.05883932113647461
0.044826507568359375
0.04553842544555664
0.03106379508972168
0.09033751487731934
0.07727384567260742
0.07503676414489746
0.061036109924316406
0.04720258712768555
0.032941341400146484
0.11686110496520996
0.09540414810180664
0.08199834823608398
0.0677192211151123
0.05846667289733887
0.04144573211669922
0.027865171432495117
0.10799169540405273
0.09257721900939941
0.07753634452819824
0.0630655288696289
0.04930615425109863
0.03562188148498535
0.12137436866760254
0.09945154190063477
0.08495044708251953
0.07065725326538086
0.056343793869018555
0.04233264923095703
0.026973962783813477
0.09634280204772949
0.08412003517150879
0.07413578033447266
0.059706687927246094
0.0462644100189209
0.037535667419433594
0.11396145820617676
0.09304165840148926
0.0789179801940918
0.07061553001403809
0.059992313385009766
0.04252052307128906
0.02799701690673828
0.08872437477111816
0.07706904411315918
0.0706186294555664
0.05689668655395508
0.04262185096740723
0.02476954460144043
0.10849785804748535
0.0885770320892334
0.07504534721374512
0.055588483810424805
0.04419970512390137
0.035953521728515625
0.11042928695678711
0.08831572532653809
0.07416129112243652
0.05981016159057617
0.04668092727661133
0.041411638259887695
0.026838064193725586
0.1093904972076416
0.0947258472442627
0.07989025115966797
0.0654299259185791
0.05104494094848633
0.03637051582336426
0.10463619232177734
0.08277130126953125
0.08391165733337402
0.06966876983642578
0.0552520751953125
0.04110002517700195
0.11229491233825684
0.099212646484375
0.08498501777648926
0.07085442543029785
0.05581307411193848
0.04166722297668457
0.027133703231811523
0.1096343994140625
0.09567689895629883
0.08153486251831055
0.06686544418334961
0.05241274833679199
0.03731536865234375
0.12442946434020996
0.0989065170288086
0.08406877517700195
0.06968307495117188
0.05523800849914551
0.040051937103271484
0.10895061492919922
0.0989835262298584
0.09219908714294434
0.07737851142883301
0.06347012519836426
0.04924273490905762
0.04581117630004883
0.03296089172363281
0.09502482414245605
0.07759809494018555
0.060991764068603516
0.04902791976928711
0.04298210144042969
0.03445291519165039
0.1008148193359375
0.09436321258544922
0.09087014198303223
0.07690072059631348
0.060987234115600586
0.04902362823486328
0.03503823280334473
0.09566521644592285
0.08361220359802246
0.07939481735229492
0.06794333457946777
0.05291414260864258
0.03808712959289551
0.1042783260345459
0.09975528717041016
0.08746504783630371
0.07289266586303711
0.058713436126708984
0.04439544677734375
0.029886960983276367
0.0883173942565918
0.08038973808288574
0.06617045402526855
0.05732846260070801
0.04242825508117676
0.03804898262023926
0.10419774055480957
0.0814058780670166
0.06852006912231445
0.05653023719787598
0.046948909759521484
0.039298057556152344
0.12631511688232422
0.14666533470153809
0.1321110725402832
0.11737370491027832
0.08793020248413086
0.07405710220336914
0.11950945854187012
0.08587002754211426
0.06680774688720703
0.05241036415100098
0.036804914474487305
0.022307395935058594
0.09555363655090332
0.08068132400512695
0.06866598129272461
0.05620694160461426
0.060253143310546875
0.04555082321166992
0.11200332641601562
0.09450864791870117
0.08297014236450195
0.06865239143371582
0.061892032623291016
0.04680275917053223
0.032099008560180664
0.1059272289276123
0.08038592338562012
0.06454801559448242
0.04852914810180664
0.03370165824890137
0.02858281135559082
0.10973620414733887
0.09281134605407715
0.07867956161499023
0.0643010139465332
0.05853009223937988
0.0433349609375
0.028311491012573242
0.10280728340148926
0.08862614631652832
0.07375216484069824
0.0595552921295166
0.045549631118774414
0.030687808990478516
0.1115715503692627
0.08842706680297852
0.07423543930053711
0.05953335762023926
0.046027421951293945
0.04674267768859863
0.03242921829223633
0.10180234909057617
0.08385181427001953
0.06703853607177734
0.05485224723815918
0.04666543006896973
0.03596186637878418
0.11006331443786621
0.08709716796875
0.07188820838928223
0.0539555549621582
0.03459882736206055
0.021718263626098633
0.1056513786315918
0.10163235664367676
0.08732962608337402
0.07332015037536621
0.05830264091491699
0.04393506050109863
0.02935504913330078
0.08901548385620117
0.07743072509765625
0.06490278244018555
0.05568432807922363
0.04716205596923828
0.034323692321777344
0.1085350513458252
0.09151792526245117
0.08421921730041504
0.06847190856933594
0.05028176307678223
0.03769350051879883
0.11031484603881836
0.10229349136352539
0.08517646789550781
0.07047271728515625
0.05598735809326172
0.04183340072631836
0.1273493766784668
0.10242295265197754
0.08500003814697266
0.06975483894348145
0.060547828674316406
0.046350955963134766
0.10964298248291016
0.09277224540710449
0.09140849113464355
0.0780181884765625
0.060227394104003906
0.04159379005432129
0.026532411575317383
0.09873652458190918
0.08132719993591309
0.07210397720336914
0.06822586059570312
0.05108213424682617
0.033338308334350586
0.10439395904541016
0.08208394050598145
0.06940627098083496
0.06992888450622559
0.05569124221801758
0.04046344757080078
0.025850534439086914
0.08973884582519531
0.09627676010131836
0.08235907554626465
0.06048727035522461
0.04581451416015625
0.03191995620727539
0.09884214401245117
0.0819711685180664
0.08228659629821777
0.06819295883178711
0.048276424407958984
0.0341343879699707
0.10556817054748535
0.08603310585021973
0.0751347541809082
0.060735464096069336
0.046269893646240234
0.040589094161987305
0.030205965042114258
0.09207892417907715
0.07806181907653809
0.06431078910827637
0.05495119094848633
0.03979945182800293
0.03363394737243652
0.10523104667663574
0.09792923927307129
0.08384418487548828
0.06948614120483398
0.05071210861206055
0.034861087799072266
0.10590648651123047
0.08343338966369629
0.0689699649810791
0.05938434600830078
0.044541358947753906
0.027485132217407227
0.10495257377624512
0.0851900577545166
0.08655929565429688
0.06367135047912598
0.04874396324157715
0.034026145935058594
0.10050845146179199
0.08489537239074707
0.08244514465332031
0.06997084617614746
0.055358171463012695
0.041072845458984375
0.02740645408630371
0.07845258712768555
0.07018923759460449
0.06990838050842285
0.059670448303222656
0.045084476470947266
0.1163020133972168
0.09926033020019531
0.0915060043334961
0.07686376571655273
0.0693213939666748
0.05683183670043945
0.04420948028564453
0.11172199249267578
0.09329986572265625
0.08856010437011719
0.0737619400024414
0.05957674980163574
0.04531431198120117
0.10882258415222168
0.09034895896911621
0.09688377380371094
0.08220529556274414
0.06754708290100098
0.052854299545288086
0.038448333740234375
0.10407567024230957
0.08754491806030273
0.07288146018981934
0.05858874320983887
0.04425764083862305
0.03151249885559082
0.026611804962158203
0.08972930908203125
0.08359932899475098
0.07527780532836914
0.06087183952331543
0.04675722122192383
0.029118061065673828
0.10304570198059082
0.08511686325073242
0.07094597816467285
0.06103515625
0.046074628829956055
0.043364524841308594
0.029054641723632812
0.09272599220275879
0.08497405052185059
0.07864212989807129
0.06634855270385742
0.052080631256103516
0.029743432998657227
0.09818482398986816
0.08529829978942871
0.0748894214630127
0.06014370918273926
0.046196937561035156
0.03272128105163574
0.02411675453186035
0.09659147262573242
0.0811152458190918
0.08518290519714355
0.07025671005249023
0.05513191223144531
0.026925086975097656
0.09420943260192871
0.09215712547302246
0.08130979537963867
0.06685543060302734
0.05297040939331055
0.03885054588317871
0.024393558502197266
0.08976054191589355
0.07647156715393066
0.06720280647277832
0.07193374633789062
0.05704021453857422
0.0431818962097168
0.1070713996887207
0.09899091720581055
0.08407449722290039
0.06899762153625488
0.054912567138671875
0.03992724418640137
0.1090695858001709
0.08763527870178223
0.07337379455566406
0.07459497451782227
0.04055428504943848
0.10492706298828125
0.09772348403930664
0.08368968963623047
0.06952142715454102
0.055253028869628906
0.04017043113708496
0.1093897819519043
0.08959770202636719
0.08310055732727051
0.0692148208618164
0.054798126220703125
0.03988480567932129
0.02553868293762207
0.10387825965881348
0.08921933174133301
0.07508587837219238
0.060582637786865234
0.04293346405029297
0.028211593627929688
0.09084939956665039
0.09169864654541016
0.07734560966491699
0.06325984001159668
0.048842668533325195
0.03647255897521973
0.1036841869354248
0.08561921119689941
0.07450366020202637
0.05956625938415527
0.04858708381652832
0.04257678985595703
0.10574841499328613
0.0861356258392334
0.07534074783325195
0.06401443481445312
0.04970145225524902
0.03476858139038086
0.028367042541503906
0.09028244018554688
0.08052396774291992
0.06637859344482422
0.05843234062194824
0.04394125938415527
0.029746294021606445
0.10547709465026855
0.08266329765319824
0.08839035034179688
0.07390713691711426
0.059592247009277344
0.04511237144470215
0.03050541877746582
0.09222722053527832
0.08816695213317871
0.07370901107788086
0.059293270111083984
0.04435443878173828
0.023213624954223633
0.09936380386352539
0.08698058128356934
0.07287359237670898
0.06486058235168457
0.05018305778503418
0.03534269332885742
0.021001577377319336
0.09656381607055664
0.08062529563903809
0.06841421127319336
0.07259130477905273
0.057924747467041016
0.04348897933959961
0.02923870086669922
0.08917975425720215
0.0807654857635498
0.07847309112548828
0.06433272361755371
0.05015754699707031
0.03566265106201172
0.10732793807983398
0.08634734153747559
0.07179784774780273
0.06474494934082031
0.057488441467285156
0.042145490646362305
0.10826563835144043
0.11069178581237793
0.09325742721557617
0.07874011993408203
0.060538530349731445
0.04609227180480957
0.03188776969909668
0.09627866744995117
0.08225226402282715
0.06781220436096191
0.0503697395324707
0.03665280342102051
0.024166107177734375
0.09079480171203613
0.08142709732055664
0.04500699043273926
0.03290843963623047
0.12637925148010254
0.10538864135742188
0.08742094039916992
0.06954765319824219
0.05182480812072754
0.033972978591918945
0.10445523262023926
0.08552742004394531
0.07183647155761719
0.06614232063293457
0.05154061317443848
0.03696107864379883
0.022425413131713867
0.10733890533447266
0.09531736373901367
0.08112096786499023
0.0663614273071289
0.051329612731933594
0.03723287582397461
0.10456061363220215
0.09029293060302734
0.08793902397155762
0.07538533210754395
0.0618746280670166
0.04740023612976074
0.11538577079772949
0.08270573616027832
0.06962084770202637
0.07193875312805176
0.05797719955444336
0.044031381607055664
0.10786294937133789
0.11355090141296387
0.09949684143066406
0.08507537841796875
0.07063031196594238
0.05640554428100586
0.038796424865722656
0.10671615600585938
0.08840060234069824
0.0795586109161377
0.06551170349121094
0.0550694465637207
0.04061579704284668
0.030617713928222656
0.08919978141784668
0.09245634078979492
0.07837772369384766
0.06435656547546387
0.04996299743652344
0.035866498947143555
0.10744476318359375
0.08605074882507324
0.07847905158996582
0.06346511840820312
0.05676746368408203
0.04607391357421875
0.03297734260559082
0.09934782981872559
0.08225607872009277
0.07499146461486816
0.060160160064697266
0.0458071231842041
0.03818464279174805
0.10808920860290527
0.10574674606323242
0.09473443031311035
0.08032584190368652
0.06581330299377441
0.05206418037414551
0.03762030601501465
0.10798287391662598
0.09178543090820312
0.09337902069091797
0.07903051376342773
0.06418967247009277
0.05000138282775879
0.03288674354553223
0.08983039855957031
0.0960531234741211
0.08182048797607422
0.06400275230407715
0.050262451171875
0.03632974624633789
0.0916743278503418
0.08112168312072754
0.08184123039245605
0.06389880180358887
0.045755624771118164
0.030848026275634766
0.09977078437805176
0.0829920768737793
0.07085967063903809
0.06525802612304688
0.04475140571594238
0.03046107292175293
0.10130763053894043
0.10191631317138672
0.08476972579956055
0.07091593742370605
0.05329108238220215
0.039336204528808594
0.1084892749786377
0.09471273422241211
0.09066557884216309
0.07831168174743652
0.06309938430786133
0.045467376708984375
0.031455039978027344
0.10202717781066895
0.08541083335876465
0.07458829879760742
0.06986546516418457
0.055696725845336914
0.04191780090332031
0.027935028076171875
0.09565186500549316
0.09685707092285156
0.08267354965209961
0.061224937438964844
0.04682803153991699
0.032387495040893555
0.10463762283325195
0.08470582962036133
0.07735443115234375
0.06662154197692871
0.05254936218261719
0.03836560249328613
0.02385687828063965
0.08900880813598633
0.08006739616394043
0.06502699851989746
0.05755448341369629
0.04188680648803711
0.027550935745239258
0.09337663650512695
0.07937836647033691
0.07920241355895996
0.06473398208618164
0.05049490928649902
0.033054351806640625
0.08283281326293945
0.07243871688842773
0.06615424156188965
0.051603078842163086
0.03933405876159668
0.11055517196655273
0.08571219444274902
0.0717010498046875
0.07075810432434082
0.056688547134399414
0.042417287826538086
0.02816295623779297
0.09236383438110352
0.07909750938415527
0.0643157958984375
0.05021786689758301
0.036255598068237305
0.022356033325195312
0.10190176963806152
0.08291935920715332
0.07499074935913086
0.06413865089416504
0.04980731010437012
0.021708011627197266
0.09050655364990234
0.08270978927612305
0.06847023963928223
0.0646207332611084
0.049970149993896484
0.03588438034057617
0.09529447555541992
0.08037495613098145
0.06544208526611328
0.05253911018371582
0.0494534969329834
0.03654193878173828
0.10764908790588379
0.08821725845336914
0.07371139526367188
0.05935311317443848
0.04851579666137695
0.03412890434265137
0.11163043975830078
0.09479594230651855
0.08122873306274414
0.0670630931854248
0.055562496185302734
0.04447221755981445
0.03457045555114746
0.1028594970703125
0.08838796615600586
0.0740363597869873
0.05965018272399902
0.04469585418701172
0.030436277389526367
0.12474846839904785
0.1011495590209961
0.08764529228210449
0.07327413558959961
0.05858731269836426
0.04415321350097656
0.02896571159362793
0.08894729614257812
0.08036041259765625
0.06598663330078125
0.05580282211303711
0.052222251892089844
0.039693355560302734
0.10816049575805664
0.09053659439086914
0.07578730583190918
0.06896638870239258
0.054689884185791016
0.039742469787597656
0.024425268173217773
0.09438872337341309
0.10254478454589844
0.08772015571594238
0.07224774360656738
0.05726122856140137
0.04270291328430176
0.10724520683288574
0.09257960319519043
0.0771183967590332
0.06237363815307617
0.05240488052368164
0.03738737106323242
0.11163640022277832
0.0939948558807373
0.0862874984741211
0.07162189483642578
0.05740237236022949
0.042304277420043945
0.024374961853027344
0.08964729309082031
0.07579207420349121
0.06354379653930664
0.06033968925476074
0.032422780990600586
0.10834503173828125
0.08762121200561523
0.07321810722351074
0.060463666915893555
0.051923513412475586
0.04570317268371582
0.034871578216552734
0.09316444396972656
0.07913684844970703
0.0683908462524414
0.05399274826049805
0.043923377990722656
0.033064842224121094
0.10435366630554199
0.08258175849914551
0.07991600036621094
0.06545424461364746
0.051383256912231445
0.036742448806762695
0.022835493087768555
0.10506319999694824
0.08771634101867676
0.07303142547607422
0.05869770050048828
0.037191152572631836
0.02282118797302246
0.0921635627746582
0.0822000503540039
0.06775140762329102
0.050746917724609375
0.044542551040649414
0.02685832977294922
0.09088253974914551
0.08555841445922852
0.07461857795715332
0.0683290958404541
0.05438232421875
0.04091811180114746
0.11090230941772461
0.08337569236755371
0.07411336898803711
0.06985807418823242
0.055441856384277344
0.0408177375793457
0.026285886764526367
0.09600710868835449
0.09415984153747559
0.07616329193115234
0.062238216400146484
0.04753851890563965
0.030188798904418945
0.11802244186401367
0.09864974021911621
0.08499693870544434
0.06358623504638672
0.04913902282714844
0.034844398498535156
0.10442423820495605
0.09252715110778809
0.08424925804138184
0.06958222389221191
0.05545330047607422
0.04092001914978027
0.026287317276000977
0.09039115905761719
0.09526729583740234
0.08087348937988281
0.0662081241607666
0.05163145065307617
0.037203311920166016
0.10823202133178711
0.08347368240356445
0.07278847694396973
0.057526588439941406
0.0473484992980957
0.03288125991821289
0.021650075912475586
0.09239053726196289
0.07838582992553711
0.0679771900177002
0.056463003158569336
0.04200887680053711
0.030061960220336914
0.10415792465209961
0.08330583572387695
0.07732820510864258
0.0628499984741211
0.041965484619140625
0.027508974075317383
0.10410356521606445
0.08600258827209473
0.07534480094909668
0.07256770133972168
0.058049678802490234
0.043547630310058594
0.028522968292236328
0.09044051170349121
0.08428335189819336
0.07262396812438965
0.06277728080749512
0.04840803146362305
0.034011125564575195
0.12475323677062988
0.09981727600097656
0.08551383018493652
0.0702664852142334
0.0561521053314209
0.041744232177734375
0.027281522750854492
0.09486699104309082
0.08132171630859375
0.06849884986877441
0.055864810943603516
0.04079627990722656
0.030115127563476562
0.10671067237854004
0.08623576164245605
0.07207846641540527
0.06702089309692383
0.04877448081970215
0.03375720977783203
0.10238313674926758
0.08322334289550781
0.0617525577545166
0.04826760292053223
0.035900115966796875
0.023235082626342773
0.10139942169189453
0.09285163879394531
0.07808995246887207
0.06361818313598633
0.049849510192871094
0.03491711616516113
0.01980900764465332
0.10304498672485352
0.08591961860656738
0.0804286003112793
0.06598019599914551
0.0515894889831543
0.037352800369262695
0.022963762283325195
0.08921146392822266
0.08752775192260742
0.07913661003112793
0.06472396850585938
0.050214290618896484
0.03539776802062988
0.10566020011901855
0.08905243873596191
0.0742950439453125
0.059923410415649414
0.045259714126586914
0.032028913497924805
0.02754521369934082
0.09599590301513672
0.08492302894592285
0.07056045532226562
0.059624671936035156
0.04971456527709961
0.03502678871154785
0.10685443878173828
0.101593017578125
0.08730506896972656
0.07338786125183105
0.059070587158203125
0.044417381286621094
0.02996349334716797
0.09866642951965332
0.07889533042907715
0.06607866287231445
0.05678296089172363
0.050045013427734375
0.039020538330078125
0.10617375373840332
0.09859728813171387
0.08428716659545898
0.07031774520874023
0.056411027908325195
0.042461395263671875
0.028492212295532227
0.0985097885131836
0.08565688133239746
0.07454299926757812
0.06023812294006348
0.04578733444213867
0.03127884864807129
0.11006736755371094
0.08823251724243164
0.09570121765136719
0.08245086669921875
0.06032681465148926
0.04600191116333008
0.03164553642272949
0.10528421401977539
0.09122300148010254
0.07680678367614746
0.06205487251281738
0.047669172286987305
0.032781124114990234
0.11188554763793945
0.08758759498596191
0.07337546348571777
0.0586857795715332
0.05408048629760742
0.039695024490356445
0.024569988250732422
0.09287476539611816
0.07826519012451172
0.0675196647644043
0.05275893211364746
0.03869032859802246
0.028415679931640625
0.10787081718444824
0.10006856918334961
0.08803629875183105
0.07355952262878418
0.059140920639038086
0.044799089431762695
0.030503511428833008
0.09773993492126465
0.09081268310546875
0.08344173431396484
0.06317377090454102
0.04777789115905762
0.033524274826049805
0.10351753234863281
0.09208869934082031
0.07784318923950195
0.06365108489990234
0.04902529716491699
0.03484225273132324
0.026684045791625977
0.0894625186920166
0.08045840263366699
0.06597781181335449
0.05544877052307129
0.04601907730102539
0.03460550308227539
0.11048221588134766
0.09115314483642578
0.07687997817993164
0.06267356872558594
0.04824686050415039
0.03288984298706055
0.0195462703704834
0.09571266174316406
0.08352017402648926
0.06917643547058105
0.054733991622924805
0.04009604454040527
0.030097246170043945
0.10510730743408203
0.0981900691986084
0.08379793167114258
0.06931042671203613
0.05479574203491211
0.0403590202331543
0.026041746139526367
0.10056829452514648
0.08966994285583496
0.0747842788696289
0.0605318546295166
0.046083927154541016
0.03161811828613281
0.03012990951538086
0.09854269027709961
0.08260321617126465
0.06850814819335938
0.05615592002868652
0.043274641036987305
0.03933238983154297
0.11245489120483398
0.10080862045288086
0.08655834197998047
0.0722050666809082
0.05806112289428711
0.036327362060546875
0.1048879623413086
0.08268117904663086
0.06967711448669434
0.06345248222351074
0.04913640022277832
0.03476524353027344
0.022742033004760742
0.09058618545532227
0.08424162864685059
0.06975865364074707
0.05481910705566406
0.040497779846191406
0.03511357307434082
0.10627436637878418
0.08579111099243164
0.08755183219909668
0.07331466674804688
0.05881190299987793
0.044582366943359375
0.030199527740478516
0.09004783630371094
0.08364176750183105
0.07297015190124512
0.05777120590209961
0.04341912269592285
0.029183626174926758
0.10371017456054688
0.0827176570892334
