0.09799504280090332
0.09078836441040039
0.07180452346801758
0.056854963302612305
0.050477027893066406
0.046477317810058594
0.11171150207519531
0.10022759437561035
0.0875692367553711
0.0728912353515625
0.05891680717468262
0.04399752616882324
0.10764694213867188
0.08377814292907715
0.0711674690246582
0.06253576278686523
0.04894256591796875
0.04807877540588379
0.03461480140686035
0.11289691925048828
0.10041594505310059
0.08679914474487305
0.0724179744720459
0.0548703670501709
0.04082942008972168
0.10927796363830566
0.08142375946044922
0.06860470771789551
0.05251145362854004
0.040717363357543945
0.031665802001953125
0.10564923286437988
0.08697342872619629
0.07615470886230469
0.06235027313232422
0.048120737075805664
0.034479618072509766
0.11559653282165527
0.08869719505310059
0.07208466529846191
0.05995631217956543
0.04820966720581055
0.03428506851196289
0.11235499382019043
0.09934258460998535
0.0923757553100586
0.07815384864807129
0.06370329856872559
0.048862457275390625
0.1161651611328125
0.08295202255249023
0.060774803161621094
0.04609203338623047
0.03170514106750488
0.018195152282714844
0.09196209907531738
0.07819390296936035
0.07582759857177734
0.06151270866394043
0.0469510555267334
0.03266024589538574
0.10576009750366211
0.08696198463439941
0.07584333419799805
0.06157684326171875
0.0470271110534668
0.03400158882141113
0.03054046630859375
0.0928494930267334
0.0872812271118164
0.07364892959594727
0.05925631523132324
0.04531097412109375
0.040895700454711914
0.096038818359375
0.09063124656677246
0.07732295989990234
0.06462621688842773
0.05019664764404297
0.03537607192993164
0.11717700958251953
0.09926295280456543
0.08509159088134766
0.0700385570526123
0.060338497161865234
0.046154022216796875
0.031299591064453125
0.09876298904418945
0.09438753128051758
0.08168697357177734
0.06663322448730469
0.11148548126220703
0.09668374061584473
0.08939647674560547
0.07349729537963867
0.058910369873046875
0.04785656929016113
0.033162593841552734
0.10648036003112793
0.08548712730407715
0.07141733169555664
0.06106758117675781
0.05013132095336914
0.0357823371887207
0.11165285110473633
0.09846639633178711
0.08427906036376953
0.07282447814941406
0.05869269371032715
0.0443727970123291
0.030407190322875977
0.09276723861694336
0.08165097236633301
0.07166171073913574
0.05397653579711914
0.035898447036743164
0.022135019302368164
0.09795594215393066
0.08301091194152832
0.08414149284362793
0.06990885734558105
0.055722713470458984
0.040602922439575195
0.026427030563354492
0.09565019607543945
0.08741950988769531
0.07724165916442871
0.06207585334777832
0.04705405235290527
0.03244328498840332
0.11094069480895996
0.08902525901794434
0.0708930492401123
0.05301499366760254
0.04999136924743652
0.036081790924072266
0.09368753433227539
0.08560848236083984
0.07158684730529785
0.06110358238220215
0.04680776596069336
0.031606435775756836
0.09805464744567871
0.0834951400756836
0.06911039352416992
0.058654069900512695
0.05131983757019043
0.03713655471801758
0.08150601387023926
0.07270193099975586
0.06632590293884277
0.05904030799865723
0.04455900192260742
0.03101205825805664
0.09913420677185059
0.08736348152160645
0.07339596748352051
0.06864809989929199
0.05043959617614746
0.032854557037353516
0.10383129119873047
0.09305644035339355
0.08347964286804199
0.0698394775390625
0.05723428726196289
0.037116289138793945
0.10527968406677246
0.0887608528137207
0.07737255096435547
0.07896757125854492
0.0650632381439209
0.05076885223388672
0.039175987243652344
0.10465383529663086
0.08474302291870117
0.06963896751403809
0.06771993637084961
0.05253243446350098
0.03811812400817871
0.10795712471008301
0.08239269256591797
0.08052825927734375
0.06598281860351562
0.051483154296875
0.03753232955932617
0.10745024681091309
0.09274077415466309
0.08558511734008789
0.07986021041870117
0.06585812568664551
0.05196213722229004
0.03702068328857422
0.11279177665710449
0.09187126159667969
0.07743644714355469
0.06280946731567383
0.030116558074951172
0.10518574714660645
0.11074638366699219
0.0930628776550293
0.07950687408447266
0.0518796443939209
0.03826260566711426
0.11166906356811523
0.09725022315979004
0.08221125602722168
0.06830549240112305
0.05335092544555664
0.04255485534667969
0.11435866355895996
0.09964156150817871
0.09643268585205078
0.08857512474060059
0.07447552680969238
0.0596623420715332
0.045343875885009766
0.11292815208435059
0.09531402587890625
0.09157347679138184
0.07473945617675781
0.05763816833496094
0.02988147735595703
0.09416508674621582
0.08307790756225586
0.06916022300720215
0.05189347267150879
0.04137587547302246
0.03173112869262695
0.10250639915466309
0.08752799034118652
0.07312655448913574
0.05870389938354492
0.042601823806762695
0.03275656700134277
0.11420011520385742
0.08835721015930176
0.07346963882446289
0.07253670692443848
0.058751821517944336
0.04297780990600586
0.11624646186828613
0.10468792915344238
0.09055590629577637
0.0757298469543457
0.06173992156982422
0.04677248001098633
0.14003324508666992
0.11212825775146484
0.09719014167785645
0.0822458267211914
0.06813669204711914
0.05366945266723633
0.11017942428588867
0.08141303062438965
0.06667041778564453
0.06992864608764648
0.06009316444396973
0.045795440673828125
0.09657526016235352
0.08164143562316895
0.06667137145996094
0.052956342697143555
0.030755281448364258
0.0184171199798584
0.0946803092956543
0.08058047294616699
0.08165550231933594
0.06773805618286133
0.05313825607299805
0.03866004943847656
0.11419439315795898
0.0975339412689209
0.0935831069946289
0.07868003845214844
0.06487751007080078
0.050211191177368164
0.03699207305908203
0.09686541557312012
0.08234262466430664
0.06448960304260254
0.05043196678161621
0.041333913803100586
0.03651142120361328
0.10093832015991211
0.08304977416992188
0.07050013542175293
0.06490445137023926
0.05843329429626465
0.041272640228271484
0.10915946960449219
0.09828305244445801
0.08417010307312012
0.06961846351623535
0.05617475509643555
0.043181419372558594
0.11809539794921875
0.0939788818359375
0.07253694534301758
0.09074568748474121
0.07580757141113281
0.06081128120422363
0.12180733680725098
0.11189532279968262
0.09429526329040527
0.07555603981018066
0.060559988021850586
0.04561424255371094
0.09873247146606445
0.071502685546875
0.07519865036010742
0.06018662452697754
0.04502129554748535
0.11574077606201172
0.09122776985168457
0.08882880210876465
0.07863187789916992
0.06051516532897949
0.04200291633605957
0.12024664878845215
0.08935046195983887
0.07453799247741699
0.04101848602294922
0.12241363525390625
0.10136270523071289
0.08712124824523926
0.07298898696899414
0.058617591857910156
0.059046268463134766
0.04446864128112793
0.11218118667602539
0.10322308540344238
0.08821749687194824
0.07971668243408203
0.0811147689819336
0.06896710395812988
0.05455470085144043
0.11639833450317383
0.09891366958618164
0.0819253921508789
0.06792402267456055
0.04658031463623047
0.028671979904174805
0.10086226463317871
0.08745741844177246
0.07346796989440918
0.059548139572143555
0.04554557800292969
0.0365447998046875
0.028475046157836914
0.0987708568572998
0.08284282684326172
0.0664510726928711
0.05226445198059082
0.043349266052246094
0.028979778289794922
0.09637308120727539
0.08019423484802246
0.0649864673614502
0.06275367736816406
0.046018123626708984
0.031188249588012695
0.10177159309387207
0.08284235000610352
0.07612848281860352
0.06613922119140625
0.05114293098449707
0.03719186782836914
0.03445100784301758
0.11647915840148926
0.09762740135192871
0.0843207836151123
0.0712594985961914
0.05668163299560547
0.041846275329589844
0.10664820671081543
0.08315563201904297
0.06905913352966309
0.05938386917114258
0.0564274787902832
0.04231119155883789
0.11436581611633301
0.10641336441040039
0.0995934009552002
0.08543014526367188
0.07144522666931152
0.05729365348815918
0.043025970458984375
0.028760194778442383
0.09012842178344727
0.08313918113708496
0.06897807121276855
0.0544590950012207
0.04004192352294922
0.03090643882751465
0.09153223037719727
0.07968282699584961
0.07945632934570312
0.06502294540405273
0.05007457733154297
0.03591799736022949
0.12241744995117188
0.0964510440826416
0.06459879875183105
0.05008053779602051
0.03589916229248047
0.12470746040344238
0.09830689430236816
0.08416748046875
0.07033848762512207
0.05673670768737793
0.05727672576904297
0.045298099517822266
0.10238122940063477
0.08246779441833496
0.07398247718811035
0.07579755783081055
0.06150054931640625
0.04692697525024414
0.03188061714172363
0.1013634204864502
0.08542203903198242
0.07114911079406738
0.06140780448913574
0.04765486717224121
0.032979488372802734
0.10421466827392578
0.0881350040435791
0.07403564453125
0.05182623863220215
0.039083242416381836
0.031851768493652344
0.10435843467712402
0.08024454116821289
0.07442831993103027
0.0595090389251709
0.0445256233215332
0.030393600463867188
0.10683226585388184
0.08637309074401855
0.07558083534240723
0.07492351531982422
0.06062889099121094
0.045629262924194336
0.031278133392333984
0.08974480628967285
0.08063697814941406
0.06639266014099121
0.05203747749328613
0.041884422302246094
0.030840396881103516
0.09901213645935059
0.08366179466247559
0.07142233848571777
0.059154510498046875
0.04684782028198242
0.034363508224487305
0.02187204360961914
0.10365962982177734
0.08802461624145508
0.07751703262329102
0.06363081932067871
0.04903769493103027
0.02737879753112793
0.10513973236083984
0.08320999145507812
0.07740592956542969
0.06382393836975098
0.049659013748168945
0.03502082824707031
0.11298799514770508
0.09076309204101562
0.08398699760437012
0.06939053535461426
0.055463314056396484
0.041434288024902344
0.03308296203613281
0.08925676345825195
0.08146333694458008
0.0662086009979248
0.05218768119812012
0.043773651123046875
0.02543497085571289
0.1009678840637207
0.0899040699005127
0.08134078979492188
0.06639719009399414
0.05180644989013672
0.037909507751464844
0.10975456237792969
0.08698225021362305
0.07288837432861328
0.06825709342956543
0.052199602127075195
0.029850006103515625
0.1049189567565918
0.08738327026367188
0.07308554649353027
0.055861711502075195
0.0478360652923584
0.03539681434631348
0.11368060111999512
0.09685659408569336
0.09983134269714355
0.08763337135314941
0.07226943969726562
0.05771589279174805
0.04362320899963379
0.10999631881713867
0.09920454025268555
0.08547019958496094
0.05770277976989746
0.035614013671875
0.11351919174194336
0.09059786796569824
0.07660341262817383
0.06572270393371582
0.06408524513244629
0.049642324447631836
0.034615278244018555
0.09910130500793457
0.09714269638061523
0.08444428443908691
0.0698850154876709
0.05570530891418457
0.041277408599853516
0.11982393264770508
0.10254335403442383
0.09742856025695801
0.08315515518188477
0.06877970695495605
0.05478191375732422
0.04023456573486328
0.1255202293395996
0.0996544361114502
0.08507633209228516
0.07037520408630371
0.055449724197387695
0.04103827476501465
0.026696443557739258
0.0959005355834961
0.08146476745605469
0.06913185119628906
0.05606794357299805
0.04338979721069336
0.03972339630126953
0.10773706436157227
0.09619975090026855
0.08168339729309082
0.07375502586364746
0.06554937362670898
0.0507664680480957
0.03591465950012207
0.10365986824035645
0.0820767879486084
0.06928181648254395
0.05898261070251465
0.047222137451171875
0.03344082832336426
0.019497394561767578
0.09237194061279297
0.0774831771850586
0.06892728805541992
0.05850076675415039
0.04435276985168457
0.029371261596679688
0.11009740829467773
0.08619976043701172
0.07162070274353027
0.06058931350708008
0.05602622032165527
0.04280805587768555
0.10622024536132812
0.09433341026306152
0.08262324333190918
0.068511962890625
0.054396629333496094
0.04109597206115723
0.11156320571899414
0.08269143104553223
0.08528876304626465
0.07126498222351074
0.05314493179321289
0.0388643741607666
0.10790276527404785
0.08702826499938965
0.08288049697875977
0.06852936744689941
0.05413055419921875
0.03315305709838867
0.10490703582763672
0.08343696594238281
0.0713961124420166
0.06613922119140625
0.054567575454711914
0.040316104888916016
0.026790380477905273
0.10732746124267578
0.08941078186035156
0.07545614242553711
0.06538128852844238
0.043578147888183594
0.029619693756103516
0.10647058486938477
0.09418034553527832
0.07990097999572754
0.07111382484436035
0.05666542053222656
0.041680097579956055
0.02750086784362793
0.09555840492248535
0.09163308143615723
0.07752251625061035
0.0633697509765625
0.05337190628051758
0.03970789909362793
0.11306357383728027
0.0898749828338623
0.07560205459594727
0.061148881912231445
0.04623913764953613
0.03234529495239258
0.11487150192260742
0.10067939758300781
0.08619475364685059
0.07527804374694824
0.06392621994018555
0.04947161674499512
0.0351865291595459
0.11286115646362305
0.1091010570526123
0.09217453002929688
0.08746147155761719
0.07238388061523438
0.05826926231384277
0.04362082481384277
0.11095714569091797
0.08857464790344238
0.07447957992553711
0.06013369560241699
0.046335458755493164
0.03181338310241699
0.1089015007019043
0.08927726745605469
0.08310818672180176
0.06509518623352051
0.050740957260131836
0.03620171546936035
0.10674023628234863
0.10557866096496582
0.09184527397155762
0.0770711898803711
0.06259679794311523
0.0487058162689209
0.034426212310791016
0.09188389778137207
0.08792281150817871
0.07410216331481934
0.059560298919677734
0.04596114158630371
0.031222105026245117
0.10938549041748047
0.08347678184509277
0.08522367477416992
0.07286691665649414
0.05865287780761719
0.04491162300109863
0.030781030654907227
0.10055255889892578
0.09996891021728516
0.08202385902404785
0.06776618957519531
0.05330967903137207
0.03553628921508789
0.09761309623718262
0.08808231353759766
0.07640767097473145
0.06225776672363281
0.04785728454589844
0.03305554389953613
0.1089315414428711
0.10083603858947754
0.09350228309631348
0.1706104278564453
0.1667943000793457
0.15259051322937012
0.1390821933746338
0.1246495246887207
0.10952138900756836
0.09927010536193848
0.08487343788146973
0.07056713104248047
0.14439058303833008
0.13043713569641113
0.11675167083740234
0.09852933883666992
0.09120798110961914
0.07944154739379883
0.06500434875488281
0.05064082145690918
0.03584790229797363
0.08811140060424805
0.07314491271972656
0.06453204154968262
0.0590214729309082
0.04517650604248047
0.030966758728027344
0.10308384895324707
0.17563915252685547
0.1713855266571045
0.15783929824829102
0.14016461372375488
0.12301373481750488
0.10876154899597168
0.09020614624023438
0.07593297958374023
0.15500712394714355
0.14104247093200684
0.11138415336608887
0.09725785255432129
0.08388543128967285
0.06607222557067871
0.05110573768615723
0.03880119323730469
0.09950995445251465
0.08773016929626465
0.06955528259277344
0.05573391914367676
0.040802717208862305
0.02989506721496582
0.10515022277832031
0.17981362342834473
0.1684281826019287
0.15053200721740723
0.13608789443969727
0.12110686302185059
0.11065506935119629
0.09216856956481934
0.07787871360778809
0.06365227699279785
0.057588815689086914
0.11121821403503418
0.1022186279296875
0.08933424949645996
0.07502222061157227
0.06084299087524414
0.04361248016357422
0.028944730758666992
0.09384703636169434
0.1801598072052002
0.17026233673095703
0.1560831069946289
0.1428067684173584
0.14888286590576172
0.13399672508239746
0.11805319786071777
0.10370779037475586
0.0893411636352539
0.07646584510803223
0.06178402900695801
0.04672050476074219
0.2111496925354004
0.17238402366638184
0.16019988059997559
0.1474466323852539
0.14005112648010254
0.12587285041809082
0.11095452308654785
0.09614133834838867
0.07916617393493652
0.1757369041442871
0.1640787124633789
0.14991140365600586
0.10244321823120117
0.08843493461608887
0.06529092788696289
0.051222801208496094
0.037164926528930664
0.09511780738830566
0.1790452003479004
0.16688013076782227
0.15406346321105957
0.15262985229492188
0.13728713989257812
0.12252569198608398
0.10845041275024414
0.09421277046203613
0.0796043872833252
0.06987261772155762
0.061479806900024414
0.23702478408813477
0.22324585914611816
0.20640969276428223
0.18539667129516602
0.17124223709106445
0.16050505638122559
0.14603137969970703
0.13077926635742188
0.11653614044189453
0.10219383239746094
0.09908199310302734
0.15803909301757812
0.1439211368560791
0.14867234230041504
0.13495922088623047
0.09093093872070312
0.07067036628723145
0.0563814640045166
0.04181528091430664
0.11236143112182617
0.19661474227905273
0.18526458740234375
0.17089414596557617
0.1575450897216797
0.1690526008605957
0.15487170219421387
0.14083218574523926
0.12472820281982422
0.10977935791015625
0.09552264213562012
0.08105897903442383
0.07269167900085449
0.2337808609008789
0.21952438354492188
0.18161582946777344
0.1676032543182373
0.15367364883422852
0.1560673713684082
0.12853360176086426
0.11435580253601074
0.09979414939880371
0.15778207778930664
0.1455838680267334
0.1332836151123047
0.11731195449829102
0.1084132194519043
0.10525655746459961
0.09112238883972168
0.07685661315917969
0.06154441833496094
0.04704546928405762
0.10921239852905273
0.17578768730163574
0.16388583183288574
0.15508198738098145
0.1405940055847168
0.13870859146118164
0.12386178970336914
0.10989904403686523
0.09560132026672363
0.08133864402770996
0.06681966781616211
0.22581028938293457
0.2231121063232422
0.19224333763122559
0.1780257225036621
0.16310477256774902
0.14912009239196777
0.13415241241455078
0.14834284782409668
0.13439488410949707
0.12198209762573242
0.16960382461547852
0.1589338779449463
0.1447005271911621
0.13000750541687012
0.11562991142272949
0.07854127883911133
0.08181524276733398
0.0678260326385498
0.05383896827697754
0.04419565200805664
0.10588502883911133
0.08790731430053711
0.07028317451477051
0.03540325164794922
0.10861849784851074
0.08769750595092773
0.17766451835632324
0.16370105743408203
0.14985084533691406
0.13296055793762207
0.12204146385192871
0.10706067085266113
0.0921483039855957
0.07342720031738281
0.1439201831817627
0.12874293327331543
0.12427496910095215
0.10990619659423828
0.0874180793762207
0.07288455963134766
0.06145954132080078
0.046045780181884766
0.03192591667175293
0.10519576072692871
0.07929062843322754
0.07732677459716797
0.06200718879699707
0.04749107360839844
0.03283429145812988
0.11456704139709473
0.09162020683288574
0.07734084129333496
0.06304287910461426
0.05507159233093262
0.040804147720336914
0.11124157905578613
0.09665560722351074
0.0857391357421875
0.07155537605285645
0.05697441101074219
0.05515861511230469
0.040270090103149414
0.11159348487854004
0.08570361137390137
0.07158398628234863
0.0600738525390625
0.04584932327270508
0.03970170021057129
0.10892558097839355
0.09393429756164551
0.08498692512512207
0.07065606117248535
0.05568408966064453
0.05341792106628418
0.03930330276489258
0.09190154075622559
0.07705068588256836
0.06168007850646973
0.053560733795166016
0.03912615776062012
0.025098562240600586
0.10387849807739258
0.08586382865905762
0.07453250885009766
0.060118675231933594
0.045885562896728516
0.03583693504333496
0.028268098831176758
0.11643409729003906
0.10033679008483887
0.0849454402923584
0.07055306434631348
0.056572675704956055
0.04152417182922363
0.11107397079467773
0.11433863639831543
0.10771512985229492
0.09354615211486816
0.08009147644042969
0.06744003295898438
0.05232834815979004
0.03801560401916504
0.09726667404174805
0.08109521865844727
0.06663012504577637
0.06030392646789551
0.046074867248535156
0.03141975402832031
0.09931230545043945
0.08152222633361816
0.06730318069458008
0.0529170036315918
0.03873467445373535
0.029170989990234375
0.10462236404418945
0.10010123252868652
0.09049606323242188
0.07592248916625977
0.061331987380981445
0.045430898666381836
0.11056208610534668
0.08539795875549316
0.07737445831298828
0.0627450942993164
0.0487215518951416
0.034276723861694336
0.10773658752441406
0.0926971435546875
0.0890507698059082
0.07810163497924805
0.0622105598449707
0.047127723693847656
0.03297066688537598
0.09034872055053711
0.08094048500061035
0.06685400009155273
0.051946401596069336
0.03412175178527832
0.10705852508544922
0.08759212493896484
0.07325601577758789
0.07428812980651855
0.059897661209106445
0.045469045639038086
0.03103184700012207
0.10670876502990723
0.08876752853393555
0.07447481155395508
0.07294893264770508
0.05898165702819824
0.04396557807922363
0.02974104881286621
0.09827065467834473
0.08835673332214355
0.07388091087341309
0.05907177925109863
0.04461312294006348
0.03401923179626465
0.11054158210754395
0.09468603134155273
0.08095479011535645
0.06658124923706055
0.06000971794128418
0.04529094696044922
0.03088545799255371
0.10088229179382324
0.08240556716918945
0.06988334655761719
0.06122779846191406
0.04242849349975586
0.028522729873657227
0.09385323524475098
0.07563972473144531
0.06606626510620117
0.054645538330078125
0.04898834228515625
0.03531599044799805
0.10390567779541016
0.08324694633483887
0.05531048774719238
0.046234846115112305
0.028532981872558594
0.10685372352600098
0.08595538139343262
0.06959080696105957
0.06019711494445801
0.04564213752746582
0.031049013137817383
0.10864949226379395
0.1016995906829834
0.08704924583435059
0.07137751579284668
0.0570216178894043
0.04236149787902832
0.02816939353942871
0.0976552963256836
0.0817115306854248
0.07281804084777832
0.05815267562866211
0.043817758560180664
0.029100894927978516
0.11052799224853516
0.08585858345031738
0.06840801239013672
0.07009315490722656
0.05205035209655762
0.03907036781311035
0.1061098575592041
0.08318352699279785
0.07425713539123535
0.06825089454650879
0.053917884826660156
0.03968930244445801
0.11115527153015137
0.09689879417419434
0.0840613842010498
0.08814883232116699
0.07353687286376953
0.05871844291687012
0.04134225845336914
0.10899734497070312
0.08210420608520508
0.07201123237609863
0.06867766380310059
0.0489039421081543
0.033985137939453125
0.11365771293640137
0.09478211402893066
0.08135008811950684
0.06681013107299805
0.04599475860595703
0.03148221969604492
0.1083226203918457
0.08343768119812012
0.07328629493713379
0.05895733833312988
0.062315940856933594
0.04784369468688965
0.0338587760925293
0.1110997200012207
0.09761357307434082
0.08283019065856934
0.06843376159667969
0.054090261459350586
0.03893113136291504
0.10702157020568848
0.08411359786987305
0.08438515663146973
0.07011866569519043
0.05528116226196289
0.037590980529785156
0.11198163032531738
0.08312702178955078
0.08238458633422852
0.06867837905883789
0.053569793701171875
0.038948774337768555
0.129744291305542
0.11610841751098633
0.09918498992919922
0.0856480598449707
0.06823968887329102
0.05744457244873047
0.04462075233459473
0.10762667655944824
0.08189582824707031
0.07531404495239258
0.057060956954956055
0.04235339164733887
0.029747486114501953
0.09215474128723145
0.08350658416748047
0.07300400733947754
0.05886983871459961
0.04496002197265625
0.0374598503112793
0.0234067440032959
0.09457707405090332
0.08893084526062012
0.07381439208984375
0.051068782806396484
0.04179525375366211
0.11155343055725098
0.0881960391998291
0.08853864669799805
0.06395483016967773
0.0487973690032959
0.03435230255126953
0.10500288009643555
0.08550763130187988
0.07041311264038086
0.05627012252807617
0.043985605239868164
0.03670525550842285
0.11087942123413086
0.11150670051574707
0.09754133224487305
0.08289384841918945
0.06862521171569824
0.05415797233581543
0.039551496505737305
0.114837646484375
0.10138535499572754
0.08336234092712402
0.07341241836547852
0.06241416931152344
0.047624826431274414
0.03658485412597656
0.10947227478027344
0.09508657455444336
0.09069967269897461
0.0773155689239502
0.06287813186645508
0.048660993576049805
0.03419661521911621
0.11525917053222656
0.0954732894897461
0.08146786689758301
0.06717085838317871
0.05279684066772461
0.03816366195678711
0.12160706520080566
0.08970904350280762
0.0759270191192627
0.06179356575012207
0.04697990417480469
0.03198552131652832
0.10697221755981445
0.08327507972717285
0.07424736022949219
0.06012582778930664
0.05365467071533203
0.04018759727478027
0.02576613426208496
0.09025764465332031
0.08514666557312012
0.08062481880187988
0.06698083877563477
0.053086280822753906
0.03934955596923828
0.10757160186767578
0.09260392189025879
0.0782768726348877
0.07135367393493652
0.061585187911987305
0.04715847969055176
0.03360414505004883
0.0986473560333252
0.08071732521057129
0.07441544532775879
0.056212425231933594
0.041878700256347656
0.026974916458129883
0.10996341705322266
0.09193181991577148
0.07441258430480957
0.05597877502441406
0.04223036766052246
0.027997255325317383
0.10389518737792969
0.08697247505187988
0.07277607917785645
0.07513260841369629
0.06115221977233887
0.047350406646728516
0.033273935317993164
0.10157465934753418
0.06766271591186523
0.05260825157165527
0.03160667419433594
0.1103675365447998
0.10467529296875
0.09046435356140137
0.07613348960876465
0.06167125701904297
0.04700350761413574
0.032971858978271484
0.10383486747741699
0.08949971199035645
0.07528138160705566
0.06084299087524414
0.04691720008850098
0.03281974792480469
0.11481642723083496
0.10091900825500488
0.09850621223449707
0.08439826965332031
0.06955885887145996
0.055144309997558594
0.0407564640045166
0.11628198623657227
0.08844161033630371
0.07343459129333496
0.059503793716430664
0.045533180236816406
0.03962397575378418
0.027374267578125
0.09855365753173828
0.0857095718383789
0.07795953750610352
0.0631570816040039
0.048459768295288086
0.030576467514038086
0.10431265830993652
0.08602595329284668
0.07477569580078125
0.06346774101257324
0.04561161994934082
0.030808210372924805
0.10885834693908691
0.1035919189453125
0.09108281135559082
0.07611823081970215
0.05889773368835449
0.04453468322753906
0.03218388557434082
0.0992283821105957
0.07969951629638672
0.07419538497924805
0.059647560119628906
0.051767587661743164
0.03845810890197754
0.11034607887268066
0.09236645698547363
0.07837200164794922
0.07453799247741699
0.053121089935302734
0.038352251052856445
0.023665428161621094
0.1077735424041748
0.09283041954040527
0.0837407112121582
0.06919288635253906
0.05419611930847168
0.03894352912902832
0.11333394050598145
0.11119270324707031
0.09862112998962402
0.08415341377258301
0.05540943145751953
0.04115772247314453
0.10648965835571289
0.09136795997619629
0.07712721824645996
0.0618128776550293
0.05783581733703613
0.04440474510192871
0.12013983726501465
0.10870599746704102
0.09472966194152832
0.0800020694732666
0.06543087959289551
0.05068373680114746
0.037006378173828125
0.10415101051330566
0.08158254623413086
0.06897974014282227
0.0696268081665039
0.05634570121765137
0.04357647895812988
0.1133124828338623
0.09426641464233398
0.0818328857421875
0.06932806968688965
0.0566103458404541
0.04783344268798828
0.0435945987701416
0.11772727966308594
0.10285234451293945
0.08889603614807129
0.07435083389282227
0.05965089797973633
0.0436863899230957
0.031952857971191406
0.11349344253540039
0.08479571342468262
0.06775856018066406
0.057028770446777344
0.04535984992980957
0.03598189353942871
0.10603523254394531
0.08696460723876953
0.07048559188842773
0.055934906005859375
0.03821539878845215
0.02600383758544922
0.10426473617553711
0.08681941032409668
0.07581949234008789
0.06088876724243164
0.04570937156677246
0.037071943283081055
0.11585855484008789
0.1008460521697998
0.08666443824768066
0.0720818042755127
0.057950496673583984
0.04001927375793457
0.1134958267211914
0.09664654731750488
0.08258819580078125
0.06833100318908691
0.05377626419067383
0.03980851173400879
0.025393247604370117
0.0894460678100586
0.08094596862792969
0.06664848327636719
0.06007695198059082
0.045166015625
0.031067371368408203
0.10691952705383301
0.1000680923461914
0.0855710506439209
0.07047224044799805
0.05576777458190918
0.04114341735839844
0.1158452033996582
0.0971677303314209
0.08357906341552734
0.08279252052307129
0.06779742240905762
0.05290508270263672
0.03886747360229492
0.10975790023803711
0.08432245254516602
0.07616972923278809
0.06149768829345703
0.04722738265991211
0.03298449516296387
0.10796999931335449
0.08409738540649414
0.08359622955322266
0.07113766670227051
0.0299227237701416
0.09946441650390625
0.10342264175415039
0.0889897346496582
0.07459259033203125
0.06019115447998047
0.04624652862548828
0.03186964988708496
0.10594677925109863
0.08560514450073242
0.07791900634765625
0.06840634346008301
0.05405020713806152
0.039553165435791016
0.1105351448059082
0.09628772735595703
0.08222436904907227
0.06813406944274902
0.05524468421936035
0.042415618896484375
0.02914142608642578
0.10799384117126465
0.08199667930603027
0.06927037239074707
0.06657886505126953
0.05220794677734375
0.03783273696899414
0.1245567798614502
0.10762906074523926
0.09279012680053711
0.07884669303894043
0.06458115577697754
0.08112120628356934
0.06607222557067871
0.10516071319580078
0.07993292808532715
0.0621790885925293
0.04161834716796875
0.04807877540588379
0.09491348266601562
0.08901500701904297
0.07747459411621094
0.06991076469421387
0.05371665954589844
0.04076194763183594
0.11092567443847656
0.08800005912780762
0.06597423553466797
0.051137447357177734
0.037194252014160156
0.022367477416992188
0.09126663208007812
0.07889342308044434
0.06921863555908203
0.05529141426086426
0.045310020446777344
0.03573155403137207
0.10587453842163086
0.08675599098205566
0.0725257396697998
0.08248543739318848
0.0650482177734375
0.051097869873046875
0.11755537986755371
0.10499691963195801
0.10603976249694824
0.09492206573486328
0.08276748657226562
0.0679481029510498
0.0540769100189209
0.1103525161743164
0.09300780296325684
0.09481310844421387
0.07685279846191406
0.06763792037963867
0.0466923713684082
0.13124680519104004
0.11031126976013184
0.09636759757995605
0.08237528800964355
0.06789469718933105
0.053850650787353516
0.03930163383483887
0.09832167625427246
0.08282876014709473
0.08541703224182129
0.07058954238891602
0.055761098861694336
0.04122662544250488
0.10763883590698242
0.09996652603149414
0.08502054214477539
0.06994009017944336
0.055080413818359375
0.043007850646972656
0.028804779052734375
0.10157585144042969
0.08705329895019531
0.07238626480102539
0.06028389930725098
0.04690718650817871
0.032021522521972656
0.10108208656311035
0.0866096019744873
0.0877685546875
0.07337355613708496
0.05917000770568848
0.04461216926574707
0.029853343963623047
0.10114860534667969
0.08861398696899414
0.07370114326477051
0.06891846656799316
0.05438542366027832
0.03997921943664551
0.12764334678649902
0.0938880443572998
0.07893228530883789
0.0648961067199707
0.05104398727416992
0.03391122817993164
0.10272359848022461
0.08732438087463379
0.07264208793640137
0.05814170837402344
0.04685473442077637
0.03400731086730957
0.035605669021606445
0.11011767387390137
0.0954902172088623
0.08131623268127441
0.06672859191894531
0.05208635330200195
0.038423776626586914
0.10588502883911133
0.0903627872467041
0.07616233825683594
0.06109356880187988
0.046822547912597656
0.04205894470214844
0.10768342018127441
0.09322595596313477
0.08106088638305664
0.07205343246459961
0.06477952003479004
0.05060148239135742
0.036046504974365234
0.12198615074157715
0.09278321266174316
0.07503628730773926
0.050989627838134766
0.03600049018859863
0.1095571517944336
0.10057711601257324
0.08637738227844238
0.08410310745239258
0.06927347183227539
0.054574012756347656
0.040300607681274414
0.13040590286254883
0.11811685562133789
0.1031649112701416
0.08789896965026855
0.07313394546508789
0.058922767639160156
0.044497013092041016
0.1087961196899414
0.11545372009277344
0.1007540225982666
0.0861818790435791
0.06873226165771484
0.0547330379486084
0.03965568542480469
0.10806417465209961
0.08523726463317871
0.07659149169921875
0.05928611755371094
0.04450845718383789
0.030261993408203125
0.10689544677734375
0.0995333194732666
0.08542466163635254
0.06739568710327148
0.055419206619262695
0.04185295104980469
0.10853862762451172
0.0939936637878418
0.0865013599395752
0.08082199096679688
0.06665992736816406
0.04584670066833496
0.0313868522644043
0.09889674186706543
0.09375762939453125
0.07931327819824219
0.0653233528137207
0.05109429359436035
0.036585092544555664
0.10886406898498535
0.10230779647827148
0.08806753158569336
0.07354521751403809
0.05956768989562988
0.0452275276184082
0.030277013778686523
0.10854172706604004
0.09514188766479492
0.08046293258666992
0.06592774391174316
0.05249905586242676
0.0381925106048584
0.10900163650512695
0.09026861190795898
0.08492612838745117
0.07076025009155273
0.05644965171813965
0.03844642639160156
0.11744403839111328
0.10251331329345703
0.08455181121826172
0.0665121078491211
0.048586130142211914
0.035039663314819336
0.027135133743286133
0.09578514099121094
0.08122587203979492
0.06696105003356934
0.06511545181274414
0.050889015197753906
0.0329585075378418
0.10859847068786621
0.09366726875305176
0.07945680618286133
0.06492114067077637
0.05003976821899414
0.03534436225891113
0.1058359146118164
0.08334803581237793
0.0743856430053711
0.0608980655670166
0.04595136642456055
0.028046131134033203
0.09220361709594727
0.08428072929382324
0.0742194652557373
0.06029844284057617
0.046366214752197266
0.03333735466003418
0.021067142486572266
0.09726810455322266
0.0824742317199707
0.06727123260498047
0.05296158790588379
0.039064884185791016
0.019428491592407227
0.10225462913513184
0.0917825698852539
0.07757258415222168
0.06304001808166504
0.04850959777832031
0.034501075744628906
0.1092689037322998
0.08461260795593262
0.08220887184143066
0.06803321838378906
0.05396270751953125
0.03974318504333496
0.030249357223510742
0.09535622596740723
0.08790445327758789
0.07648348808288574
0.062268733978271484
0.0480501651763916
0.029659748077392578
0.10543656349182129
0.08655881881713867
0.07244181632995605
0.07354593276977539
0.05565690994262695
0.04213404655456543
0.09124135971069336
0.08320927619934082
0.06899809837341309
0.07191777229309082
0.05701041221618652
0.042688846588134766
0.1238250732421875
0.0971071720123291
0.08433032035827637
0.07015180587768555
0.05612325668334961
0.041309356689453125
0.10876870155334473
0.10318350791931152
0.08923935890197754
0.075225830078125
0.06093311309814453
0.05158805847167969
0.04005312919616699
0.03567099571228027
0.09991669654846191
0.09440970420837402
0.08041524887084961
0.06609749794006348
0.05192732810974121
0.037901878356933594
0.09757184982299805
0.09631562232971191
0.08186650276184082
0.06740236282348633
0.05286431312561035
0.03842782974243164
0.10757780075073242
0.08841347694396973
0.08463501930236816
0.0702519416809082
0.05608177185058594
0.04162335395812988
0.03425884246826172
0.10230112075805664
0.08241105079650879
0.06999635696411133
0.06944799423217773
0.05449318885803223
0.04105877876281738
0.026592731475830078
0.09896540641784668
0.09891796112060547
0.08562374114990234
0.07105708122253418
0.05309343338012695
0.038857221603393555
0.10927700996398926
0.08722233772277832
0.07596063613891602
0.062014102935791016
0.051123619079589844
0.020627260208129883
0.12320566177368164
0.10892200469970703
0.0913081169128418
0.07350349426269531
0.0605924129486084
0.04663658142089844
0.11332154273986816
0.0893259048461914
0.07438921928405762
0.06045842170715332
0.04629230499267578
0.0322721004486084
0.11044454574584961
0.08739972114562988
0.07426714897155762
0.06751036643981934
0.053154945373535156
0.030768156051635742
0.10761499404907227
0.0927734375
0.08211231231689453
0.06783580780029297
0.05293416976928711
0.03815960884094238
0.023377656936645508
0.0971517562866211
0.08136487007141113
0.0692453384399414
0.05984306335449219
0.045020103454589844
0.03427433967590332
0.1117105484008789
0.09805965423583984
0.10732698440551758
0.09244847297668457
0.0782012939453125
0.06306290626525879
0.04839491844177246
0.034432172775268555
0.10313200950622559
0.09379243850708008
0.07980799674987793
0.06585526466369629
0.05169057846069336
0.0414738655090332
0.11007046699523926
0.09378218650817871
0.08206772804260254
0.06796693801879883
0.053473711013793945
0.04753851890563965
0.03523874282836914
0.09311413764953613
0.08280444145202637
0.0694582462310791
0.0630953311920166
0.04891395568847656
0.02776932716369629
0.10260200500488281
0.08199119567871094
0.07311129570007324
0.059120893478393555
0.05907702445983887
0.04459190368652344
0.03041672706604004
0.09794139862060547
0.08420276641845703
0.0728309154510498
0.05764269828796387
0.04341888427734375
0.10918283462524414
0.09542489051818848
0.0805060863494873
0.07418680191040039
0.05931591987609863
0.04476571083068848
0.030617713928222656
0.09227728843688965
0.07703137397766113
0.07047677040100098
0.05617356300354004
0.04223132133483887
0.031124353408813477
0.10387277603149414
0.09380030632019043
0.07626223564147949
0.06409192085266113
0.048895835876464844
0.03457379341125488
0.10023283958435059
0.08580708503723145
0.07150864601135254
0.057059288024902344
0.04267311096191406
0.03366255760192871
0.10911679267883301
0.08877849578857422
0.07706499099731445
0.0633690357208252
0.04830503463745117
0.03931140899658203
0.02538013458251953
0.09741473197937012
0.08282971382141113
0.06836533546447754
0.05429434776306152
0.04044508934020996
0.043126821517944336
0.11099648475646973
0.08588504791259766
0.07690119743347168
0.06167173385620117
0.04404330253601074
0.11888980865478516
0.09850597381591797
0.08397364616394043
0.0927894115447998
0.08077263832092285
0.06611490249633789
0.05254316329956055
0.0395050048828125
0.09085774421691895
0.07584857940673828
0.0710153579711914
0.06116318702697754
0.04722428321838379
0.03341865539550781
0.09096693992614746
0.07562422752380371
0.07354402542114258
0.05770230293273926
0.042701005935668945
0.1140739917755127
0.10251522064208984
0.08864927291870117
0.07141685485839844
0.057431697845458984
0.04449748992919922
0.027951478958129883
0.10636711120605469
0.08247709274291992
0.07019734382629395
0.06057119369506836
0.0520014762878418
0.04880094528198242
0.03452420234680176
0.10250997543334961
0.08158326148986816
0.06905651092529297
0.06030869483947754
0.04536318778991699
0.03150820732116699
0.10891270637512207
0.09679245948791504
0.08756899833679199
0.07252287864685059
0.0593411922454834
0.04844379425048828
0.0391080379486084
0.03226494789123535
0.09810638427734375
0.07916808128356934
0.06721115112304688
0.06263947486877441
0.0486907958984375
0.031239748001098633
0.1114034652709961
0.08653593063354492
0.07661080360412598
0.0626974105834961
0.048737287521362305
0.04707980155944824
0.0351262092590332
0.10413193702697754
0.08266520500183105
0.06867623329162598
0.06094002723693848
0.04695868492126465
0.03279876708984375
0.019658327102661133
0.08900117874145508
0.0954291820526123
0.08054542541503906
0.0631856918334961
0.04809689521789551
0.03050827980041504
0.09947562217712402
0.09293532371520996
0.0816347599029541
0.06408214569091797
0.04988288879394531
0.03544473648071289
0.0946798324584961
0.08411121368408203
0.07015013694763184
0.056647539138793945
0.055564165115356445
0.03862595558166504
0.10816836357116699
0.09341311454772949
0.07548236846923828
0.061536550521850586
0.04734301567077637
0.03323769569396973
0.12244129180908203
0.09415650367736816
0.08004641532897949
0.06569910049438477
0.051584482192993164
0.03801894187927246
0.11150264739990234
0.10067605972290039
0.08574032783508301
0.07051205635070801
0.0581974983215332
0.03990817070007324
0.028378725051879883
0.10700726509094238
0.08211517333984375
0.06842613220214844
0.05603671073913574
0.046534061431884766
0.03218436241149902
0.11135077476501465
0.08701753616333008
0.06844329833984375
0.055008888244628906
0.04317164421081543
0.03938007354736328
0.11403656005859375
0.09633827209472656
0.08234429359436035
0.0686335563659668
0.05898451805114746
0.04439401626586914
0.03168773651123047
0.10948467254638672
0.08806514739990234
0.07720422744750977
0.06268477439880371
0.04778456687927246
0.03418731689453125
0.1014404296875
0.08706521987915039
0.08151578903198242
0.06659507751464844
0.048844337463378906
0.03456282615661621
0.1098334789276123
0.10662508010864258
0.09269905090332031
0.07842326164245605
0.0649406909942627
0.05099344253540039
0.0363154411315918
0.10850930213928223
0.0828855037689209
0.07687950134277344
0.06291604042053223
0.0486750602722168
0.04449605941772461
0.11311960220336914
0.11938285827636719
0.10138845443725586
0.08636784553527832
0.07330060005187988
0.0588068962097168
0.0453031063079834
0.127241849899292
0.09657406806945801
0.08231258392333984
0.0679769515991211
0.053678035736083984
0.12721848487854004
0.11546778678894043
0.10758352279663086
0.09382486343383789
0.07964062690734863
0.06479644775390625
0.04751467704772949
0.11680412292480469
0.09752392768859863
0.08270001411437988
0.06810617446899414
0.053595542907714844
0.05312776565551758
0.03769993782043457
0.09168338775634766
0.08010029792785645
0.0679926872253418
0.05359315872192383
0.03871631622314453
0.02461409568786621
0.09451031684875488
0.08032107353210449
0.08033037185668945
0.06620287895202637
0.05187559127807617
0.037168264389038086
0.1107184886932373
0.09681200981140137
0.08475637435913086
0.08948993682861328
0.07552742958068848
0.06160545349121094
0.04723238945007324
0.03330731391906738
0.09891915321350098
0.08013677597045898
0.07238578796386719
0.061508893966674805
0.04660201072692871
0.031510353088378906
0.10890007019042969
0.0857856273651123
0.07466769218444824
0.0690910816192627
0.05415153503417969
0.03621244430541992
0.10087037086486816
0.10006403923034668
0.08207225799560547
0.06809115409851074
0.05316352844238281
0.03369426727294922
0.10489606857299805
0.10052728652954102
0.08698463439941406
0.06693768501281738
0.06013298034667969
0.04619026184082031
0.11348819732666016
0.08662652969360352
0.07264018058776855
0.05761599540710449
0.06363320350646973
0.04970240592956543
0.03523707389831543
0.10222244262695312
0.08329105377197266
0.06865143775939941
0.05419492721557617
0.052660226821899414
0.03831648826599121
0.12079763412475586
0.09791946411132812
0.08693933486938477
0.07396841049194336
0.061496734619140625
0.049102067947387695
0.03587985038757324
0.11388564109802246
0.09595394134521484
0.08196759223937988
0.06761598587036133
0.05331015586853027
0.03888893127441406
0.02383112907409668
0.0951840877532959
0.09513401985168457
0.08118653297424316
0.06677484512329102
0.051795005798339844
0.029903888702392578
0.09098124504089355
0.07973694801330566
0.06480598449707031
0.05086493492126465
0.03358888626098633
0.0199739933013916
0.09779214859008789
0.08647680282592773
0.07207512855529785
0.0621187686920166
0.0550537109375
0.04609060287475586
0.03338623046875
0.09550333023071289
0.08154463768005371
0.06727099418640137
0.04864811897277832
0.03084707260131836
0.11815595626831055
0.10459399223327637
0.09107542037963867
0.08825826644897461
0.0739908218383789
0.059773921966552734
0.04602169990539551
0.03179359436035156
0.08984947204589844
0.09276175498962402
0.07917141914367676
0.06087136268615723
0.04689764976501465
0.03245115280151367
0.09558749198913574
0.07734799385070801
0.06398558616638184
0.055182695388793945
0.04625868797302246
0.03168487548828125
0.11032485961914062
0.08644294738769531
0.07231354713439941
0.06858015060424805
0.05465078353881836
0.11171412467956543
0.10206413269042969
0.10728621482849121
0.09130740165710449
0.07609128952026367
0.05592513084411621
0.04644155502319336
0.10308527946472168
0.08182406425476074
0.06675958633422852
0.05299210548400879
0.05163145065307617
0.03722405433654785
0.10772180557250977
0.0828242301940918
0.07268190383911133
0.0578913688659668
0.04863166809082031
0.044307708740234375
0.03420424461364746
0.1027688980102539
0.10688495635986328
0.0918116569519043
0.07783770561218262
0.06283903121948242
0.05055832862854004
0.10461926460266113
0.08033156394958496
0.0688323974609375
0.055769920349121094
0.042861223220825195
0.029679536819458008
0.10758829116821289
0.09032320976257324
0.07302403450012207
0.0589749813079834
0.045021772384643555
0.033693790435791016
0.1055457592010498
0.0966951847076416
0.0827932357788086
0.06853938102722168
0.0543212890625
0.03937482833862305
0.028286218643188477
0.09477615356445312
0.08773112297058105
0.07271361351013184
0.05805158615112305
0.04404592514038086
0.028957843780517578
0.09771537780761719
0.08318114280700684
0.06865477561950684
0.053641557693481445
0.04420161247253418
0.030283212661743164
0.11000967025756836
0.08858370780944824
0.07741951942443848
0.06306958198547363
0.0644381046295166
0.05009269714355469
0.03536677360534668
0.10000872611999512
0.08305692672729492
0.0683281421661377
0.06271934509277344
0.05140328407287598
0.036957502365112305
0.11592793464660645
0.09655308723449707
0.08163571357727051
0.06724929809570312
0.05291628837585449
0.03812694549560547
0.02422308921813965
0.09322237968444824
0.08867144584655762
0.0702505111694336
0.056580543518066406
0.042304277420043945
0.027414321899414062
0.10191845893859863
0.08662056922912598
0.07556986808776855
0.059554338455200195
0.045120954513549805
0.030711889266967773
0.1104733943939209
0.09484195709228516
0.08003997802734375
0.0650334358215332
0.05028867721557617
0.035086631774902344
0.020877599716186523
0.09493374824523926
0.09402060508728027
0.08480191230773926
0.0703585147857666
0.05601215362548828
0.0422511100769043
0.11102795600891113
0.08352780342102051
0.08482694625854492
0.07047414779663086
0.05614614486694336
0.04170036315917969
0.028048276901245117
0.08940505981445312
0.07737159729003906
0.07538771629333496
0.057021379470825195
0.04300546646118164
0.028342008590698242
0.09137487411499023
0.08651518821716309
0.07916092872619629
0.06446123123168945
0.05005192756652832
0.03648257255554199
0.10439682006835938
0.08707618713378906
0.07660698890686035
0.06164050102233887
0.047357797622680664
0.040529489517211914
0.03289175033569336
0.10476183891296387
0.0858316421508789
0.06730246543884277
0.05684709548950195
0.050397634506225586
0.04139971733093262
0.11066937446594238
0.08285164833068848
0.07122349739074707
0.05978679656982422
0.05042266845703125
0.037344932556152344
0.10880446434020996
0.11648726463317871
0.1031184196472168
0.08504843711853027
0.07046222686767578
0.0564119815826416
0.041611671447753906
0.11732006072998047
0.08909320831298828
0.07488179206848145
0.06789135932922363
0.05278372764587402
0.03846287727355957
0.1137247085571289
0.09129643440246582
0.08313751220703125
0.06983590126037598
0.04894590377807617
0.03477811813354492
0.09178280830383301
0.07972431182861328
0.07936477661132812
0.06437253952026367
0.04987049102783203
0.03546309471130371
0.10954570770263672
0.0834197998046875
0.0773005485534668
0.07008934020996094
0.05591130256652832
0.04163026809692383
0.02565288543701172
0.09255003929138184
0.07777619361877441
0.06584048271179199
0.05651712417602539
0.0513453483581543
0.038193464279174805
0.12666893005371094
0.10100364685058594
0.08639836311340332
0.07197427749633789
0.05812525749206543
0.04389643669128418
0.11013150215148926
0.09450316429138184
0.0803685188293457
0.06591105461120605
0.05146646499633789
0.03629422187805176
0.1121675968170166
0.08213376998901367
0.06895327568054199
0.0671231746673584
0.05294466018676758
0.03868818283081055
0.10729336738586426
0.08562541007995605
0.0739281177520752
0.05951070785522461
0.045348405838012695
0.03831028938293457
0.02403402328491211
0.10090446472167969
0.08495569229125977
0.0705113410949707
0.05744481086730957
0.04510331153869629
0.03281974792480469
0.024235010147094727
0.08942580223083496
0.0874028205871582
0.06955718994140625
0.05486440658569336
0.04024481773376465
0.025270462036132812
0.09487509727478027
0.09544754028320312
0.07789325714111328
0.0629892349243164
0.048689842224121094
0.031362056732177734
0.10703611373901367
0.09295916557312012
0.07161808013916016
0.05407071113586426
0.040017127990722656
0.11672520637512207
0.08987998962402344
0.07589554786682129
0.06747174263000488
0.052330732345581055
0.034536123275756836
0.13204169273376465
0.11730480194091797
0.10082507133483887
0.08598804473876953
0.0721120834350586
0.05790877342224121
0.04394888877868652
0.11181044578552246
0.10086655616760254
0.0912010669708252
0.0767214298248291
0.062242746353149414
0.04724907875061035
0.04104042053222656
0.12016081809997559
0.09919166564941406
0.0851433277130127
0.07023286819458008
0.05571436882019043
0.10741019248962402
0.08554744720458984
0.07624411582946777
0.06198620796203613
0.051310062408447266
0.044145822525024414
0.0301971435546875
0.10757112503051758
0.09563660621643066
0.08175539970397949
0.0673837661743164
0.05276036262512207
0.03888392448425293
0.10854482650756836
0.0833897590637207
0.08339071273803711
0.06838059425354004
0.05437827110290527
0.03981304168701172
0.11290597915649414
0.1143641471862793
0.10067439079284668
0.08646154403686523
0.07223081588745117
0.05167078971862793
0.03715252876281738
0.11566662788391113
0.10051941871643066
0.08873438835144043
0.07382798194885254
0.05988192558288574
0.04920363426208496
0.03610992431640625
0.09768438339233398
0.08403444290161133
0.07972979545593262
0.0655055046081543
0.05109286308288574
0.04021859169006348
0.1069033145904541
0.08294963836669922
0.07868456840515137
0.06655192375183105
0.05205821990966797
0.038071393966674805
0.12823963165283203
0.11773109436035156
0.10379838943481445
0.0893099308013916
0.07510995864868164
0.06066441535949707
0.04701375961303711
0.03272247314453125
0.11347341537475586
0.09349608421325684
0.07946300506591797
0.06575250625610352
0.057408809661865234
0.04343414306640625
0.10479497909545898
0.0903313159942627
0.08559370040893555
0.07138895988464355
0.056565046310424805
0.04234194755554199
0.11769390106201172
0.1011505126953125
0.08684062957763672
0.07825541496276855
0.07846403121948242
0.07295727729797363
0.0551760196685791
0.10982680320739746
0.08771681785583496
0.07288908958435059
0.058835506439208984
0.04467296600341797
0.03664398193359375
0.12109494209289551
0.1012721061706543
0.08632254600524902
0.08673620223999023
0.06873178482055664
0.05336332321166992
0.09440755844116211
0.0780327320098877
0.08057856559753418
0.07130885124206543
0.05694437026977539
0.04205131530761719
0.11413311958312988
0.09120678901672363
0.07616329193115234
0.07512140274047852
0.06069755554199219
0.04643988609313965
0.11067867279052734
0.10698437690734863
0.09004497528076172
0.07579755783081055
0.06142258644104004
0.04706907272338867
0.041954994201660156
0.11563777923583984
0.08931398391723633
0.07968759536743164
0.06537961959838867
0.05031275749206543
0.035645246505737305
0.11975479125976562
0.09090113639831543
0.07669329643249512
0.05449414253234863
0.046433210372924805
0.034650564193725586
0.09148979187011719
0.08277034759521484
0.06872296333312988
0.05782628059387207
0.039700984954833984
0.033510684967041016
0.1006019115447998
0.0962677001953125
0.07819008827209473
0.059836387634277344
0.045159339904785156
0.030168771743774414
0.10297131538391113
0.09014058113098145
0.0757594108581543
0.06481528282165527
0.04675626754760742
0.031494140625
0.10890364646911621
0.08298969268798828
0.07022833824157715
0.06497621536254883
0.0512995719909668
0.032837867736816406
0.10364770889282227
0.09494996070861816
0.08090829849243164
0.0665280818939209
0.051692962646484375
0.03415489196777344
0.11767911911010742
0.09675455093383789
0.08272123336791992
0.0685732364654541
0.03521895408630371
0.1205136775970459
0.09704804420471191
0.08299088478088379
0.06851863861083984
0.062464237213134766
0.045416831970214844
0.033385276794433594
0.09868049621582031
0.09834122657775879
0.08451128005981445
0.07090425491333008
0.0567777156829834
0.03689002990722656
0.0948646068572998
0.08389067649841309
0.08073544502258301
0.06651091575622559
0.052259206771850586
0.03759765625
0.11251306533813477
0.0866248607635498
0.0724635124206543
0.07323336601257324
0.05811476707458496
0.04399275779724121
0.02906036376953125
0.10827827453613281
0.09178495407104492
0.07850003242492676
0.06426668167114258
0.06000971794128418
0.04839277267456055
0.035797119140625
0.09175634384155273
0.07771515846252441
0.06542491912841797
0.056646108627319336
0.04136800765991211
0.038445472717285156
0.10482358932495117
0.0994865894317627
0.08521294593811035
0.07097649574279785
0.05684065818786621
0.04422116279602051
0.028722763061523438
0.10121512413024902
0.09557151794433594
0.08132600784301758
0.05222797393798828
0.037735700607299805
0.11514782905578613
0.09003281593322754
0.07592535018920898
0.061412811279296875
0.04770684242248535
0.03827404975891113
0.023470640182495117
0.10429883003234863
0.0863656997680664
0.0710136890411377
0.05419445037841797
0.038837432861328125
0.025726318359375
0.1059715747833252
0.08717799186706543
0.07906198501586914
0.06120634078979492
0.047542572021484375
0.03305220603942871
0.11137938499450684
0.08451199531555176
0.07078886032104492
0.05961108207702637
0.04999136924743652
0.03215932846069336
0.10841035842895508
0.08997964859008789
0.09416627883911133
0.08210611343383789
0.0644538402557373
0.05049920082092285
0.09430193901062012
0.07931876182556152
0.06998014450073242
0.05876803398132324
0.04401540756225586
0.029115676879882812
0.11239433288574219
0.08863186836242676
0.07410764694213867
0.07558560371398926
0.06071114540100098
0.04651498794555664
0.031682491302490234
0.11230087280273438
0.09844756126403809
0.08393526077270508
0.07031536102294922
0.056356191635131836
0.04206538200378418
0.10899782180786133
0.0864710807800293
0.07132172584533691
0.0732877254486084
0.05930948257446289
0.04527783393859863
0.10656094551086426
0.08786678314208984
0.08339333534240723
0.07204294204711914
0.05770373344421387
0.039336442947387695
0.10706448554992676
0.09270644187927246
0.08391523361206055
0.07028841972351074
0.05515742301940918
0.04089808464050293
0.10863757133483887
0.08652448654174805
0.07166242599487305
0.06093645095825195
0.05019235610961914
0.03881669044494629
0.1062169075012207
0.08487200736999512
0.07060384750366211
0.05598616600036621
0.045355796813964844
0.032030344009399414
0.11686062812805176
0.10757112503051758
0.09256720542907715
0.07763242721557617
0.06271505355834961
0.04871845245361328
0.10968613624572754
0.08924126625061035
0.0745079517364502
0.05961942672729492
0.04201102256774902
0.028112173080444336
0.0960996150970459
0.08169794082641602
0.06719040870666504
0.057672977447509766
0.04640507698059082
0.03283429145812988
0.10657835006713867
0.10077428817749023
0.08732724189758301
0.06962013244628906
0.05515408515930176
0.03737235069274902
0.09411001205444336
0.07987689971923828
0.06783080101013184
0.059090375900268555
0.0574948787689209
0.0427708625793457
0.11431336402893066
0.09326314926147461
0.07874011993408203
0.06446194648742676
0.050477027893066406
0.032946109771728516
0.10925722122192383
0.1005852222442627
0.08564090728759766
0.07129359245300293
0.056333303451538086
0.04364657402038574
0.03154635429382324
0.09227371215820312
0.09174203872680664
0.07434558868408203
0.05960583686828613
0.030035972595214844
0.10438156127929688
0.10072541236877441
0.08629989624023438
0.07180261611938477
0.05735635757446289
0.03616952896118164
0.10649752616882324
0.08707332611083984
0.07860946655273438
0.06412291526794434
0.049248456954956055
0.03502917289733887
0.02051854133605957
0.08991503715515137
0.07805395126342773
0.06878137588500977
0.05434274673461914
0.04438972473144531
0.029096603393554688
0.11022329330444336
0.09866213798522949
0.08354711532592773
0.0692911148071289
0.05488276481628418
0.04060029983520508
0.10834121704101562
0.10357546806335449
0.08893728256225586
0.07453107833862305
0.060240983963012695
0.04263186454772949
0.024491310119628906
0.10067272186279297
0.08531308174133301
0.07451701164245605
0.06011795997619629
0.045177459716796875
0.03680896759033203
0.11369776725769043
0.08552765846252441
0.0731041431427002
0.06027388572692871
0.05085325241088867
0.044042110443115234
0.11328744888305664
0.09886360168457031
0.09388518333435059
0.08696293830871582
0.07298779487609863
0.05918598175048828
0.04413342475891113
0.11330008506774902
0.10017728805541992
0.08597302436828613
0.0682213306427002
0.054102182388305664
0.03945517539978027
0.02515721321105957
0.0994727611541748
0.08154177665710449
0.0766000747680664
0.05830097198486328
0.044007062911987305
0.029989004135131836
0.10819530487060547
0.09595227241516113
0.08195757865905762
0.0679616928100586
0.05350637435913086
0.039446115493774414
0.024819612503051758
0.09185409545898438
0.08115863800048828
0.07541918754577637
0.06109046936035156
0.04682660102844238
0.0333554744720459
0.10132098197937012
0.0946798324584961
0.09371781349182129
0.08086037635803223
0.06677484512329102
0.05183720588684082
0.038277626037597656
0.11444616317749023
0.0955057144165039
0.08240103721618652
0.0685887336730957
0.05063939094543457
0.036283254623413086
0.0943760871887207
0.0803072452545166
0.08132314682006836
0.0661153793334961
0.05101823806762695
0.03588533401489258
0.09140276908874512
0.07963323593139648
0.06804633140563965
0.05408334732055664
0.039647817611694336
0.022785663604736328
0.10367870330810547
0.08963823318481445
0.07531046867370605
0.06032133102416992
0.04352402687072754
0.028263092041015625
0.11999177932739258
0.10089826583862305
0.08745980262756348
0.07307720184326172
0.0556797981262207
0.041077613830566406
0.11526036262512207
0.09731769561767578
0.08621978759765625
0.07195520401000977
0.0342411994934082
0.027445316314697266
0.10131549835205078
0.09621953964233398
0.08220934867858887
0.0648963451385498
0.051116943359375
0.036170005798339844
0.12904953956604004
0.11647248268127441
0.10193419456481934
0.0877842903137207
0.0738823413848877
0.048659324645996094
0.03419303894042969
0.09967470169067383
0.0849463939666748
0.0728907585144043
0.07088541984558105
0.05663347244262695
0.04142165184020996
0.1269972324371338
0.10164403915405273
0.08613109588623047
0.07195544242858887
0.058099985122680664
0.04313254356384277
0.10918903350830078
0.10187530517578125
0.08776545524597168
0.07347416877746582
0.05863046646118164
0.04629802703857422
0.039499521255493164
0.10499167442321777
0.08370542526245117
0.0807342529296875
0.06643247604370117
0.051915884017944336
0.03685402870178223
0.10957479476928711
0.08429336547851562
0.09101080894470215
0.08347797393798828
0.06877946853637695
0.05481886863708496
0.0408015251159668
0.09512829780578613
0.08344745635986328
0.06943845748901367
0.05481290817260742
0.04098153114318848
0.027215957641601562
0.09701681137084961
0.0782020092010498
0.07647371292114258
0.06215977668762207
0.04804182052612305
0.0333559513092041
0.1043863296508789
0.10375547409057617
0.09062743186950684
0.07615137100219727
0.06187272071838379
0.04735994338989258
0.03301048278808594
0.10018706321716309
0.09358477592468262
0.07961606979370117
0.06494998931884766
0.050363779067993164
0.04467463493347168
0.10968995094299316
0.0807797908782959
0.07247567176818848
0.06742072105407715
0.052111148834228516
0.03392601013183594
0.1127321720123291
0.08830118179321289
0.09154415130615234
0.0770258903503418
0.05992603302001953
0.04504871368408203
0.10672688484191895
0.09183931350708008
0.07744503021240234
0.06369709968566895
0.04979848861694336
0.04994392395019531
0.03720498085021973
0.11043548583984375
0.09050679206848145
0.07654809951782227
0.08378458023071289
0.06895565986633301
0.05403590202331543
0.10549449920654297
0.08807969093322754
0.06933808326721191
0.05140972137451172
0.03782224655151367
0.023715496063232422
0.10202193260192871
0.08307290077209473
0.0679922103881836
0.05404305458068848
0.04230618476867676
0.03791522979736328
0.10775399208068848
0.1007847785949707
0.0836334228515625
0.08219528198242188
0.06482481956481934
0.0436701774597168
0.12759017944335938
0.10128617286682129
0.08618974685668945
0.07141804695129395
0.05722784996032715
0.03968977928161621
0.109588623046875
0.09344649314880371
0.07854366302490234
0.0643160343170166
0.05034661293029785
0.031417131423950195
0.09325838088989258
0.09339690208435059
0.07872939109802246
0.06439781188964844
0.049807071685791016
0.03523087501525879
0.1033775806427002
0.08785080909729004
0.07599830627441406
0.0619814395904541
0.04776716232299805
0.11404132843017578
0.0971372127532959
0.08220911026000977
0.06809020042419434
0.0556330680847168
0.049289703369140625
0.03668856620788574
0.10272216796875
0.08449864387512207
0.07847094535827637
0.06448149681091309
0.05084490776062012
0.032900333404541016
0.10979700088500977
0.10043001174926758
0.08243465423583984
0.06881237030029297
0.05397391319274902
0.03326678276062012
0.10552144050598145
0.08359050750732422
0.07124805450439453
0.05934453010559082
0.04907107353210449
0.04930305480957031
0.03642439842224121
0.09880471229553223
0.10289287567138672
0.0891578197479248
0.07489681243896484
0.05993056297302246
0.04553532600402832
0.03169536590576172
0.09729361534118652
0.09055018424987793
0.07561922073364258
0.06142544746398926
0.04727816581726074
0.032843828201293945
0.11039853096008301
0.08653998374938965
0.08075642585754395
0.06592774391174316
0.051581621170043945
0.03655219078063965
0.02388906478881836
0.10902953147888184
0.08810806274414062
0.07301831245422363
0.06268715858459473
0.04810762405395508
0.034156084060668945
0.11773371696472168
0.09887433052062988
0.0625619888305664
0.04786801338195801
0.0308225154876709
0.12629318237304688
0.10997390747070312
0.0960078239440918
0.07775473594665527
0.06281518936157227
0.04857015609741211
0.10804152488708496
0.08545207977294922
0.07134819030761719
0.05725693702697754
0.04212784767150879
0.028319835662841797
0.10798501968383789
0.08670568466186523
0.07701516151428223
0.06669473648071289
0.04536604881286621
0.031085729598999023
0.10697531700134277
0.09435200691223145
0.08552408218383789
0.07143664360046387
0.05699968338012695
0.042304277420043945
0.027019500732421875
0.09584426879882812
0.08448553085327148
0.07373332977294922
0.05977344512939453
0.0457611083984375
0.04141378402709961
0.029241323471069336
0.09258437156677246
0.07813906669616699
0.06579709053039551
0.053751468658447266
0.0503389835357666
0.036086082458496094
0.1098332405090332
0.0883934497833252
0.08977222442626953
0.07549357414245605
0.0610506534576416
0.044020652770996094
0.03043842315673828
0.09203004837036133
0.08892655372619629
0.07388615608215332
0.05941581726074219
0.04565620422363281
0.03148293495178223
0.11211609840393066
0.09019851684570312
0.07570028305053711
0.06140756607055664
0.047095298767089844
0.034555912017822266
0.024417638778686523
0.10949230194091797
0.0992281436920166
0.08590435981750488
0.07146692276000977
0.058022260665893555
0.0403592586517334
0.11009621620178223
0.10223746299743652
0.0881192684173584
0.07007288932800293
0.05555152893066406
0.038073062896728516
0.02355170249938965
0.10865449905395508
0.0942375659942627
0.07921171188354492
0.06547951698303223
0.051201820373535156
0.03334784507751465
0.10802054405212402
0.08809995651245117
0.07456851005554199
0.05510902404785156
0.044864654541015625
0.030524253845214844
0.11281800270080566
0.09389805793762207
0.08800911903381348
0.07700204849243164
0.06254696846008301
0.04832172393798828
0.033739566802978516
0.0895237922668457
0.07672262191772461
0.06726908683776855
0.06371450424194336
0.049338579177856445
0.03466534614562988
0.11942410469055176
0.09921383857727051
0.08474540710449219
0.0704960823059082
0.05607867240905762
0.04192638397216797
0.11194300651550293
0.08722925186157227
0.07640457153320312
0.06545877456665039
0.05042290687561035
0.03627729415893555
0.0217435359954834
0.0923917293548584
0.07871317863464355
0.06660056114196777
0.057244062423706055
0.048920631408691406
0.03383040428161621
0.11114645004272461
0.09278607368469238
0.07796239852905273
0.06358504295349121
0.05673980712890625
0.042557477951049805
0.11146354675292969
0.09650421142578125
0.09525394439697266
0.08043384552001953
0.06652665138244629
0.05229592323303223
0.03842282295227051
0.024306058883666992
0.09861445426940918
0.07869243621826172
0.06182551383972168
0.060555219650268555
0.06236100196838379
0.04886174201965332
0.10163617134094238
0.10393571853637695
0.09002494812011719
0.07605361938476562
0.060146331787109375
0.048189401626586914
0.0342106819152832
0.09672164916992188
0.09512114524841309
0.08020782470703125
0.06532478332519531
0.04918956756591797
0.03435778617858887
0.10738801956176758
0.08261561393737793
0.08479475975036621
0.07022285461425781
0.05604386329650879
0.041726112365722656
0.027230501174926758
0.09184908866882324
0.0777578353881836
0.07834982872009277
0.06494474411010742
0.05706620216369629
0.03935432434082031
0.1061697006225586
0.09712529182434082
0.0852968692779541
0.07117724418640137
0.05612778663635254
0.0417172908782959
0.1258533000946045
0.11173272132873535
0.09715867042541504
0.09719538688659668
0.06790685653686523
0.05424642562866211
0.14062833786010742
0.10395216941833496
0.08514571189880371
0.07089042663574219
0.05528879165649414
0.04077959060668945
0.10097622871398926
0.08770322799682617
0.07355451583862305
0.059162139892578125
0.04484438896179199
0.03182053565979004
0.10832333564758301
0.09331703186035156
0.0905153751373291
0.07619619369506836
0.06199145317077637
0.0468897819519043
0.03219413757324219
0.10833597183227539
0.08150529861450195
0.07251572608947754
0.051067352294921875
0.0362401008605957
0.029674530029296875
0.09790158271789551
0.08330368995666504
0.07113122940063477
0.06169772148132324
0.04752206802368164
0.036695241928100586
0.027144670486450195
0.09193611145019531
0.08100771903991699
0.06614375114440918
0.06472039222717285
0.050722360610961914
0.03586125373840332
0.10754942893981934
0.08440613746643066
0.07827448844909668
0.0635826587677002
0.04942440986633301
0.03530454635620117
0.026209115982055664
0.09842467308044434
0.0868387222290039
0.06944990158081055
0.05573868751525879
0.044698238372802734
0.03014993667602539
0.12036371231079102
0.09739804267883301
0.0821833610534668
0.0642397403717041
0.043569326400756836
0.028676509857177734
0.10167336463928223
0.09293150901794434
0.07863163948059082
0.06462359428405762
0.0496068000793457
0.03524065017700195
0.020665645599365234
0.10490655899047852
0.09433102607727051
0.0797719955444336
0.06548690795898438
0.05085945129394531
0.03595137596130371
0.11089491844177246
0.09389090538024902
0.0850980281829834
0.06739664077758789
0.049199819564819336
0.03661060333251953
0.12404394149780273
0.09947872161865234
0.08069610595703125
0.06598687171936035
0.05150198936462402
0.037346601486206055
0.10748958587646484
0.10966014862060547
0.09317660331726074
0.07802605628967285
0.0643777847290039
0.05017423629760742
0.11498308181762695
0.10069775581359863
0.0865778923034668
0.07317972183227539
0.05537581443786621
0.04491019248962402
0.02984762191772461
0.0997321605682373
0.09616589546203613
0.08122920989990234
0.0674893856048584
0.050336599349975586
0.032590627670288086
0.10666131973266602
0.08305120468139648
0.07990789413452148
0.07468843460083008
0.06044721603393555
0.04521775245666504
0.030603647232055664
0.08953237533569336
0.0819096565246582
0.07204031944274902
0.05984067916870117
0.045175790786743164
0.031282663345336914
0.10087370872497559
0.08286380767822266
0.07417178153991699
0.06007838249206543
0.04371929168701172
0.02958393096923828
0.106475830078125
0.08397126197814941
0.07817482948303223
0.06377553939819336
0.04930925369262695
0.03487443923950195
0.021836519241333008
0.08933663368225098
0.07756710052490234
0.06495022773742676
0.06772541999816895
0.05257010459899902
0.03843355178833008
0.1181344985961914
0.10639643669128418
0.09230804443359375
0.07794785499572754
0.05915641784667969
0.044075727462768555
0.11880373954772949
0.0937192440032959
0.07724165916442871
0.06221127510070801
0.04736328125
0.029421091079711914
0.10675573348999023
0.08632683753967285
0.07173871994018555
0.0492863655090332
0.03623032569885254
0.0312197208404541
0.1068873405456543
0.08589363098144531
0.08649921417236328
0.07195544242858887
0.05733442306518555
0.043047189712524414
0.02938103675842285
0.08202791213989258
0.07517790794372559
0.061032772064208984
0.04634237289428711
0.03171253204345703
0.11237931251525879
0.09882259368896484
0.09070158004760742
0.07606673240661621
0.06010723114013672
0.04553413391113281
0.03152132034301758
0.10108423233032227
0.08469343185424805
0.07411026954650879
0.05931282043457031
0.045128822326660156
0.04634404182434082
0.1177060604095459
0.09800839424133301
0.08347964286804199
0.06811738014221191
0.05345630645751953
0.039494991302490234
0.026958465576171875
0.10364556312561035
0.08205270767211914
0.08386349678039551
0.06957435607910156
0.05524015426635742
0.04106616973876953
0.0263216495513916
0.09210538864135742
0.07785272598266602
0.07483363151550293
0.060425758361816406
0.046311378479003906
0.028673171997070312
0.10567164421081543
0.10593676567077637
0.09155535697937012
0.07649540901184082
0.0615234375
0.04722476005554199
0.03290915489196777
0.0896458625793457
0.07777166366577148
0.0659017562866211
0.056841373443603516
0.05007052421569824
0.027741670608520508
0.1000967025756836
0.08308839797973633
0.07100701332092285
0.07054400444030762
0.05660533905029297
0.04185962677001953
0.027834653854370117
0.11670088768005371
0.09877252578735352
0.08441925048828125
0.0694875717163086
0.054361820220947266
0.026155710220336914
0.09754109382629395
0.08684039115905762
0.07261180877685547
0.058419227600097656
0.04958033561706543
0.04506254196166992
0.03383588790893555
0.0950922966003418
0.09304547309875488
0.07862997055053711
0.06468415260314941
0.059564828872680664
0.04456686973571777
0.10467886924743652
0.10556387901306152
0.09172534942626953
0.07744836807250977
0.06336832046508789
0.04838228225708008
0.10808181762695312
0.09159612655639648
0.08033514022827148
0.0665438175201416
0.03647804260253906
0.10602736473083496
0.07956123352050781
0.07743215560913086
0.06327128410339355
0.05134987831115723
0.036273956298828125
0.10881614685058594
0.08563113212585449
0.07381939888000488
0.05993461608886719
0.04551887512207031
0.03140401840209961
0.02667379379272461
0.0951685905456543
0.07781291007995605
0.06367158889770508
0.05274701118469238
0.044554948806762695
0.03127646446228027
0.09764981269836426
0.08339452743530273
0.06903457641601562
0.06415009498596191
0.05158209800720215
0.041127920150756836
0.10699963569641113
0.08665657043457031
0.07218766212463379
0.05785942077636719
0.055463552474975586
0.04341530799865723
0.1054387092590332
0.08716583251953125
0.08292341232299805
0.0746762752532959
0.06035900115966797
0.04542350769042969
0.03098607063293457
0.0898895263671875
0.07816529273986816
0.06912112236022949
0.05400347709655762
0.04647350311279297
0.03426003456115723
0.10502004623413086
0.08651113510131836
0.07156705856323242
0.05767107009887695
0.04842853546142578
0.04400897026062012
0.02941298484802246
0.09171152114868164
0.07785701751708984
0.07738447189331055
0.06584024429321289
0.05090594291687012
0.029761791229248047
0.10160422325134277
0.08811783790588379
0.08077192306518555
0.06560754776000977
0.050922393798828125
0.03608083724975586
0.024629592895507812
0.10794472694396973
0.09101128578186035
0.07678842544555664
0.06604409217834473
0.05550980567932129
0.043535470962524414
0.03063201904296875
0.09009695053100586
0.07834291458129883
0.07280683517456055
0.06552338600158691
0.052374839782714844
0.03901553153991699
0.10952353477478027
0.08755159378051758
0.07631421089172363
0.07205057144165039
0.05779719352722168
0.0408475399017334
0.1079103946685791
0.08951377868652344
0.07729363441467285
0.06278324127197266
0.0518341064453125
0.0373995304107666
0.023204326629638672
0.0894632339477539
0.09373807907104492
0.07930231094360352
0.06185793876647949
0.04740548133850098
0.03300786018371582
0.10123014450073242
0.0863955020904541
0.04158163070678711
0.027683734893798828
0.1085045337677002
0.0872645378112793
0.07050704956054688
0.05779147148132324
0.04321455955505371
0.025373458862304688
0.10372686386108398
0.0911414623260498
0.09109878540039062
0.07776331901550293
0.06315493583679199
0.04857373237609863
0.03403615951538086
0.0920417308807373
0.07717585563659668
0.07693362236022949
0.062180519104003906
0.0471501350402832
0.03305411338806152
0.10419178009033203
0.08388376235961914
0.07569169998168945
0.06121015548706055
0.056084394454956055
0.041617631912231445
0.11252307891845703
0.08229422569274902
0.0702817440032959
0.05823183059692383
0.054296255111694336
0.04303693771362305
0.10880470275878906
0.09682559967041016
0.0945897102355957
0.08017730712890625
0.0657343864440918
0.05151104927062988
0.033904075622558594
0.10766267776489258
0.08916711807250977
0.07691621780395508
0.08015012741088867
0.06596231460571289
0.05150127410888672
0.03006291389465332
0.0988779067993164
0.0848989486694336
0.0708169937133789
0.05679774284362793
0.04589033126831055
0.037506818771362305
0.10934591293334961
0.09041881561279297
0.07616043090820312
0.06113934516906738
0.0469508171081543
0.03670096397399902
0.02242732048034668
0.09871530532836914
0.08172869682312012
0.07232475280761719
0.057492971420288086
0.054468393325805664
0.0430455207824707
0.1113126277923584
0.09398460388183594
0.08215904235839844
0.06962037086486816
0.05691099166870117
0.04817771911621094
0.03664255142211914
0.11117053031921387
0.1021108627319336
0.09459757804870605
0.08025002479553223
0.06540966033935547
0.051223039627075195
0.03410959243774414
0.10125374794006348
0.08727908134460449
0.07596254348754883
0.06249737739562988
0.048764944076538086
0.034833669662475586
0.09713315963745117
0.08227658271789551
0.06892251968383789
0.060579538345336914
0.04244494438171387
0.02753925323486328
0.0993952751159668
0.08382940292358398
0.07470941543579102
0.06704902648925781
0.05034780502319336
0.039003849029541016
0.10217404365539551
0.0878899097442627
0.07074332237243652
0.06161046028137207
0.04399752616882324
0.034314870834350586
0.11087918281555176
0.09221696853637695
0.09000205993652344
0.07267427444458008
0.05745649337768555
0.039825439453125
0.025813817977905273
0.10128498077392578
0.08791184425354004
0.0737450122833252
0.058440446853637695
0.044267892837524414
0.03165769577026367
0.031139612197875977
0.09544992446899414
0.08488655090332031
0.07642221450805664
0.06150031089782715
0.04843735694885254
0.03422117233276367
0.10165572166442871
0.09025979042053223
0.08331608772277832
0.06880569458007812
0.05472373962402344
0.04053807258605957
0.02602672576904297
0.09279775619506836
0.0813286304473877
0.06960940361022949
0.05480790138244629
0.03913283348083496
0.025251150131225586
0.0908348560333252
0.09232378005981445
0.07799506187438965
0.06352019309997559
0.04928135871887207
0.031841278076171875
0.08209848403930664
0.06954455375671387
0.06063199043273926
0.044344425201416016
0.030020713806152344
0.10635972023010254
0.09672260284423828
0.08271622657775879
0.06884026527404785
0.05476999282836914
0.040549278259277344
0.03770136833190918
0.09203004837036133
0.07858490943908691
0.06380510330200195
0.046273231506347656
0.034262895584106445
0.03249645233154297
0.10166549682617188
0.08267784118652344
0.06925296783447266
0.05693769454956055
0.05699753761291504
0.02890181541442871
0.09129691123962402
0.08359932899475098
0.07264304161071777
0.05858802795410156
0.0439300537109375
0.03658866882324219
0.09758782386779785
0.08266639709472656
0.06773495674133301
0.04991888999938965
0.05083823204040527
0.03702497482299805
0.10436868667602539
0.08703804016113281
0.07253408432006836
0.07225155830383301
0.054761648178100586
0.04036855697631836
0.11089658737182617
0.09735655784606934
0.08315730094909668
0.07236433029174805
0.05746579170227051
0.043424367904663086
0.02901935577392578
0.09183883666992188
0.07736897468566895
0.06820011138916016
0.053824424743652344
0.039286136627197266
0.026876449584960938
0.10527324676513672
0.08395719528198242
0.08462023735046387
0.07025766372680664
0.05556678771972656
0.04113197326660156
0.02594470977783203
0.092315673828125
0.07829618453979492
0.07760953903198242
0.0631723403930664
0.04889345169067383
0.03360581398010254
0.10549211502075195
0.09010863304138184
0.07535529136657715
0.06096076965332031
0.04659891128540039
0.03619718551635742
0.020885467529296875
0.10539078712463379
0.09273600578308105
0.07790923118591309
0.062436819076538086
0.04745173454284668
0.04885292053222656
0.1170356273651123
0.09005618095397949
0.0745859146118164
0.0598452091217041
0.045218706130981445
0.043950796127319336
0.12093901634216309
0.10329842567443848
0.08819580078125
0.07352566719055176
0.06794977188110352
0.05285835266113281
0.03358173370361328
0.09175372123718262
0.07680130004882812
0.06754088401794434
0.05289626121520996
0.027503490447998047
0.11060523986816406
0.08987832069396973
0.07547283172607422
0.06770515441894531
0.053995370864868164
0.038771867752075195
0.024533987045288086
0.09248471260070801
0.08489775657653809
0.07067155838012695
0.05626320838928223
0.04219198226928711
0.029073238372802734
0.10649251937866211
0.08353567123413086
0.07071161270141602
0.06155729293823242
0.050665855407714844
0.03603553771972656
0.02213001251220703
0.09563851356506348
0.08145666122436523
0.06677651405334473
0.05244159698486328
0.030934572219848633
0.023014068603515625
0.09422779083251953
0.08006811141967773
0.0675058364868164
0.06189417839050293
0.047475576400756836
0.029784202575683594
0.09414553642272949
0.08017730712890625
0.07442975044250488
0.05942273139953613
0.04546976089477539
0.032006263732910156
0.11062407493591309
0.08713579177856445
0.07688188552856445
0.06240272521972656
0.04798269271850586
0.03372502326965332
0.021211862564086914
0.09694099426269531
0.09036064147949219
0.07669639587402344
0.06672072410583496
0.05202627182006836
0.03467559814453125
0.10242319107055664
0.10035514831542969
0.08670210838317871
0.0652918815612793
0.050844430923461914
0.03655076026916504
0.11370730400085449
0.09006881713867188
0.0758659839630127
0.0699772834777832
0.055856943130493164
0.04132556915283203
0.026694059371948242
0.09570431709289551
0.09252595901489258
0.07813405990600586
0.06346893310546875
0.04889321327209473
0.03446602821350098
0.10523366928100586
0.08283662796020508
0.0825357437133789
0.06727194786071777
0.05297231674194336
0.0384974479675293
0.02375650405883789
0.09509825706481934
0.08109450340270996
0.06670832633972168
0.058812856674194336
0.04435920715332031
0.02936577796936035
0.10498976707458496
0.09710049629211426
0.08266758918762207
0.06818246841430664
0.04729771614074707
0.03284120559692383
0.11043477058410645
0.08692097663879395
0.07276391983032227
0.07560062408447266
0.06108236312866211
0.046579837799072266
0.0315546989440918
0.10496139526367188
0.09101724624633789
0.0760495662689209
0.06137275695800781
0.04699587821960449
0.032598018646240234
0.10818004608154297
0.08324742317199707
0.08588671684265137
0.07064580917358398
0.05653214454650879
0.04212379455566406
0.027659177780151367
0.09812068939208984
0.09195423126220703
0.07724714279174805
0.059638023376464844
0.04456138610839844
0.030248641967773438
0.12818384170532227
0.10434436798095703
0.09017562866210938
0.07237482070922852
0.05411934852600098
0.04049253463745117
0.10329771041870117
0.08414435386657715
0.06267404556274414
0.0604550838470459
0.04621386528015137
0.03168773651123047
0.10334610939025879
0.0870656967163086
0.07230257987976074
0.06991291046142578
0.05615353584289551
0.041222333908081055
0.02611517906188965
0.09667658805847168
0.08854794502258301
0.07357954978942871
0.07238316535949707
0.05799460411071777
0.04375648498535156
0.029365062713623047
0.09227538108825684
0.08147573471069336
0.07021927833557129
0.055809974670410156
0.04130434989929199
0.033365726470947266
0.1052548885345459
0.08978486061096191
0.0750265121459961
0.060654401779174805
0.045989990234375
0.032653093338012695
0.025919437408447266
0.09556245803833008
0.08782386779785156
0.0762479305267334
0.06195378303527832
0.04755425453186035
0.03285837173461914
0.10902047157287598
0.0970768928527832
0.08279180526733398
0.06887650489807129
0.05456066131591797
0.03990912437438965
0.025456905364990234
0.10090923309326172
0.07990312576293945
0.07608699798583984
0.06533479690551758
0.0509641170501709
0.03650021553039551
0.10561394691467285
0.08263635635375977
0.08933377265930176
0.07536840438842773
0.06146073341369629
0.047510623931884766
0.0335390567779541
0.1159520149230957
0.09405064582824707
0.07982182502746582
0.06551146507263184
0.051061153411865234
0.03655409812927246
0.1071767807006836
0.09079313278198242
0.08033466339111328
0.0666816234588623
0.04455399513244629
0.043843984603881836
0.029474735260009766
0.09272217750549316
0.07866311073303223
0.07562470436096191
0.06088113784790039
0.04649615287780762
0.031607627868652344
0.10552620887756348
0.08686065673828125
0.08722877502441406
0.0725409984588623
0.058023691177368164
0.04362654685974121
0.028499126434326172
0.10195350646972656
0.08734464645385742
0.07286238670349121
0.05809354782104492
0.043602705001831055
0.028340578079223633
0.11036133766174316
0.0873711109161377
0.0729055404663086
0.06189751625061035
0.058602333068847656
0.04775691032409668
0.03346586227416992
0.09985876083374023
0.08847594261169434
0.07394981384277344
0.05367565155029297
0.03828024864196777
0.027860641479492188
0.10565590858459473
0.08365654945373535
0.07425284385681152
0.06921792030334473
0.05459880828857422
0.04041242599487305
0.02635025978088379
0.09037208557128906
0.09394145011901855
0.0814669132232666
0.06697368621826172
0.051602840423583984
0.036864280700683594
0.10656499862670898
0.08737039566040039
0.07309722900390625
0.0625
0.04809117317199707
0.032730817794799805
0.02325892448425293
0.0991523265838623
0.07811307907104492
0.07933616638183594
0.06490087509155273
0.050263166427612305
0.03590679168701172
0.10599517822265625
0.0836644172668457
0.08357000350952148
0.07434582710266113
0.059838294982910156
0.04540252685546875
0.031084537506103516
0.11665558815002441
0.09911155700683594
0.08421802520751953
0.0699625015258789
0.055513620376586914
0.04104495048522949
0.026801586151123047
0.10164976119995117
0.08571124076843262
0.07097125053405762
0.06314206123352051
0.05090808868408203
0.038059234619140625
0.10839724540710449
0.0957942008972168
0.08154535293579102
0.06719350814819336
0.05305075645446777
0.031317949295043945
0.10686159133911133
0.0835120677947998
0.08290505409240723
0.06840372085571289
0.05408167839050293
0.039711713790893555
0.02455449104309082
0.09277129173278809
0.08209347724914551
0.06760907173156738
0.0529932975769043
0.04674887657165527
0.03768348693847656
0.1211862564086914
0.09662413597106934
0.08206319808959961
0.06782126426696777
0.06008100509643555
0.04746747016906738
0.03329205513000488
0.09209990501403809
0.08145928382873535
0.07698917388916016
0.061792612075805664
0.047441720962524414
0.03320598602294922
0.10730957984924316
0.08368253707885742
