0.09886646270751953
0.08652210235595703
0.0697166919708252
0.05696272850036621
0.044710636138916016
0.05055069923400879
0.10897350311279297
0.08597493171691895
0.07199311256408691
0.0570683479309082
0.04422163963317871
0.03145170211791992
0.12964415550231934
0.1057748794555664
0.09131407737731934
0.07698965072631836
0.06338977813720703
0.049269914627075195
0.03471803665161133
0.0994877815246582
0.08708643913269043
0.08752107620239258
0.07313942909240723
0.05559182167053223
0.041550636291503906
0.11016583442687988
0.08231043815612793
0.07589316368103027
0.05788278579711914
0.04421281814575195
0.02991461753845215
0.11005377769470215
0.0881192684173584
0.07397651672363281
0.060163021087646484
0.047606468200683594
0.03486156463623047
0.11302399635314941
0.0984344482421875
0.08182215690612793
0.06805133819580078
0.05008983612060547
0.036154747009277344
0.10970950126647949
0.09642720222473145
0.08239960670471191
0.06817078590393066
0.05927276611328125
0.04444527626037598
0.1190636157989502
0.07714247703552246
0.06977605819702148
0.055100440979003906
0.04071331024169922
0.028192996978759766
0.09241056442260742
0.08193802833557129
0.07109212875366211
0.05677509307861328
0.042203426361083984
0.032128334045410156
0.10926985740661621
0.08467292785644531
0.07174944877624512
0.06609129905700684
0.05154728889465332
0.03719067573547363
0.022027254104614258
0.0941019058227539
0.08373689651489258
0.0702517032623291
0.055849313735961914
0.04408550262451172
0.028724193572998047
0.09016656875610352
0.0757448673248291
0.06885814666748047
0.05521655082702637
0.04078483581542969
0.02596592903137207
0.0997476577758789
0.0951533317565918
0.08099150657653809
0.06593704223632812
0.051215171813964844
0.03701353073120117
0.02370929718017578
0.09975719451904297
0.07967996597290039
0.07712388038635254
0.06136655807495117
0.11930418014526367
0.11772704124450684
0.1035606861114502
0.0876607894897461
0.07307267189025879
0.05796623229980469
0.04321885108947754
0.11043596267700195
0.08356142044067383
0.08851408958435059
0.07409930229187012
0.059432268142700195
0.041289329528808594
0.11221456527709961
0.08704733848571777
0.07284855842590332
0.058254241943359375
0.0614931583404541
0.0471804141998291
0.03321576118469238
0.0907142162322998
0.09028267860412598
0.07240176200866699
0.054711103439331055
0.043317556381225586
0.031829118728637695
0.09914922714233398
0.0879371166229248
0.08986616134643555
0.07563328742980957
0.0614466667175293
0.04632568359375
0.0321505069732666
0.0991213321685791
0.08119344711303711
0.07442975044250488
0.059262752532958984
0.044240474700927734
0.029628992080688477
0.10589432716369629
0.08398604393005371
0.0675661563873291
0.06444859504699707
0.049349069595336914
0.03433084487915039
0.0916898250579834
0.08248209953308105
0.07865357398986816
0.06427407264709473
0.05000042915344238
0.03479909896850586
0.09538388252258301
0.08082175254821777
0.08244013786315918
0.06834673881530762
0.05321216583251953
0.039023637771606445
0.08527851104736328
0.07047176361083984
0.06887507438659668
0.054795026779174805
0.040308237075805664
0.02676224708557129
0.09964394569396973
0.08409738540649414
0.07892870903015137
0.0643317699432373
0.04611802101135254
0.028533458709716797
0.10189580917358398
0.0865478515625
0.07896566390991211
0.06674504280090332
0.05243873596191406
0.03180646896362305
0.10971903800964355
0.11384844779968262
0.09895467758178711
0.08472561836242676
0.07079863548278809
0.056493520736694336
0.04213547706604004
0.10170793533325195
0.09950995445251465
0.0844125747680664
0.07011866569519043
0.05492258071899414
0.040497541427612305
0.12417960166931152
0.0983273983001709
0.08421540260314941
0.06966209411621094
0.0551609992980957
0.04120993614196777
0.11778855323791504
0.09716916084289551
0.10005545616149902
0.08691239356994629
0.0730428695678711
0.059151649475097656
0.04420924186706543
0.10354065895080566
0.08262395858764648
0.07645559310913086
0.061838388442993164
0.029146432876586914
0.10848140716552734
0.09338760375976562
0.07427978515625
0.06058073043823242
0.03294992446899414
0.030895233154296875
0.09119868278503418
0.07959628105163574
0.06685805320739746
0.055286407470703125
0.04247617721557617
0.042150020599365234
0.11214613914489746
0.10075736045837402
0.09377717971801758
0.07969331741333008
0.06558752059936523
0.05078482627868652
0.03647565841674805
0.1172177791595459
0.09624242782592773
0.07848978042602539
0.060492753982543945
0.044255733489990234
0.02621746063232422
0.09503436088562012
0.0804588794708252
0.0715796947479248
0.05029726028442383
0.0464017391204834
0.03118157386779785
0.10036015510559082
0.08780789375305176
0.06981563568115234
0.0559539794921875
0.04182624816894531
0.029589414596557617
0.11217856407165527
0.0863349437713623
0.0729360580444336
0.07930827140808105
0.0653374195098877
0.04943966865539551
0.11360001564025879
0.08796262741088867
0.0738363265991211
0.0590054988861084
0.045011281967163086
0.03182578086853027
0.11168551445007324
0.08379268646240234
0.0785515308380127
0.07413578033447266
0.06586432456970215
0.05496406555175781
0.12008142471313477
0.08728575706481934
0.07253360748291016
0.06306719779968262
0.04859757423400879
0.0342860221862793
0.08836770057678223
0.07555103302001953
0.07668256759643555
0.06297492980957031
0.040773868560791016
0.027255773544311523
0.10612082481384277
0.0920257568359375
0.07762646675109863
0.06370711326599121
0.04911947250366211
0.03464484214782715
0.1181495189666748
0.10148787498474121
0.08680558204650879
0.07189416885375977
0.05809617042541504
0.04391670227050781
0.02758502960205078
0.09409403800964355
0.0795748233795166
0.06658148765563965
0.05245614051818848
0.042008399963378906
0.02765369415283203
0.11937427520751953
0.1014559268951416
0.0869753360748291
0.07268285751342773
0.058115482330322266
0.040547847747802734
0.13106322288513184
0.11166524887084961
0.09754776954650879
0.08299016952514648
0.06954050064086914
0.055225372314453125
0.12645888328552246
0.08990788459777832
0.06849455833435059
0.053443193435668945
0.0437474250793457
0.05618596076965332
0.12363076210021973
0.11306095123291016
0.09229588508605957
0.0735466480255127
0.0585482120513916
0.04360175132751465
0.0996866226196289
0.08258366584777832
0.06832385063171387
0.053236961364746094
0.048013925552368164
0.11722230911254883
0.09272575378417969
0.07908153533935547
0.06567907333374023
0.06595635414123535
0.04771542549133301
0.11133646965026855
0.08044195175170898
0.07794713973999023
0.04442477226257324
0.1302955150604248
0.11166954040527344
0.10226917266845703
0.08816742897033691
0.07380437850952148
0.05926370620727539
0.0446772575378418
0.1087651252746582
0.09861135482788086
0.0885171890258789
0.0767359733581543
0.06728243827819824
0.06688737869262695
0.05355334281921387
0.11300396919250488
0.0955057144165039
0.0933387279510498
0.07927060127258301
0.04695248603820801
0.03282618522644043
0.10880327224731445
0.0888822078704834
0.07488775253295898
0.06097722053527832
0.046999216079711914
0.03308439254760742
0.02049994468688965
0.10297560691833496
0.08704447746276855
0.06562471389770508
0.051432132720947266
0.05695915222167969
0.04746246337890625
0.08971714973449707
0.07619714736938477
0.06739139556884766
0.05258512496948242
0.03630661964416504
0.0324251651763916
0.10282540321350098
0.08389663696289062
0.09245038032531738
0.08026528358459473
0.06526994705200195
0.05131411552429199
0.037407875061035156
0.10947465896606445
0.08839654922485352
0.07358622550964355
0.0698249340057373
0.05524778366088867
0.04041337966918945
0.1044771671295166
0.08098459243774414
0.07495546340942383
0.07082414627075195
0.0574038028717041
0.04328608512878418
0.11202812194824219
0.09761691093444824
0.08819746971130371
0.08029460906982422
0.06631755828857422
0.056229352951049805
0.04197239875793457
0.027709245681762695
0.09098076820373535
0.08061909675598145
0.06973505020141602
0.05520987510681152
0.04078030586242676
0.023461341857910156
0.09827351570129395
0.08424663543701172
0.0697331428527832
0.05529379844665527
0.04187369346618652
0.03564047813415527
0.11112594604492188
0.09423470497131348
0.06239461898803711
0.04787850379943848
0.03369927406311035
0.13974690437316895
0.11333513259887695
0.09919261932373047
0.08536124229431152
0.07175660133361816
0.05807232856750488
0.0468900203704834
0.1104891300201416
0.09056973457336426
0.07659745216369629
0.062077999114990234
0.047775983810424805
0.03348255157470703
0.03014397621154785
0.09603571891784668
0.08247828483581543
0.07687997817993164
0.05944061279296875
0.045677900314331055
0.030999422073364258
0.12514233589172363
0.10356736183166504
0.08946466445922852
0.06717109680175781
0.05200767517089844
0.03760099411010742
0.10238027572631836
0.08391308784484863
0.06971049308776855
0.061960697174072266
0.0469822883605957
0.03284311294555664
0.11001729965209961
0.10202741622924805
0.08915090560913086
0.07619500160217285
0.061897993087768555
0.04689812660217285
0.03254508972167969
0.10018229484558105
0.08537483215332031
0.0711205005645752
0.052976131439208984
0.0365908145904541
0.02802133560180664
0.1030426025390625
0.08511471748352051
0.07181715965270996
0.06949806213378906
0.06268548965454102
0.04834413528442383
0.033950090408325195
0.1010899543762207
0.08898258209228516
0.07447099685668945
0.060576438903808594
0.04598402976989746
0.02471470832824707
0.10303187370300293
0.08666181564331055
0.08778977394104004
0.06916308403015137
0.05499076843261719
0.040351152420043945
0.10734748840332031
0.1036977767944336
0.0897369384765625
0.07513260841369629
0.061203956604003906
0.047173500061035156
0.03320002555847168
0.09299373626708984
0.08240270614624023
0.06714701652526855
0.052734375
0.044019460678100586
0.030262231826782227
0.11853504180908203
0.10083508491516113
0.08611822128295898
0.07116341590881348
0.05656933784484863
0.04267144203186035
0.11073923110961914
0.08486652374267578
0.08534741401672363
0.07077693939208984
0.054711103439331055
0.03235888481140137
0.10574650764465332
0.08483195304870605
0.07516169548034668
0.06914043426513672
0.05551290512084961
0.04004979133605957
0.11134052276611328
0.10443639755249023
0.10164928436279297
0.08818292617797852
0.07307004928588867
0.05852174758911133
0.04442954063415527
0.11075639724731445
0.08475947380065918
0.08029365539550781
0.05253195762634277
0.030443191528320312
0.10712027549743652
0.0868675708770752
0.09397006034851074
0.0803077220916748
0.06587982177734375
0.051430702209472656
0.03640341758728027
0.10261178016662598
0.09838271141052246
0.08565521240234375
0.07109761238098145
0.05691862106323242
0.042493343353271484
0.11098408699035645
0.09370708465576172
0.09826993942260742
0.08399748802185059
0.06962203979492188
0.05562472343444824
0.041077613830566406
0.11405229568481445
0.09147238731384277
0.07689118385314941
0.06219053268432617
0.04726529121398926
0.04228401184082031
0.027950763702392578
0.10250687599182129
0.08557724952697754
0.07132625579833984
0.05644679069519043
0.05234360694885254
0.04297494888305664
0.11455512046813965
0.0972750186920166
0.08275032043457031
0.06765007972717285
0.062209367752075195
0.0500941276550293
0.03525042533874512
0.10708498954772949
0.08638620376586914
0.07483172416687012
0.05952095985412598
0.04475259780883789
0.04448103904724121
0.030539751052856445
0.09677624702453613
0.08188509941101074
0.07862424850463867
0.06427693367004395
0.05011892318725586
0.03513455390930176
0.10449576377868652
0.08297872543334961
0.08460044860839844
0.07095670700073242
0.05719161033630371
0.044037818908691406
0.10665631294250488
0.09139823913574219
0.07683253288269043
0.0627143383026123
0.054659366607666016
0.046790361404418945
0.11232113838195801
0.08675599098205566
0.07163858413696289
0.06056976318359375
0.042449951171875
0.028170347213745117
0.1158297061920166
0.09153890609741211
0.07708525657653809
0.06272602081298828
0.05466461181640625
0.03529715538024902
0.12740564346313477
0.10342597961425781
0.08939385414123535
0.07485246658325195
0.06027054786682129
0.04600977897644043
0.03248167037963867
0.09721016883850098
0.08170151710510254
0.07384014129638672
0.059565067291259766
0.04243302345275879
0.02849435806274414
0.10393214225769043
0.08685445785522461
0.0761563777923584
0.061395883560180664
0.046942710876464844
0.033077239990234375
0.024649858474731445
0.1056673526763916
0.08870315551757812
0.07456088066101074
0.06038784980773926
0.04539012908935547
0.03511238098144531
0.10758137702941895
0.08295774459838867
0.07430720329284668
0.05987143516540527
0.04544401168823242
0.03866219520568848
0.11887454986572266
0.10831618309020996
0.09383654594421387
0.07931137084960938
0.06441140174865723
0.04995298385620117
0.039019107818603516
0.1107027530670166
0.10298585891723633
0.08605837821960449
0.07240128517150879
0.0625143051147461
0.04841017723083496
0.03422689437866211
0.11205291748046875
0.08214187622070312
0.07727527618408203
0.06229710578918457
0.04849553108215332
0.03397250175476074
0.10985016822814941
0.08706283569335938
0.0813150405883789
0.06330370903015137
0.04895210266113281
0.03441452980041504
0.11320877075195312
0.09338068962097168
0.07964110374450684
0.0777132511138916
0.06497883796691895
0.05109453201293945
0.03681492805480957
0.09010529518127441
0.07813453674316406
0.0695343017578125
0.06417393684387207
0.05057835578918457
0.035837650299072266
0.1071479320526123
0.08374810218811035
0.08811211585998535
0.07562899589538574
0.061414241790771484
0.047672271728515625
0.03354215621948242
0.10579919815063477
0.08756589889526367
0.07643961906433105
0.06218910217285156
0.04773306846618652
0.029960155487060547
0.10170698165893555
0.0856924057006836
0.07018399238586426
0.06714487075805664
0.053931474685668945
0.04045748710632324
0.11233139038085938
0.10332727432250977
0.08838963508605957
0.18830180168151855
0.17154455184936523
0.15733051300048828
0.14382076263427734
0.12938666343688965
0.1142575740814209
0.10004067420959473
0.08563494682312012
0.07132506370544434
0.14223098754882812
0.1313619613647461
0.11766934394836426
0.09563398361206055
0.09159088134765625
0.08316826820373535
0.06873011589050293
0.05436587333679199
0.039572715759277344
0.10307025909423828
0.08810067176818848
0.07434844970703125
0.06035947799682617
0.046506643295288086
0.032296180725097656
0.10711240768432617
0.1833045482635498
0.178969144821167
0.16584205627441406
0.14817142486572266
0.13101863861083984
0.11676406860351562
0.09820747375488281
0.08393192291259766
0.13492059707641602
0.1309187412261963
0.10126614570617676
0.09022212028503418
0.07685637474060059
0.059044837951660156
0.04407930374145508
0.03177523612976074
0.11770868301391602
0.09577226638793945
0.0775902271270752
0.06375670433044434
0.048667192459106445
0.03474783897399902
0.10938644409179688
0.1828479766845703
0.17986154556274414
0.1704576015472412
0.16098356246948242
0.14629888534545898
0.12837505340576172
0.10988378524780273
0.09558320045471191
0.08135557174682617
0.05828523635864258
0.11463665962219238
0.09988594055175781
0.08151698112487793
0.06720829010009766
0.06912565231323242
0.05188751220703125
0.0372166633605957
0.09517884254455566
0.181257963180542
0.17142200469970703
0.1572413444519043
0.14711260795593262
0.1323375701904297
0.132476806640625
0.12487649917602539
0.11052727699279785
0.09614992141723633
0.08326411247253418
0.06857085227966309
0.053502798080444336
0.20897555351257324
0.1797945499420166
0.165818452835083
0.15114307403564453
0.13313817977905273
0.12869763374328613
0.11379575729370117
0.0989830493927002
0.0811622142791748
0.15325593948364258
0.14900469779968262
0.14415550231933594
0.09670090675354004
0.08269429206848145
0.05954909324645996
0.04548192024230957
0.03754830360412598
0.1010279655456543
0.17950081825256348
0.19829320907592773
0.1842799186706543
0.17095375061035156
0.15560245513916016
0.1408388614654541
0.12675762176513672
0.11250734329223633
0.09789490699768066
0.08363556861877441
0.0691828727722168
0.2310810089111328
0.2173006534576416
0.20046305656433105
0.17944693565368652
0.16698217391967773
0.1514430046081543
0.1455073356628418
0.13702821731567383
0.12279963493347168
0.10845208168029785
0.09416556358337402
0.16224193572998047
0.14812278747558594
0.13453149795532227
0.12081289291381836
0.07860994338989258
0.07033348083496094
0.05605363845825195
0.0414886474609375
0.11330270767211914
0.19707632064819336
0.19955205917358398
0.1851811408996582
0.17096161842346191
0.15596914291381836
0.15281128883361816
0.1387772560119629
0.12267279624938965
0.10772109031677246
0.09346580505371094
0.07900166511535645
0.06364202499389648
0.22742581367492676
0.24144911766052246
0.20392847061157227
0.19016265869140625
0.17644619941711426
0.16188549995422363
0.13248348236083984
0.11829733848571777
0.10373258590698242
0.18761062622070312
0.17405247688293457
0.16050243377685547
0.1426234245300293
0.12855815887451172
0.10665082931518555
0.09250879287719727
0.07824182510375977
0.06292939186096191
0.04843020439147949
0.11024904251098633
0.17626571655273438
0.18047022819519043
0.169447660446167
0.16492676734924316
0.14980340003967285
0.1349477767944336
0.12098312377929688
0.10668277740478516
0.09241938591003418
0.07789921760559082
0.22368359565734863
0.21164464950561523
0.1870577335357666
0.1728506088256836
0.1585090160369873
0.14708662033081055
0.13811278343200684
0.133225679397583
0.11928129196166992
0.110992431640625
0.1670544147491455
0.15268349647521973
0.13992857933044434
0.13458752632141113
0.12021565437316895
0.08237576484680176
0.06743264198303223
0.05812692642211914
0.049634456634521484
0.03462052345275879
0.11539649963378906
0.0925607681274414
0.07552719116210938
0.04122304916381836
0.11604714393615723
0.09260368347167969
0.1750032901763916
0.16104936599731445
0.1491410732269287
0.1333763599395752
0.13167905807495117
0.11701059341430664
0.10577392578125
0.08701515197753906
0.15967106819152832
0.1445162296295166
0.1301264762878418
0.11574983596801758
0.09857463836669922
0.08407807350158691
0.0682225227355957
0.04775738716125488
0.03363990783691406
0.11084723472595215
0.08493351936340332
0.0702216625213623
0.05490469932556152
0.040390729904174805
0.04018855094909668
0.1155540943145752
0.0926063060760498
0.07832574844360352
0.06402826309204102
0.04977107048034668
0.03549599647521973
0.11554479598999023
0.0976705551147461
0.08353543281555176
0.06934738159179688
0.06753230094909668
0.052408695220947266
0.037534236907958984
0.10622286796569824
0.08246040344238281
0.0735464096069336
0.058530569076538086
0.048187971115112305
0.03908991813659668
0.11523842811584473
0.09779191017150879
0.08375239372253418
0.08343863487243652
0.06463003158569336
0.0498805046081543
0.035661935806274414
0.09021902084350586
0.08758997917175293
0.06658101081848145
0.0521242618560791
0.03768348693847656
0.023656845092773438
0.0985112190246582
0.08281970024108887
0.07041501998901367
0.061156272888183594
0.05700540542602539
0.04246640205383301
0.028249025344848633
0.0989680290222168
0.08287429809570312
0.08410787582397461
0.06972336769104004
0.05574369430541992
0.04126787185668945
0.11218452453613281
0.09778928756713867
0.08922123908996582
0.09593343734741211
0.08275938034057617
0.06927847862243652
0.05415940284729004
0.03984808921813965
0.10693502426147461
0.09321236610412598
0.07874512672424316
0.06360650062561035
0.04933977127075195
0.03465628623962402
0.09698820114135742
0.07508039474487305
0.0647573471069336
0.05037283897399902
0.03618931770324707
0.023468971252441406
0.10196375846862793
0.08828568458557129
0.07334446907043457
0.05951118469238281
0.05974292755126953
0.04529547691345215
0.11138796806335449
0.08291745185852051
0.0691380500793457
0.06357789039611816
0.049559831619262695
0.03511500358581543
0.10823583602905273
0.0931253433227539
0.09898996353149414
0.08414101600646973
0.06824421882629395
0.053160905838012695
0.03900575637817383
0.10428810119628906
0.09066295623779297
0.07259631156921387
0.05768108367919922
0.03985142707824707
0.12886404991149902
0.10622930526733398
0.09188675880432129
0.07752799987792969
0.0631256103515625
0.048693180084228516
0.03425264358520508
0.10757207870483398
0.0979156494140625
0.08362889289855957
0.06937026977539062
0.05539584159851074
0.04037904739379883
0.0261538028717041
0.10911178588867188
0.09824895858764648
0.083770751953125
0.06895947456359863
0.05449843406677246
0.03977465629577637
0.13023114204406738
0.11216020584106445
0.09896731376647949
0.0846865177154541
0.0671229362487793
0.052397727966308594
0.037987709045410156
0.10181427001953125
0.08334207534790039
0.08466601371765137
0.0673828125
0.04857373237609863
0.03466606140136719
0.09469461441040039
0.07648015022277832
0.06991767883300781
0.0550079345703125
0.041224002838134766
0.026742935180664062
0.10705137252807617
0.0841360092163086
0.06269454956054688
0.04810190200805664
0.030387401580810547
0.11032962799072266
0.09369921684265137
0.07522940635681152
0.06461596488952637
0.050060272216796875
0.035466909408569336
0.10656118392944336
0.08710193634033203
0.07572603225708008
0.060062408447265625
0.045708656311035156
0.04572892189025879
0.032077789306640625
0.09572529792785645
0.08195877075195312
0.07336807250976562
0.058701515197753906
0.04436993598937988
0.029669761657714844
0.11467528343200684
0.09000444412231445
0.07255005836486816
0.05813789367675781
0.040102481842041016
0.031562089920043945
0.11073565483093262
0.08780789375305176
0.08008384704589844
0.0626060962677002
0.048267364501953125
0.034039974212646484
0.1184844970703125
0.10422730445861816
0.08963394165039062
0.07539772987365723
0.06077837944030762
0.04960966110229492
0.041765689849853516
0.1067352294921875
0.08589982986450195
0.07069802284240723
0.05701422691345215
0.049352407455444336
0.03593754768371582
0.10755443572998047
0.08867788314819336
0.07524514198303223
0.06070566177368164
0.045248985290527344
0.033545494079589844
0.1092064380645752
0.09843802452087402
0.08340263366699219
0.06906700134277344
0.05503273010253906
0.040555715560913086
0.02889227867126465
0.09001493453979492
0.08857107162475586
0.07808971405029297
0.06370186805725098
0.04936099052429199
0.034200191497802734
0.12491869926452637
0.1052389144897461
0.09323501586914062
0.08046174049377441
0.06614995002746582
0.04846668243408203
0.11298966407775879
0.08413386344909668
0.07362890243530273
0.06350994110107422
0.04840898513793945
0.03378939628601074
0.1140902042388916
0.1042473316192627
0.1013484001159668
0.09002947807312012
0.07262706756591797
0.05868053436279297
0.04372692108154297
0.12009334564208984
0.09122586250305176
0.07759380340576172
0.05928397178649902
0.04451560974121094
0.02568650245666504
0.09905624389648438
0.08468198776245117
0.07065820693969727
0.05652284622192383
0.05081009864807129
0.036393165588378906
0.022328615188598633
0.09840512275695801
0.09687614440917969
0.0817575454711914
0.05901002883911133
0.04436683654785156
0.11471676826477051
0.08555388450622559
0.07714319229125977
0.05254936218261719
0.04826235771179199
0.033820152282714844
0.1127173900604248
0.08968830108642578
0.07458901405334473
0.05971932411193848
0.04553389549255371
0.031214475631713867
0.10907769203186035
0.0943913459777832
0.08237767219543457
0.07288694381713867
0.05862617492675781
0.050830841064453125
0.041028738021850586
0.11249351501464844
0.09903287887573242
0.09270358085632324
0.07871675491333008
0.06444478034973145
0.049630165100097656
0.03514218330383301
0.10748815536499023
0.09106254577636719
0.07495951652526855
0.0835256576538086
0.06913328170776367
0.05495166778564453
0.04051613807678223
0.10815930366516113
0.08880782127380371
0.07480406761169434
0.06419944763183594
0.04984402656555176
0.03903341293334961
0.11186051368713379
0.09761571884155273
0.08447480201721191
0.07033991813659668
0.055515289306640625
0.040518999099731445
0.11028409004211426
0.08444857597351074
0.07123589515686035
0.07521319389343262
0.0615384578704834
0.0480647087097168
0.03364276885986328
0.10425353050231934
0.08958816528320312
0.0751795768737793
0.06152772903442383
0.04763221740722656
0.03389477729797363
0.11458659172058105
0.0935983657836914
0.07926797866821289
0.07705259323120117
0.058638811111450195
0.0442047119140625
0.030650615692138672
0.0997457504272461
0.08181643486022949
0.07861900329589844
0.062186241149902344
0.04785728454589844
0.03295302391052246
0.09535002708435059
0.07732248306274414
0.07527470588684082
0.056848764419555664
0.043102264404296875
0.028870105743408203
0.09894776344299316
0.08429527282714844
0.07209324836730957
0.06310439109802246
0.049124956130981445
0.03893327713012695
0.024863719940185547
0.10597419738769531
0.0694575309753418
0.05440187454223633
0.03339958190917969
0.11510848999023438
0.0929253101348877
0.07871103286743164
0.06438803672790527
0.051201820373535156
0.05010414123535156
0.03710293769836426
0.10480570793151855
0.08147263526916504
0.08282756805419922
0.06838703155517578
0.05444526672363281
0.05510067939758301
0.1100931167602539
0.0992898941040039
0.08534860610961914
0.07300448417663574
0.06832146644592285
0.05391383171081543
0.03951764106750488
0.11364507675170898
0.08580470085144043
0.08299708366394043
0.06907153129577637
0.055100440979003906
0.04459333419799805
0.031173229217529297
0.09962749481201172
0.08317446708679199
0.08434772491455078
0.06953978538513184
0.054837942123413086
0.03277015686035156
0.10517477989196777
0.08355855941772461
0.08254003524780273
0.06785154342651367
0.04997897148132324
0.03516983985900879
0.11476922035217285
0.09015798568725586
0.07622957229614258
0.06126999855041504
0.057199716567993164
0.0428469181060791
0.030498266220092773
0.10003924369812012
0.09087967872619629
0.08469724655151367
0.07077407836914062
0.05644631385803223
0.04154157638549805
0.11114907264709473
0.0931401252746582
0.07914876937866211
0.06517815589904785
0.04560351371765137
0.03606367111206055
0.021385908126831055
0.09797501564025879
0.08303093910217285
0.08076214790344238
0.06621837615966797
0.0512237548828125
0.03597235679626465
0.11759328842163086
0.09976601600646973
0.08678913116455078
0.07232046127319336
0.05059027671813965
0.039764404296875
0.11385583877563477
0.08915472030639648
0.07490324974060059
0.06352043151855469
0.051439523696899414
0.03701949119567871
0.11087918281555176
0.08806633949279785
0.08163309097290039
0.0669097900390625
0.05234169960021973
0.03760242462158203
0.025280475616455078
0.10201239585876465
0.08491086959838867
0.07743096351623535
0.06356215476989746
0.05410575866699219
0.04024171829223633
0.11121296882629395
0.09439349174499512
0.0924525260925293
0.08267354965209961
0.07291913032531738
0.058731794357299805
0.04519033432006836
0.10916280746459961
0.09657788276672363
0.08793783187866211
0.07672595977783203
0.06516790390014648
0.04795670509338379
0.03437519073486328
0.10793924331665039
0.08510446548461914
0.0713961124420166
0.06066751480102539
0.04298257827758789
0.028740406036376953
0.10357260704040527
0.08449769020080566
0.0656590461730957
0.05350351333618164
0.0534358024597168
0.03919720649719238
0.11181831359863281
0.08790826797485352
0.08242917060852051
0.0721282958984375
0.05695605278015137
0.04188179969787598
0.11003375053405762
0.08193778991699219
0.06888866424560547
0.05615639686584473
0.05402255058288574
0.03609871864318848
0.10449552536010742
0.09088444709777832
0.07987618446350098
0.07317709922790527
0.05863070487976074
0.044664859771728516
0.030249834060668945
0.09617376327514648
0.08499455451965332
0.07069826126098633
0.05632424354553223
0.04618358612060547
0.032117605209350586
0.10803437232971191
0.08441877365112305
0.08535552024841309
0.07026338577270508
0.05556035041809082
0.04093313217163086
0.1132669448852539
0.0945889949798584
0.08217191696166992
0.07790303230285645
0.07109236717224121
0.0585629940032959
0.04480314254760742
0.10736989974975586
0.08828020095825195
0.07710623741149902
0.06242942810058594
0.048157691955566406
0.03391098976135254
0.11566019058227539
0.09166932106018066
0.07752752304077148
0.06352376937866211
0.022303104400634766
0.10625910758972168
0.08960485458374023
0.07516717910766602
0.06077241897583008
0.060041189193725586
0.046103715896606445
0.031728267669677734
0.10341525077819824
0.08638405799865723
0.07191967964172363
0.05668020248413086
0.04402780532836914
0.03987884521484375
0.1086883544921875
0.09970593452453613
0.08564043045043945
0.07125711441040039
0.05657792091369629
0.042797088623046875
0.03821444511413574
0.11514592170715332
0.09661674499511719
0.08196568489074707
0.06669187545776367
0.052312374114990234
0.03793597221374512
0.11279845237731934
0.10101938247680664
0.08619141578674316
0.07254528999328613
0.06378316879272461
0.06080436706542969
0.08327817916870117
0.14405107498168945
0.11292028427124023
0.09518671035766602
0.07464933395385742
0.057550907135009766
0.10016226768493652
0.10146212577819824
0.085968017578125
0.07192182540893555
0.05407595634460449
0.04100227355957031
0.10150766372680664
0.08194613456726074
0.06729006767272949
0.058893680572509766
0.04494309425354004
0.03011298179626465
0.09462857246398926
0.07971596717834473
0.06956815719604492
0.0681602954864502
0.05423092842102051
0.042401790618896484
0.1090688705444336
0.08734250068664551
0.08640217781066895
0.08012795448303223
0.06268548965454102
0.0487360954284668
0.11528611183166504
0.09622788429260254
0.08164811134338379
0.07432174682617188
0.06727266311645508
0.052463531494140625
0.03859972953796387
0.11132669448852539
0.09365534782409668
0.07752370834350586
0.06973910331726074
0.06743597984313965
0.04645276069641113
0.11526679992675781
0.11287546157836914
0.09903550148010254
0.08504867553710938
0.07056832313537598
0.05652332305908203
0.04197430610656738
0.09912800788879395
0.08701539039611816
0.07290410995483398
0.05807137489318848
0.04324197769165039
0.03838205337524414
0.10837626457214355
0.08827900886535645
0.07334208488464355
0.05826830863952637
0.045690059661865234
0.03899693489074707
0.027605533599853516
0.0991830825805664
0.0828545093536377
0.061387062072753906
0.04645204544067383
0.04193282127380371
0.03265976905822754
0.10561394691467285
0.10396409034729004
0.09107422828674316
0.07721209526062012
0.06355929374694824
0.04900717735290527
0.03424835205078125
0.1281423568725586
0.11303997039794922
0.09812259674072266
0.08359837532043457
0.0690157413482666
0.055001258850097656
0.11230754852294922
0.08201313018798828
0.07412385940551758
0.06598663330078125
0.052141666412353516
0.03500938415527344
0.10609054565429688
0.1064295768737793
0.09174513816833496
0.07671737670898438
0.06360459327697754
0.04888606071472168
0.03470873832702637
0.09622764587402344
0.0816049575805664
0.06743478775024414
0.056529998779296875
0.04575395584106445
0.03656888008117676
0.1063530445098877
0.08363080024719238
0.08357858657836914
0.07111883163452148
0.05684971809387207
0.04262566566467285
0.11428666114807129
0.1136474609375
0.09960341453552246
0.08517122268676758
0.07160449028015137
0.057419538497924805
0.04286360740661621
0.11081576347351074
0.08871698379516602
0.07098007202148438
0.0469357967376709
0.03194928169250488
0.11314558982849121
0.11582469940185547
0.10162663459777832
0.08725929260253906
0.07077646255493164
0.056069135665893555
0.041794776916503906
0.10964703559875488
0.09758234024047852
0.08502626419067383
0.08325481414794922
0.07217717170715332
0.05797243118286133
0.04354667663574219
0.10921525955200195
0.10663414001464844
0.09070777893066406
0.07612991333007812
0.05868029594421387
0.04468560218811035
0.03920292854309082
0.10904049873352051
0.08954286575317383
0.08160233497619629
0.06429600715637207
0.0495145320892334
0.03526663780212402
0.11331987380981445
0.08864760398864746
0.07793450355529785
0.05991244316101074
0.04535937309265137
0.031255483627319336
0.10899209976196289
0.09103083610534668
0.07893919944763184
0.07631754875183105
0.06216073036193848
0.04134941101074219
0.026891231536865234
0.09637808799743652
0.09565925598144531
0.08121538162231445
0.06722521781921387
0.05299663543701172
0.03848743438720703
0.10966849327087402
0.08473443984985352
0.0749516487121582
0.060439348220825195
0.05023503303527832
0.035906076431274414
0.021515607833862305
0.09001922607421875
0.08465743064880371
0.07770204544067383
0.06317448616027832
0.049747467041015625
0.03544211387634277
0.10991358757019043
0.0839085578918457
0.08447456359863281
0.07543444633483887
0.06140899658203125
0.04382157325744629
0.11495709419250488
0.10003042221069336
0.08207201957702637
0.06748199462890625
0.05309772491455078
0.03500652313232422
0.02103710174560547
0.09311580657958984
0.091339111328125
0.07868766784667969
0.06384515762329102
0.04961419105529785
0.03168225288391113
0.09201598167419434
0.07938480377197266
0.07061076164245605
0.056085824966430664
0.04151463508605957
0.03203439712524414
0.11269950866699219
0.08783459663391113
0.07033538818359375
0.05683135986328125
0.05182147026062012
0.03744196891784668
0.0958714485168457
0.09874653816223145
0.08478164672851562
0.07085227966308594
0.05691695213317871
0.04292654991149902
0.028623342514038086
0.08827328681945801
0.07899308204650879
0.07499814033508301
0.06391501426696777
0.05319404602050781
0.032875776290893555
0.10548925399780273
0.09065699577331543
0.07644486427307129
0.06631350517272949
0.051787376403808594
0.037780046463012695
0.11017107963562012
0.08870315551757812
0.09000921249389648
0.07688617706298828
0.0632174015045166
0.04900240898132324
0.03475618362426758
0.1001579761505127
0.09341311454772949
0.07915997505187988
0.06493926048278809
0.0507206916809082
0.03233027458190918
0.10639309883117676
0.08744478225708008
0.08222007751464844
0.07535290718078613
0.05575060844421387
0.04167652130126953
0.09989643096923828
0.08945775032043457
0.08046483993530273
0.07387161254882812
0.05896258354187012
0.0446469783782959
0.10959362983703613
0.09342694282531738
0.08455038070678711
0.07201790809631348
0.058008670806884766
0.04320096969604492
0.10927176475524902
0.1034543514251709
0.09254097938537598
0.07853317260742188
0.0642402172088623
0.05363059043884277
0.03870654106140137
0.0235288143157959
0.08761334419250488
0.07532405853271484
0.06325173377990723
0.05425381660461426
0.04990649223327637
0.03793811798095703
0.09495258331298828
0.08087372779846191
0.07474827766418457
0.060289621353149414
0.04575324058532715
0.03131842613220215
0.11104464530944824
0.09284615516662598
0.07877254486083984
0.06437921524047852
0.05020642280578613
0.03574705123901367
0.023869991302490234
0.10326743125915527
0.08335185050964355
0.07356381416320801
0.06597566604614258
0.05102729797363281
0.03759407997131348
0.023133516311645508
0.09694147109985352
0.08551692962646484
0.07131624221801758
0.06756901741027832
0.05080556869506836
0.036576032638549805
0.1196906566619873
0.09668588638305664
0.08219671249389648
0.06824517250061035
0.05420541763305664
0.02370309829711914
0.09743618965148926
0.08241462707519531
0.06767034530639648
0.05289721488952637
0.04057598114013672
0.03328561782836914
0.10371255874633789
0.07971715927124023
0.07845377922058105
0.06453084945678711
0.05036568641662598
0.036342620849609375
0.10509276390075684
0.08797264099121094
0.08878540992736816
0.0753164291381836
0.06120109558105469
0.03889274597167969
0.11551761627197266
0.09406208992004395
0.08284568786621094
0.06856846809387207
0.053665876388549805
0.038890838623046875
0.024108171463012695
0.09534263610839844
0.08525419235229492
0.07105731964111328
0.05696511268615723
0.04735398292541504
0.032915592193603516
0.11653351783752441
0.11459064483642578
0.10066509246826172
0.08578109741210938
0.07153058052062988
0.05636167526245117
0.04168367385864258
0.02772068977355957
0.09782934188842773
0.0792841911315918
0.06730937957763672
0.05526113510131836
0.051439523696899414
0.038690805435180664
0.11106276512145996
0.10156035423278809
0.08672475814819336
0.07261538505554199
0.05812644958496094
0.04068160057067871
0.023186922073364258
0.09438204765319824
0.0866696834564209
0.07753872871398926
0.06747293472290039
0.053284406661987305
0.032124996185302734
0.10384273529052734
0.0829153060913086
0.08025670051574707
0.06871461868286133
0.05396556854248047
0.039476633071899414
0.025305986404418945
0.10202622413635254
0.09592032432556152
0.08135795593261719
0.06615662574768066
0.051918983459472656
0.1072385311126709
0.10219073295593262
0.0890798568725586
0.07425451278686523
0.059383392333984375
0.04483962059020996
0.030703306198120117
0.09035015106201172
0.08118605613708496
0.07709407806396484
0.06278705596923828
0.0488429069519043
0.03440070152282715
0.12028026580810547
0.10010361671447754
0.0825662612915039
0.06792807579040527
0.05272531509399414
0.03840231895446777
0.09226131439208984
0.08016395568847656
0.06777310371398926
0.055255889892578125
0.054534196853637695
0.042533159255981445
0.10763382911682129
0.09582757949829102
0.09670758247375488
0.08447504043579102
0.06970739364624023
0.05587363243103027
0.041944265365600586
0.09176015853881836
0.08071589469909668
0.07042098045349121
0.07077431678771973
0.061528682708740234
0.04812788963317871
0.10854053497314453
0.09734416007995605
0.08039689064025879
0.06530094146728516
0.047738075256347656
0.1167294979095459
0.10276365280151367
0.09496545791625977
0.08086466789245605
0.06886816024780273
0.05421781539916992
0.040651798248291016
0.026846885681152344
0.09960722923278809
0.09436583518981934
0.07989168167114258
0.06497883796691895
0.05104708671569824
0.040610313415527344
0.09187889099121094
0.07649779319763184
0.06652712821960449
0.05068612098693848
0.035685062408447266
0.1121208667755127
0.09286355972290039
0.08080005645751953
0.0839388370513916
0.06995916366577148
0.0570216178894043
0.040476322174072266
0.10424661636352539
0.08264780044555664
0.08064556121826172
0.06559562683105469
0.05345010757446289
0.04130983352661133
0.030942201614379883
0.10666966438293457
0.08927726745605469
0.07504129409790039
0.06084036827087402
0.04590010643005371
0.031914472579956055
0.11603236198425293
0.10146737098693848
0.08653497695922852
0.0718088150024414
0.05968880653381348
0.05866074562072754
0.0437929630279541
0.029273509979248047
0.09906268119812012
0.08012533187866211
0.07082724571228027
0.0574793815612793
0.052643537521362305
0.0366816520690918
0.11767888069152832
0.09281086921691895
0.08912396430969238
0.07520771026611328
0.061246633529663086
0.049344539642333984
0.03540349006652832
0.10524892807006836
0.09494137763977051
0.08095836639404297
0.06572508811950684
0.05173969268798828
0.03993511199951172
0.026795387268066406
0.09277462959289551
0.08371949195861816
0.06883692741394043
0.05147838592529297
0.04456615447998047
0.03215980529785156
0.10914993286132812
0.09022831916809082
0.07533597946166992
0.061870574951171875
0.04767918586730957
0.03324246406555176
0.09563827514648438
0.08481121063232422
0.07470369338989258
0.05680131912231445
0.04181075096130371
0.03087759017944336
0.10553240776062012
0.09450507164001465
0.08272266387939453
0.06876182556152344
0.05455899238586426
0.040447235107421875
0.10911750793457031
0.08310818672180176
0.08253216743469238
0.06819367408752441
0.054080963134765625
0.040520429611206055
0.11557388305664062
0.1122579574584961
0.1011650562286377
0.08594036102294922
0.07155275344848633
0.050760746002197266
0.03713417053222656
0.11118793487548828
0.09797024726867676
0.08292293548583984
0.06877398490905762
0.0540919303894043
0.0397343635559082
0.12253713607788086
0.09494996070861816
0.07636857032775879
0.06233668327331543
0.04866385459899902
0.03414177894592285
0.10873055458068848
0.09325361251831055
0.08109211921691895
0.07539844512939453
0.06971168518066406
0.0551142692565918
0.04179263114929199
0.11738872528076172
0.08913874626159668
0.07487630844116211
0.06034374237060547
0.04544377326965332
0.03184819221496582
0.10798072814941406
0.0880126953125
0.07649755477905273
0.06894469261169434
0.051200151443481445
0.03691887855529785
0.12351799011230469
0.10492730140686035
0.09099459648132324
0.07671785354614258
0.06323480606079102
0.04928779602050781
0.03461194038391113
0.11281085014343262
0.08718633651733398
0.0723876953125
0.05877375602722168
0.046556711196899414
0.03467726707458496
0.1177208423614502
0.10404825210571289
0.08604669570922852
0.07102417945861816
0.07322430610656738
0.058732032775878906
0.04523181915283203
0.11943626403808594
0.09627294540405273
0.08201265335083008
0.06767749786376953
0.05337667465209961
0.1253066062927246
0.11795783042907715
0.10361814498901367
0.08985495567321777
0.07567334175109863
0.060828447341918945
0.04354667663574219
0.1113884449005127
0.09210658073425293
0.09416079521179199
0.0795750617980957
0.06506490707397461
0.05069923400878906
0.03526449203491211
0.08974623680114746
0.07688760757446289
0.05953693389892578
0.056121826171875
0.042546749114990234
0.028467178344726562
0.1033029556274414
0.08893013000488281
0.07480740547180176
0.07223129272460938
0.05824017524719238
0.04402565956115723
0.11163854598999023
0.09773397445678711
0.08516383171081543
0.07595944404602051
0.06200242042541504
0.04815864562988281
0.04181265830993652
0.037477970123291016
0.0971834659576416
0.0845799446105957
0.08312821388244629
0.06814265251159668
0.05322003364562988
0.038123130798339844
0.12490653991699219
0.09956955909729004
0.08460283279418945
0.06965494155883789
0.05471062660217285
0.0367734432220459
0.10925912857055664
0.08832621574401855
0.07409906387329102
0.06012749671936035
0.045217037200927734
0.025754690170288086
0.11577844619750977
0.10687756538391113
0.09333634376525879
0.0732886791229248
0.05877685546875
0.04668021202087402
0.1181633472442627
0.09921431541442871
0.08525443077087402
0.0693211555480957
0.06327629089355469
0.04934549331665039
0.03487968444824219
0.09963250160217285
0.08738517761230469
0.07275176048278809
0.05829477310180664
0.044507503509521484
0.030156612396240234
0.11440539360046387
0.09476351737976074
0.08075761795043945
0.06546449661254883
0.05122947692871094
0.04452228546142578
0.03531193733215332
0.10168743133544922
0.09046483039855957
0.08643031120300293
0.07358336448669434
0.061385154724121094
0.04774165153503418
0.03310680389404297
0.09572958946228027
0.08288383483886719
0.0801239013671875
0.0689544677734375
0.053983449935913086
0.03209280967712402
0.09535598754882812
0.0774374008178711
0.06249833106994629
0.04855656623840332
0.032891273498535156
0.03104257583618164
0.10103178024291992
0.0841057300567627
0.08360624313354492
0.07189130783081055
0.05828738212585449
0.04402971267700195
0.029747486114501953
0.09027552604675293
0.07500767707824707
0.07128453254699707
0.05266618728637695
0.03486275672912598
0.1154632568359375
0.10190081596374512
0.08838248252868652
0.0710141658782959
0.07475948333740234
0.06193399429321289
0.04818248748779297
0.03394126892089844
0.09683728218078613
0.09636068344116211
0.08277010917663574
0.06447148323059082
0.05049777030944824
0.03605151176452637
0.09651827812194824
0.07828617095947266
0.07945418357849121
0.06547045707702637
0.0517728328704834
0.0371251106262207
0.11183881759643555
0.09207367897033691
0.07796311378479004
0.0634765625
0.04954338073730469
0.12005996704101562
0.10631895065307617
0.09238052368164062
0.07991313934326172
0.06470775604248047
0.04454684257507324
0.030524492263793945
0.1035621166229248
0.08217120170593262
0.07524538040161133
0.061014413833618164
0.04609489440917969
0.03168320655822754
0.10576319694519043
0.08626842498779297
0.0862736701965332
0.07146453857421875
0.05723071098327637
0.04237771034240723
0.02829146385192871
0.10010814666748047
0.08705401420593262
0.07616376876831055
0.06219649314880371
0.04720354080200195
0.04845571517944336
0.12840485572814941
0.10053849220275879
0.08698225021362305
0.07194256782531738
0.05701923370361328
0.041985273361206055
0.1086571216583252
0.10105204582214355
0.0802314281463623
0.06617188453674316
0.05221223831176758
0.03921771049499512
0.11515402793884277
0.10035467147827148
0.08645224571228027
0.07219791412353516
0.05797982215881348
0.043032169342041016
0.02704644203186035
0.09233713150024414
0.08899521827697754
0.07394242286682129
0.05926108360290527
0.053251028060913086
0.03919625282287598
0.09530258178710938
0.08076810836791992
0.06724429130554199
0.060936689376831055
0.0490267276763916
0.04001283645629883
0.10816669464111328
0.08914566040039062
0.07406783103942871
0.06041216850280762
0.048534393310546875
0.040329694747924805
0.02561473846435547
0.09785795211791992
0.09482717514038086
0.08388137817382812
0.06949186325073242
0.055140018463134766
0.04068589210510254
0.11039400100708008
0.08420681953430176
0.07374191284179688
0.06260442733764648
0.04827737808227539
0.03348064422607422
0.02404928207397461
0.09437680244445801
0.08311748504638672
0.07380270957946777
0.06013822555541992
0.045861005783081055
0.03097081184387207
0.10527348518371582
0.08434557914733887
0.08259248733520508
0.06227827072143555
0.04784274101257324
0.0334324836730957
0.10760807991027832
0.08881735801696777
0.07776355743408203
0.06276202201843262
0.04801797866821289
0.03686332702636719
0.031207561492919922
0.095489501953125
0.08080482482910156
0.08095431327819824
0.07108807563781738
0.0567777156829834
0.04302048683166504
0.1183023452758789
0.09047865867614746
0.07643914222717285
0.06927704811096191
0.059066057205200195
0.04590773582458496
0.03328967094421387
0.09280538558959961
0.07833623886108398
0.07564496994018555
0.05727887153625488
0.04326319694519043
0.028600454330444336
0.10852837562561035
0.09735107421875
0.08445978164672852
0.0699453353881836
0.055539608001708984
0.04196977615356445
0.10491824150085449
0.10412073135375977
0.09088444709777832
0.07591509819030762
0.061632394790649414
0.046996355056762695
0.03287553787231445
0.0989382266998291
0.08615636825561523
0.0769803524017334
0.06799578666687012
0.055748701095581055
0.04225921630859375
0.11518287658691406
0.08736872673034668
0.07402276992797852
0.06044650077819824
0.05778646469116211
0.04053831100463867
0.1121361255645752
0.1051642894744873
0.09720444679260254
0.07913613319396973
0.06455063819885254
0.05050086975097656
0.03570151329040527
0.10731840133666992
0.08585405349731445
0.07165312767028809
0.0660102367401123
0.0532684326171875
0.04173421859741211
0.12266969680786133
0.09678816795349121
0.08224296569824219
0.06732487678527832
0.04642963409423828
0.03226208686828613
0.09511733055114746
0.08375406265258789
0.07876849174499512
0.06377696990966797
0.04926753044128418
0.034859418869018555
0.11046528816223145
0.08761930465698242
0.08010697364807129
0.0653376579284668
0.05115509033203125
0.03687572479248047
0.0209047794342041
0.09350943565368652
0.07873368263244629
0.06977009773254395
0.05494379997253418
0.05102658271789551
0.037908077239990234
0.10905122756958008
0.08721780776977539
0.07262325286865234
0.05820345878601074
0.045923471450805664
0.03881072998046875
0.11448454856872559
0.08809041976928711
0.07394599914550781
0.05948686599731445
0.05055594444274902
0.0386655330657959
0.11301684379577637
0.0920560359954834
0.08708882331848145
0.07573938369750977
0.061556100845336914
0.047293663024902344
0.11505746841430664
0.0899801254272461
0.07796573638916016
0.06354808807373047
0.04938673973083496
0.035567522048950195
0.021289825439453125
0.09865093231201172
0.08270096778869629
0.06965756416320801
0.05779099464416504
0.0454559326171875
0.03317999839782715
0.026799917221069336
0.09909272193908691
0.08176302909851074
0.06391310691833496
0.04922127723693848
0.03460383415222168
0.02631068229675293
0.09281492233276367
0.08727264404296875
0.06972002983093262
0.05481767654418945
0.04051971435546875
0.030311107635498047
0.09820079803466797
0.08412623405456543
0.06278705596923828
0.04524087905883789
0.03298640251159668
0.11352014541625977
0.10371041297912598
0.0924382209777832
0.07945108413696289
0.06430792808532715
0.04604005813598633
0.1093904972076416
0.10397076606750488
0.08750033378601074
0.07266592979431152
0.06524348258972168
0.05104994773864746
0.03709244728088379
0.12302231788635254
0.10884642601013184
0.09248805046081543
0.07801198959350586
0.06353640556335449
0.04854226112365723
0.03429579734802246
0.11115503311157227
0.10305547714233398
0.08901262283325195
0.07410430908203125
0.05958676338195801
0.10828161239624023
0.08940649032592773
0.07843279838562012
0.0679781436920166
0.05705547332763672
0.04255819320678711
0.024966955184936523
0.09317445755004883
0.09633469581604004
0.08279776573181152
0.06843161582946777
0.053809404373168945
0.03993415832519531
0.10936188697814941
0.08752799034118652
0.07338476181030273
0.0583648681640625
0.05281853675842285
0.04019904136657715
0.11386442184448242
0.11105084419250488
0.09646344184875488
0.08224797248840332
0.06801915168762207
0.04746127128601074
0.0329442024230957
0.10585212707519531
0.08391809463500977
0.07623291015625
0.06516242027282715
0.05122661590576172
0.0372617244720459
0.03636288642883301
0.11587882041931152
0.10103487968444824
0.0870203971862793
0.07279133796691895
0.06295442581176758
0.04870128631591797
0.1073920726776123
0.07968711853027344
0.07467031478881836
0.0638737678527832
0.04938101768493652
0.035395145416259766
0.10940289497375488
0.10797858238220215
0.09404754638671875
0.0795600414276123
0.06535983085632324
0.05091977119445801
0.0372769832611084
0.027984142303466797
0.10067152976989746
0.09581613540649414
0.08292150497436523
0.06921672821044922
0.05496621131896973
0.04078197479248047
0.10528969764709473
0.08389139175415039
0.0747523307800293
0.06730866432189941
0.056110382080078125
0.04301142692565918
0.11954808235168457
0.1073617935180664
0.09306192398071289
0.09665870666503906
0.07882285118103027
0.0637807846069336
0.04584002494812012
0.11139512062072754
0.08468198776245117
0.06985044479370117
0.0690758228302002
0.054923295974731445
0.04100298881530762
0.09831118583679199
0.08533811569213867
0.07039809226989746
0.05587458610534668
0.06242227554321289
0.05170774459838867
0.09520864486694336
0.08561897277832031
0.08796477317810059
0.07268309593200684
0.05831170082092285
0.04341697692871094
0.10423445701599121
0.09163808822631836
0.07659912109375
0.06219291687011719
0.04776453971862793
0.04440593719482422
0.11119556427001953
0.10414576530456543
0.09947800636291504
0.08524703979492188
0.06733942031860352
0.06319856643676758
0.050136566162109375
0.10957670211791992
0.08593153953552246
0.07186412811279297
0.07185482978820801
0.05678200721740723
0.04473996162414551
0.11060976982116699
0.08497381210327148
0.07820630073547363
0.0636606216430664
0.04922056198120117
0.03512907028198242
0.10180115699768066
0.08687639236450195
0.07282304763793945
0.058104515075683594
0.03997802734375
0.02640390396118164
0.10114717483520508
0.09377861022949219
0.08414626121520996
0.0663759708404541
0.05170440673828125
0.036713600158691406
0.10621452331542969
0.08765029907226562
0.08318734169006348
0.06846952438354492
0.050400495529174805
0.03513669967651367
0.11339116096496582
0.08747410774230957
0.07311582565307617
0.05864453315734863
0.050141096115112305
0.031691789627075195
0.11857342720031738
0.09573674201965332
0.08168673515319824
0.06730532646179199
0.05246925354003906
0.0349278450012207
0.10747885704040527
0.09787678718566895
0.0838625431060791
0.06971573829650879
0.04077434539794922
0.11700582504272461
0.10249662399291992
0.08844709396362305
0.0739738941192627
0.05898475646972656
0.04192829132080078
0.02710866928100586
0.0967855453491211
0.08192706108093262
0.07649850845336914
0.0709390640258789
0.05681967735290527
0.03693342208862305
0.09908270835876465
0.08793854713439941
0.07273697853088379
0.058443546295166016
0.044172048568725586
0.02983260154724121
0.11709213256835938
0.09120655059814453
0.07704734802246094
0.06285929679870605
0.04773402214050293
0.03361225128173828
0.020409822463989258
0.09677958488464355
0.08252549171447754
0.07456445693969727
0.06033754348754883
0.04960751533508301
0.03898882865905762
0.03021383285522461
0.08996391296386719
0.08147263526916504
0.06734299659729004
0.06585431098937988
0.051392555236816406
0.03799843788146973
0.1055459976196289
0.08817243576049805
0.0738983154296875
0.059834957122802734
0.062499046325683594
0.04899740219116211
0.03363180160522461
0.10579562187194824
0.08786320686340332
0.07361221313476562
0.044513702392578125
0.031768083572387695
0.1101982593536377
0.08422994613647461
0.07225322723388672
0.06370353698730469
0.04944610595703125
0.05207419395446777
0.03728461265563965
0.09858083724975586
0.08739376068115234
0.0823521614074707
0.07271003723144531
0.0573427677154541
0.04317450523376465
0.11513543128967285
0.09223461151123047
0.076324462890625
0.05846381187438965
0.044800758361816406
0.03671765327453613
0.11579155921936035
0.0966787338256836
0.08491063117980957
0.06988072395324707
0.05558276176452637
0.039090633392333984
0.1092219352722168
0.0843057632446289
0.07227587699890137
0.07248163223266602
0.06390810012817383
0.04995441436767578
0.0950779914855957
0.08659124374389648
0.07247734069824219
0.0730447769165039
0.05892205238342285
0.04438471794128418
0.10707783699035645
0.08893942832946777
0.0777280330657959
0.06279850006103516
0.05127596855163574
0.03726506233215332
0.02244257926940918
0.08802533149719238
0.07596850395202637
0.0785059928894043
0.0648946762084961
0.05093669891357422
0.036646366119384766
0.10997509956359863
0.08751225471496582
0.07236099243164062
0.05756974220275879
0.06101632118225098
0.048146963119506836
0.12187576293945312
0.10822033882141113
0.0902862548828125
0.07517433166503906
0.06082892417907715
0.04246068000793457
0.11799478530883789
0.09238672256469727
0.07219076156616211
0.05854034423828125
0.04340195655822754
0.04265141487121582
0.12034177780151367
0.09464263916015625
0.0797722339630127
0.06575298309326172
0.05108976364135742
0.03334522247314453
0.09439563751220703
0.07948946952819824
0.06882691383361816
0.054216623306274414
0.037032127380371094
0.023445606231689453
0.10209393501281738
0.08516573905944824
0.0726003646850586
0.06424093246459961
0.04933500289916992
0.04533791542053223
0.11286330223083496
0.08001375198364258
0.08202886581420898
0.07105326652526855
0.05344223976135254
0.0395350456237793
0.09713029861450195
0.08273124694824219
0.06822514533996582
0.058069705963134766
0.04324698448181152
0.03669261932373047
0.11377167701721191
0.08959698677062988
0.07559514045715332
0.0576319694519043
0.04315972328186035
0.026137828826904297
0.11614131927490234
0.10296058654785156
0.08891105651855469
0.07468271255493164
0.060854434967041016
0.04610562324523926
0.10869169235229492
0.1015937328338623
0.08718657493591309
0.07291054725646973
0.05892062187194824
0.04138898849487305
0.13238739967346191
0.11538338661193848
0.10043573379516602
0.08608722686767578
0.07112503051757812
0.05736732482910156
0.03740429878234863
0.09011626243591309
0.08783102035522461
0.07043766975402832
0.05569911003112793
0.026129961013793945
0.10517287254333496
0.08691978454589844
0.07352852821350098
0.07299304008483887
0.058554887771606445
0.0373690128326416
0.10984182357788086
0.08802914619445801
0.07304596900939941
0.05855560302734375
0.057852745056152344
0.04699373245239258
0.03261709213256836
0.09329533576965332
0.07924127578735352
0.08004570007324219
0.0655984878540039
0.0511782169342041
0.03587508201599121
0.10498857498168945
0.10114932060241699
0.08711433410644531
0.07286643981933594
0.05845928192138672
0.04417610168457031
0.12125539779663086
0.1043996810913086
0.0897679328918457
0.0753641128540039
0.06105804443359375
0.046521663665771484
0.028388261795043945
0.10413956642150879
0.09330368041992188
0.08098649978637695
0.06659173965454102
0.05165410041809082
0.037190914154052734
0.11456418037414551
0.09644579887390137
0.08217215538024902
0.0671072006225586
0.05276370048522949
0.03851675987243652
0.1109778881072998
0.10225296020507812
0.08852291107177734
0.07414698600769043
0.06016397476196289
0.051194190979003906
0.04724478721618652
0.11049270629882812
0.09133768081665039
0.07713770866394043
0.05938863754272461
0.046861886978149414
0.04689455032348633
0.03284645080566406
0.10428953170776367
0.08636140823364258
0.07219123840332031
0.053885459899902344
0.04148125648498535
0.03500986099243164
0.10587453842163086
0.08726239204406738
0.07326936721801758
0.05927395820617676
0.05312848091125488
0.03907322883605957
0.024452924728393555
0.08995437622070312
0.07841324806213379
0.06499862670898438
0.06143927574157715
0.04715704917907715
0.03272652626037598
0.10495805740356445
0.0893716812133789
0.07518315315246582
0.06264209747314453
0.061469078063964844
0.0465388298034668
0.03298020362854004
0.09858226776123047
0.07808828353881836
0.08057475090026855
0.06735467910766602
0.049405813217163086
0.0350494384765625
0.09836030006408691
0.08104515075683594
0.06604599952697754
0.05444955825805664
0.039362192153930664
0.028349876403808594
0.09479618072509766
0.0983278751373291
0.07929086685180664
0.06532621383666992
0.05088496208190918
0.03401637077331543
0.09486031532287598
0.09519076347351074
0.08086776733398438
0.06586956977844238
0.04907107353210449
0.03502655029296875
0.10397768020629883
0.08488726615905762
0.08711409568786621
0.07372212409973145
0.056331634521484375
0.041730403900146484
0.12018680572509766
0.10224103927612305
0.0875692367553711
0.07329463958740234
0.03557896614074707
0.031142711639404297
0.1022787094116211
0.09456324577331543
0.08055639266967773
0.06324529647827148
0.04946732521057129
0.03452467918395996
0.11197996139526367
0.09799909591674805
0.0950765609741211
0.0809330940246582
0.0670313835144043
0.03960824012756348
0.024837732315063477
0.10047197341918945
0.08899068832397461
0.0736229419708252
0.06339287757873535
0.04914450645446777
0.03393387794494629
0.10825657844543457
0.08691143989562988
0.0775599479675293
0.06338644027709961
0.049532413482666016
0.03458237648010254
0.11252355575561523
0.10281491279602051
0.08870410919189453
0.07441258430480957
0.05956840515136719
0.05560922622680664
0.03568553924560547
0.12021183967590332
0.0964353084564209
0.0821986198425293
0.06788516044616699
0.053365468978881836
0.03830242156982422
0.13006281852722168
0.11016201972961426
0.09579348564147949
0.08136916160583496
0.0663154125213623
0.05185127258300781
0.039830923080444336
0.11152052879333496
0.09952521324157715
0.08551645278930664
0.07089090347290039
0.057059526443481445
0.04197525978088379
0.09451961517333984
0.0756986141204834
0.06608915328979492
0.05175495147705078
0.04290461540222168
0.0282442569732666
0.10487103462219238
0.09311747550964355
0.0890035629272461
0.07639765739440918
0.06212472915649414
0.04761195182800293
0.03326129913330078
0.09802365303039551
0.08233261108398438
0.07476329803466797
0.0601043701171875
0.046001434326171875
0.03288102149963379
0.11046314239501953
0.08155035972595215
0.07333970069885254
0.05858778953552246
0.04787182807922363
0.03723335266113281
0.10727643966674805
0.08284306526184082
0.07571578025817871
0.06119108200073242
0.049612998962402344
0.0347590446472168
0.11018180847167969
0.08883142471313477
0.08268070220947266
0.08274435997009277
0.07013630867004395
0.05550384521484375
0.04030323028564453
0.10676860809326172
0.08685016632080078
0.08373069763183594
0.06985950469970703
0.05828070640563965
0.05233407020568848
0.1194620132446289
0.10607790946960449
0.08752298355102539
0.06959128379821777
0.052097320556640625
0.037976741790771484
0.0999150276184082
0.08096814155578613
0.07107186317443848
0.06513547897338867
0.05109810829162598
0.0370335578918457
0.11239957809448242
0.09853124618530273
0.08137822151184082
0.06717038154602051
0.06384396553039551
0.04307103157043457
0.11149382591247559
0.08411097526550293
0.07392477989196777
0.06249547004699707
0.05589747428894043
0.03950929641723633
0.11055135726928711
0.0835275650024414
0.07787656784057617
0.06364798545837402
0.049677371978759766
0.0307462215423584
0.09448122978210449
0.07685065269470215
0.08048057556152344
0.06695079803466797
0.0523679256439209
0.03779196739196777
0.10782361030578613
0.10130453109741211
0.08629989624023438
0.07227349281311035
0.058060407638549805
0.13304972648620605
0.11659383773803711
0.10167169570922852
0.08755159378051758
0.07324504852294922
0.05473446846008301
0.040457963943481445
0.10321187973022461
0.09652853012084961
0.08688783645629883
0.07401108741760254
0.06035947799682617
0.042400360107421875
0.11057829856872559
0.086212158203125
0.08208298683166504
0.06846189498901367
0.05362439155578613
0.03291654586791992
0.11380290985107422
0.09187102317810059
0.0775599479675293
0.0767679214477539
0.06551790237426758
0.05095529556274414
0.03646969795227051
0.10644197463989258
0.09026503562927246
0.09470653533935547
0.08225107192993164
0.06728625297546387
0.052878379821777344
0.039031267166137695
0.09810972213745117
0.08452796936035156
0.06958723068237305
0.05538678169250488
0.056595563888549805
0.04241943359375
0.12096667289733887
0.09678816795349121
0.0820310115814209
0.06719613075256348
0.05285072326660156
0.0490875244140625
0.03478074073791504
0.1363389492034912
0.11545991897583008
0.10039663314819336
0.08965611457824707
0.07750225067138672
0.06369495391845703
0.10811972618103027
0.08540844917297363
0.0644693374633789
0.049782752990722656
0.03273510932922363
0.10413551330566406
0.08787155151367188
0.07799291610717773
0.06269645690917969
0.054046630859375
0.04878377914428711
0.1128084659576416
0.08296084403991699
0.0688481330871582
0.06692266464233398
0.05179786682128906
0.03694438934326172
0.10892748832702637
0.09568262100219727
0.08204150199890137
0.06777405738830566
0.04643511772155762
0.03215336799621582
0.10527634620666504
0.09505367279052734
0.0804595947265625
0.06637907028198242
0.05194592475891113
0.03725123405456543
0.021967172622680664
0.10558342933654785
0.10163044929504395
0.08765220642089844
0.07368302345275879
0.05966806411743164
0.045709848403930664
0.030756235122680664
0.0906229019165039
0.07841920852661133
0.06937289237976074
0.05537581443786621
0.045580387115478516
0.031328439712524414
0.12349867820739746
0.10536575317382812
0.09194612503051758
0.07766103744506836
0.0632176399230957
0.046187639236450195
0.03260493278503418
0.10492825508117676
0.08768320083618164
0.07263875007629395
0.05816912651062012
0.044411420822143555
0.030239343643188477
0.1066279411315918
0.08470845222473145
0.07174181938171387
0.06271576881408691
0.054852962493896484
0.04085206985473633
0.02549576759338379
0.09989571571350098
0.08240509033203125
0.07052350044250488
0.06887006759643555
0.05543375015258789
0.03777289390563965
0.10835123062133789
0.10805344581604004
0.0939328670501709
0.07588529586791992
0.06136298179626465
0.043883323669433594
0.029358863830566406
0.09367680549621582
0.09132957458496094
0.07631087303161621
0.06257987022399902
0.048302650451660156
0.030449628829956055
0.10533285140991211
0.08541250228881836
0.07622814178466797
0.06970882415771484
0.054584503173828125
0.04023313522338867
0.11383724212646484
0.0884706974029541
0.07430791854858398
0.07721138000488281
0.06344366073608398
0.04922366142272949
0.03464221954345703
0.09282445907592773
0.08123993873596191
0.06991124153137207
0.058654069900512695
0.04427623748779297
0.029602527618408203
0.11126708984375
0.08835458755493164
0.07387948036193848
0.05963015556335449
0.05444836616516113
0.0438992977142334
0.12839698791503906
0.09822535514831543
0.08399176597595215
0.07357501983642578
0.060573577880859375
0.046434879302978516
0.031902313232421875
0.09077668190002441
0.0948481559753418
0.08158016204833984
0.06691718101501465
0.052465200424194336
0.037367820739746094
0.10612225532531738
0.08612847328186035
0.07505178451538086
0.06067848205566406
0.046236276626586914
0.03737616539001465
0.12005996704101562
0.10509943962097168
0.09104013442993164
0.07621479034423828
0.06230735778808594
0.05737018585205078
0.043505191802978516
0.02938985824584961
0.10990285873413086
0.08998656272888184
0.07154178619384766
0.05659627914428711
0.04214882850646973
0.027692794799804688
0.10485100746154785
0.08855366706848145
0.07471704483032227
0.06498050689697266
0.058098793029785156
0.0461423397064209
0.032161712646484375
0.11358118057250977
0.09556698799133301
0.0806436538696289
0.06575679779052734
0.04961371421813965
0.034781455993652344
0.11826395988464355
0.09341073036193848
0.07857227325439453
0.06752872467041016
0.053357601165771484
0.03904151916503906
0.02453446388244629
0.11071538925170898
0.09662032127380371
0.08239412307739258
0.06897759437561035
0.05406832695007324
0.03608584403991699
0.10416293144226074
0.08607673645019531
0.08231759071350098
0.06937575340270996
0.055056095123291016
0.04258370399475098
0.12745881080627441
0.14756107330322266
0.138350248336792
0.13140058517456055
0.1019752025604248
0.08810853958129883
0.12111473083496094
0.08843326568603516
0.07391595840454102
0.05955362319946289
0.04395914077758789
0.03353381156921387
0.09856009483337402
0.08210086822509766
0.07666993141174316
0.07078146934509277
0.059533119201660156
0.04688072204589844
0.1149909496307373
0.10076451301574707
0.08613324165344238
0.07523822784423828
0.06103825569152832
0.045929670333862305
0.03865647315979004
0.10935330390930176
0.09803056716918945
0.07993006706237793
0.058465003967285156
0.04362320899963379
0.032928466796875
0.0984506607055664
0.08667612075805664
0.07570433616638184
0.06133151054382324
0.04714632034301758
0.03720283508300781
0.022186279296875
0.08983039855957031
0.08107209205627441
0.07557916641235352
0.06139087677001953
0.04738664627075195
0.03252530097961426
0.10552573204040527
0.08777976036071777
0.07359600067138672
0.059407711029052734
0.05002617835998535
0.03591418266296387
0.02217245101928711
0.10230445861816406
0.0843515396118164
0.07157182693481445
0.06477642059326172
0.05163860321044922
0.0390315055847168
0.10677790641784668
0.09619569778442383
0.08099102973937988
0.06304764747619629
0.04237627983093262
0.02748250961303711
0.09962320327758789
0.08319926261901855
0.07076001167297363
0.06184983253479004
0.05015993118286133
0.03580117225646973
0.021222829818725586
0.09323287010192871
0.08921265602111816
0.07465553283691406
0.06037139892578125
0.05245709419250488
0.03817343711853027
0.10576510429382324
0.08422613143920898
0.0710759162902832
0.06210207939147949
0.04821324348449707
0.03563261032104492
0.11002230644226074
0.08919143676757812
0.07041764259338379
0.055710792541503906
0.05345630645751953
0.04035544395446777
0.1316828727722168
0.10675477981567383
0.08933258056640625
0.07408666610717773
0.060372114181518555
0.04617023468017578
0.11269974708557129
0.0984640121459961
0.08433961868286133
0.07093524932861328
0.05442452430725098
0.03745436668395996
0.03224945068359375
0.10663080215454102
0.10174012184143066
0.08680272102355957
0.07306265830993652
0.055909156799316406
0.038163185119628906
0.1045534610748291
0.08652806282043457
0.07187700271606445
0.05871987342834473
0.04952692985534668
0.0422663688659668
0.02907395362854004
0.09318852424621582
0.09068441390991211
0.07676935195922852
0.054898977279663086
0.040227413177490234
0.026334285736083984
0.09908175468444824
0.08313775062561035
0.07103967666625977
0.06571459770202637
0.045806169509887695
0.03166556358337402
0.10707569122314453
0.08437991142272949
0.07536602020263672
0.06760120391845703
0.05314326286315918
0.03871583938598633
0.02430891990661621
0.08985519409179688
0.09191370010375977
0.0773613452911377
0.06282758712768555
0.04766654968261719
0.03352999687194824
0.10820174217224121
0.08810782432556152
0.07402324676513672
0.05979657173156738
0.042830467224121094
0.028856277465820312
0.10744094848632812
0.08774852752685547
0.07123708724975586
0.0699763298034668
0.055145263671875
0.03720569610595703
0.10492587089538574
0.08346176147460938
0.07765436172485352
0.05787777900695801
0.04295706748962402
0.02823948860168457
0.10451126098632812
0.08665156364440918
0.07155203819274902
0.06708002090454102
0.05246424674987793
0.0381777286529541
0.024511098861694336
0.0802760124206543
0.08291053771972656
0.06876111030578613
0.05406999588012695
0.039467573165893555
0.11351299285888672
0.09647130966186523
0.0829780101776123
0.07357358932495117
0.05616593360900879
0.054924964904785156
0.044954776763916016
0.10157370567321777
0.08841896057128906
0.0744466781616211
0.05964183807373047
0.04545760154724121
0.04252934455871582
0.12180256843566895
0.10210442543029785
0.08757424354553223
0.07221102714538574
0.057550907135009766
0.04286813735961914
0.028467416763305664
0.10707926750183105
0.08317971229553223
0.07939481735229492
0.0712277889251709
0.05690169334411621
0.04272937774658203
0.027984619140625
0.0930337905883789
0.07877659797668457
0.0724034309387207
0.05799555778503418
0.043881893157958984
0.026242971420288086
0.10071897506713867
0.08824825286865234
0.07341623306274414
0.06894707679748535
0.05398297309875488
0.039687395095825195
0.02759575843811035
0.09291267395019531
0.08870625495910645
0.07485628128051758
0.06055879592895508
0.04628467559814453
0.023948192596435547
0.09832954406738281
0.08341789245605469
0.07134509086608887
0.07226324081420898
0.06058907508850098
0.046998023986816406
0.033573150634765625
0.09790158271789551
0.08589601516723633
0.08218598365783691
0.06726241111755371
0.052138328552246094
0.023932933807373047
0.09549617767333984
0.08365416526794434
0.07130169868469238
0.05878305435180664
0.05601143836975098
0.04189729690551758
0.02743673324584961
0.1086874008178711
0.09426188468933105
0.07983541488647461
0.06588888168334961
0.05099058151245117
0.03598904609680176
0.10802459716796875
0.08501863479614258
0.07653331756591797
0.0765225887298584
0.06244397163391113
0.04745769500732422
0.1141965389251709
0.0863044261932373
0.07438397407531738
0.06673169136047363
0.03999042510986328
0.1065208911895752
0.0833742618560791
0.0693519115447998
0.055686235427856445
0.0432438850402832
0.033547163009643555
0.10975265502929688
0.0933845043182373
0.07816958427429199
0.06428122520446777
0.04986405372619629
0.03495049476623535
0.020604372024536133
0.09612154960632324
0.07876920700073242
0.06462979316711426
0.05012822151184082
0.03769421577453613
0.0309293270111084
0.09495091438293457
0.08069443702697754
0.06748580932617188
0.055460453033447266
0.04638481140136719
0.03196120262145996
0.11107254028320312
0.09093618392944336
0.0764610767364502
0.06151390075683594
0.0505979061126709
0.039122581481933594
0.12519407272338867
0.10143375396728516
0.08739948272705078
0.07291626930236816
0.05859208106994629
0.0436551570892334
0.029217243194580078
0.10724544525146484
0.09526586532592773
0.08111906051635742
0.06599307060241699
0.05149507522583008
0.03729963302612305
0.10542964935302734
0.10285091400146484
0.08938002586364746
0.07489657402038574
0.06064033508300781
0.046166181564331055
0.03156018257141113
0.08995628356933594
0.07825446128845215
0.08100104331970215
0.06729435920715332
0.05235934257507324
0.031215429306030273
0.10928463935852051
0.09581208229064941
0.08170771598815918
0.06653904914855957
0.05186033248901367
0.037030935287475586
0.022693395614624023
0.09941649436950684
0.09744644165039062
0.08323359489440918
0.06904363632202148
0.05437040328979492
0.039934396743774414
0.025684356689453125
0.09340834617614746
0.08268618583679199
0.07529783248901367
0.06513285636901855
0.053346872329711914
0.03985166549682617
0.1171565055847168
0.0954291820526123
0.08088231086730957
0.06595945358276367
0.05170130729675293
0.04108166694641113
0.11139750480651855
0.09725117683410645
0.09050750732421875
0.07712674140930176
0.05893254280090332
0.04448699951171875
0.030282974243164062
0.0927577018737793
0.08514046669006348
0.07071280479431152
0.05327415466308594
0.03882455825805664
0.03240847587585449
0.09487414360046387
0.09044981002807617
0.045641422271728516
0.03174328804016113
0.10609173774719238
0.09050822257995605
0.0756218433380127
0.05775117874145508
0.04003024101257324
0.026051759719848633
0.10463666915893555
0.0889585018157959
0.07796144485473633
0.06412696838378906
0.049513816833496094
0.04217839241027832
0.03327584266662598
0.08998537063598633
0.09023571014404297
0.07604217529296875
0.06128358840942383
0.046253204345703125
0.03215789794921875
0.10792946815490723
0.0924677848815918
0.0784752368927002
0.06398677825927734
0.05506753921508789
0.04060673713684082
0.11592769622802734
0.0984489917755127
0.08641433715820312
0.07280492782592773
0.05884265899658203
0.04489541053771973
0.111846923828125
0.09753561019897461
0.09170293807983398
0.08754491806030273
0.07392644882202148
0.06013345718383789
0.04286551475524902
0.11416029930114746
0.0933079719543457
0.07920646667480469
0.06515145301818848
0.0682065486907959
0.05414938926696777
0.03295111656188965
0.0933837890625
0.07940483093261719
0.07648801803588867
0.06247401237487793
0.048081398010253906
0.033985137939453125
0.11015510559082031
0.09476757049560547
0.08051657676696777
0.06549739837646484
0.05131244659423828
0.04319000244140625
0.03255605697631836
0.09699654579162598
0.0928797721862793
0.0782473087310791
0.06340956687927246
0.049056053161621094
0.0349123477935791
0.11236143112182617
0.10155415534973145
0.0879054069519043
0.07349038124084473
0.06987452507019043
0.058598995208740234
0.04442954063415527
0.10932493209838867
0.09941291809082031
0.09255313873291016
0.08347392082214355
0.06960463523864746
0.05542349815368652
0.03830909729003906
0.09268808364868164
0.08837580680847168
0.07414817810058594
0.05633354187011719
0.05007147789001465
0.03644967079162598
0.09797453880310059
0.08659720420837402
0.07656526565551758
0.058625221252441406
0.04048418998718262
0.025577545166015625
0.10629129409790039
0.08835744857788086
0.07421016693115234
0.059858083724975586
0.04714202880859375
0.03285980224609375
0.1061701774597168
0.08529090881347656
0.07372832298278809
0.05988454818725586
0.054965972900390625
0.04155230522155762
0.12208366394042969
0.1066892147064209
0.09275674819946289
0.07542228698730469
0.06020402908325195
0.042572736740112305
0.028561830520629883
0.11209988594055176
0.0921785831451416
0.0780034065246582
0.0626976490020752
0.048522233963012695
0.034743547439575195
0.020761728286743164
0.1154475212097168
0.09995174407958984
0.0847315788269043
0.06327629089355469
0.04887986183166504
0.0344386100769043
0.10213685035705566
0.08756422996520996
0.07342743873596191
0.06973886489868164
0.06159377098083496
0.04799795150756836
0.034120798110961914
0.09374380111694336
0.07878780364990234
0.06474995613098145
0.06622028350830078
0.05071258544921875
0.03636956214904785
0.10438323020935059
0.09038424491882324
0.07604813575744629
0.06157207489013672
0.047332763671875
0.029892921447753906
0.09481167793273926
0.07877969741821289
0.06975984573364258
0.05346488952636719
0.039138078689575195
0.11032414436340332
0.08548402786254883
0.07628798484802246
0.06242108345031738
0.04834794998168945
0.04865407943725586
0.04033041000366211
0.09711599349975586
0.07970547676086426
0.06492090225219727
0.04695320129394531
0.04127073287963867
0.029448747634887695
0.10553622245788574
0.08655142784118652
0.07112812995910645
0.06063270568847656
0.0540165901184082
0.027080535888671875
0.09179902076721191
0.08055901527404785
0.07157397270202637
0.06397509574890137
0.049321651458740234
0.03523421287536621
0.0921785831451416
0.09509134292602539
0.0821981430053711
0.06495833396911621
0.0513920783996582
0.03734755516052246
0.12132430076599121
0.1002647876739502
0.08575749397277832
0.07139801979064941
0.05390119552612305
0.039507389068603516
0.132094144821167
0.11525893211364746
0.09461808204650879
0.08044147491455078
0.06553244590759277
0.05148816108703613
0.03708291053771973
0.11025190353393555
0.09584832191467285
0.08150219917297363
0.06711745262145996
0.05216336250305176
0.037903547286987305
0.11176705360412598
0.08817100524902344
0.07466745376586914
0.06030130386352539
0.053925275802612305
0.04591226577758789
0.031545400619506836
0.10548233985900879
0.0914616584777832
0.07708287239074707
0.06264042854309082
0.048360347747802734
0.03307390213012695
0.11151409149169922
0.09094691276550293
0.07619786262512207
0.061806440353393555
0.06440949440002441
0.05194520950317383
0.04135894775390625
0.10927891731262207
0.10796213150024414
0.0942690372467041
0.07880091667175293
0.06381440162658691
0.0492548942565918
0.11148738861083984
0.09863972663879395
0.08317422866821289
0.06842875480651855
0.05379748344421387
0.038765668869018555
0.11545300483703613
0.10403251647949219
0.08893465995788574
0.0742638111114502
0.0600435733795166
0.044945716857910156
0.02566838264465332
0.09923410415649414
0.08428573608398438
0.06998324394226074
0.055330753326416016
0.026492834091186523
0.10799622535705566
0.09053850173950195
0.07614278793334961
0.061730146408081055
0.052878618240356445
0.037665367126464844
0.023900508880615234
0.0906369686126709
0.07868504524230957
0.06959915161132812
0.06483316421508789
0.05076956748962402
0.03681182861328125
0.10738778114318848
0.08788061141967773
0.0733633041381836
0.058895111083984375
0.05510973930358887
0.04518294334411621
0.033472537994384766
0.09046292304992676
0.07860398292541504
0.0756990909576416
0.06284832954406738
0.04176974296569824
0.027987241744995117
0.09242033958435059
0.0925602912902832
0.07979774475097656
0.06177949905395508
0.047354698181152344
0.0296630859375
0.10500121116638184
0.09103155136108398
0.07661223411560059
0.061599016189575195
0.04764580726623535
0.03418231010437012
0.11177992820739746
0.08424544334411621
0.07547235488891602
0.07233333587646484
0.06063127517700195
0.0467686653137207
0.03284430503845215
0.09743452072143555
0.08764338493347168
0.06964492797851562
0.055719614028930664
0.04102015495300293
0.02466440200805664
0.11966180801391602
0.09872555732727051
0.08506655693054199
0.06365585327148438
0.04920816421508789
0.03491330146789551
0.12612271308898926
0.10248160362243652
0.08827543258666992
0.07359957695007324
0.05946993827819824
0.0449368953704834
0.030304670333862305
0.09672069549560547
0.08274102210998535
0.06834673881530762
0.05368518829345703
0.04679155349731445
0.034211158752441406
0.10575485229492188
0.08618426322937012
0.07498955726623535
0.06293487548828125
0.05388784408569336
0.03942418098449707
0.024685144424438477
0.09279942512512207
0.07879519462585449
0.07503056526184082
0.06026148796081543
0.04579877853393555
0.030803442001342773
0.1261742115020752
0.10292363166809082
0.08848237991333008
0.07403087615966797
0.05315041542053223
0.03869318962097168
0.10818123817443848
0.09430527687072754
0.08294987678527832
0.06851530075073242
0.05399274826049805
0.03949093818664551
0.024466991424560547
0.09056973457336426
0.09116148948669434
0.07619976997375488
0.061524152755737305
0.047147512435913086
0.03274941444396973
0.11226081848144531
0.09386038780212402
0.07956504821777344
0.06432175636291504
0.05020928382873535
0.035802364349365234
0.02133941650390625
0.10547375679016113
0.09490537643432617
0.08019638061523438
0.06258630752563477
0.047507524490356445
0.033191680908203125
0.10976338386535645
0.09289789199829102
0.08568000793457031
0.0678863525390625
0.049631595611572266
0.03461337089538574
0.10677647590637207
0.08187007904052734
0.0615842342376709
0.05789327621459961
0.043653249740600586
0.029128313064575195
0.10434722900390625
0.08479642868041992
0.07138276100158691
0.06560444831848145
0.05184483528137207
0.03691697120666504
0.02181220054626465
0.09993362426757812
0.09548664093017578
0.08516311645507812
0.07296323776245117
0.05857539176940918
0.04433727264404297
0.02994680404663086
0.09328174591064453
0.08258771896362305
0.0681922435760498
0.05720853805541992
0.0427091121673584
0.03502249717712402
0.12134838104248047
0.09952378273010254
0.08655214309692383
0.07218766212463379
0.05752444267272949
0.0431065559387207
0.028539180755615234
0.09335470199584961
0.0790863037109375
0.06612324714660645
0.05365943908691406
0.04448676109313965
0.029798507690429688
0.12254619598388672
0.10225176811218262
0.0893392562866211
0.07542753219604492
0.06111264228820801
0.04645943641662598
0.03200578689575195
0.09884119033813477
0.08011245727539062
0.0704808235168457
0.059093475341796875
0.052823781967163086
0.038884639739990234
0.10934138298034668
0.08406758308410645
0.07085299491882324
0.07630252838134766
0.06240200996398926
0.04845023155212402
0.03447914123535156
0.10600137710571289
0.08409976959228516
0.06987214088439941
0.055562734603881836
0.05309557914733887
0.040387868881225586
0.1103675365447998
0.10532307624816895
0.09469294548034668
0.08182168006896973
0.059697628021240234
0.045372724533081055
0.03099370002746582
0.09097027778625488
0.07903718948364258
0.06978511810302734
0.0644989013671875
0.051148414611816406
0.03626704216003418
0.1087498664855957
0.10176491737365723
0.08960151672363281
0.07491183280944824
0.060394287109375
0.045996665954589844
0.0308685302734375
0.09316587448120117
0.07855725288391113
0.06519579887390137
0.06276869773864746
0.04828381538391113
0.033020734786987305
0.11112785339355469
0.08814549446105957
0.07368206977844238
0.05919957160949707
0.060004234313964844
0.0456690788269043
0.03137326240539551
0.10399365425109863
0.08606505393981934
0.07153129577636719
0.051256418228149414
0.04091668128967285
0.029384136199951172
0.1036522388458252
0.08379530906677246
0.0776975154876709
0.07506179809570312
0.06138277053833008
0.047202348709106445
0.033141136169433594
0.09091472625732422
0.08545947074890137
0.07097768783569336
0.05647921562194824
0.04665493965148926
0.03741168975830078
0.10452079772949219
0.08397340774536133
0.07149553298950195
0.06890988349914551
0.05449104309082031
0.03912997245788574
0.024939775466918945
0.10014462471008301
0.0949091911315918
0.08056783676147461
0.06613373756408691
0.05149483680725098
0.03713870048522949
0.11260724067687988
0.09457135200500488
0.08296751976013184
0.06848788261413574
0.05397510528564453
0.03953981399536133
0.025223255157470703
0.1192326545715332
0.10274934768676758
0.08837628364562988
0.0741262435913086
0.0596768856048584
0.04520678520202637
0.030962705612182617
0.10246753692626953
0.08652782440185547
0.07178711891174316
0.05759096145629883
0.04739570617675781
0.04143667221069336
0.10657882690429688
0.09060049057006836
0.07953357696533203
0.07099771499633789
0.057543039321899414
0.035816192626953125
0.11109590530395508
0.08775067329406738
0.0727391242980957
0.05823254585266113
0.04555344581604004
0.036438941955566406
0.021292448043823242
0.10033822059631348
0.09360575675964355
0.08200359344482422
0.06706929206848145
0.052747249603271484
0.03847146034240723
0.10921883583068848
0.10271525382995605
0.08975005149841309
0.07595443725585938
0.06145882606506348
0.047229766845703125
0.03284764289855957
0.09292817115783691
0.07900071144104004
0.06893515586853027
0.05373835563659668
0.03985285758972168
0.03163766860961914
