0.10287308692932129
0.1016693115234375
0.08269977569580078
0.0717921257019043
0.05730462074279785
0.043367862701416016
0.10567808151245117
0.08505392074584961
0.07950615882873535
0.07193279266357422
0.05835223197937012
0.043753623962402344
0.10572552680969238
0.08742547035217285
0.07677674293518066
0.07402610778808594
0.06043291091918945
0.04631686210632324
0.031766414642333984
0.09959959983825684
0.0939335823059082
0.0797274112701416
0.06534147262573242
0.04779481887817383
0.03375530242919922
0.11036157608032227
0.09629964828491211
0.08478093147277832
0.06734514236450195
0.05367898941040039
0.03937029838562012
0.10679769515991211
0.08486342430114746
0.08358144760131836
0.07311058044433594
0.06045246124267578
0.04562854766845703
0.11005449295043945
0.08585453033447266
0.07156491279602051
0.060544490814208984
0.044843435287475586
0.040277957916259766
0.10651588439941406
0.09566807746887207
0.0855100154876709
0.0712897777557373
0.05684065818786621
0.046735525131225586
0.1193094253540039
0.08724522590637207
0.07582473754882812
0.06114792823791504
0.04676032066345215
0.031881093978881836
0.09865260124206543
0.08263659477233887
0.0684046745300293
0.05408024787902832
0.0411679744720459
0.028743743896484375
0.10937738418579102
0.0882272720336914
0.07393240928649902
0.05965781211853027
0.049985408782958984
0.04334211349487305
0.02818584442138672
0.1035919189453125
0.08864307403564453
0.07499289512634277
0.06579160690307617
0.051850080490112305
0.033796072006225586
0.10038352012634277
0.08597731590270996
0.07103276252746582
0.057378530502319336
0.04294443130493164
0.028124570846557617
0.10404634475708008
0.08614015579223633
0.0734260082244873
0.09503722190856934
0.08032655715942383
0.06787562370300293
0.05312299728393555
0.11322331428527832
0.09314155578613281
0.07914090156555176
0.06336784362792969
0.11253499984741211
0.11276125907897949
0.10185551643371582
0.08595657348632812
0.07136964797973633
0.05626392364501953
0.04151749610900879
0.1249246597290039
0.09804892539978027
0.08397388458251953
0.06955957412719727
0.05491042137145996
0.036774635314941406
0.10905289649963379
0.0872805118560791
0.07309389114379883
0.058503150939941406
0.0645596981048584
0.05024552345275879
0.03628039360046387
0.10608291625976562
0.09726738929748535
0.08012008666992188
0.062430620193481445
0.04434990882873535
0.030582666397094727
0.12135601043701172
0.10702061653137207
0.0921621322631836
0.07792901992797852
0.06374287605285645
0.04862260818481445
0.03444671630859375
0.0992424488067627
0.0846714973449707
0.06676197052001953
0.0515904426574707
0.03811383247375488
0.03418278694152832
0.10910749435424805
0.08719491958618164
0.06906414031982422
0.06449580192565918
0.04939413070678711
0.03437495231628418
0.09179186820983887
0.07928133010864258
0.06718707084655762
0.054767608642578125
0.04619240760803223
0.03419613838195801
0.10828518867492676
0.09372282028198242
0.07933568954467773
0.06523299217224121
0.0500946044921875
0.0359034538269043
0.08886218070983887
0.07405447959899902
0.06065678596496582
0.04656672477722168
0.03344583511352539
0.021875858306884766
0.10978913307189941
0.09185981750488281
0.07788491249084473
0.0632777214050293
0.04506063461303711
0.03354477882385254
0.10838818550109863
0.08745789527893066
0.07307624816894531
0.05805850028991699
0.055433034896850586
0.035791635513305664
0.1099395751953125
0.08702492713928223
0.07622408866882324
0.06200551986694336
0.05215859413146973
0.04312252998352051
0.04079151153564453
0.09819626808166504
0.08826684951782227
0.08422231674194336
0.0712885856628418
0.05610013008117676
0.04167628288269043
0.10964155197143555
0.0905613899230957
0.07645726203918457
0.0619049072265625
0.04740571975708008
0.0395665168762207
0.11115026473999023
0.09053254127502441
0.08086252212524414
0.07512235641479492
0.061125993728637695
0.04723548889160156
0.032303810119628906
0.10381698608398438
0.08987832069396973
0.0799553394317627
0.0653374195098877
0.03264498710632324
0.10862112045288086
0.09010457992553711
0.07099628448486328
0.07735967636108398
0.05052924156188965
0.037377357482910156
0.09131526947021484
0.07969832420349121
0.07074666023254395
0.056849002838134766
0.04961752891540527
0.039936065673828125
0.11579489707946777
0.10108017921447754
0.0871272087097168
0.07303142547607422
0.06784653663635254
0.05304288864135742
0.03873109817504883
0.12090611457824707
0.09992122650146484
0.0821683406829834
0.06416916847229004
0.04632163047790527
0.01840686798095703
0.10249114036560059
0.08791613578796387
0.0739893913269043
0.05269956588745117
0.03869986534118652
0.02347397804260254
0.10383200645446777
0.08493423461914062
0.07210183143615723
0.06117391586303711
0.04508495330810547
0.034162044525146484
0.1432037353515625
0.11736178398132324
0.10248923301696777
0.08772659301757812
0.07377862930297852
0.05789947509765625
0.11380934715270996
0.0838460922241211
0.06970715522766113
0.055713653564453125
0.05646991729736328
0.046185970306396484
0.14430952072143555
0.11640548706054688
0.1014707088470459
0.08652496337890625
0.07240867614746094
0.057942867279052734
0.11602067947387695
0.08323311805725098
0.06848788261413574
0.06820869445800781
0.062149763107299805
0.048551082611083984
0.09098267555236816
0.07605195045471191
0.06992650032043457
0.05624532699584961
0.03405332565307617
0.020545005798339844
0.09568357467651367
0.08492255210876465
0.08428168296813965
0.0729668140411377
0.05837273597717285
0.043894052505493164
0.11503005027770996
0.09836816787719727
0.08368587493896484
0.06877517700195312
0.0598752498626709
0.04521441459655762
0.03191542625427246
0.09440922737121582
0.08337283134460449
0.06552290916442871
0.051387786865234375
0.046364784240722656
0.03665781021118164
0.10211753845214844
0.08420324325561523
0.07097434997558594
0.05885124206542969
0.05833148956298828
0.041414737701416016
0.11309027671813965
0.09619307518005371
0.08611941337585449
0.07156991958618164
0.05812335014343262
0.043808937072753906
0.11953091621398926
0.08295249938964844
0.062242984771728516
0.08417439460754395
0.07442593574523926
0.05943584442138672
0.14142799377441406
0.1230931282043457
0.10232806205749512
0.08357810974121094
0.06858420372009277
0.05364847183227539
0.09714698791503906
0.0685420036315918
0.056131601333618164
0.04316544532775879
0.04055643081665039
0.11227035522460938
0.0971217155456543
0.09470176696777344
0.08051109313964844
0.0623784065246582
0.04387092590332031
0.11175680160522461
0.09163260459899902
0.0790557861328125
0.04552769660949707
0.11692929267883301
0.11525154113769531
0.10472559928894043
0.09060144424438477
0.0762319564819336
0.06166362762451172
0.05061221122741699
0.11869049072265625
0.1081855297088623
0.10053372383117676
0.08606839179992676
0.07126045227050781
0.05627870559692383
0.041852474212646484
0.1177835464477539
0.11699652671813965
0.09999537467956543
0.08591198921203613
0.053562164306640625
0.03560996055603027
0.09906697273254395
0.08129072189331055
0.06922078132629395
0.061065673828125
0.047074079513549805
0.046320199966430664
0.03267073631286621
0.13368868827819824
0.12268733978271484
0.10130500793457031
0.08713221549987793
0.07380843162536621
0.0593266487121582
0.09353256225585938
0.08136773109436035
0.06616616249084473
0.051352739334106445
0.03640031814575195
0.03612494468688965
0.10308670997619629
0.08415627479553223
0.09734940528869629
0.08244156837463379
0.06743597984313965
0.05347847938537598
0.039571523666381836
0.10142660140991211
0.08884644508361816
0.07787871360778809
0.06298017501831055
0.04841256141662598
0.0413966178894043
0.10472917556762695
0.08123564720153809
0.06830215454101562
0.05653643608093262
0.04450869560241699
0.03899097442626953
0.1256885528564453
0.11637568473815918
0.10242438316345215
0.08825302124023438
0.0742645263671875
0.0601048469543457
0.0458369255065918
0.0315699577331543
0.0944209098815918
0.08086252212524414
0.06669259071350098
0.052160024642944336
0.043051958084106445
0.025153398513793945
0.09522056579589844
0.0845191478729248
0.08083271980285645
0.06864118576049805
0.05369973182678223
0.03954172134399414
0.12028670310974121
0.09432315826416016
0.06247234344482422
0.04795575141906738
0.03377723693847656
0.12690019607543945
0.1112222671508789
0.09708809852600098
0.08325791358947754
0.06965422630310059
0.06052851676940918
0.045609235763549805
0.10027885437011719
0.08268308639526367
0.07805752754211426
0.076568603515625
0.062713623046875
0.048430681228637695
0.033390045166015625
0.0961599349975586
0.08257198333740234
0.07027554512023926
0.06195378303527832
0.04819893836975098
0.033522844314575195
0.10497188568115234
0.08359789848327637
0.08220553398132324
0.059929847717285156
0.04477739334106445
0.038079261779785156
0.10529732704162598
0.09133601188659668
0.08416295051574707
0.06924033164978027
0.054255008697509766
0.0401151180267334
0.11027860641479492
0.08437585830688477
0.07476687431335449
0.07312393188476562
0.058827877044677734
0.04382753372192383
0.029474258422851562
0.09029698371887207
0.07769584655761719
0.06548714637756348
0.05255436897277832
0.04742550849914551
0.0334019660949707
0.10660147666931152
0.10242033004760742
0.09029173851013184
0.07607674598693848
0.06170082092285156
0.04735279083251953
0.03295731544494629
0.10124325752258301
0.08231258392333984
0.07963871955871582
0.06574869155883789
0.05115365982055664
0.029492616653442383
0.1031341552734375
0.08677911758422852
0.07262873649597168
0.057678937911987305
0.04872751235961914
0.037079572677612305
0.11078238487243652
0.09520411491394043
0.08126211166381836
0.07666897773742676
0.06359124183654785
0.049567461013793945
0.03559517860412598
0.10002803802490234
0.08603429794311523
0.0707707405090332
0.05635690689086914
0.03955674171447754
0.024924278259277344
0.11231184005737305
0.09461355209350586
0.07989692687988281
0.06494355201721191
0.05035281181335449
0.036457061767578125
0.10820817947387695
0.09068536758422852
0.07659101486206055
0.06201624870300293
0.045952558517456055
0.028046369552612305
0.1231546401977539
0.10223007202148438
0.08792448043823242
0.07035112380981445
0.056715965270996094
0.041252851486206055
0.11480355262756348
0.1047964096069336
0.09048128128051758
0.07609963417053223
0.060735225677490234
0.04618573188781738
0.032097816467285156
0.10802555084228516
0.09141349792480469
0.07768392562866211
0.04992318153381348
0.027846097946166992
0.11424374580383301
0.09132146835327148
0.07732653617858887
0.06313896179199219
0.049828290939331055
0.040743350982666016
0.03387451171875
0.10271573066711426
0.08501839637756348
0.07071852684020996
0.05615639686584473
0.05094408988952637
0.04122209548950195
0.10836505889892578
0.09668660163879395
0.0861973762512207
0.0750589370727539
0.06778621673583984
0.053797245025634766
0.039252281188964844
0.10809016227722168
0.08786702156066895
0.08552122116088867
0.0749959945678711
0.06266164779663086
0.048490285873413086
0.03415560722351074
0.0995490550994873
0.08584260940551758
0.07159733772277832
0.05658578872680664
0.061444759368896484
0.047321319580078125
0.1083061695098877
0.09325933456420898
0.08391880989074707
0.08310413360595703
0.06802701950073242
0.053234100341796875
0.03838157653808594
0.10721302032470703
0.09960412979125977
0.0848698616027832
0.06955075263977051
0.05478048324584961
0.044158220291137695
0.030212879180908203
0.09715652465820312
0.08226776123046875
0.06789636611938477
0.053553104400634766
0.04898190498352051
0.03610038757324219
0.11826801300048828
0.10156607627868652
0.0869901180267334
0.07227420806884766
0.05785346031188965
0.043813467025756836
0.10986590385437012
0.08878159523010254
0.07421469688415527
0.06009697914123535
0.05090451240539551
0.044176340103149414
0.11253619194030762
0.09028053283691406
0.07516264915466309
0.06078147888183594
0.04265451431274414
0.02837347984313965
0.10893440246582031
0.08464527130126953
0.08543539047241211
0.07108402252197266
0.05668520927429199
0.035707712173461914
0.10852909088134766
0.08455348014831543
0.07892799377441406
0.06439924240112305
0.0498204231262207
0.047942399978637695
0.03511238098144531
0.0973200798034668
0.08179879188537598
0.07393527030944824
0.07284092903137207
0.05103349685668945
0.03764605522155762
0.10744881629943848
0.10374855995178223
0.0926673412322998
0.07855653762817383
0.06468915939331055
0.04971003532409668
0.03553032875061035
0.09612154960632324
0.09249758720397949
0.07836246490478516
0.06419110298156738
0.049190521240234375
0.03415489196777344
0.11753678321838379
0.09458708763122559
0.08251762390136719
0.0680696964263916
0.05315852165222168
0.038600921630859375
0.11576485633850098
0.10483717918395996
0.09036469459533691
0.07584285736083984
0.060945987701416016
0.04667377471923828
0.03429532051086426
0.11427664756774902
0.10059928894042969
0.0879676342010498
0.08714938163757324
0.07207274436950684
0.05795907974243164
0.04331040382385254
0.11221170425415039
0.09815263748168945
0.08405351638793945
0.06605267524719238
0.05224490165710449
0.03974413871765137
0.1099245548248291
0.08396792411804199
0.07425618171691895
0.06451058387756348
0.05645918846130371
0.0424501895904541
0.1133737564086914
0.10375857353210449
0.09002542495727539
0.07525086402893066
0.0607762336730957
0.04688453674316406
0.032604217529296875
0.09034371376037598
0.07817935943603516
0.06960320472717285
0.058524131774902344
0.04492926597595215
0.03018951416015625
0.11095499992370605
0.08845329284667969
0.08031439781188965
0.0690765380859375
0.054863929748535156
0.041123151779174805
0.026993989944458008
0.10925126075744629
0.10202479362487793
0.08456182479858398
0.07031106948852539
0.05585503578186035
0.03808164596557617
0.09876751899719238
0.08274459838867188
0.07512879371643066
0.06098055839538574
0.04658174514770508
0.03178215026855469
0.11253857612609863
0.09859108924865723
0.0917665958404541
0.16883254051208496
0.15425801277160645
0.145233154296875
0.1419391632080078
0.13567495346069336
0.12225174903869629
0.10804319381713867
0.09363842010498047
0.07932877540588379
0.14554405212402344
0.1315915584564209
0.11789178848266602
0.09572529792785645
0.10053014755249023
0.08601808547973633
0.07157278060913086
0.05721306800842285
0.04242825508117676
0.10154390335083008
0.08657526969909668
0.07282352447509766
0.05883502960205078
0.0449824333190918
0.030771970748901367
0.10375595092773438
0.17008519172668457
0.15919876098632812
0.14565110206604004
0.1279764175415039
0.11228680610656738
0.09996175765991211
0.09832882881164551
0.08428001403808594
0.13173341751098633
0.13014936447143555
0.10049843788146973
0.08637285232543945
0.07300090789794922
0.05519413948059082
0.046076059341430664
0.03378129005432129
0.10720181465148926
0.0852651596069336
0.06708312034606934
0.05991482734680176
0.04889512062072754
0.03694725036621094
0.10577034950256348
0.18626809120178223
0.1662743091583252
0.14837265014648438
0.13393068313598633
0.12381291389465332
0.11247396469116211
0.1022958755493164
0.08800125122070312
0.07377266883850098
0.050702810287475586
0.11187076568603516
0.10912609100341797
0.09392166137695312
0.08344316482543945
0.0696103572845459
0.052371978759765625
0.03770089149475098
0.09532642364501953
0.17853593826293945
0.16658782958984375
0.15526366233825684
0.14338278770446777
0.14940285682678223
0.1345229148864746
0.12275338172912598
0.1084136962890625
0.09404397010803223
0.08959770202636719
0.07967257499694824
0.06812214851379395
0.20907998085021973
0.18432354927062988
0.17459535598754883
0.15993285179138184
0.14193105697631836
0.1277458667755127
0.11282706260681152
0.11503481864929199
0.09970426559448242
0.1501009464263916
0.13830232620239258
0.14496946334838867
0.09750676155090332
0.08349728584289551
0.06035041809082031
0.04628252983093262
0.03221845626831055
0.10146093368530273
0.18624091148376465
0.17171072959899902
0.15668463706970215
0.14335227012634277
0.12981915473937988
0.12324237823486328
0.10916876792907715
0.09492063522338867
0.08030915260314941
0.0740201473236084
0.06355452537536621
0.22479534149169922
0.21680188179016113
0.21363282203674316
0.2014174461364746
0.18908071517944336
0.171661376953125
0.1571788787841797
0.14192485809326172
0.12768006324768066
0.11333036422729492
0.09904193878173828
0.1562941074371338
0.14776968955993652
0.1341876983642578
0.12436866760253906
0.09235191345214844
0.07347607612609863
0.06240963935852051
0.049387216567993164
0.11352038383483887
0.19995832443237305
0.182969331741333
0.16998624801635742
0.15808558464050293
0.14525485038757324
0.1434791088104248
0.1401357650756836
0.12404322624206543
0.10909461975097656
0.0976567268371582
0.08320212364196777
0.06783652305603027
0.22326016426086426
0.22956609725952148
0.19572186470031738
0.1870741844177246
0.17395949363708496
0.15931344032287598
0.12990808486938477
0.1157236099243164
0.10117411613464355
0.16489028930664062
0.15042495727539062
0.1393890380859375
0.13138341903686523
0.119964599609375
0.09806537628173828
0.08392572402954102
0.06965994834899902
0.05434823036193848
0.03985166549682617
0.11046242713928223
0.18610906600952148
0.1751854419708252
0.16098356246948242
0.1495518684387207
0.1344311237335205
0.11957669258117676
0.10561490058898926
0.09131598472595215
0.08034563064575195
0.06583547592163086
0.223785400390625
0.21172404289245605
0.18302655220031738
0.18296337127685547
0.16805386543273926
0.15405917167663574
0.13908910751342773
0.12904047966003418
0.1151268482208252
0.10122060775756836
0.1672990322113037
0.156203031539917
0.14197182655334473
0.12728166580200195
0.11874055862426758
0.08090972900390625
0.06641268730163574
0.054384469985961914
0.04270434379577637
0.030105113983154297
0.10742998123168945
0.08053040504455566
0.06290793418884277
0.03316473960876465
0.11253976821899414
0.09275674819946289
0.1830594539642334
0.17380762100219727
0.159956693649292
0.14197087287902832
0.12398266792297363
0.10400915145874023
0.11060404777526855
0.09205913543701172
0.14517450332641602
0.13376617431640625
0.11938309669494629
0.10500359535217285
0.1108388900756836
0.09631061553955078
0.08043694496154785
0.05996108055114746
0.04581737518310547
0.10272026062011719
0.09008622169494629
0.07537651062011719
0.06004786491394043
0.04553103446960449
0.030873775482177734
0.10485506057739258
0.08190798759460449
0.07203841209411621
0.06155753135681152
0.047315120697021484
0.036527395248413086
0.11249375343322754
0.0946192741394043
0.08135581016540527
0.06905293464660645
0.06396937370300293
0.048845767974853516
0.037552833557128906
0.11261391639709473
0.08672690391540527
0.07260918617248535
0.057585954666137695
0.04487299919128418
0.03509354591369629
0.10962152481079102
0.10095906257629395
0.08692598342895508
0.08161664009094238
0.06280851364135742
0.048059940338134766
0.039415836334228516
0.10016131401062012
0.08511590957641602
0.07322216033935547
0.05877065658569336
0.044328927993774414
0.030300378799438477
0.09878110885620117
0.09990215301513672
0.08541393280029297
0.07099652290344238
0.056763410568237305
0.04221343994140625
0.027992963790893555
0.10237908363342285
0.08628416061401367
0.07089376449584961
0.0565035343170166
0.0525357723236084
0.03966069221496582
0.12343931198120117
0.11531448364257812
0.1013648509979248
0.08719134330749512
0.07373809814453125
0.06024909019470215
0.045133113861083984
0.030820369720458984
0.10405540466308594
0.0908970832824707
0.07645773887634277
0.06133294105529785
0.049623727798461914
0.03494620323181152
0.0917668342590332
0.07967638969421387
0.07053589820861816
0.056151628494262695
0.04197096824645996
0.027379751205444336
0.11667966842651367
0.10639452934265137
0.09193682670593262
0.07735800743103027
0.06275725364685059
0.04684710502624512
0.10834908485412598
0.08229780197143555
0.08175992965698242
0.06713032722473145
0.05310702323913574
0.03866243362426758
0.11161541938781738
0.10929274559020996
0.0922245979309082
0.07736945152282715
0.06147193908691406
0.046388864517211914
0.04025602340698242
0.09180545806884766
0.07819199562072754
0.061513662338256836
0.05771017074584961
0.04280853271484375
0.10533976554870605
0.08487176895141602
0.08250045776367188
0.07058858871459961
0.05619978904724121
0.04177236557006836
0.02733778953552246
0.10386919975280762
0.08592700958251953
0.07546758651733398
0.06121420860290527
0.0472409725189209
0.03858447074890137
0.02796316146850586
0.09938836097717285
0.08292579650878906
0.08410000801086426
0.0713496208190918
0.05704331398010254
0.04241466522216797
0.10880255699157715
0.09162569046020508
0.08336853981018066
0.0687718391418457
0.051239728927612305
0.038198232650756836
0.02900099754333496
0.10202860832214355
0.08355593681335449
0.07369375228881836
0.0627737045288086
0.05003643035888672
0.036345481872558594
0.09820437431335449
0.07998991012573242
0.07233691215515137
0.05743002891540527
0.043646812438964844
0.029167652130126953
0.11066699028015137
0.0913841724395752
0.06154680252075195
0.04694819450378418
0.029235124588012695
0.11049222946166992
0.08711862564086914
0.07011008262634277
0.05406379699707031
0.04141378402709961
0.028670310974121094
0.11004495620727539
0.08462023735046387
0.07107377052307129
0.07467103004455566
0.060877084732055664
0.04660367965698242
0.03241562843322754
0.09863901138305664
0.08269834518432617
0.06648111343383789
0.05745673179626465
0.043138742446899414
0.03491377830505371
0.10549354553222656
0.08300161361694336
0.07084774971008301
0.06661725044250488
0.04857492446899414
0.03425884246826172
0.1108553409576416
0.08792734146118164
0.07377409934997559
0.059603214263916016
0.05257749557495117
0.041140079498291016
0.12173867225646973
0.1074821949005127
0.09288835525512695
0.08384037017822266
0.06923270225524902
0.054415225982666016
0.037039756774902344
0.10684609413146973
0.08938360214233398
0.08380842208862305
0.07256436347961426
0.05339384078979492
0.03863525390625
0.10116720199584961
0.09159255027770996
0.08407092094421387
0.06953787803649902
0.04872274398803711
0.034209489822387695
0.10642766952514648
0.08365511894226074
0.07057595252990723
0.06128191947937012
0.06011152267456055
0.04564046859741211
0.03165578842163086
0.09016942977905273
0.07820320129394531
0.06531047821044922
0.05622220039367676
0.04188966751098633
0.030616044998168945
0.10824704170227051
0.08863997459411621
0.07534551620483398
0.06107068061828613
0.06035757064819336
0.04455876350402832
0.12607693672180176
0.09722018241882324
0.08199644088745117
0.0682833194732666
0.05317401885986328
0.03855323791503906
0.11431527137756348
0.10068988800048828
0.09507513046264648
0.08154535293579102
0.06413888931274414
0.05019426345825195
0.035241127014160156
0.10870218276977539
0.08626842498779297
0.07264208793640137
0.054332733154296875
0.039562225341796875
0.021113157272338867
0.09569191932678223
0.09483647346496582
0.08082127571105957
0.06668281555175781
0.05277395248413086
0.03835034370422363
0.024285554885864258
0.10991048812866211
0.0949716567993164
0.07984709739685059
0.057100772857666016
0.04245805740356445
0.11492156982421875
0.08989548683166504
0.07966947555541992
0.06035590171813965
0.05270123481750488
0.03825974464416504
0.10947608947753906
0.08644723892211914
0.07134866714477539
0.05670452117919922
0.04812192916870117
0.041530609130859375
0.12213969230651855
0.10521173477172852
0.09124016761779785
0.07659173011779785
0.06232309341430664
0.04785513877868652
0.033248186111450195
0.11268281936645508
0.10255885124206543
0.08454203605651855
0.07054924964904785
0.07262945175170898
0.05832529067993164
0.044275522232055664
0.11080265045166016
0.09222149848937988
0.0788264274597168
0.06544065475463867
0.05140399932861328
0.04699444770812988
0.03500175476074219
0.10508871078491211
0.09189939498901367
0.07790017127990723
0.06360936164855957
0.049242258071899414
0.039110422134399414
0.10918116569519043
0.0793924331665039
0.07443428039550781
0.06659102439880371
0.0517735481262207
0.03677725791931152
0.11043548583984375
0.0879368782043457
0.09017157554626465
0.07707738876342773
0.06340193748474121
0.04992794990539551
0.03550577163696289
0.09425115585327148
0.0864095687866211
0.07201433181762695
0.058367252349853516
0.044475555419921875
0.040738821029663086
0.11127424240112305
0.1115717887878418
0.0972452163696289
0.08314919471740723
0.06474661827087402
0.050316810607910156
0.036762237548828125
0.10617923736572266
0.08825016021728516
0.06994891166687012
0.051743507385253906
0.03742027282714844
0.026673555374145508
0.09259843826293945
0.08019709587097168
0.06268930435180664
0.04457497596740723
0.04315972328186035
0.02998638153076172
0.10492706298828125
0.09158730506896973
0.08591628074645996
0.07151627540588379
0.05753016471862793
0.043729305267333984
0.029652833938598633
0.09982681274414062
0.05832552909851074
0.05206942558288574
0.03279852867126465
0.11160850524902344
0.09993410110473633
0.09546518325805664
0.08114123344421387
0.0666801929473877
0.05201220512390137
0.03798198699951172
0.1089029312133789
0.08558511734008789
0.07125043869018555
0.08085107803344727
0.06691646575927734
0.05281186103820801
0.11306405067443848
0.09948587417602539
0.08554506301879883
0.08111977577209473
0.06629109382629395
0.051877737045288086
0.04092121124267578
0.11039495468139648
0.09109020233154297
0.07609105110168457
0.06216144561767578
0.04819083213806152
0.03460383415222168
0.024523019790649414
0.09975337982177734
0.09982514381408691
0.0855247974395752
0.07071089744567871
0.056008338928222656
0.033939361572265625
0.10848426818847656
0.0868678092956543
0.07244348526000977
0.05774688720703125
0.04170584678649902
0.037445068359375
0.10708236694335938
0.08994340896606445
0.07602238655090332
0.0653996467590332
0.04819440841674805
0.04204916954040527
0.0313112735748291
0.10022711753845215
0.09395742416381836
0.07999897003173828
0.0654439926147461
0.051110267639160156
0.03620624542236328
0.1146852970123291
0.09340596199035645
0.0794069766998291
0.06543612480163574
0.0569455623626709
0.04218149185180664
0.027494430541992188
0.09817767143249512
0.08647751808166504
0.07225680351257324
0.05770230293273926
0.055258989334106445
0.04238700866699219
0.12157773971557617
0.10374879837036133
0.09077143669128418
0.07629847526550293
0.047556161880493164
0.032804250717163086
0.1261446475982666
0.1014404296875
0.08718633651733398
0.0718686580657959
0.05654001235961914
0.04211139678955078
0.12083172798156738
0.09575128555297852
0.08061337471008301
0.06588339805603027
0.05132341384887695
0.04030203819274902
0.03248167037963867
0.10513854026794434
0.08257436752319336
0.08305120468139648
0.0691828727722168
0.05498027801513672
0.04110527038574219
0.1112680435180664
0.10114216804504395
0.08698797225952148
0.07257771492004395
0.05791306495666504
0.044976234436035156
0.033307552337646484
0.11219024658203125
0.1122589111328125
0.09830927848815918
0.08376336097717285
0.0690457820892334
0.051824331283569336
0.03823995590209961
0.11110544204711914
0.08577537536621094
0.07203173637390137
0.05775117874145508
0.04006242752075195
0.034515380859375
0.1242835521697998
0.10980796813964844
0.08964109420776367
0.07508683204650879
0.057363271713256836
0.04323458671569824
0.1048271656036377
0.08738422393798828
0.07637858390808105
0.061446189880371094
0.05819559097290039
0.04312610626220703
0.11018681526184082
0.0857234001159668
0.07154560089111328
0.056966304779052734
0.044035911560058594
0.027940750122070312
0.10154414176940918
0.08790040016174316
0.07385706901550293
0.059602975845336914
0.05361199378967285
0.044119834899902344
0.03111124038696289
0.09305858612060547
0.07870268821716309
0.06541872024536133
0.05635190010070801
0.04911470413208008
0.03501605987548828
0.11168766021728516
0.09961199760437012
0.08511638641357422
0.07001829147338867
0.05531477928161621
0.04068779945373535
0.133833646774292
0.11515212059020996
0.10156083106994629
0.08713483810424805
0.07213068008422852
0.0572357177734375
0.04319643974304199
0.11392545700073242
0.08849072456359863
0.08294057846069336
0.06826663017272949
0.05399465560913086
0.03975224494934082
0.11244893074035645
0.09444546699523926
0.08030939102172852
0.06630587577819824
0.025084733963012695
0.1225121021270752
0.10585379600524902
0.09141421318054199
0.07701683044433594
0.06261491775512695
0.048670053482055664
0.03429388999938965
0.10060238838195801
0.08582329750061035
0.07472372055053711
0.059491634368896484
0.0487363338470459
0.034247636795043945
0.11154866218566895
0.10046267509460449
0.08983349800109863
0.07545995712280273
0.06078386306762695
0.046105146408081055
0.03092169761657715
0.10625505447387695
0.08564281463623047
0.07099461555480957
0.05949974060058594
0.053536415100097656
0.041489362716674805
0.19483137130737305
0.17792701721191406
0.16310882568359375
0.15883207321166992
0.1446094512939453
0.12969565391540527
0.11463308334350586
0.13400959968566895
0.11065030097961426
0.0967717170715332
0.08030200004577637
0.06425285339355469
0.09621667861938477
0.08533787727355957
0.07882952690124512
0.07048678398132324
0.05264759063720703
0.038674116134643555
0.09872555732727051
0.09238648414611816
0.07036375999450684
0.05552077293395996
0.04156327247619629
0.026734113693237305
0.09480667114257812
0.0832517147064209
0.06830501556396484
0.0543675422668457
0.04589509963989258
0.03618049621582031
0.10922765731811523
0.09081530570983887
0.0765831470489502
0.07425332069396973
0.06368064880371094
0.055054426193237305
0.11550498008728027
0.09643912315368652
0.08172106742858887
0.08843350410461426
0.07628059387207031
0.0614626407623291
0.0475926399230957
0.11484432220458984
0.11180400848388672
0.09778237342834473
0.07981276512145996
0.06487655639648438
0.043478965759277344
0.10817956924438477
0.08421540260314941
0.07165050506591797
0.06461596488952637
0.05039167404174805
0.04032611846923828
0.025786638259887695
0.09924888610839844
0.07987546920776367
0.0921788215637207
0.08063435554504395
0.06590414047241211
0.051422119140625
0.1139974594116211
0.0885617733001709
0.07361650466918945
0.06488680839538574
0.050038814544677734
0.03796958923339844
0.031082630157470703
0.10613107681274414
0.08657097816467285
0.06509613990783691
0.050159454345703125
0.036045074462890625
0.021439075469970703
0.10912299156188965
0.09119176864624023
0.07995414733886719
0.07386064529418945
0.060872554779052734
0.046320438385009766
0.031561851501464844
0.09969329833984375
0.08960819244384766
0.08235549926757812
0.06784343719482422
0.0532686710357666
0.03886246681213379
0.11247014999389648
0.08922457695007324
0.07427668571472168
0.0602419376373291
0.046390533447265625
0.029258251190185547
0.10334420204162598
0.10117435455322266
0.09160351753234863
0.0765829086303711
0.06347107887268066
0.048752546310424805
0.03457307815551758
0.09053373336791992
0.08458685874938965
0.07043051719665527
0.0558469295501709
0.052696943283081055
0.03967428207397461
0.10979270935058594
0.08465957641601562
0.07492661476135254
0.05986166000366211
0.04963517189025879
0.04157710075378418
0.11108803749084473
0.10437798500061035
0.09034109115600586
0.0759127140045166
0.06234884262084961
0.04816627502441406
0.03361392021179199
0.11104369163513184
0.0854499340057373
0.07769918441772461
0.05366063117980957
0.03867292404174805
0.11322021484375
0.10523200035095215
0.09103560447692871
0.07666945457458496
0.06018948554992676
0.048789024353027344
0.03452897071838379
0.11287069320678711
0.09828829765319824
0.08509516716003418
0.0786447525024414
0.0666506290435791
0.05244708061218262
0.03802227973937988
0.1093142032623291
0.09702444076538086
0.08294963836669922
0.07327914237976074
0.06399226188659668
0.050002336502075195
0.0349273681640625
0.1092524528503418
0.08312845230102539
0.08313465118408203
0.06582522392272949
0.05104255676269531
0.036794185638427734
0.11028933525085449
0.09907984733581543
0.08497095108032227
0.06694602966308594
0.05240201950073242
0.03798699378967285
0.10908389091491699
0.1009213924407959
0.08700108528137207
0.07276201248168945
0.06194567680358887
0.04114270210266113
0.02668476104736328
0.0933690071105957
0.07933473587036133
0.07750248908996582
0.06352019309997559
0.04929375648498535
0.03478550910949707
0.11959362030029297
0.09465885162353516
0.08041048049926758
0.0658879280090332
0.0519101619720459
0.03756976127624512
0.0294644832611084
0.09284710884094238
0.09265923500061035
0.07798337936401367
0.06344771385192871
0.050019264221191406
0.03571343421936035
0.11014914512634277
0.08414387702941895
0.07912015914916992
0.06814408302307129
0.05605006217956543
0.04064011573791504
0.1151421070098877
0.10021591186523438
0.08564591407775879
0.06761765480041504
0.04969286918640137
0.03914690017700195
0.02737736701965332
0.0905144214630127
0.07818174362182617
0.06583094596862793
0.05615639686584473
0.04592323303222656
0.03026866912841797
0.10519194602966309
0.09025955200195312
0.07604861259460449
0.06151223182678223
0.0466303825378418
0.031934499740600586
0.11598944664001465
0.09112334251403809
0.0736234188079834
0.06011843681335449
0.045163631439208984
0.03246760368347168
0.09606432914733887
0.09482192993164062
0.09126925468444824
0.07734513282775879
0.06570267677307129
0.05170750617980957
0.03740286827087402
0.09127449989318848
0.08331537246704102
0.07274651527404785
0.05844545364379883
0.04454803466796875
0.024137020111083984
0.10257911682128906
0.09640836715698242
0.09131336212158203
0.07891392707824707
0.06438899040222168
0.05038022994995117
0.10749220848083496
0.09997344017028809
0.08594775199890137
0.07176685333251953
0.05769538879394531
0.04347634315490723
0.029230594635009766
0.09663915634155273
0.08240509033203125
0.0681450366973877
0.053925514221191406
0.05138850212097168
0.034633636474609375
0.10975313186645508
0.08761715888977051
0.07349181175231934
0.062348365783691406
0.04153299331665039
0.0270688533782959
0.10444784164428711
0.08928561210632324
0.07507085800170898
0.060692548751831055
0.045789480209350586
0.04300045967102051
0.10708785057067871
0.08440470695495605
0.07576632499694824
0.06159043312072754
0.04756331443786621
0.03275108337402344
0.11603903770446777
0.10146498680114746
0.08751630783081055
0.07350397109985352
0.07761716842651367
0.06360673904418945
0.04867148399353027
0.03348946571350098
0.08775806427001953
0.07873368263244629
0.0678863525390625
0.05357480049133301
0.039406538009643555
0.0334019660949707
0.09216642379760742
0.08379650115966797
0.08058500289916992
0.0689246654510498
0.05477094650268555
0.04079127311706543
0.12151145935058594
0.09961128234863281
0.08553624153137207
0.07114219665527344
0.05697011947631836
0.04250955581665039
0.028856515884399414
0.10348629951477051
0.09027504920959473
0.07926082611083984
0.06479120254516602
0.04982924461364746
0.03639411926269531
0.026946306228637695
0.10011148452758789
0.08650732040405273
0.08245587348937988
0.0678873062133789
0.04992389678955078
0.03568696975708008
0.11698603630065918
0.09151005744934082
0.07701492309570312
0.0630643367767334
0.054377079010009766
0.023882627487182617
0.10119938850402832
0.08315563201904297
0.07683086395263672
0.07635211944580078
0.06139683723449707
0.04646778106689453
0.10723090171813965
0.08323216438293457
0.06829571723937988
0.05436444282531738
0.053038597106933594
0.04025387763977051
0.10519623756408691
0.09173917770385742
0.07861328125
0.064178466796875
0.04981541633605957
0.03385782241821289
0.10875439643859863
0.10145926475524902
0.0884404182434082
0.07416105270385742
0.05925798416137695
0.04448246955871582
0.029698610305786133
0.09825611114501953
0.0824739933013916
0.06976604461669922
0.0570375919342041
0.05357193946838379
0.04167795181274414
0.11292767524719238
0.11478257179260254
0.10085821151733398
0.08597421646118164
0.07172322273254395
0.05655670166015625
0.04187917709350586
0.027916669845581055
0.10095643997192383
0.08003091812133789
0.07076311111450195
0.05681777000427246
0.04307746887207031
0.030802249908447266
0.1112813949584961
0.09189915657043457
0.09660935401916504
0.08430218696594238
0.0704197883605957
0.05296611785888672
0.0354611873626709
0.09125113487243652
0.07962942123413086
0.0716710090637207
0.07131505012512207
0.05712890625
0.03596162796020508
0.10071754455566406
0.0862123966217041
0.0789651870727539
0.0726768970489502
0.05792498588562012
0.04343247413635254
0.029259204864501953
0.09902644157409668
0.08527684211730957
0.07071828842163086
0.055521249771118164
0.042984724044799805
0.11035966873168945
0.0870509147644043
0.07296037673950195
0.060074567794799805
0.05024003982543945
0.048271894454956055
0.03452444076538086
0.09356188774108887
0.07832002639770508
0.06775856018066406
0.05345439910888672
0.04003310203552246
0.030785083770751953
0.10487651824951172
0.08401918411254883
0.07075166702270508
0.05959153175354004
0.044404029846191406
0.030089855194091797
0.0950624942779541
0.08063292503356934
0.07102632522583008
0.06462311744689941
0.05024528503417969
0.035546064376831055
0.11032676696777344
0.08962035179138184
0.07469010353088379
0.07462239265441895
0.05956554412841797
0.045693397521972656
0.03440690040588379
0.09192252159118652
0.07733368873596191
0.07335019111633301
0.06426525115966797
0.06222939491271973
0.04857969284057617
0.10873556137084961
0.09501481056213379
0.07312417030334473
0.05787467956542969
0.04023933410644531
0.11690211296081543
0.09651732444763184
0.08671069145202637
0.07260537147521973
0.06825566291809082
0.058695316314697266
0.05377459526062012
0.03996634483337402
0.09214544296264648
0.09994244575500488
0.08545351028442383
0.0705270767211914
0.05658388137817383
0.04278230667114258
0.09212064743041992
0.07341504096984863
0.06427574157714844
0.05742502212524414
0.04351496696472168
0.11520075798034668
0.09372854232788086
0.10142922401428223
0.08420181274414062
0.07021546363830566
0.05727720260620117
0.04073333740234375
0.10769844055175781
0.08380794525146484
0.08520984649658203
0.07349491119384766
0.061353206634521484
0.04921126365661621
0.03436112403869629
0.10347986221313477
0.08255243301391602
0.06949782371520996
0.060975074768066406
0.04602861404418945
0.03198814392089844
0.11261963844299316
0.09805655479431152
0.0882728099822998
0.07322525978088379
0.06651735305786133
0.06303787231445312
0.04816722869873047
0.033646583557128906
0.1023557186126709
0.08341550827026367
0.06946134567260742
0.05621957778930664
0.04797220230102539
0.03677225112915039
0.1334395408630371
0.10856342315673828
0.09453845024108887
0.08061528205871582
0.06665277481079102
0.053224802017211914
0.039276123046875
0.09975695610046387
0.08360695838928223
0.0731191635131836
0.05787992477416992
0.04389166831970215
0.03800654411315918
0.02486705780029297
0.10331320762634277
0.0908043384552002
0.0759134292602539
0.05855512619018555
0.043466806411743164
0.02587890625
0.10927700996398926
0.09035491943359375
0.07955789566040039
0.0620112419128418
0.047812700271606445
0.03337526321411133
0.0932004451751709
0.08142256736755371
0.07648849487304688
0.06351137161254883
0.048520565032958984
0.03157615661621094
0.12128734588623047
0.09944629669189453
0.0814962387084961
0.06752800941467285
0.053323984146118164
0.039211273193359375
0.11202573776245117
0.08773922920227051
0.07364487648010254
0.05930829048156738
0.04723548889160156
0.039324283599853516
0.11591506004333496
0.11468386650085449
0.0997459888458252
0.08451557159423828
0.07012772560119629
0.04933524131774902
0.03570866584777832
0.11156654357910156
0.08667850494384766
0.07162642478942871
0.05747866630554199
0.04717302322387695
0.03903961181640625
0.10944652557373047
0.08766317367553711
0.08043742179870605
0.06641268730163574
0.05274033546447754
0.03821849822998047
0.11170506477355957
0.10360026359558105
0.09273171424865723
0.08360147476196289
0.06897830963134766
0.05437588691711426
0.041054487228393555
0.11059737205505371
0.09455037117004395
0.08029365539550781
0.06576156616210938
0.05086112022399902
0.04000663757324219
0.1020650863647461
0.09090280532836914
0.07611727714538574
0.061189889907836914
0.043439626693725586
0.0371556282043457
0.11087512969970703
0.0922853946685791
0.07947206497192383
0.06703662872314453
0.06450676918029785
0.050568580627441406
0.035892486572265625
0.10644674301147461
0.08677959442138672
0.07530641555786133
0.06725931167602539
0.05302715301513672
0.03908872604370117
0.12937092781066895
0.11569809913635254
0.09769654273986816
0.08267331123352051
0.06832504272460938
0.053824424743652344
0.04031944274902344
0.11312103271484375
0.08231711387634277
0.0758354663848877
0.0615081787109375
0.04720926284790039
0.13207387924194336
0.1013333797454834
0.08698439598083496
0.07322144508361816
0.06462502479553223
0.05454897880554199
0.03727459907531738
0.10879921913146973
0.10778617858886719
0.09296846389770508
0.07837510108947754
0.06386327743530273
0.04949760437011719
0.03406047821044922
0.09594559669494629
0.08094501495361328
0.05839276313781738
0.04398632049560547
0.04003429412841797
0.0259397029876709
0.09576034545898438
0.08520388603210449
0.07108020782470703
0.0569455623626709
0.048921823501586914
0.0342252254486084
0.11182236671447754
0.1011204719543457
0.09056329727172852
0.07602310180664062
0.06205582618713379
0.06221127510070801
0.04784727096557617
0.033748626708984375
0.1000974178314209
0.08520197868347168
0.07961630821228027
0.06463122367858887
0.04971003532409668
0.034613609313964844
0.10683655738830566
0.08620810508728027
0.07509422302246094
0.06014728546142578
0.04519772529602051
0.031083345413208008
0.11845183372497559
0.10222029685974121
0.08449649810791016
0.07052016258239746
0.05559229850769043
0.036121368408203125
0.10643172264099121
0.08849692344665527
0.07494640350341797
0.054898738861083984
0.04196929931640625
0.04336237907409668
0.11100649833679199
0.09168171882629395
0.07770013809204102
0.061746835708618164
0.05167222023010254
0.03774690628051758
0.023411273956298828
0.11407589912414551
0.09514236450195312
0.08050012588500977
0.06604146957397461
0.052252769470214844
0.03790092468261719
0.10783720016479492
0.09173226356506348
0.07772517204284668
0.06243014335632324
0.04819226264953613
0.03439974784851074
0.021994352340698242
0.09908413887023926
0.10304117202758789
0.08997607231140137
0.07563018798828125
0.0613245964050293
0.046903133392333984
0.03184795379638672
0.09584856033325195
0.08744692802429199
0.07350373268127441
0.06769752502441406
0.052724599838256836
0.030832529067993164
0.09210705757141113
0.0741887092590332
0.06051230430603027
0.0484921932220459
0.03989052772521973
0.025528669357299805
0.10113954544067383
0.0842130184173584
0.07779955863952637
0.06765127182006836
0.05404829978942871
0.03979063034057617
0.025509357452392578
0.10594582557678223
0.08842706680297852
0.07414412498474121
0.055518150329589844
0.03771495819091797
0.11556577682495117
0.10200309753417969
0.08848452568054199
0.08576798439025879
0.07149696350097656
0.05728268623352051
0.04352593421936035
0.02928614616394043
0.0908041000366211
0.07674884796142578
0.07883405685424805
0.06058907508850098
0.04662346839904785
0.03217911720275879
0.0966956615447998
0.07845473289489746
0.06439042091369629
0.06505131721496582
0.051363229751586914
0.0367131233215332
0.11646389961242676
0.0925896167755127
0.07845830917358398
0.06396651268005371
0.05002331733703613
0.12922930717468262
0.11813592910766602
0.10420465469360352
0.08822298049926758
0.07301712036132812
0.05285382270812988
0.0403895378112793
0.11826109886169434
0.09136629104614258
0.07630681991577148
0.06574320793151855
0.050827980041503906
0.036414146423339844
0.1087045669555664
0.08696675300598145
0.09179377555847168
0.07698583602905273
0.06275296211242676
0.04790186882019043
0.03381681442260742
0.10835123062133789
0.09132695198059082
0.0817708969116211
0.06781721115112305
0.05282855033874512
0.04357099533081055
0.11305022239685059
0.0883173942565918
0.07886266708374023
0.07355189323425293
0.058634281158447266
0.04360175132751465
0.12295794486999512
0.09755492210388184
0.07672739028930664
0.0626678466796875
0.04870319366455078
0.03449296951293945
0.10897254943847656
0.09392714500427246
0.08815407752990723
0.07498908042907715
0.06077837944030762
0.04583454132080078
0.029848575592041016
0.09245085716247559
0.08928942680358887
0.07422590255737305
0.05954384803771973
0.04857182502746582
0.035535573959350586
0.09239482879638672
0.08001351356506348
0.07407426834106445
0.06850314140319824
0.05460500717163086
0.04070329666137695
0.10827350616455078
0.08930587768554688
0.09214282035827637
0.07779526710510254
0.0637056827545166
0.04935431480407715
0.03462815284729004
0.1041722297668457
0.0838780403137207
0.06914043426513672
0.05474448204040527
0.05478549003601074
0.04033946990966797
0.11404037475585938
0.08784914016723633
0.08907175064086914
0.07555246353149414
0.06122708320617676
0.0464320182800293
0.0325467586517334
0.09447169303894043
0.07981991767883301
0.07694697380065918
0.06328129768371582
0.049002885818481445
0.03411126136779785
0.10544085502624512
0.09995102882385254
0.0857234001159668
0.06391716003417969
0.04947471618652344
0.0350642204284668
0.10770344734191895
0.08487224578857422
0.08859801292419434
0.0735931396484375
0.058846473693847656
0.04364180564880371
0.02942824363708496
0.10892391204833984
0.09201192855834961
0.07761240005493164
0.06316518783569336
0.05158853530883789
0.037836313247680664
0.11213874816894531
0.08431315422058105
0.0751948356628418
0.0774083137512207
0.06325268745422363
0.04881167411804199
0.0351567268371582
0.09625029563903809
0.08178234100341797
0.06751585006713867
0.04914283752441406
0.047075748443603516
0.033359527587890625
0.09458184242248535
0.08043146133422852
0.0670175552368164
0.05422353744506836
0.04945206642150879
0.037944793701171875
0.1078023910522461
0.08495306968688965
0.07546091079711914
0.06734442710876465
0.05807924270629883
0.04345250129699707
0.029333114624023438
0.10582637786865234
0.08689427375793457
0.06836414337158203
0.05412101745605469
0.04338502883911133
0.03167128562927246
0.11173105239868164
0.08757758140563965
0.07423925399780273
0.06066417694091797
0.0508730411529541
0.032933950424194336
0.10944199562072754
0.09757328033447266
0.08535599708557129
0.06908655166625977
0.05658149719238281
0.05064129829406738
0.041193485260009766
0.11478161811828613
0.08655476570129395
0.07234501838684082
0.0664527416229248
0.05134916305541992
0.03702855110168457
0.11499547958374023
0.08911585807800293
0.07457137107849121
0.05965471267700195
0.038761138916015625
0.031216859817504883
0.09240984916687012
0.09277486801147461
0.07843828201293945
0.06344056129455566
0.05264687538146973
0.03921699523925781
0.11066389083862305
0.08453798294067383
0.07457637786865234
0.059804439544677734
0.04918074607849121
0.03901863098144531
0.02304816246032715
0.09368228912353516
0.07890701293945312
0.06984949111938477
0.06654119491577148
0.05281519889831543
0.03861379623413086
0.10924744606018066
0.09429216384887695
0.0796961784362793
0.06527566909790039
0.051087379455566406
0.03635597229003906
0.1112825870513916
0.08489036560058594
0.07205033302307129
0.06311702728271484
0.054816246032714844
0.04138922691345215
0.11325669288635254
0.0832219123840332
0.06935548782348633
0.057839155197143555
0.05551576614379883
0.04360342025756836
0.11173558235168457
0.08665871620178223
0.07133007049560547
0.056903839111328125
0.05350327491760254
0.04377436637878418
0.029497385025024414
0.09885001182556152
0.08289980888366699
0.07609677314758301
0.06239438056945801
0.04822111129760742
0.033982276916503906
0.028903961181640625
0.09001731872558594
0.07812786102294922
0.06342673301696777
0.052518606185913086
0.03790593147277832
0.022936582565307617
0.11318469047546387
0.09871435165405273
0.08115196228027344
0.06624674797058105
0.05194687843322754
0.034618377685546875
0.10171961784362793
0.08764410018920898
0.06630492210388184
0.04875779151916504
0.03470587730407715
0.1137080192565918
0.10585641860961914
0.09186077117919922
0.07797026634216309
0.0628201961517334
0.04455089569091797
0.11277556419372559
0.09804558753967285
0.09305000305175781
0.07822489738464355
0.06435227394104004
0.05015134811401367
0.036196231842041016
0.11002850532531738
0.10133862495422363
0.08850693702697754
0.07402658462524414
0.059548377990722656
0.04588007926940918
0.033643484115600586
0.10859513282775879
0.08980560302734375
0.0811009407043457
0.0697486400604248
0.055239200592041016
0.11464190483093262
0.09665870666503906
0.08608269691467285
0.07182502746582031
0.057233333587646484
0.04272651672363281
0.025133848190307617
0.09335184097290039
0.07924938201904297
0.07898712158203125
0.06462359428405762
0.05000138282775879
0.03612709045410156
0.11286044120788574
0.08770418167114258
0.07355403900146484
0.0585331916809082
0.0528712272644043
0.038313865661621094
0.11406540870666504
0.09552383422851562
0.08550834655761719
0.07130002975463867
0.05731701850891113
0.0519108772277832
0.038016319274902344
0.10240411758422852
0.08715581893920898
0.08435463905334473
0.06946468353271484
0.055521488189697266
0.04155397415161133
0.027597427368164062
0.10159015655517578
0.0946664810180664
0.08065176010131836
0.06642413139343262
0.0520172119140625
0.037606239318847656
0.11063456535339355
0.08766698837280273
0.0736541748046875
0.059581756591796875
0.04508256912231445
0.031150341033935547
0.11232757568359375
0.09844756126403809
0.08590006828308105
0.08824706077575684
0.07816576957702637
0.066009521484375
0.05236339569091797
0.038073062896728516
0.11887097358703613
0.0988922119140625
0.08485889434814453
0.07114696502685547
0.05689525604248047
0.0427095890045166
0.10848426818847656
0.09153246879577637
0.07720398902893066
0.0629889965057373
0.048163652420043945
0.03394031524658203
0.11506414413452148
0.10346341133117676
0.11110234260559082
0.09726166725158691
0.07941627502441406
0.06437158584594727
0.04642987251281738
0.1018056869506836
0.0827634334564209
0.06793999671936035
0.07603955268859863
0.06187796592712402
0.047956228256225586
0.10720610618591309
0.09750509262084961
0.08257651329040527
0.07685089111328125
0.06620621681213379
0.052541494369506836
0.09536218643188477
0.07898807525634766
0.07188796997070312
0.05661749839782715
0.042255401611328125
0.027369976043701172
0.10805535316467285
0.08512449264526367
0.0713350772857666
0.059178829193115234
0.047017812728881836
0.03464460372924805
0.1348719596862793
0.12103438377380371
0.10408997535705566
0.08985733985900879
0.0719451904296875
0.060102224349975586
0.049951791763305664
0.11673188209533691
0.08686447143554688
0.07278776168823242
0.058439016342163086
0.045385122299194336
0.0373072624206543
0.12390995025634766
0.09505105018615723
0.08082890510559082
0.058611154556274414
0.04407930374145508
0.029865026473999023
0.09517216682434082
0.08379960060119629
0.06975388526916504
0.055031776428222656
0.03880906105041504
0.032172441482543945
0.11704587936401367
0.09712481498718262
0.07903933525085449
0.06068897247314453
0.0460205078125
0.031030654907226562
0.11972570419311523
0.0978081226348877
0.08341741561889648
0.06869149208068848
0.05062127113342285
0.03535890579223633
0.11699962615966797
0.09694957733154297
0.08259844779968262
0.06812548637390137
0.054436683654785156
0.03597402572631836
0.11209583282470703
0.08925962448120117
0.07520914077758789
0.06082773208618164
0.04599261283874512
0.03021836280822754
0.10772538185119629
0.08679890632629395
0.08643341064453125
0.07237458229064941
0.039048194885253906
0.11338353157043457
0.08990979194641113
0.07734370231628418
0.06488466262817383
0.052327871322631836
0.03739643096923828
0.03270316123962402
0.09974265098571777
0.08256292343139648
0.07716226577758789
0.07050347328186035
0.05689740180969238
0.037439823150634766
0.09280753135681152
0.08074641227722168
0.0673990249633789
0.05503702163696289
0.04627847671508789
0.0316157341003418
0.1171872615814209
0.09130215644836426
0.07714247703552246
0.06295204162597656
0.058382511138916016
0.044266462326049805
0.029334545135498047
0.10313105583190918
0.08664155006408691
0.07336020469665527
0.062314510345458984
0.057427406311035156
0.04275846481323242
0.028487205505371094
0.09007525444030762
0.08528327941894531
0.0711526870727539
0.05689096450805664
0.04735684394836426
0.033078670501708984
0.10574746131896973
0.08483195304870605
0.08223962783813477
0.06801247596740723
0.05387711524963379
0.039510488510131836
0.024008512496948242
0.09916210174560547
0.09070014953613281
0.07645559310913086
0.047358036041259766
0.032866477966308594
0.11316370964050293
0.08796191215515137
0.0773763656616211
0.07748007774353027
0.06322145462036133
0.048333168029785156
0.03351759910583496
0.10195517539978027
0.08750605583190918
0.07216310501098633
0.055346012115478516
0.03997611999511719
0.03606152534484863
0.10411667823791504
0.08762431144714355
0.0794072151184082
0.061554670333862305
0.04789113998413086
0.0334019660949707
0.10939621925354004
0.08583784103393555
0.07548880577087402
0.06812548637390137
0.05382990837097168
0.03596210479736328
0.13154053688049316
0.1099238395690918
0.09634971618652344
0.08271431922912598
0.06506562232971191
0.051254987716674805
0.09528470039367676
0.08356380462646484
0.06945013999938965
0.05504441261291504
0.04571342468261719
0.03583574295043945
0.12554264068603516
0.10179471969604492
0.08727407455444336
0.07943558692932129
0.06456279754638672
0.05036640167236328
0.03553342819213867
0.0912175178527832
0.08017325401306152
0.06566381454467773
0.05204606056213379
0.03969287872314453
0.027369260787963867
0.11012625694274902
0.08765149116516113
0.07249951362609863
0.057707786560058594
0.045476675033569336
0.0477447509765625
0.11001777648925781
0.08901047706604004
0.07211613655090332
0.06259298324584961
0.0532679557800293
0.03490757942199707
0.1077113151550293
0.08458828926086426
0.06642770767211914
0.05842399597167969
0.05387425422668457
0.044846534729003906
0.11641168594360352
0.09070992469787598
0.07583880424499512
0.06849884986877441
0.05382895469665527
0.036072731018066406
0.09462809562683105
0.07328081130981445
0.0726931095123291
0.05808711051940918
0.04090428352355957
0.027317523956298828
0.10239195823669434
0.0854647159576416
0.07748675346374512
0.0625619888305664
0.05558037757873535
0.04759716987609863
0.1130521297454834
0.08020305633544922
0.08212685585021973
0.07192134857177734
0.05431008338928223
0.04040193557739258
0.09423065185546875
0.08292889595031738
0.06842947006225586
0.05489349365234375
0.04549765586853027
0.038541316986083984
0.11393332481384277
0.08975791931152344
0.07575583457946777
0.05779266357421875
0.04332304000854492
0.032533884048461914
0.11419677734375
0.09990072250366211
0.08587408065795898
0.07169651985168457
0.05788922309875488
0.04315996170043945
0.11207246780395508
0.08745861053466797
0.07292675971984863
0.05864548683166504
0.04990744590759277
0.03238630294799805
0.10979294776916504
0.0978078842163086
0.08605217933654785
0.07171106338500977
0.05675101280212402
0.044100284576416016
0.026005983352661133
0.09347939491271973
0.08847188949584961
0.071075439453125
0.05633807182312012
0.02677154541015625
0.10544204711914062
0.09052562713623047
0.08662557601928711
0.07213401794433594
0.057687997817993164
0.036501407623291016
0.11009025573730469
0.08502483367919922
0.07443618774414062
0.059952735900878906
0.04865241050720215
0.034441232681274414
0.02398681640625
0.09337759017944336
0.07932305335998535
0.07856917381286621
0.06412220001220703
0.04970216751098633
0.03439807891845703
0.10509324073791504
0.08786273002624512
0.07275247573852539
0.06976556777954102
0.05536508560180664
0.04108309745788574
0.1281442642211914
0.11128783226013184
0.09664154052734375
0.08223366737365723
0.07013344764709473
0.05252528190612793
0.03438401222229004
0.10429000854492188
0.08337521553039551
0.06979823112487793
0.07112932205200195
0.05619478225708008
0.04173159599304199
0.11471104621887207
0.09330368041992188
0.07902956008911133
0.0639646053314209
0.049622535705566406
0.04108905792236328
0.11106586456298828
0.10234570503234863
0.0962071418762207
0.0818321704864502
0.06784915924072266
0.054045915603637695
0.03900003433227539
0.11070990562438965
0.09157037734985352
0.08887815475463867
0.07113409042358398
0.05701637268066406
0.04236793518066406
0.028070688247680664
0.09766149520874023
0.08565187454223633
0.07149100303649902
0.05745077133178711
0.04647469520568848
0.03783392906188965
0.10945844650268555
0.08754658699035645
0.07354569435119629
0.059549570083618164
0.05766868591308594
0.04360818862915039
0.028981685638427734
0.09626889228820801
0.08222556114196777
0.06701993942260742
0.04918622970581055
0.040099382400512695
0.025675296783447266
0.10526776313781738
0.09271955490112305
0.07852935791015625
0.06495833396911621
0.05917096138000488
0.04424118995666504
0.03068256378173828
0.09880256652832031
0.08137249946594238
0.06735801696777344
0.057054758071899414
0.043376922607421875
0.029028892517089844
0.09542298316955566
0.08864974975585938
0.07365655899047852
0.05844759941101074
0.04579567909240723
0.03067159652709961
0.09499979019165039
0.08078122138977051
0.07573747634887695
0.06177330017089844
0.04733157157897949
0.03046274185180664
0.09216690063476562
0.08365964889526367
0.07271695137023926
0.06390976905822754
0.047120094299316406
0.03185462951660156
0.10124611854553223
0.08764815330505371
0.07422089576721191
0.07213282585144043
0.05474424362182617
0.04014420509338379
0.11030364036560059
0.09784960746765137
0.08318686485290527
0.08076333999633789
0.04305434226989746
0.029180288314819336
0.09938573837280273
0.08367180824279785
0.0718390941619873
0.06312704086303711
0.053095340728759766
0.03943133354187012
0.11876726150512695
0.10478615760803223
0.09024190902709961
0.07609176635742188
0.0660851001739502
0.038671255111694336
0.026968717575073242
0.09804487228393555
0.08539628982543945
0.07003021240234375
0.06923651695251465
0.05638551712036133
0.04117894172668457
0.11133170127868652
0.0844411849975586
0.07597875595092773
0.06598854064941406
0.05214190483093262
0.03717613220214844
0.11267995834350586
0.09524869918823242
0.08699703216552734
0.07271432876586914
0.06706595420837402
0.05756545066833496
0.03762698173522949
0.10611248016357422
0.09786319732666016
0.08526754379272461
0.07102417945861816
0.05651068687438965
0.04144906997680664
0.11071634292602539
0.08544087409973145
0.07686877250671387
0.0791165828704834
0.0640714168548584
0.04960823059082031
0.0355837345123291
0.08997464179992676
0.08061075210571289
0.06660032272338867
0.07004833221435547
0.056224822998046875
0.04114198684692383
0.0947420597076416
0.07592058181762695
0.06282734870910645
0.05056333541870117
0.03817415237426758
0.025272369384765625
0.12555170059204102
0.10877203941345215
0.09367537498474121
0.07919168472290039
0.06491279602050781
0.0503993034362793
0.03604888916015625
0.10164284706115723
0.1060035228729248
0.09460639953613281
0.07995271682739258
0.06536722183227539
0.05019211769104004
0.11065840721130371
0.08174562454223633
0.07352995872497559
0.06820535659790039
0.057343244552612305
0.04031229019165039
0.10455465316772461
0.08211708068847656
0.08149957656860352
0.0747077465057373
0.05760645866394043
0.042723894119262695
0.11034250259399414
0.08549857139587402
0.09325146675109863
0.07951211929321289
0.0656120777130127
0.05097246170043945
0.03577613830566406
0.10699295997619629
0.1086881160736084
0.09475088119506836
0.08076047897338867
0.06383872032165527
0.048903703689575195
0.10657238960266113
0.0802927017211914
0.08099484443664551
0.06314826011657715
0.04567432403564453
0.03429985046386719
0.10347676277160645
0.08453822135925293
0.06946468353271484
0.06732296943664551
0.0544283390045166
0.04037642478942871
0.11285805702209473
0.09555315971374512
0.07896780967712402
0.0697927474975586
0.05211806297302246
0.04227948188781738
0.11164283752441406
0.09678173065185547
0.08168601989746094
0.06691813468933105
0.05273866653442383
0.035208702087402344
0.11080193519592285
0.08716058731079102
0.06869935989379883
0.05446171760559082
0.05549049377441406
0.03726768493652344
0.11385774612426758
0.09702038764953613
0.0823521614074707
0.06801915168762207
0.05342745780944824
0.03885245323181152
0.10790610313415527
0.0853419303894043
0.07198429107666016
0.05999183654785156
0.05746889114379883
0.12355828285217285
0.10963773727416992
0.09471797943115234
0.08059930801391602
0.06629371643066406
0.04778456687927246
0.033509254455566406
0.10946512222290039
0.08554458618164062
0.0713186264038086
0.0572662353515625
0.045293331146240234
0.03929901123046875
0.10799098014831543
0.08890891075134277
0.08123517036437988
0.06761360168457031
0.05277514457702637
0.032067060470581055
0.12276363372802734
0.1008310317993164
0.08652186393737793
0.07403302192687988
0.06191301345825195
0.04734468460083008
0.03285789489746094
0.10260176658630371
0.0821382999420166
0.08383488655090332
0.08399152755737305
0.06963038444519043
0.055228471755981445
0.04138040542602539
0.09538841247558594
0.08405065536499023
0.07228207588195801
0.06211566925048828
0.05459094047546387
0.04183554649353027
0.10882019996643066
0.1008303165435791
0.08610892295837402
0.07129073143005371
0.056987762451171875
0.04198098182678223
0.02768111228942871
0.09917211532592773
0.08568453788757324
0.07059335708618164
0.0781242847442627
0.06904935836791992
0.06325769424438477
0.11948084831237793
0.09080624580383301
0.05449271202087402
0.03983926773071289
0.022801637649536133
0.10959148406982422
0.0932767391204834
0.07931280136108398
0.0669245719909668
0.05199003219604492
0.037558794021606445
0.10917401313781738
0.08317947387695312
0.07257223129272461
0.0584864616394043
0.04907536506652832
0.03422856330871582
0.10616755485534668
0.10086226463317871
0.08882331848144531
0.07455992698669434
0.053220510482788086
0.03893733024597168
0.1053469181060791
0.08718991279602051
0.08860111236572266
0.07451200485229492
0.0600743293762207
0.04537844657897949
0.030092954635620117
0.1057443618774414
0.09740114212036133
0.08342194557189941
0.06945252418518066
0.05543708801269531
0.041478633880615234
0.026524782180786133
0.09074926376342773
0.07849907875061035
0.06955599784851074
0.05555868148803711
0.05183577537536621
0.03845787048339844
0.11083054542541504
0.08942127227783203
0.07600545883178711
0.061723947525024414
0.06180167198181152
0.04477858543395996
0.03119659423828125
0.09318161010742188
0.08562421798706055
0.07059192657470703
0.05612349510192871
0.04236650466918945
0.02819538116455078
0.10688424110412598
0.08496594429016113
0.07518267631530762
0.07011723518371582
0.05581188201904297
0.04180192947387695
0.026443958282470703
0.10724568367004395
0.09520697593688965
0.08188724517822266
0.07095646858215332
0.057518959045410156
0.03985738754272461
0.1145474910736084
0.09362626075744629
0.0794990062713623
0.06145071983337402
0.061074256896972656
0.0445556640625
0.03003835678100586
0.09392261505126953
0.07950639724731445
0.07177448272705078
0.06099963188171387
0.04672980308532715
0.02887701988220215
0.10547018051147461
0.10127067565917969
0.08774399757385254
0.0682830810546875
0.05315279960632324
0.03880143165588379
0.1107184886932373
0.08535122871398926
0.07254838943481445
0.060289859771728516
0.04775714874267578
0.03917551040649414
0.02460646629333496
0.09635186195373535
0.08803987503051758
0.07526850700378418
0.06081438064575195
0.04642963409423828
0.03175473213195801
0.10476446151733398
0.09103655815124512
0.08571171760559082
0.07214951515197754
0.057738542556762695
0.04358696937561035
0.12187337875366211
0.09169769287109375
0.07746386528015137
0.06333374977111816
0.0482945442199707
0.042897939682006836
0.02992105484008789
0.09087634086608887
0.09192299842834473
0.0777883529663086
0.06311964988708496
0.04866743087768555
0.03357076644897461
0.12166595458984375
0.09614229202270508
0.08130502700805664
0.06692028045654297
0.0524747371673584
0.03728842735290527
0.1126410961151123
0.09768486022949219
0.08881592750549316
0.07400107383728027
0.06050896644592285
0.05743885040283203
0.043573856353759766
0.02945852279663086
0.13159584999084473
0.11167788505554199
0.09308338165283203
0.07813811302185059
0.0636892318725586
0.04923415184020996
0.10222077369689941
0.08052325248718262
0.06853055953979492
0.07210540771484375
0.056198835372924805
0.044236183166503906
0.030251502990722656
0.10024762153625488
0.08222770690917969
0.07691478729248047
0.06203794479370117
0.04589724540710449
0.0310666561126709
0.10576200485229492
0.08306193351745605
0.08651304244995117
0.07194042205810547
0.05776047706604004
0.043447017669677734
0.028939008712768555
0.09325885772705078
0.09161972999572754
0.0774078369140625
0.0639944076538086
0.04908633232116699
0.03110647201538086
0.10729670524597168
0.08688855171203613
0.07190918922424316
0.0577847957611084
0.048032283782958984
0.03969168663024902
0.1122124195098877
0.15541791915893555
0.14533782005310059
0.14148831367492676
0.1165616512298584
0.10269594192504883
0.11104655265808105
0.07626128196716309
0.0592656135559082
0.06410408020019531
0.04851222038269043
0.034012556076049805
0.0987248420715332
0.08226180076599121
0.06982135772705078
0.06980347633361816
0.05548906326293945
0.04078269004821777
0.11203742027282715
0.09454226493835449
0.09127140045166016
0.08174252510070801
0.06754231452941895
0.05243396759033203
0.03772568702697754
0.12499189376831055
0.09814453125
0.08003687858581543
0.05857229232788086
0.04528021812438965
0.03294968605041504
0.09854483604431152
0.0971527099609375
0.08302688598632812
0.06864643096923828
0.05446004867553711
0.039258480072021484
0.024234294891357422
0.0995182991027832
0.08533573150634766
0.07046175003051758
0.05626487731933594
0.04225945472717285
0.027398347854614258
0.10854482650756836
0.09541654586791992
0.08727574348449707
0.07258272171020508
0.05842328071594238
0.04430198669433594
0.029981613159179688
0.10253167152404785
0.0845789909362793
0.0716700553894043
0.05404186248779297
0.048410654067993164
0.033864736557006836
0.11038732528686523
0.08742451667785645
0.07221484184265137
0.05451631546020508
0.04346442222595215
0.029938220977783203
0.12196707725524902
0.10335278511047363
0.08904337882995605
0.07503271102905273
0.06001448631286621
0.04564642906188965
0.031065940856933594
0.09050941467285156
0.0821077823638916
0.07399249076843262
0.06427240371704102
0.0496525764465332
0.03474569320678711
0.10870623588562012
0.08844733238220215
0.0734550952911377
0.05574941635131836
0.03895092010498047
0.036809444427490234
0.10687947273254395
0.08811664581298828
0.07307577133178711
0.05837607383728027
0.043894052505493164
0.03364109992980957
0.11158871650695801
0.09925127029418945
0.08183670043945312
0.06659197807312012
0.05875086784362793
0.04455447196960449
0.1310572624206543
0.11671257019042969
0.10259628295898438
0.08920001983642578
0.07140588760375977
0.052770376205444336
0.0377047061920166
0.11091899871826172
0.09099912643432617
0.07605814933776855
0.062322378158569336
0.045171499252319336
0.027430295944213867
0.10468387603759766
0.09326386451721191
0.0817570686340332
0.07054424285888672
0.056304931640625
0.04107666015625
0.026463031768798828
0.09340834617614746
0.083221435546875
0.08277225494384766
0.06090712547302246
0.046234846115112305
0.03234076499938965
0.1020498275756836
0.08738446235656738
0.07341456413269043
0.07117652893066406
0.05126547813415527
0.0371243953704834
0.10987305641174316
0.08501267433166504
0.07878756523132324
0.06789851188659668
0.05343985557556152
0.039006710052490234
0.027455806732177734
0.10828661918640137
0.09426736831665039
0.07970714569091797
0.06517195701599121
0.050009727478027344
0.035872459411621094
0.10568118095397949
0.0878450870513916
0.07375693321228027
0.06318235397338867
0.049881935119628906
0.036685943603515625
0.10754656791687012
0.10052728652954102
0.08402585983276367
0.06899428367614746
0.054148197174072266
0.039395809173583984
0.11490130424499512
0.10048866271972656
0.08589649200439453
0.0630033016204834
0.04807543754577637
0.03335738182067871
0.10475325584411621
0.09897375106811523
0.08387351036071777
0.06932306289672852
0.05470085144042969
0.04041314125061035
0.026750802993774414
0.08738136291503906
0.08588552474975586
0.07365226745605469
0.06299757957458496
0.048567771911621094
0.11369800567626953
0.09665417671203613
0.08306407928466797
0.07026481628417969
0.05899548530578613
0.04914426803588867
0.037458181381225586
0.10168194770812988
0.08525252342224121
0.07128190994262695
0.05708670616149902
0.048174381256103516
0.033919572830200195
0.10915422439575195
0.09158062934875488
0.08220672607421875
0.07587981224060059
0.06122541427612305
0.046533823013305664
0.032129526138305664
0.10719418525695801
0.09824419021606445
0.08844375610351562
0.07415485382080078
0.05982065200805664
0.04564690589904785
0.03090071678161621
0.0901186466217041
0.07820796966552734
0.0770263671875
0.06261706352233887
0.04850172996520996
0.03086090087890625
0.11010098457336426
0.09216785430908203
0.07732772827148438
0.062262773513793945
0.05999636650085449
0.04570317268371582
0.03138566017150879
0.09315133094787598
0.07892346382141113
0.06639838218688965
0.05388927459716797
0.04506182670593262
0.027217388153076172
0.10450148582458496
0.08749675750732422
0.07359123229980469
0.05884385108947754
0.04661130905151367
0.03740286827087402
0.02627706527709961
0.10137033462524414
0.09024858474731445
0.0825052261352539
0.0675809383392334
0.05245661735534668
0.024250507354736328
0.09857726097106934
0.08794546127319336
0.07371973991394043
0.05925488471984863
0.046860456466674805
0.0468747615814209
0.033579349517822266
0.09007406234741211
0.09335589408874512
0.0789332389831543
0.06498551368713379
0.050102949142456055
0.03510236740112305
0.11221528053283691
0.08922791481018066
0.0743093490600586
0.06766176223754883
0.058500051498413086
0.04559612274169922
0.11447572708129883
0.09604072570800781
0.08607816696166992
0.07228541374206543
0.03824758529663086
0.10993027687072754
0.08430647850036621
0.07952475547790527
0.06536293029785156
0.05109548568725586
0.03601384162902832
0.11663269996643066
0.0901942253112793
0.07496523857116699
0.06108260154724121
0.046669960021972656
0.045082807540893555
0.03074359893798828
0.10437774658203125
0.09409379959106445
0.08045125007629395
0.06595277786254883
0.048302412033081055
0.033579349517822266
0.095123291015625
0.08086752891540527
0.07107973098754883
0.05700278282165527
0.04919743537902832
0.03924202919006348
0.1080317497253418
0.0876467227935791
0.07317256927490234
0.06933188438415527
0.05492424964904785
0.04094076156616211
0.10602617263793945
0.09096956253051758
0.07694244384765625
0.062461137771606445
0.04814600944519043
0.03420305252075195
0.025107622146606445
0.10333776473999023
0.0916745662689209
0.07752847671508789
0.06240344047546387
0.04790663719177246
0.03371167182922363
0.10842180252075195
0.08450675010681152
0.0707552433013916
0.05806922912597656
0.062150001525878906
0.04767727851867676
0.033071041107177734
0.10287141799926758
0.09314608573913574
0.07868552207946777
0.06426739692687988
0.04932665824890137
0.028182268142700195
0.10283756256103516
0.08596110343933105
0.0725405216217041
0.06258702278137207
0.057610273361206055
0.042777299880981445
0.02843761444091797
0.09678411483764648
0.0818185806274414
0.06952881813049316
0.05718827247619629
0.044356584548950195
0.04014897346496582
0.028748750686645508
0.09072613716125488
0.08209013938903809
0.07899236679077148
0.06485176086425781
0.05067634582519531
0.036180973052978516
0.11377978324890137
0.08842301368713379
0.0738680362701416
0.058956146240234375
0.057286739349365234
0.04208111763000488
0.12149763107299805
0.10083675384521484
0.08339667320251465
0.06888198852539062
0.050681352615356445
0.03623557090759277
0.022031784057617188
0.0963437557220459
0.08231449127197266
0.06787467002868652
0.05043196678161621
0.037744998931884766
0.02527308464050293
0.09236955642700195
0.08683633804321289
0.04202842712402344
0.028130531311035156
0.11915111541748047
0.1001274585723877
0.0819706916809082
0.06409144401550293
0.04636812210083008
0.028516530990600586
0.10483813285827637
0.08591008186340332
0.07294631004333496
0.061058759689331055
0.05462980270385742
0.040058135986328125
0.025522947311401367
0.09312582015991211
0.0908823013305664
0.07668709754943848
0.06192755699157715
0.04689645767211914
0.03280019760131836
0.10825610160827637
0.08905267715454102
0.0787191390991211
0.06424498558044434
0.0507352352142334
0.04498457908630371
0.11310076713562012
0.09268546104431152
0.08299589157104492
0.06902527809143066
0.05505776405334473
0.04111027717590332
0.11202740669250488
0.09771561622619629
0.09178900718688965
0.07737588882446289
0.06293225288391113
0.04870915412902832
0.035500526428222656
0.12120175361633301
0.10035014152526855
0.08624815940856934
0.07219743728637695
0.06503462791442871
0.05057978630065918
0.029141902923583984
0.09363150596618652
0.08626079559326172
0.08128595352172852
0.06727123260498047
0.05287766456604004
0.038781166076660156
0.1102750301361084
0.10224366188049316
0.08798575401306152
0.07296490669250488
0.058776140213012695
0.04431962966918945
0.03003406524658203
0.0998389720916748
0.09342432022094727
0.07879114151000977
0.06395363807678223
0.049599647521972656
0.03545880317687988
0.11573624610900879
0.10171699523925781
0.08806705474853516
0.07365226745605469
0.05914044380187988
0.04539203643798828
0.0412442684173584
0.11238718032836914
0.09378409385681152
0.0973968505859375
0.08304548263549805
0.06820344924926758
0.054013729095458984
0.036897897720336914
0.09020376205444336
0.0948171615600586
0.08162355422973633
0.06453204154968262
0.05079841613769531
0.0368657112121582
0.09489083290100098
0.08334732055664062
0.06999874114990234
0.052051544189453125
0.03881120681762695
0.02391505241394043
0.10002493858337402
0.08771061897277832
0.07357072830200195
0.06866025924682617
0.048151493072509766
0.033859968185424805
0.11018204689025879
0.09974837303161621
0.08260250091552734
0.06874990463256836
0.051130056381225586
0.03716444969177246
0.10864901542663574
0.09227943420410156
0.08052325248718262
0.06857824325561523
0.06210064888000488
0.04743480682373047
0.033429622650146484
0.09944629669189453
0.08176851272583008
0.06953978538513184
0.059461116790771484
0.05417943000793457
0.040407419204711914
0.026425600051879883
0.09912490844726562
0.08267879486083984
0.07172226905822754
0.05027318000793457
0.03977060317993164
0.02534031867980957
0.10225725173950195
0.08443856239318848
0.08266758918762207
0.06815934181213379
0.0540776252746582
0.03989267349243164
0.03314685821533203
0.09390735626220703
0.0789494514465332
0.06820416450500488
0.056949615478515625
0.04128313064575195
0.02693486213684082
0.09400773048400879
0.08000779151916504
0.07045197486877441
0.05598616600036621
0.04875469207763672
0.03522944450378418
0.08638119697570801
0.07137703895568848
0.05803322792053223
0.04173755645751953
0.028839588165283203
0.11466050148010254
0.08981871604919434
0.07580757141113281
0.07615041732788086
0.06208395957946777
0.047812700271606445
0.03355813026428223
0.09006834030151367
0.07512879371643066
0.0668492317199707
0.05541825294494629
0.04497241973876953
0.031074047088623047
0.10577797889709473
0.08679556846618652
0.07137513160705566
0.06671762466430664
0.05238151550292969
0.024281024932861328
0.09189796447753906
0.08065915107727051
0.07165980339050293
0.06402063369750977
0.04936671257019043
0.035280704498291016
0.10173940658569336
0.08682131767272949
0.07498407363891602
0.05709505081176758
0.043500423431396484
0.02945399284362793
0.11140251159667969
0.08850383758544922
0.07729125022888184
0.06293964385986328
0.04544425010681152
0.031051158905029297
0.11517524719238281
0.09833979606628418
0.07770085334777832
0.07325601577758789
0.05835604667663574
0.044313669204711914
0.0299072265625
0.09286069869995117
0.07838964462280273
0.0721430778503418
0.06064772605895996
0.045702219009399414
0.03144478797912598
0.1088247299194336
0.08522963523864746
0.07279133796691895
0.0698094367980957
0.05512738227844238
0.040694236755371094
0.02550816535949707
0.09340167045593262
0.08254241943359375
0.07149863243103027
0.05706286430358887
0.04607510566711426
0.03914785385131836
0.10606741905212402
0.08432555198669434
0.07145380973815918
0.07500123977661133
0.06520390510559082
0.050240516662597656
0.03491091728210449
0.09654831886291504
0.08944916725158691
0.07463240623474121
0.05992484092712402
0.04710698127746582
0.03452134132385254
0.10883808135986328
0.08403754234313965
0.08391857147216797
0.06917929649353027
0.0545499324798584
0.03951883316040039
0.11231780052185059
0.09467673301696777
0.08747148513793945
0.07280921936035156
0.05859112739562988
0.043494462966918945
0.0254666805267334
0.09596467018127441
0.08101463317871094
0.06671142578125
0.05205941200256348
0.02484583854675293
0.10828089714050293
0.08755755424499512
0.07751202583312988
0.06930875778198242
0.055600881576538086
0.040378570556640625
0.026141881942749023
0.09361767768859863
0.09422016143798828
0.08175516128540039
0.067352294921875
0.05328106880187988
0.03932309150695801
0.11098122596740723
0.08802247047424316
0.07349610328674316
0.059027671813964844
0.049393653869628906
0.04055285453796387
0.02666163444519043
0.09058022499084473
0.09041714668273926
0.07575225830078125
0.061419010162353516
0.039911508560180664
0.025540828704833984
0.09537005424499512
0.08112835884094238
0.06792640686035156
0.05492281913757324
0.04615497589111328
0.028470993041992188
0.09242439270019531
0.08389425277709961
0.07611632347106934
0.0611114501953125
0.04716038703918457
0.03369712829589844
0.11194348335266113
0.08441329002380371
0.0755925178527832
0.06111645698547363
0.05070757865905762
0.036101341247558594
0.02496623992919922
0.10064911842346191
0.08217096328735352
0.08079934120178223
0.0668787956237793
0.05217885971069336
0.03482985496520996
0.1030421257019043
0.0842742919921875
0.0724635124206543
0.06719589233398438
0.052755117416381836
0.038461923599243164
0.1086430549621582
0.0914454460144043
0.07724738121032715
0.06257390975952148
0.04844546318054199
0.034592628479003906
0.025022506713867188
0.09070134162902832
0.07888388633728027
0.06975507736206055
0.06534790992736816
0.05275535583496094
0.03856086730957031
0.10861968994140625
0.09362506866455078
0.08192086219787598
0.06665873527526855
0.052359819412231445
0.03788614273071289
0.02314615249633789
0.09016680717468262
0.0782918930053711
0.06576347351074219
0.056173086166381836
0.041719675064086914
0.030298233032226562
0.10564756393432617
0.08787202835083008
0.0734395980834961
0.06642031669616699
0.04554271697998047
0.031087636947631836
0.10840654373168945
0.08815574645996094
0.08035516738891602
0.06867098808288574
0.05415534973144531
0.039653778076171875
0.02463078498840332
0.09344005584716797
0.08306407928466797
0.06810188293457031
0.05681657791137695
0.042446136474609375
0.035018205642700195
0.10920977592468262
0.09086132049560547
0.07972073554992676
0.06899023056030273
0.05488395690917969
0.04047703742980957
0.02601337432861328
0.0963890552520752
0.08585810661315918
0.0711514949798584
0.05371499061584473
0.04355454444885254
0.03204035758972168
0.10703253746032715
0.08782696723937988
0.07366752624511719
0.06477546691894531
0.05491924285888672
0.03990817070007324
0.11026358604431152
0.0853569507598877
0.06388020515441895
0.04970812797546387
0.04586625099182129
0.03228044509887695
0.10453486442565918
0.08823537826538086
0.07347559928894043
0.0590054988861084
0.04681897163391113
0.033608436584472656
0.02021932601928711
0.09723281860351562
0.08560729026794434
0.07063865661621094
0.056569576263427734
0.05286431312561035
0.04155993461608887
0.029240131378173828
0.10018014907836914
0.08619189262390137
0.07178759574890137
0.05736827850341797
0.05166125297546387
0.03787422180175781
0.10874485969543457
0.08793067932128906
0.07317495346069336
0.058804988861083984
0.048720598220825195
0.037734270095825195
0.02317357063293457
0.09088730812072754
0.07861137390136719
0.06620573997497559
0.06444525718688965
0.05005526542663574
0.03536081314086914
0.11015677452087402
0.0853428840637207
0.08420491218566895
0.07029843330383301
0.055982351303100586
0.04132962226867676
0.026875734329223633
0.10197663307189941
0.08097553253173828
0.08003616333007812
0.0655355453491211
0.05115818977355957
0.036693572998046875
0.10962343215942383
0.08435726165771484
0.07641315460205078
0.06691575050354004
0.058646440505981445
0.04470324516296387
0.030734539031982422
0.10625839233398438
0.08435678482055664
0.0701284408569336
0.055818796157836914
0.04886150360107422
0.036280155181884766
0.11381864547729492
0.09198260307312012
0.07831478118896484
0.06465268135070801
0.051046133041381836
0.03673124313354492
0.022356033325195312
0.0938408374786377
0.07978343963623047
0.07588672637939453
0.0611417293548584
0.04675626754760742
0.03186678886413574
0.10607218742370605
0.08390450477600098
0.08802032470703125
0.07333135604858398
0.05881381034851074
0.044416189193725586
0.029288530349731445
0.10316061973571777
0.08854961395263672
0.0740664005279541
0.0592961311340332
0.04480385780334473
0.029540300369262695
0.10807275772094727
0.08508706092834473
0.07163882255554199
0.07536435127258301
0.060953378677368164
0.04661154747009277
0.03231501579284668
0.09820175170898438
0.08567047119140625
0.07114362716674805
0.05445122718811035
0.03906130790710449
0.03209280967712402
0.1239004135131836
0.1042172908782959
0.08997106552124023
0.07577872276306152
0.06115245819091797
0.04696536064147949
0.03290247917175293
0.09393930435180664
0.0792849063873291
0.06579351425170898
0.05664777755737305
0.04442477226257324
0.03201723098754883
0.11113309860229492
0.08824992179870605
0.07397055625915527
0.06326627731323242
0.048845767974853516
0.033484697341918945
0.023773908615112305
0.09722495079040527
0.07831788063049316
0.07229995727539062
0.06397199630737305
0.049341440200805664
0.03498554229736328
0.10949230194091797
0.08479189872741699
0.08129119873046875
0.06681060791015625
0.05229640007019043
0.03786015510559082
0.023543119430541992
0.10087013244628906
0.09299421310424805
0.07810807228088379
0.06385374069213867
0.04940605163574219
0.03493809700012207
0.02069568634033203
0.09926986694335938
0.08994770050048828
0.07521295547485352
0.06101655960083008
0.046349525451660156
0.03182220458984375
0.11929512023925781
0.09441661834716797
0.08016061782836914
0.06580805778503418
0.05166435241699219
0.029930591583251953
0.10503077507019043
0.08388710021972656
0.07074236869812012
0.06145167350769043
0.05823564529418945
0.04387211799621582
0.02871561050415039
0.09398698806762695
0.0800011157989502
0.07300257682800293
0.0655663013458252
0.05125093460083008
0.036975860595703125
0.11643791198730469
0.09187817573547363
0.08718180656433105
0.07294535636901855
0.05844306945800781
0.04421401023864746
0.029831409454345703
0.09317398071289062
0.07924222946166992
0.06909608840942383
0.05793046951293945
0.05300641059875488
0.03901815414428711
