0.10119342803955078
0.08624911308288574
0.06929659843444824
0.07082509994506836
0.0563509464263916
0.04240703582763672
0.10513114929199219
0.08453512191772461
0.07055521011352539
0.05968904495239258
0.04572105407714844
0.03524374961853027
0.10509467124938965
0.08359503746032715
0.07464742660522461
0.06033682823181152
0.05067086219787598
0.036562442779541016
0.025566577911376953
0.09908652305603027
0.08252882957458496
0.07415318489074707
0.059772491455078125
0.04895591735839844
0.03492474555969238
0.11621880531311035
0.0883636474609375
0.07407593727111816
0.06359481811523438
0.049929141998291016
0.03562116622924805
0.10319161415100098
0.08675384521484375
0.07262635231018066
0.059519290924072266
0.05706930160522461
0.0433039665222168
0.12405252456665039
0.0971682071685791
0.08055329322814941
0.06678223609924316
0.04882502555847168
0.03957176208496094
0.10853409767150879
0.09918856620788574
0.08960938453674316
0.07538819313049316
0.060948848724365234
0.046111106872558594
0.11821746826171875
0.07651734352111816
0.05629301071166992
0.04997134208679199
0.035590171813964844
0.020711660385131836
0.09424996376037598
0.07823514938354492
0.06588387489318848
0.053443193435668945
0.04074692726135254
0.035778045654296875
0.10816740989685059
0.08698725700378418
0.07270574569702148
0.05906963348388672
0.04949498176574707
0.0455169677734375
0.031183481216430664
0.09281778335571289
0.08242487907409668
0.0737152099609375
0.06788182258605957
0.053941965103149414
0.035889387130737305
0.08915567398071289
0.0783834457397461
0.06673049926757812
0.05308198928833008
0.03864741325378418
0.024354934692382812
0.10203385353088379
0.08411836624145508
0.10181427001953125
0.09784293174743652
0.08502483367919922
0.07404494285583496
0.0593724250793457
0.09636282920837402
0.08268260955810547
0.08054804801940918
0.06598305702209473
0.11138057708740234
0.0965874195098877
0.08937311172485352
0.07739043235778809
0.07596683502197266
0.06086611747741699
0.046118736267089844
0.11272501945495605
0.0928189754486084
0.07875323295593262
0.06433463096618652
0.04967045783996582
0.031530141830444336
0.10809588432312012
0.10357856750488281
0.09087491035461426
0.07628703117370605
0.0621485710144043
0.047827959060668945
0.03386211395263672
0.09016585350036621
0.0779409408569336
0.06206655502319336
0.04630160331726074
0.03845548629760742
0.02722787857055664
0.1018991470336914
0.08695363998413086
0.07200741767883301
0.0612940788269043
0.04712104797363281
0.04521322250366211
0.033118247985839844
0.10169792175292969
0.08377957344055176
0.06586384773254395
0.050692081451416016
0.04426765441894531
0.03452014923095703
0.10495138168334961
0.08622002601623535
0.07110905647277832
0.05324721336364746
0.0382232666015625
0.02978658676147461
0.10026860237121582
0.0855555534362793
0.07152748107910156
0.05714058876037598
0.04283881187438965
0.02854633331298828
0.09793972969055176
0.08337879180908203
0.06899452209472656
0.05858182907104492
0.05256032943725586
0.0401458740234375
0.08417749404907227
0.06937479972839355
0.07252764701843262
0.05844736099243164
0.043962717056274414
0.031735897064208984
0.10560750961303711
0.09460258483886719
0.08063387870788574
0.06602835655212402
0.04781627655029297
0.03023076057434082
0.10140538215637207
0.08613777160644531
0.08583760261535645
0.07252883911132812
0.058219194412231445
0.03758549690246582
0.11605238914489746
0.09313821792602539
0.07823872566223145
0.07690763473510742
0.0629892349243164
0.057518720626831055
0.04316830635070801
0.10823416709899902
0.08831477165222168
0.0732111930847168
0.058919668197631836
0.043729543685913086
0.036055803298950195
0.10575056076049805
0.09789085388183594
0.0837862491607666
0.06923341751098633
0.0547330379486084
0.04078245162963867
0.11327290534973145
0.09609651565551758
0.08191609382629395
0.07117819786071777
0.05717754364013672
0.043282270431518555
0.02834153175354004
0.10241079330444336
0.0850973129272461
0.08327126502990723
0.0686502456665039
0.03595685958862305
0.10751986503601074
0.08581900596618652
0.08634567260742188
0.07265806198120117
0.04502749443054199
0.03142118453979492
0.0968160629272461
0.08239483833312988
0.06735658645629883
0.05486941337585449
0.04206085205078125
0.0319972038269043
0.12792730331420898
0.11321067810058594
0.09925627708435059
0.0851585865020752
0.07537198066711426
0.06174159049987793
0.04743075370788574
0.11290287971496582
0.10555434226989746
0.08780574798583984
0.06980514526367188
0.0519564151763916
0.024042367935180664
0.09404826164245605
0.0830531120300293
0.08214235305786133
0.06085371971130371
0.04685044288635254
0.031624794006347656
0.10243725776672363
0.0874476432800293
0.0795590877532959
0.06513738632202148
0.04903578758239746
0.03481268882751465
0.1123208999633789
0.08647847175598145
0.0757441520690918
0.07596611976623535
0.07789015769958496
0.0621945858001709
0.1084280014038086
0.1032106876373291
0.08907651901245117
0.07424020767211914
0.06024336814880371
0.04526877403259277
0.12994861602783203
0.11525726318359375
0.10033369064331055
0.08542203903198242
0.07141518592834473
0.0619053840637207
0.1101226806640625
0.07733154296875
0.07880425453186035
0.06386423110961914
0.04934835433959961
0.03502821922302246
0.0930640697479248
0.07813262939453125
0.06316423416137695
0.058367252349853516
0.04289388656616211
0.02938103675842285
0.09200620651245117
0.08035159111022949
0.06788420677185059
0.055901527404785156
0.05502891540527344
0.04171156883239746
0.11749839782714844
0.10083746910095215
0.08615541458129883
0.07438087463378906
0.06058502197265625
0.04591631889343262
0.02770090103149414
0.09298586845397949
0.07846879959106445
0.07941293716430664
0.06528449058532715
0.0508265495300293
0.03641819953918457
0.09843277931213379
0.09294247627258301
0.07846879959106445
0.0641775131225586
0.04960894584655762
0.03205537796020508
0.11563563346862793
0.09472155570983887
0.08059954643249512
0.07027888298034668
0.06529498100280762
0.05099010467529297
0.114898681640625
0.0850214958190918
0.06357264518737793
0.04847359657287598
0.08332180976867676
0.06834077835083008
0.1221919059753418
0.10713434219360352
0.08638238906860352
0.06765627861022949
0.05764913558959961
0.042713165283203125
0.10626721382141113
0.07560586929321289
0.06130695343017578
0.046224355697631836
0.03104686737060547
0.11113357543945312
0.08661079406738281
0.0805356502532959
0.0735464096069336
0.05541658401489258
0.03690218925476074
0.12033486366271973
0.08944582939147949
0.07463407516479492
0.04110240936279297
0.11632919311523438
0.09411907196044922
0.0852670669555664
0.07894706726074219
0.06973648071289062
0.060070037841796875
0.04547929763793945
0.11214041709899902
0.097930908203125
0.09216594696044922
0.08432388305664062
0.06952357292175293
0.054518938064575195
0.053179025650024414
0.11177277565002441
0.09428977966308594
0.08401942253112793
0.0699465274810791
0.0466611385345459
0.02872157096862793
0.10088562965393066
0.08406758308410645
0.07007741928100586
0.05677604675292969
0.04478168487548828
0.03256845474243164
0.032105207443237305
0.10373878479003906
0.08780622482299805
0.0663909912109375
0.05220794677734375
0.056499481201171875
0.04205203056335449
0.09195947647094727
0.0757911205291748
0.06335020065307617
0.06282663345336914
0.046100616455078125
0.03127026557922363
0.1017146110534668
0.08750534057617188
0.07353615760803223
0.06407427787780762
0.049080610275268555
0.03514385223388672
0.02349257469177246
0.09967875480651855
0.07882547378540039
0.06665563583374023
0.062325477600097656
0.04774737358093262
0.032912254333496094
0.10355687141418457
0.08006691932678223
0.06787323951721191
0.07041525840759277
0.05800771713256836
0.04388999938964844
0.10872769355773926
0.09990954399108887
0.09589552879333496
0.08759164810180664
0.07361197471618652
0.05945324897766113
0.04518556594848633
0.030919790267944336
0.08768701553344727
0.0798192024230957
0.06891059875488281
0.05438590049743652
0.03995919227600098
0.023106098175048828
0.09407544136047363
0.08995842933654785
0.07544827461242676
0.06100964546203613
0.04605984687805176
0.03190040588378906
0.11405634880065918
0.0930185317993164
0.0611729621887207
0.05212116241455078
0.039476871490478516
0.1111907958984375
0.08849477767944336
0.07435774803161621
0.06052660942077637
0.048047780990600586
0.041216135025024414
0.02637457847595215
0.10602116584777832
0.1012880802154541
0.08978009223937988
0.07526659965515137
0.06096363067626953
0.046395301818847656
0.031359195709228516
0.11313700675964355
0.09719443321228027
0.08292031288146973
0.06547093391418457
0.05170798301696777
0.03703165054321289
0.12692999839782715
0.10548686981201172
0.09138131141662598
0.06908679008483887
0.05392169952392578
0.03951692581176758
0.10433340072631836
0.08361244201660156
0.08333826065063477
0.06909894943237305
0.05411887168884277
0.03997921943664551
0.10914158821105957
0.08652567863464355
0.07888126373291016
0.06497454643249512
0.0506742000579834
0.03567767143249512
0.031298160552978516
0.08971786499023438
0.08067893981933594
0.07321357727050781
0.057880401611328125
0.04523634910583496
0.030663013458251953
0.10900735855102539
0.09108328819274902
0.0767660140991211
0.06254744529724121
0.04817342758178711
0.04072999954223633
0.03181576728820801
0.09782600402832031
0.0846855640411377
0.07346630096435547
0.06358480453491211
0.051733970642089844
0.0330815315246582
0.10505843162536621
0.0831296443939209
0.07068610191345215
0.06552505493164062
0.05136704444885254
0.03673100471496582
0.10944914817810059
0.08391475677490234
0.07505917549133301
0.07721996307373047
0.0640406608581543
0.05001640319824219
0.036043643951416016
0.09172439575195312
0.07794451713562012
0.07475471496582031
0.06034708023071289
0.043547630310058594
0.025205612182617188
0.1075277328491211
0.08982634544372559
0.07510852813720703
0.06015419960021973
0.05115461349487305
0.04162144660949707
0.10972809791564941
0.09020090103149414
0.07610726356506348
0.061533212661743164
0.04546976089477539
0.024449586868286133
0.10251235961914062
0.09065842628479004
0.07635951042175293
0.05878710746765137
0.04515552520751953
0.03960585594177246
0.10835886001586914
0.0937645435333252
0.09540033340454102
0.08101797103881836
0.06564760208129883
0.051093101501464844
0.03700065612792969
0.11339378356933594
0.09095239639282227
0.07722282409667969
0.04946160316467285
0.02738499641418457
0.11346173286437988
0.09054064750671387
0.07654881477355957
0.0623631477355957
0.06073927879333496
0.04629778861999512
0.03127312660217285
0.1016092300415039
0.0807037353515625
0.07877016067504883
0.06421351432800293
0.050035715103149414
0.037752389907836914
0.11329317092895508
0.09601235389709473
0.08205580711364746
0.0718834400177002
0.06391358375549316
0.0499262809753418
0.03538203239440918
0.1165165901184082
0.09065127372741699
0.0760645866394043
0.061363935470581055
0.05991363525390625
0.046991825103759766
0.03267264366149902
0.10520029067993164
0.0882711410522461
0.0740201473236084
0.05901312828063965
0.04447007179260254
0.030452966690063477
0.11027646064758301
0.10294198989868164
0.09864306449890137
0.08354854583740234
0.06846427917480469
0.05366969108581543
0.038816213607788086
0.1061248779296875
0.0987858772277832
0.08404970169067383
0.06873035430908203
0.05932497978210449
0.04553723335266113
0.0315854549407959
0.09233331680297852
0.07744240760803223
0.07275581359863281
0.0648190975189209
0.05066823959350586
0.03568577766418457
0.11716032028198242
0.09326314926147461
0.07868313789367676
0.06396794319152832
0.049550533294677734
0.035513877868652344
0.1062014102935791
0.08756732940673828
0.07632803916931152
0.06221747398376465
0.05427408218383789
0.04297924041748047
0.11167240142822266
0.08279871940612793
0.08274960517883301
0.06837677955627441
0.05025124549865723
0.03597140312194824
0.11128854751586914
0.08699965476989746
0.07254719734191895
0.06876564025878906
0.05437278747558594
0.03339505195617676
0.10727429389953613
0.08340144157409668
0.0784761905670166
0.06394124031066895
0.049360036849975586
0.03509950637817383
0.022148847579956055
0.09663081169128418
0.08132171630859375
0.07343602180480957
0.06912994384765625
0.047324180603027344
0.033364295959472656
0.10344624519348145
0.08617877960205078
0.08524632453918457
0.07374095916748047
0.06145024299621582
0.0500943660736084
0.03612065315246582
0.09788942337036133
0.08417844772338867
0.07774853706359863
0.06358504295349121
0.04858565330505371
0.03353691101074219
0.10946440696716309
0.09619426727294922
0.08191943168640137
0.06746506690979004
0.052553653717041016
0.037996530532836914
0.10915279388427734
0.10061979293823242
0.10047554969787598
0.08595728874206543
0.07105779647827148
0.0565948486328125
0.042310237884521484
0.11279869079589844
0.10264134407043457
0.08571577072143555
0.087615966796875
0.0733487606048584
0.05923914909362793
0.044591426849365234
0.11844396591186523
0.09219765663146973
0.07810378074645996
0.0601048469543457
0.052910566329956055
0.04001331329345703
0.10648083686828613
0.09317278861999512
0.07936406135559082
0.0613555908203125
0.04700922966003418
0.03247642517089844
0.1151270866394043
0.09530043601989746
0.08156180381774902
0.0667881965637207
0.062226057052612305
0.048343658447265625
0.03406572341918945
0.08960747718811035
0.08113789558410645
0.0673215389251709
0.05325198173522949
0.05378603935241699
0.039469242095947266
0.10931015014648438
0.08726382255554199
0.08978700637817383
0.07586312294006348
0.06164264678955078
0.04790019989013672
0.03376913070678711
0.10512304306030273
0.08689117431640625
0.0689401626586914
0.05468344688415527
0.04851961135864258
0.030755996704101562
0.09527873992919922
0.0815887451171875
0.07140040397644043
0.060532331466674805
0.04614090919494629
0.031340599060058594
0.11482882499694824
0.10550642013549805
0.09055972099304199
0.17069029808044434
0.15393352508544922
0.14475560188293457
0.1312577724456787
0.13049578666687012
0.12055802345275879
0.10634899139404297
0.09194445610046387
0.07763481140136719
0.1507270336151123
0.13677144050598145
0.12306952476501465
0.11049628257751465
0.09535646438598633
0.08083748817443848
0.06639647483825684
0.0520322322845459
0.03723931312561035
0.08808755874633789
0.07995057106018066
0.06620335578918457
0.052214860916137695
0.03836250305175781
0.028154373168945312
0.10610580444335938
0.1786785125732422
0.16446375846862793
0.1509099006652832
0.13323497772216797
0.11608386039733887
0.10183572769165039
0.09526729583740234
0.08100032806396484
0.13391661643981934
0.11995649337768555
0.09873652458190918
0.08462309837341309
0.07125377655029297
0.05344414710998535
0.04756951332092285
0.038512468338012695
0.10201621055603027
0.08008790016174316
0.06771206855773926
0.05388927459716797
0.04077959060668945
0.03640007972717285
0.10820746421813965
0.17976832389831543
0.1651628017425537
0.15049028396606445
0.16005921363830566
0.14508485794067383
0.12715482711791992
0.10866093635559082
0.09436821937561035
0.0801393985748291
0.057068586349487305
0.11367249488830566
0.1147465705871582
0.09183049201965332
0.07751345634460449
0.06333446502685547
0.04609084129333496
0.03142046928405762
0.09041094779968262
0.1802358627319336
0.18091487884521484
0.1667346954345703
0.1525583267211914
0.13777613639831543
0.12287211418151855
0.1069173812866211
0.10005950927734375
0.08569955825805664
0.07282185554504395
0.05814075469970703
0.04307222366333008
0.2181384563446045
0.17937397956848145
0.1653909683227539
0.15072011947631836
0.13272356986999512
0.12391066551208496
0.10900998115539551
0.09476613998413086
0.08513045310974121
0.14920353889465332
0.1445481777191162
0.13038349151611328
0.082916259765625
0.0689084529876709
0.055757999420166016
0.041736602783203125
0.02771592140197754
0.0994868278503418
0.18503999710083008
0.17051172256469727
0.155487060546875
0.14278006553649902
0.12937283515930176
0.11978507041931152
0.1057121753692627
0.10203409194946289
0.08742928504943848
0.07317137718200684
0.05871915817260742
0.22420454025268555
0.21632838249206543
0.21292352676391602
0.2030034065246582
0.18884491920471191
0.1714191436767578
0.1569359302520752
0.14168214797973633
0.1274404525756836
0.11309337615966797
0.09880542755126953
0.17166709899902344
0.16477537155151367
0.15118932723999023
0.13747000694274902
0.09344124794006348
0.0731806755065918
0.05889320373535156
0.0443272590637207
0.10893940925598145
0.20230889320373535
0.1960592269897461
0.18891048431396484
0.17473268508911133
0.16691350936889648
0.15273213386535645
0.13869190216064453
0.12258696556091309
0.10763692855834961
0.09338188171386719
0.0789182186126709
0.06354999542236328
0.2408745288848877
0.23006796836853027
0.19216275215148926
0.17815065383911133
0.16421914100646973
0.1495659351348877
0.12015986442565918
0.10597586631774902
0.09141373634338379
0.16704273223876953
0.15598082542419434
0.14171147346496582
0.12382841110229492
0.10976481437683105
0.0878593921661377
0.07371997833251953
0.06086134910583496
0.04752659797668457
0.04063606262207031
0.10916781425476074
0.18172407150268555
0.16760587692260742
0.1533949375152588
0.13899540901184082
0.13868498802185059
0.1306004524230957
0.11664223670959473
0.10234308242797852
0.08808064460754395
0.07356071472167969
0.22577953338623047
0.22678017616271973
0.21291089057922363
0.1987006664276123
0.18378067016601562
0.1697847843170166
0.15743088722229004
0.1435236930847168
0.12956523895263672
0.11565113067626953
0.16624045372009277
0.15519165992736816
0.16112780570983887
0.14644551277160645
0.13206958770751953
0.09423017501831055
0.07927775382995605
0.06528043746948242
0.05129265785217285
0.036235809326171875
0.10125851631164551
0.07893657684326172
0.07358622550964355
0.03871297836303711
0.11113357543945312
0.09352540969848633
0.17162060737609863
0.16388797760009766
0.15004587173461914
0.13293814659118652
0.12200355529785156
0.10204029083251953
0.09193563461303711
0.07319927215576172
0.14756536483764648
0.13238525390625
0.1179962158203125
0.13269758224487305
0.11022496223449707
0.09569573402404785
0.07982110977172852
0.059346675872802734
0.04520225524902344
0.09763693809509277
0.08794999122619629
0.07326149940490723
0.05794477462768555
0.049520254135131836
0.034871816635131836
0.10364842414855957
0.08070015907287598
0.06823205947875977
0.05588412284851074
0.05693840980529785
0.043851613998413086
0.10861849784851074
0.09310388565063477
0.08091878890991211
0.07490921020507812
0.06033802032470703
0.04520559310913086
0.030310869216918945
0.1083519458770752
0.08902692794799805
0.07491374015808105
0.059888601303100586
0.04565739631652832
0.030959129333496094
0.1142723560333252
0.10323500633239746
0.09293913841247559
0.07860684394836426
0.059793710708618164
0.045044898986816406
0.03082752227783203
0.09197354316711426
0.08034729957580566
0.05933499336242676
0.054697513580322266
0.04191756248474121
0.030117511749267578
0.11609363555908203
0.09807872772216797
0.08358502388000488
0.06916475296020508
0.054930686950683594
0.04037928581237793
0.02779698371887207
0.10135006904602051
0.08525681495666504
0.06986808776855469
0.0590975284576416
0.04863715171813965
0.03784799575805664
0.11097431182861328
0.1076653003692627
0.09371423721313477
0.07954096794128418
0.06609082221984863
0.05260038375854492
0.037482500076293945
0.028565168380737305
0.09968876838684082
0.08106684684753418
0.0737912654876709
0.058687448501586914
0.04443192481994629
0.033935546875
0.09106850624084473
0.07174515724182129
0.08037424087524414
0.06598639488220215
0.05179905891418457
0.03719449043273926
0.10457992553710938
0.08464694023132324
0.07473492622375488
0.060163021087646484
0.05538368225097656
0.0420072078704834
0.10782885551452637
0.08509659767150879
0.08363580703735352
0.06993556022644043
0.05591726303100586
0.041472673416137695
0.11030340194702148
0.0927433967590332
0.09737014770507812
0.0825190544128418
0.06662154197692871
0.051540374755859375
0.03738284111022949
0.08785533905029297
0.07672858238220215
0.07135128974914551
0.058087825775146484
0.04212355613708496
0.10700702667236328
0.08756804466247559
0.07656288146972656
0.06221652030944824
0.05442667007446289
0.040006399154663086
0.025571823120117188
0.0999000072479248
0.08195924758911133
0.08559155464172363
0.07340145111083984
0.05943441390991211
0.04441952705383301
0.030194759368896484
0.1014854907989502
0.08502483367919922
0.0705418586730957
0.05605268478393555
0.05197405815124512
0.042330026626586914
0.1081995964050293
0.09463357925415039
0.08441472053527832
0.08118319511413574
0.06362247467041016
0.04889512062072754
0.03448772430419922
0.10427546501159668
0.0857992172241211
0.07131075859069824
0.06117391586303711
0.046629905700683594
0.03412890434265137
0.10656952857971191
0.09027266502380371
0.07947039604187012
0.0645604133605957
0.050775766372680664
0.03629493713378906
0.11304068565368652
0.09319782257080078
0.06335759162902832
0.04875636100769043
0.03104090690612793
0.10919022560119629
0.08597683906555176
0.07292509078979492
0.05822467803955078
0.04689598083496094
0.03231382369995117
0.1060781478881836
0.0898888111114502
0.08290743827819824
0.07259893417358398
0.05930328369140625
0.044649600982666016
0.0304563045501709
0.09753060340881348
0.08481740951538086
0.07064032554626465
0.05597209930419922
0.04163622856140137
0.03628373146057129
0.12773752212524414
0.10306668281555176
0.08561182022094727
0.07119941711425781
0.05314826965332031
0.03883075714111328
0.11608552932739258
0.10037541389465332
0.08701586723327637
0.07061982154846191
0.05628561973571777
0.04205679893493652
0.11751461029052734
0.10627007484436035
0.10196661949157715
0.08773994445800781
0.07312130928039551
0.0583033561706543
0.04092741012573242
0.11262989044189453
0.08573102951049805
0.07052230834960938
0.056656837463378906
0.03862881660461426
0.03645157814025879
0.1030130386352539
0.08777832984924316
0.08380460739135742
0.07403779029846191
0.053227901458740234
0.03871464729309082
0.10581326484680176
0.08322572708129883
0.07012438774108887
0.06082963943481445
0.04979562759399414
0.04010367393493652
0.02612471580505371
0.0959014892578125
0.08179569244384766
0.0704488754272461
0.056061506271362305
0.04172205924987793
0.02660822868347168
0.11039900779724121
0.09066390991210938
0.07737183570861816
0.06310486793518066
0.04827547073364258
0.041550397872924805
0.11195659637451172
0.0864262580871582
0.08114051818847656
0.06743860244750977
0.05233120918273926
0.03771162033081055
0.11292648315429688
0.10311555862426758
0.09001946449279785
0.07649350166320801
0.06248188018798828
0.05176234245300293
0.04243874549865723
0.10759282112121582
0.07871675491333008
0.06687164306640625
0.05045509338378906
0.04820084571838379
0.030950069427490234
0.0945889949798584
0.08371353149414062
0.0697011947631836
0.06260108947753906
0.04870319366455078
0.03428149223327637
0.020219087600708008
0.0973360538482666
0.0823984146118164
0.06885218620300293
0.047998905181884766
0.03546428680419922
0.11150527000427246
0.08817052841186523
0.07422065734863281
0.06861495971679688
0.05344963073730469
0.03900027275085449
0.10269355773925781
0.08221173286437988
0.07601332664489746
0.06115436553955078
0.0469663143157959
0.03724527359008789
0.12827301025390625
0.11361837387084961
0.10132861137390137
0.08668637275695801
0.0724184513092041
0.05795168876647949
0.043344974517822266
0.11141180992126465
0.09794998168945312
0.09845304489135742
0.08774828910827637
0.0737905502319336
0.05898237228393555
0.0444941520690918
0.12021231651306152
0.10648131370544434
0.09245824813842773
0.07907342910766602
0.0646357536315918
0.05041813850402832
0.03595113754272461
0.10687756538391113
0.08790922164916992
0.07390427589416504
0.06311655044555664
0.04875063896179199
0.03867793083190918
0.11432242393493652
0.08569049835205078
0.0812234878540039
0.06945919990539551
0.05579543113708496
0.04080510139465332
0.10944151878356934
0.09040021896362305
0.0829775333404541
0.07515907287597656
0.06148552894592285
0.04801201820373535
0.03358936309814453
0.0931854248046875
0.0785207748413086
0.06574702262878418
0.05441927909851074
0.05276322364807129
0.04016923904418945
0.1101522445678711
0.09590935707092285
0.09390401840209961
0.08074617385864258
0.06232762336730957
0.047892093658447266
0.03433656692504883
0.10503745079040527
0.09073162078857422
0.0724344253540039
0.05422258377075195
0.0398869514465332
0.024981975555419922
0.09199666976928711
0.08741164207458496
0.06989932060241699
0.05146670341491699
0.03772115707397461
0.029217958450317383
0.10065317153930664
0.0871281623840332
0.0729377269744873
0.06600189208984375
0.05202484130859375
0.038229942321777344
0.024166107177734375
0.10168886184692383
0.05790543556213379
0.051712751388549805
0.03260469436645508
0.11026811599731445
0.0920724868774414
0.09443831443786621
0.08011364936828613
0.06565189361572266
0.05098390579223633
0.03695201873779297
0.10386157035827637
0.08053040504455566
0.07746386528015137
0.06302404403686523
0.04908347129821777
0.03504514694213867
0.11187195777893066
0.09856677055358887
0.08462738990783691
0.07256770133972168
0.05990457534790039
0.06203508377075195
0.04804658889770508
0.10691046714782715
0.08133935928344727
0.07543134689331055
0.0649268627166748
0.050965309143066406
0.03737688064575195
0.023090362548828125
0.10196280479431152
0.0855093002319336
0.07120585441589355
0.05710482597351074
0.05039477348327637
0.03168916702270508
0.1019585132598877
0.092437744140625
0.08110427856445312
0.06641554832458496
0.04854249954223633
0.033733367919921875
0.1064295768737793
0.08867478370666504
0.08803415298461914
0.07307243347167969
0.055852651596069336
0.041490793228149414
0.029140472412109375
0.09920382499694824
0.08620619773864746
0.0722496509552002
0.057694196701049805
0.043360233306884766
0.03966879844665527
0.10763049125671387
0.08878707885742188
0.07990002632141113
0.06593799591064453
0.04525017738342285
0.0408482551574707
0.031332969665527344
0.09451794624328613
0.0820775032043457
0.0731651782989502
0.06181836128234863
0.04685187339782715
0.03164982795715332
0.11002540588378906
0.09228968620300293
0.0880594253540039
0.08165359497070312
0.052916526794433594
0.038164377212524414
0.11951613426208496
0.0948171615600586
0.08057117462158203
0.06526899337768555
0.052704811096191406
0.04149961471557617
0.11301159858703613
0.10189080238342285
0.08676266670227051
0.07203078269958496
0.05746006965637207
0.04271364212036133
0.0290374755859375
0.1073005199432373
0.0847318172454834
0.08209514617919922
0.06822586059570312
0.05402326583862305
0.040148019790649414
0.11329054832458496
0.10085678100585938
0.08670401573181152
0.0755162239074707
0.06679654121398926
0.05260920524597168
0.03906822204589844
0.10870242118835449
0.10267901420593262
0.0887305736541748
0.07418608665466309
0.059470415115356445
0.04366469383239746
0.04198718070983887
0.10984015464782715
0.08473420143127441
0.0814661979675293
0.06718206405639648
0.04948997497558594
0.03524637222290039
0.09999299049377441
0.0832364559173584
0.06520271301269531
0.053034305572509766
0.03760337829589844
0.03840923309326172
0.10423851013183594
0.09914112091064453
0.08414626121520996
0.06920814514160156
0.05402731895446777
0.03895139694213867
0.11234498023986816
0.08424639701843262
0.07356929779052734
0.05900001525878906
0.04487180709838867
0.027500152587890625
0.1036074161529541
0.08675789833068848
0.07270026206970215
0.062363386154174805
0.047814130783081055
0.04677414894104004
0.033037424087524414
0.09191131591796875
0.08107280731201172
0.0700080394744873
0.05563807487487793
0.040706634521484375
0.03514385223388672
0.10688495635986328
0.0832662582397461
0.07729411125183105
0.062203168869018555
0.0475008487701416
0.032874345779418945
0.11214780807495117
0.09348392486572266
0.08574771881103516
0.07526206970214844
0.0665736198425293
0.05168747901916504
0.037650346755981445
0.10411715507507324
0.08087873458862305
0.0777583122253418
0.06308221817016602
0.04881024360656738
0.03456282615661621
0.11132287979125977
0.09055852890014648
0.07642507553100586
0.0624232292175293
0.021204471588134766
0.10195684432983398
0.08860945701599121
0.07417678833007812
0.0601806640625
0.054358720779418945
0.042936086654663086
0.02856755256652832
0.10254621505737305
0.08220672607421875
0.07280731201171875
0.06635522842407227
0.05199861526489258
0.037500858306884766
0.11379194259643555
0.09634065628051758
0.08226871490478516
0.07489252090454102
0.060224056243896484
0.045545339584350586
0.03036189079284668
0.10561323165893555
0.08521819114685059
0.07363033294677734
0.05836129188537598
0.04398179054260254
0.0308990478515625
0.11415648460388184
0.09727120399475098
0.0875084400177002
0.07695317268371582
0.06269407272338867
0.047750234603881836
0.034096479415893555
0.10588240623474121
0.08143329620361328
0.09389090538024902
0.07335281372070312
0.0562441349029541
0.09229707717895508
0.08394932746887207
0.07343506813049316
0.0633687973022461
0.0455324649810791
0.031560659408569336
0.11070489883422852
0.09376907348632812
0.0717470645904541
0.05690407752990723
0.042946577072143555
0.02811598777770996
0.0936884880065918
0.08988571166992188
0.0796363353729248
0.06924939155578613
0.05530214309692383
0.040621280670166016
0.1114501953125
0.11560535430908203
0.10151863098144531
0.08759355545043945
0.0701448917388916
0.057027578353881836
0.11040830612182617
0.10198283195495605
0.10701107978820801
0.09435629844665527
0.08219528198242188
0.06737613677978516
0.053504228591918945
0.11032414436340332
0.0929713249206543
0.07684087753295898
0.05988144874572754
0.047057151794433594
0.02772045135498047
0.10684609413146973
0.08294963836669922
0.0744316577911377
0.07404589653015137
0.05957627296447754
0.04553341865539551
0.030986785888671875
0.1009986400604248
0.08276963233947754
0.06865572929382324
0.054375410079956055
0.04156851768493652
0.04225492477416992
0.10760354995727539
0.08215808868408203
0.06907224655151367
0.05722236633300781
0.05195212364196777
0.03988766670227051
0.025686264038085938
0.09817671775817871
0.08554410934448242
0.06408977508544922
0.04915499687194824
0.03504133224487305
0.020996809005737305
0.1010444164276123
0.08311057090759277
0.07748079299926758
0.06308436393737793
0.04888033866882324
0.03432798385620117
0.027838706970214844
0.10112404823303223
0.09220647811889648
0.0810995101928711
0.0665898323059082
0.05201125144958496
0.04822373390197754
0.12642574310302734
0.09266901016235352
0.07771444320678711
0.06368350982666016
0.049831390380859375
0.032698869705200195
0.1084280014038086
0.08744072914123535
0.07275104522705078
0.0612645149230957
0.05138349533081055
0.04644966125488281
0.0336153507232666
0.09892058372497559
0.08429384231567383
0.07012057304382324
0.06236839294433594
0.04773235321044922
0.03407621383666992
0.1087028980255127
0.08356618881225586
0.0782022476196289
0.06314277648925781
0.0488734245300293
0.034654855728149414
0.11349987983703613
0.10325312614440918
0.08920907974243164
0.07477712631225586
0.06121063232421875
0.04702591896057129
0.03565382957458496
0.10762357711791992
0.08063006401062012
0.07183337211608887
0.047795772552490234
0.03280925750732422
0.11536860466003418
0.10968542098999023
0.09959816932678223
0.08523750305175781
0.0687556266784668
0.05404782295227051
0.03977251052856445
0.11136269569396973
0.10429620742797852
0.08934807777404785
0.07408428192138672
0.05932188034057617
0.04944729804992676
0.03503847122192383
0.1112372875213623
0.11164259910583496
0.09571433067321777
0.08113598823547363
0.06368589401245117
0.04968667030334473
0.034609079360961914
0.10803699493408203
0.08521008491516113
0.07326316833496094
0.05595827102661133
0.04117894172668457
0.031090259552001953
0.1157524585723877
0.09816813468933105
0.0840606689453125
0.06603074073791504
0.05147671699523926
0.037056684494018555
0.11089086532592773
0.10394597053527832
0.09001541137695312
0.07576775550842285
0.061599016189575195
0.04078531265258789
0.026324748992919922
0.08999061584472656
0.09057760238647461
0.07613420486450195
0.06214499473571777
0.047916412353515625
0.03340768814086914
0.10622525215148926
0.08362889289855957
0.07134604454040527
0.058774471282958984
0.04670548439025879
0.04069209098815918
0.025747060775756836
0.08946657180786133
0.07763862609863281
0.07933211326599121
0.06612133979797363
0.052698373794555664
0.03839278221130371
0.10897469520568848
0.08329892158508301
0.07100105285644531
0.06256532669067383
0.04826164245605469
0.03058600425720215
0.11423659324645996
0.09930562973022461
0.0813448429107666
0.07010340690612793
0.05218625068664551
0.034085988998413086
0.020116090774536133
0.08992838859558105
0.08779454231262207
0.07353639602661133
0.058684587478637695
0.04445242881774902
0.026520252227783203
0.09385108947753906
0.08927750587463379
0.07508635520935059
0.06055331230163574
0.045683860778808594
0.030997514724731445
0.10843396186828613
0.08691549301147461
0.06942462921142578
0.05952024459838867
0.04457378387451172
0.03503251075744629
0.09859800338745117
0.08447742462158203
0.08377885818481445
0.07700634002685547
0.06307268142700195
0.0490717887878418
0.03476691246032715
0.09030866622924805
0.07884693145751953
0.06365036964416504
0.04984116554260254
0.037908315658569336
0.026862621307373047
0.11036229133605957
0.09552836418151855
0.08131742477416992
0.07014155387878418
0.05561518669128418
0.04160761833190918
0.11252188682556152
0.09403514862060547
0.08000493049621582
0.06581997871398926
0.05174732208251953
0.03752613067626953
0.030853271484375
0.09207916259765625
0.08119535446166992
0.0703132152557373
0.056098222732543945
0.041879892349243164
0.027913808822631836
0.10312724113464355
0.08987140655517578
0.08461642265319824
0.07015562057495117
0.04933619499206543
0.03446054458618164
0.09451842308044434
0.07935380935668945
0.07125139236450195
0.07241940498352051
0.06084632873535156
0.04708385467529297
0.11197495460510254
0.08350968360900879
0.08293581008911133
0.0687553882598877
0.05472588539123535
0.03991079330444336
0.11114740371704102
0.09657001495361328
0.08803582191467285
0.07403111457824707
0.06040596961975098
0.04836416244506836
0.03542351722717285
0.02614879608154297
0.08939528465270996
0.07818055152893066
0.06418704986572266
0.05055522918701172
0.04797649383544922
0.03395962715148926
0.09409260749816895
0.0800175666809082
0.07078671455383301
0.05632758140563965
0.05239224433898926
0.039086341857910156
0.11994624137878418
0.1026923656463623
0.08861732482910156
0.07422351837158203
0.06005096435546875
0.045591115951538086
0.03193855285644531
0.09999465942382812
0.08553290367126465
0.07123875617980957
0.07135152816772461
0.0578150749206543
0.04438638687133789
0.029926061630249023
0.11320900917053223
0.0962369441986084
0.08202862739562988
0.06745409965515137
0.04949069023132324
0.03525495529174805
0.10924005508422852
0.08376002311706543
0.07107090950012207
0.06807470321655273
0.059581756591796875
0.029266834259033203
0.09944796562194824
0.09140849113464355
0.0737917423248291
0.0559840202331543
0.04102730751037598
0.03650379180908203
0.10620355606079102
0.09404611587524414
0.07911562919616699
0.0651860237121582
0.05101943016052246
0.036995887756347656
0.10709047317504883
0.09731149673461914
0.08418536186218262
0.06975030899047852
0.05538749694824219
0.032999277114868164
0.10756969451904297
0.08598566055297852
0.087982177734375
0.07370400428771973
0.05880117416381836
0.04402589797973633
0.029242277145385742
0.09709572792053223
0.08480381965637207
0.07060813903808594
0.05982184410095215
0.052591800689697266
0.038155555725097656
0.11553144454956055
0.10187768936157227
0.08794283866882324
0.0815269947052002
0.07096433639526367
0.05836033821105957
0.04368782043457031
0.0297238826751709
0.0998234748840332
0.07890009880065918
0.07018709182739258
0.05624103546142578
0.05378389358520508
0.04077553749084473
0.11304497718811035
0.0997934341430664
0.09497308731079102
0.08356618881225586
0.06907773017883301
0.05161905288696289
0.034113407135009766
0.09308028221130371
0.08274173736572266
0.0693972110748291
0.06301426887512207
0.05299997329711914
0.031853437423706055
0.10942840576171875
0.09200334548950195
0.07775735855102539
0.06376290321350098
0.04900670051574707
0.034517526626586914
0.02034616470336914
0.10111832618713379
0.0908956527709961
0.07633829116821289
0.0611422061920166
0.05033087730407715
0.1068112850189209
0.10189485549926758
0.0869760513305664
0.0721445083618164
0.05726790428161621
0.042719364166259766
0.02857208251953125
0.0897512435913086
0.0807790756225586
0.0722193717956543
0.057914018630981445
0.04397082328796387
0.02953481674194336
0.10378289222717285
0.08983659744262695
0.07868742942810059
0.0640556812286377
0.048853397369384766
0.0345304012298584
0.09174990653991699
0.0827784538269043
0.07158660888671875
0.05714154243469238
0.042755842208862305
0.033631086349487305
0.10909414291381836
0.08875679969787598
0.08406829833984375
0.08024764060974121
0.06519436836242676
0.051321983337402344
0.0373845100402832
0.08880066871643066
0.0841073989868164
0.06964755058288574
0.06061291694641113
0.046773433685302734
0.032866477966308594
0.11488723754882812
0.08977794647216797
0.06788253784179688
0.056797027587890625
0.03917193412780762
0.12206792831420898
0.1016848087310791
0.08715224266052246
0.07303023338317871
0.06437373161315918
0.06341409683227539
0.0498504638671875
0.03603506088256836
0.0880885124206543
0.07949519157409668
0.07799553871154785
0.06307482719421387
0.04912853240966797
0.035323381423950195
0.0909416675567627
0.07560086250305176
0.06963920593261719
0.05628252029418945
0.04128885269165039
0.11162018775939941
0.09585785865783691
0.08199405670166016
0.06837296485900879
0.06800246238708496
0.05507302284240723
0.03852677345275879
0.11338257789611816
0.0961613655090332
0.08205485343933105
0.06699538230895996
0.05484628677368164
0.04270434379577637
0.03387260437011719
0.10254573822021484
0.10033178329467773
0.08609652519226074
0.07189464569091797
0.05694103240966797
0.042653799057006836
0.11139845848083496
0.09683680534362793
0.08760881423950195
0.07256412506103516
0.06589198112487793
0.056842803955078125
0.04197287559509277
0.027453184127807617
0.10125350952148438
0.08231496810913086
0.06836175918579102
0.055754899978637695
0.05502772331237793
0.03819537162780762
0.10560965538024902
0.0956718921661377
0.08165550231933594
0.0677940845489502
0.0538482666015625
0.04863691329956055
0.03468918800354004
0.10112905502319336
0.0829460620880127
0.06896424293518066
0.05781292915344238
0.051526546478271484
0.037374019622802734
0.024228572845458984
0.09527420997619629
0.08954644203186035
0.07466459274291992
0.057306766510009766
0.04221963882446289
0.02463245391845703
0.10170936584472656
0.0828864574432373
0.07312750816345215
0.05879783630371094
0.044605255126953125
0.0301666259765625
0.0924081802368164
0.08096480369567871
0.07600688934326172
0.058110713958740234
0.04311871528625488
0.02617955207824707
0.12050557136535645
0.09867525100708008
0.08072948455810547
0.06676697731018066
0.052567243576049805
0.03846001625061035
0.1108705997467041
0.08270764350891113
0.07070279121398926
0.06250715255737305
0.04839897155761719
0.038835763931274414
0.1115269660949707
0.09736800193786621
0.09113049507141113
0.07590770721435547
0.061521291732788086
0.040730953216552734
0.032224416732788086
0.10435223579406738
0.08517169952392578
0.07012438774108887
0.05943489074707031
0.04475975036621094
0.038338661193847656
0.11132621765136719
0.08387994766235352
0.06719684600830078
0.05497932434082031
0.05331134796142578
0.03879737854003906
0.11079168319702148
0.10626482963562012
0.09227585792541504
0.07833576202392578
0.0637049674987793
0.04910135269165039
0.035779476165771484
0.11279678344726562
0.0845487117767334
0.07028722763061523
0.05619478225708008
0.0545194149017334
0.04184246063232422
0.10676431655883789
0.08679795265197754
0.07200288772583008
0.06715726852416992
0.049414873123168945
0.03513503074645996
0.1097877025604248
0.10120153427124023
0.08727622032165527
0.07300138473510742
0.05951952934265137
0.04557347297668457
0.030896425247192383
0.11522054672241211
0.09305310249328613
0.0782613754272461
0.06429338455200195
0.05005383491516113
0.03611588478088379
0.1167304515838623
0.10305953025817871
0.08505964279174805
0.08230757713317871
0.06796717643737793
0.053467750549316406
0.03996419906616211
0.11192488670349121
0.08112192153930664
0.07192516326904297
0.05759859085083008
0.04723024368286133
0.1271672248840332
0.10358738899230957
0.09767413139343262
0.08735823631286621
0.07318830490112305
0.05834627151489258
0.04106402397155762
0.11051058769226074
0.09427452087402344
0.08580851554870605
0.07122445106506348
0.056714534759521484
0.042349815368652344
0.026996374130249023
0.09163141250610352
0.09486126899719238
0.07231521606445312
0.05790901184082031
0.04303145408630371
0.028928756713867188
0.09445357322692871
0.08394503593444824
0.08346796035766602
0.06933927536010742
0.05501079559326172
0.04030346870422363
0.10802173614501953
0.12253236770629883
0.11733818054199219
0.1029517650604248
0.08901548385620117
0.07509684562683105
0.06072568893432617
0.04663658142089844
0.09663844108581543
0.08404135704040527
0.08419418334960938
0.06920933723449707
0.054286956787109375
0.03919029235839844
0.10882830619812012
0.08197474479675293
0.07269597053527832
0.06145334243774414
0.046509742736816406
0.028568744659423828
0.10382699966430664
0.09110403060913086
0.07632613182067871
0.062354326248168945
0.04742908477783203
0.02796006202697754
0.09852981567382812
0.09652209281921387
0.08298063278198242
0.06293439865112305
0.048424720764160156
0.04140758514404297
0.1134347915649414
0.09056401252746582
0.0765848159790039
0.060632944107055664
0.04667186737060547
0.049372196197509766
0.035553693771362305
0.09878349304199219
0.09290313720703125
0.07826876640319824
0.0638120174407959
0.05002474784851074
0.03567337989807129
0.10664677619934082
0.08403372764587402
0.07534027099609375
0.07102274894714355
0.059145212173461914
0.047263383865356445
0.03675723075866699
0.09828495979309082
0.08267521858215332
0.07397937774658203
0.05963778495788574
0.04574871063232422
0.03311514854431152
0.022825956344604492
0.1019887924194336
0.09029531478881836
0.0837101936340332
0.0693056583404541
0.05432629585266113
0.03243398666381836
0.09094929695129395
0.07307100296020508
0.060045719146728516
0.0579218864440918
0.04065203666687012
0.026282072067260742
0.10331249237060547
0.08638286590576172
0.0719754695892334
0.058896541595458984
0.05045294761657715
0.03970217704772949
0.02542853355407715
0.0920419692993164
0.07799267768859863
0.0637211799621582
0.05582618713378906
0.03886270523071289
0.12979435920715332
0.12021803855895996
0.1067054271697998
0.08929157257080078
0.07501387596130371
0.06079578399658203
0.04703688621520996
0.032794952392578125
0.08980488777160645
0.09038257598876953
0.0807192325592041
0.06242561340332031
0.04845261573791504
0.034006595611572266
0.09550094604492188
0.07726168632507324
0.06395912170410156
0.06366276741027832
0.049976348876953125
0.03533172607421875
0.10406112670898438
0.09676814079284668
0.08427739143371582
0.06978988647460938
0.055849313735961914
0.11889219284057617
0.12633585929870605
0.11283302307128906
0.09744906425476074
0.08223724365234375
0.06227445602416992
0.047739267349243164
0.11315751075744629
0.09455013275146484
0.07948493957519531
0.06524324417114258
0.050321340560913086
0.03590655326843262
0.11853337287902832
0.10120129585266113
0.08603739738464355
0.07122206687927246
0.05698823928833008
0.04213714599609375
0.028053760528564453
0.09898662567138672
0.08617448806762695
0.07110190391540527
0.05885958671569824
0.05065727233886719
0.045953989028930664
0.13074588775634766
0.10364222526550293
0.09060430526733398
0.07557034492492676
0.060647010803222656
0.04561328887939453
0.10522913932800293
0.0869600772857666
0.06614279747009277
0.05261063575744629
0.04407620429992676
0.029872417449951172
0.10547828674316406
0.08613061904907227
0.07222986221313477
0.0586085319519043
0.04933929443359375
0.03836250305175781
0.022390127182006836
0.09146904945373535
0.09394955635070801
0.07888460159301758
0.06419515609741211
0.0501708984375
0.03507828712463379
0.10095882415771484
0.0902254581451416
0.08152484893798828
0.06651735305786133
0.051848411560058594
0.037897586822509766
0.10995292663574219
0.0964200496673584
0.08132743835449219
0.0669708251953125
0.05289196968078613
0.038544416427612305
0.0238187313079834
0.09986329078674316
0.08283662796020508
0.07135987281799316
0.05697154998779297
0.04262137413024902
0.037549734115600586
0.11261701583862305
0.08642363548278809
0.07150006294250488
0.06095242500305176
0.04662823677062988
0.03538966178894043
0.021494150161743164
0.09619784355163574
0.08154416084289551
0.06656622886657715
0.052901268005371094
0.04678177833557129
0.031896352767944336
0.1043851375579834
0.08345770835876465
0.08502960205078125
0.06492042541503906
0.050704240798950195
0.03629946708679199
0.10423636436462402
0.08751225471496582
0.07271051406860352
0.07512879371643066
0.060389041900634766
0.04518580436706543
0.0309751033782959
0.09727883338928223
0.08041906356811523
0.07115411758422852
0.06000781059265137
0.045675039291381836
0.03193926811218262
0.11100435256958008
0.10485363006591797
0.0908193588256836
0.07645750045776367
0.062126874923706055
0.04768037796020508
0.03402400016784668
0.11019587516784668
0.09573769569396973
0.08147406578063965
0.06310486793518066
0.049108266830444336
0.03445005416870117
0.0914006233215332
0.08278560638427734
0.06823134422302246
0.05377626419067383
0.04132199287414551
0.039838552474975586
0.10670185089111328
0.08710002899169922
0.09129810333251953
0.07633018493652344
0.06204652786254883
0.04741024971008301
0.03328895568847656
0.09839320182800293
0.09965991973876953
0.08271908760070801
0.06865048408508301
0.05621814727783203
0.04252338409423828
0.10818672180175781
0.09541559219360352
0.08207511901855469
0.0684971809387207
0.0538637638092041
0.03591752052307129
0.11814713478088379
0.10748434066772461
0.09342479705810547
0.07535028457641602
0.06076502799987793
0.04671740531921387
0.031920433044433594
0.10932183265686035
0.08949518203735352
0.08396267890930176
0.06978416442871094
0.054668426513671875
0.04034686088562012
0.11368179321289062
0.0912325382232666
0.08474349975585938
0.07069683074951172
0.04980826377868652
0.03564000129699707
0.09413290023803711
0.09638547897338867
0.08204793930053711
0.06704974174499512
0.05253934860229492
0.0381312370300293
0.1071176528930664
0.08670997619628906
0.08289742469787598
0.06815743446350098
0.054007530212402344
0.03976750373840332
0.026620149612426758
0.09252405166625977
0.08493590354919434
0.071258544921875
0.05642414093017578
0.04186558723449707
0.03439164161682129
0.10816049575805664
0.08249759674072266
0.07364058494567871
0.0626683235168457
0.05173778533935547
0.039138078689575195
0.12372374534606934
0.09734296798706055
0.0832056999206543
0.06874799728393555
0.05429863929748535
0.03911614418029785
0.10974717140197754
0.08550906181335449
0.08053326606750488
0.07371115684509277
0.06184840202331543
0.04759335517883301
0.10726213455200195
0.08920621871948242
0.07388591766357422
0.05946063995361328
0.04529523849487305
0.03201007843017578
0.01954364776611328
0.0977790355682373
0.08182954788208008
0.08894729614257812
0.07524490356445312
0.061072349548339844
0.04683375358581543
0.03261613845825195
0.09177017211914062
0.07443690299987793
0.0583493709564209
0.05510735511779785
0.04049420356750488
0.025520801544189453
0.0981903076171875
0.08372378349304199
0.06616425514221191
0.05845165252685547
0.04416227340698242
0.026836633682250977
0.09378647804260254
0.09477639198303223
0.07344198226928711
0.05589413642883301
0.0418391227722168
0.11221623420715332
0.08554244041442871
0.07496380805969238
0.07792305946350098
0.06339812278747559
0.046097517013549805
0.11129927635192871
0.09656596183776855
0.08904242515563965
0.07421278953552246
0.060339927673339844
0.04613804817199707
0.03330063819885254
0.12557411193847656
0.11140203475952148
0.09504461288452148
0.08055567741394043
0.06607675552368164
0.05108213424682617
0.036835670471191406
0.1078648567199707
0.08934998512268066
0.08053350448608398
0.07330656051635742
0.059845924377441406
0.1074676513671875
0.08560514450073242
0.07318615913391113
0.06075143814086914
0.06229376792907715
0.04899191856384277
0.03140687942504883
0.09575724601745605
0.08165788650512695
0.06777596473693848
0.05382800102233887
0.04105567932128906
0.03245258331298828
0.1117856502532959
0.08663034439086914
0.07248187065124512
0.07212018966674805
0.059296369552612305
0.04473543167114258
0.12906193733215332
0.1132972240447998
0.09870672225952148
0.08448910713195801
0.07025790214538574
0.0496978759765625
0.03517913818359375
0.10823655128479004
0.08983206748962402
0.0831449031829834
0.06823897361755371
0.054292917251586914
0.04032611846923828
0.02637195587158203
0.10006952285766602
0.07883739471435547
0.08551502227783203
0.07130146026611328
0.05689048767089844
0.04245734214782715
0.10947108268737793
0.08662724494934082
0.07262277603149414
0.06967568397521973
0.05518054962158203
0.04119467735290527
0.11122369766235352
0.10071992874145508
0.08678913116455078
0.08376002311706543
0.06956672668457031
0.05512189865112305
0.04146909713745117
0.027189254760742188
0.09968948364257812
0.07989811897277832
0.08221435546875
0.06850934028625488
0.05425858497619629
0.04007387161254883
0.1223137378692627
0.09881114959716797
0.08447623252868652
0.07026124000549316
0.05543875694274902
0.04121518135070801
0.11366057395935059
0.0971226692199707
0.08475613594055176
0.07822656631469727
0.06445693969726562
0.049447059631347656
0.03151559829711914
0.10516977310180664
0.10462808609008789
0.08979606628417969
0.07574105262756348
0.06157183647155762
0.04765033721923828
0.10082292556762695
0.08571410179138184
0.07077288627624512
0.0858759880065918
0.0678720474243164
0.052503347396850586
0.0917673110961914
0.08097696304321289
0.06936359405517578
0.054090261459350586
0.03972744941711426
0.03483080863952637
0.10370182991027832
0.08755683898925781
0.08052921295166016
0.06615853309631348
0.051740407943725586
0.037497520446777344
0.11771082878112793
0.1038675308227539
0.09009552001953125
0.07585453987121582
0.0579378604888916
0.060233354568481445
0.04609346389770508
0.11167788505554199
0.08181142807006836
0.08156704902648926
0.06936192512512207
0.05428814888000488
0.0395963191986084
0.10992741584777832
0.08439040184020996
0.07735705375671387
0.05514979362487793
0.04062008857727051
0.026407480239868164
0.10419321060180664
0.08926534652709961
0.0752105712890625
0.06048989295959473
0.042369842529296875
0.02816486358642578
0.10321688652038574
0.08682584762573242
0.07207393646240234
0.0617215633392334
0.047051191329956055
0.03206133842468262
0.10521602630615234
0.08339858055114746
0.07447171211242676
0.0597538948059082
0.04220008850097656
0.032740116119384766
0.10883688926696777
0.0829172134399414
0.07410240173339844
0.059638023376464844
0.049823760986328125
0.03137063980102539
0.1036221981048584
0.09919309616088867
0.08514904975891113
0.07076835632324219
0.05593156814575195
0.03838944435119629
0.10393810272216797
0.08543777465820312
0.07975935935974121
0.0656442642211914
0.03227567672729492
0.12044024467468262
0.09697198867797852
0.08290743827819824
0.06842708587646484
0.06233024597167969
0.04528069496154785
0.03045940399169922
0.10886263847351074
0.0976414680480957
0.08381056785583496
0.07020449638366699
0.056078195571899414
0.036191463470458984
0.09493064880371094
0.09846711158752441
0.0832662582397461
0.06897282600402832
0.05470108985900879
0.04002118110656738
0.12717723846435547
0.10364985466003418
0.09078001976013184
0.07691001892089844
0.061786651611328125
0.047663211822509766
0.0327298641204834
0.09860610961914062
0.09187602996826172
0.08268594741821289
0.06845831871032715
0.05428886413574219
0.039615631103515625
0.025337934494018555
0.09165453910827637
0.08105087280273438
0.06692171096801758
0.05660295486450195
0.04132485389709473
0.02738165855407715
0.1046450138092041
0.08738827705383301
0.0731191635131836
0.0692281723022461
0.055098533630371094
0.04073166847229004
0.02522587776184082
0.10483431816101074
0.08690285682678223
0.07265210151672363
0.04741811752319336
0.03293347358703613
0.1097257137298584
0.08380270004272461
0.07504129409790039
0.06742286682128906
0.06076931953430176
0.04588770866394043
0.031072616577148438
0.10071372985839844
0.08278083801269531
0.07086348533630371
0.0729987621307373
0.057630300521850586
0.043462276458740234
0.11767101287841797
0.09763598442077637
0.08173298835754395
0.06386971473693848
0.05020451545715332
0.035714149475097656
0.1054999828338623
0.08417630195617676
0.07709479331970215
0.070709228515625
0.0564115047454834
0.038542747497558594
0.10838699340820312
0.0836343765258789
0.07523417472839355
0.07021641731262207
0.0648794174194336
0.05123281478881836
0.09414434432983398
0.08983349800109863
0.07573223114013672
0.06133389472961426
0.056664466857910156
0.04281210899353027
0.11234712600708008
0.08858537673950195
0.07406187057495117
0.07158327102661133
0.056714534759521484
0.04251980781555176
0.027690887451171875
0.08747553825378418
0.07556509971618652
0.06299304962158203
0.05468177795410156
0.04566240310668945
0.031441688537597656
0.1066131591796875
0.08644580841064453
0.07449746131896973
0.059717416763305664
0.04573488235473633
0.042166948318481445
0.12552928924560547
0.10452127456665039
0.08647537231445312
0.07135701179504395
0.05701017379760742
0.038641929626464844
0.1127920150756836
0.09075093269348145
0.07055997848510742
0.056908607482910156
0.041768789291381836
0.03954148292541504
0.11550307273864746
0.08980393409729004
0.0749363899230957
0.0647878646850586
0.0551602840423584
0.03883790969848633
0.09120488166809082
0.07549500465393066
0.07617902755737305
0.06156802177429199
0.04438304901123047
0.030795812606811523
0.10504841804504395
0.09984850883483887
0.08484721183776855
0.0699152946472168
0.06265687942504883
0.049416542053222656
0.12182474136352539
0.08898425102233887
0.07424497604370117
0.05938076972961426
0.04177284240722656
0.04109835624694824
0.0908193588256836
0.08196115493774414
0.06745791435241699
0.054418325424194336
0.04480791091918945
0.03124547004699707
0.10416126251220703
0.08557772636413574
0.07484674453735352
0.05689215660095215
0.042421817779541016
0.03671669960021973
0.09158682823181152
0.08333373069763184
0.06928491592407227
0.059049367904663086
0.045233964920043945
0.04502701759338379
0.10792994499206543
0.08653640747070312
0.08153200149536133
0.06725907325744629
0.05327129364013672
0.03573966026306152
0.10920166969299316
0.1071784496307373
0.09223389625549316
0.07788658142089844
0.06292581558227539
0.051542043685913086
0.03158760070800781
0.09224653244018555
0.09088397026062012
0.07348871231079102
0.05874943733215332
0.029178857803344727
0.10419750213623047
0.09265923500061035
0.08173799514770508
0.07165908813476562
0.058382511138916016
0.03720378875732422
0.10908126831054688
0.0873105525970459
0.07232308387756348
0.06477117538452148
0.05320143699645996
0.038988590240478516
0.024475812911987305
0.10359597206115723
0.08954262733459473
0.07511353492736816
0.06066083908081055
0.04624152183532715
0.030941486358642578
0.10445833206176758
0.09056949615478516
0.07545638084411621
0.06120157241821289
0.046799659729003906
0.039447784423828125
0.10828804969787598
0.10683250427246094
0.09449481964111328
0.08172440528869629
0.06742310523986816
0.04980921745300293
0.03166770935058594
0.10325074195861816
0.0856313705444336
0.0805671215057373
0.06794977188110352
0.05437755584716797
0.041622161865234375
0.12085366249084473
0.09268331527709961
0.07840323448181152
0.06333804130554199
0.048998117446899414
0.04243659973144531
0.1301896572113037
0.11576509475708008
0.09883236885070801
0.08445048332214355
0.07046699523925781
0.05666613578796387
0.041613101959228516
0.10700130462646484
0.0936746597290039
0.07947945594787598
0.07626080513000488
0.062148332595825195
0.047499895095825195
0.033202409744262695
0.09703540802001953
0.09207534790039062
0.08263468742370605
0.06433248519897461
0.05004072189331055
0.03601384162902832
0.10257744789123535
0.0861968994140625
0.07220101356506348
0.07244586944580078
0.059296607971191406
0.045237064361572266
0.030611276626586914
0.09183287620544434
0.08113765716552734
0.07741475105285645
0.059586286544799805
0.045296669006347656
0.03086543083190918
0.10376834869384766
0.08385944366455078
0.0830545425415039
0.06949019432067871
0.05539989471435547
0.04047870635986328
0.036055564880371094
0.0954594612121582
0.09548521041870117
0.08257627487182617
0.06866455078125
0.05070972442626953
0.036353111267089844
0.09435057640075684
0.08354401588439941
0.06854963302612305
0.05333662033081055
0.0382390022277832
0.030532360076904297
0.09389781951904297
0.0796804428100586
0.075439453125
0.06147646903991699
0.04703664779663086
0.03208518028259277
0.10031557083129883
0.0862741470336914
0.07194161415100098
0.06780743598937988
0.05101943016052246
0.035753488540649414
0.10301661491394043
0.08718156814575195
0.07375001907348633
0.06301760673522949
0.04563260078430176
0.04026913642883301
0.11211633682250977
0.09726595878601074
0.08614230155944824
0.0753791332244873
0.037676095962524414
0.023802518844604492
0.10128045082092285
0.08336567878723145
0.0712742805480957
0.05603766441345215
0.04414558410644531
0.031015634536743164
0.11428022384643555
0.10741686820983887
0.09288763999938965
0.08643531799316406
0.07642722129821777
0.04901003837585449
0.034239768981933594
0.10264158248901367
0.08469247817993164
0.07261204719543457
0.058707237243652344
0.04445195198059082
0.03423905372619629
0.11349272727966309
0.08660387992858887
0.07034540176391602
0.0698390007019043
0.055989980697631836
0.04102325439453125
0.11142444610595703
0.09426617622375488
0.08637380599975586
0.09304380416870117
0.07819700241088867
0.06423187255859375
0.044284820556640625
0.10232067108154297
0.07958483695983887
0.07071089744567871
0.056406259536743164
0.04881930351257324
0.038411855697631836
0.10681772232055664
0.09758138656616211
0.08321332931518555
0.06883573532104492
0.05734753608703613
0.04831242561340332
0.03840494155883789
0.09188413619995117
0.08721208572387695
0.07322144508361816
0.058609724044799805
0.055640459060668945
0.04316878318786621
0.09357929229736328
0.07823348045349121
0.06393146514892578
0.05008220672607422
0.05501747131347656
0.04121828079223633
0.11071562767028809
0.08975529670715332
0.07465410232543945
0.06019306182861328
0.05101585388183594
0.036519765853881836
0.022522926330566406
0.10453486442565918
0.09337568283081055
0.07941126823425293
0.07438063621520996
0.05979299545288086
0.04459095001220703
0.1096642017364502
0.0981285572052002
0.08407402038574219
0.06929969787597656
0.05397844314575195
0.03803825378417969
0.10393428802490234
0.10387492179870605
0.08869361877441406
0.07415556907653809
0.05704855918884277
0.042165517807006836
0.11629199981689453
0.1075284481048584
0.09996175765991211
0.0862429141998291
0.07234811782836914
0.05771136283874512
0.04251599311828613
0.10147452354431152
0.08155202865600586
0.07422089576721191
0.060236454010009766
0.043303728103637695
0.03076791763305664
0.10892891883850098
0.08265209197998047
0.0690159797668457
0.06002616882324219
0.04254341125488281
0.028427600860595703
0.10220789909362793
0.08326077461242676
0.06817960739135742
0.06404948234558105
0.05001401901245117
0.03595113754272461
0.108642578125
0.09340572357177734
0.09613656997680664
0.0827639102935791
0.06508469581604004
0.043767452239990234
0.10800743103027344
0.08664536476135254
0.07155370712280273
0.06045794486999512
0.04627728462219238
0.03523755073547363
0.11272001266479492
0.08569121360778809
0.06722068786621094
0.061841726303100586
0.053262948989868164
0.03433966636657715
0.09664034843444824
0.07900071144104004
0.06432557106018066
0.05144143104553223
0.03862738609313965
0.02592611312866211
0.10643959045410156
0.09654760360717773
0.0815439224243164
0.06751823425292969
0.053305625915527344
0.11751747131347656
0.10061311721801758
0.08568501472473145
0.0715639591217041
0.05726289749145508
0.038928985595703125
0.037726640701293945
0.11611676216125488
0.0998377799987793
0.08561873435974121
0.07156634330749512
0.05790829658508301
0.03995156288146973
0.11301255226135254
0.08864688873291016
0.06929874420166016
0.059384822845458984
0.044553518295288086
0.02802872657775879
0.10549569129943848
0.09105205535888672
0.07674956321716309
0.06260991096496582
0.05048418045043945
0.03640604019165039
0.03192758560180664
0.10128641128540039
0.0808558464050293
0.07790493965148926
0.06365203857421875
0.04868316650390625
0.03427743911743164
0.026337146759033203
0.09734082221984863
0.08373832702636719
0.06879758834838867
0.058045148849487305
0.04785418510437012
0.033431053161621094
0.11035847663879395
0.09309220314025879
0.0783383846282959
0.06350255012512207
0.049155473709106445
0.03905057907104492
0.024744033813476562
0.12431621551513672
0.10836362838745117
0.10281801223754883
0.08875083923339844
0.07429146766662598
0.0603940486907959
0.1076207160949707
0.08891916275024414
0.052609920501708984
0.037921905517578125
0.020885467529296875
0.10064554214477539
0.10516762733459473
0.09120678901672363
0.07295513153076172
0.05801081657409668
0.043058156967163086
0.10801267623901367
0.09150242805480957
0.07934236526489258
0.06525635719299316
0.05012631416320801
0.035272836685180664
0.10794401168823242
0.0829918384552002
0.07104086875915527
0.06276869773864746
0.0454249382019043
0.03401350975036621
0.10468673706054688
0.09008932113647461
0.07549905776977539
0.061405181884765625
0.046968698501586914
0.0377650260925293
0.022488832473754883
0.10155057907104492
0.08461308479309082
0.07062888145446777
0.06030988693237305
0.05509638786315918
0.04114580154418945
0.026192665100097656
0.0956566333770752
0.08121395111083984
0.07044005393981934
0.056441545486450195
0.042609453201293945
0.037099361419677734
0.10981321334838867
0.08836889266967773
0.08686494827270508
0.0725865364074707
0.05814361572265625
0.041114091873168945
0.027534008026123047
0.10975790023803711
0.09302663803100586
0.07798624038696289
0.06351590156555176
0.04975748062133789
0.03558611869812012
0.1035463809967041
0.08397316932678223
0.07139778137207031
0.06573700904846191
0.051435232162475586
0.03742790222167969
0.02207207679748535
0.09604048728942871
0.08855724334716797
0.07523488998413086
0.060797929763793945
0.05631899833679199
0.04029417037963867
0.1164999008178711
0.0955808162689209
0.08145523071289062
0.06340765953063965
0.04888653755187988
0.032648563385009766
0.03071880340576172
0.09298872947692871
0.0819864273071289
0.06697249412536621
0.053243398666381836
0.053667545318603516
0.03590655326843262
0.1044621467590332
0.09482383728027344
0.0812997817993164
0.06184029579162598
0.04671120643615723
0.03236103057861328
0.1073598861694336
0.08434677124023438
0.07536816596984863
0.07308506965637207
0.05862998962402344
0.04440569877624512
0.029825925827026367
0.09874987602233887
0.08371758460998535
0.06887674331665039
0.06486248970031738
0.05048418045043945
0.035810232162475586
0.10663533210754395
0.0837242603302002
0.08272385597229004
0.0684807300567627
0.054064035415649414
0.03991198539733887
0.11192488670349121
0.08715677261352539
0.07292747497558594
0.05936455726623535
0.049509286880493164
0.04582619667053223
0.03342080116271973
0.09532809257507324
0.08137297630310059
0.06723260879516602
0.053861141204833984
0.0449831485748291
0.034830331802368164
0.10564208030700684
0.08242678642272949
0.07650184631347656
0.062123775482177734
0.04767894744873047
0.032492876052856445
0.1087181568145752
0.09991168975830078
0.08974051475524902
0.0845026969909668
0.07774519920349121
0.0635213851928711
0.04964923858642578
0.03553318977355957
0.09854841232299805
0.08409714698791504
0.07051253318786621
0.055574655532836914
0.04112577438354492
0.026674747467041016
0.10392403602600098
0.09190082550048828
0.07798433303833008
0.06400680541992188
0.0481114387512207
0.040445566177368164
0.029651403427124023
0.09884405136108398
0.08154678344726562
0.08147335052490234
0.06659221649169922
0.05044889450073242
0.035620689392089844
0.10736083984375
0.0857844352722168
0.07094931602478027
0.060317039489746094
0.04614734649658203
0.03235363960266113
0.019960880279541016
0.08925104141235352
0.0776362419128418
0.06938982009887695
0.06009864807128906
0.045207977294921875
0.027239084243774414
0.10368752479553223
0.09264469146728516
0.0776677131652832
0.06354379653930664
0.04849600791931152
0.03408694267272949
0.1114356517791748
0.11049675941467285
0.0959310531616211
0.08119082450866699
0.05174612998962402
0.09290623664855957
0.11014795303344727
0.08721566200256348
0.06827998161315918
0.05393028259277344
0.03834700584411621
0.023868799209594727
0.11621403694152832
0.09976816177368164
0.08563375473022461
0.07124662399291992
0.0569303035736084
0.042227745056152344
0.11100196838378906
0.09350824356079102
0.08056259155273438
0.0713644027709961
0.05716514587402344
0.04247260093688965
0.03373360633850098
0.10830807685852051
0.09316158294677734
0.07510066032409668
0.05365395545959473
0.04321432113647461
0.02887558937072754
0.09991955757141113
0.08327579498291016
0.08123445510864258
0.06685924530029297
0.052671194076538086
0.03747820854187012
0.03148174285888672
0.08931946754455566
0.08375024795532227
0.06888651847839355
0.05469226837158203
0.04069042205810547
0.026934146881103516
0.12391877174377441
0.10077476501464844
0.08658385276794434
0.07188224792480469
0.05772113800048828
0.04359912872314453
0.029277801513671875
0.10113763809204102
0.08681654930114746
0.07311439514160156
0.06714153289794922
0.05376291275024414
0.039218902587890625
0.10357308387756348
0.08988451957702637
0.07468032836914062
0.05673789978027344
0.03606843948364258
0.025486469268798828
0.09909439086914062
0.08944106101989746
0.07839179039001465
0.0643913745880127
0.04937553405761719
0.03500962257385254
0.020433664321899414
0.09232878684997559
0.07832813262939453
0.07522273063659668
0.060943603515625
0.046317100524902344
0.031409502029418945
0.12467360496520996
0.1010746955871582
0.08607363700866699
0.06836748123168945
0.0501706600189209
0.0375823974609375
0.10630202293395996
0.0911557674407959
0.07237792015075684
0.05766797065734863
0.043182373046875
0.03322434425354004
0.11028885841369629
0.08942723274230957
0.07200908660888672
0.06573176383972168
0.05202126502990723
0.037819623947143555
0.12609195709228516
0.10844826698303223
0.09432220458984375
0.08801937103271484
0.07024765014648438
0.05525684356689453
0.04020047187805176
0.10576319694519043
0.08584117889404297
0.07481002807617188
0.06948542594909668
0.05233907699584961
0.034593820571899414
0.10404539108276367
0.08918905258178711
0.08113765716552734
0.0676419734954834
0.05339670181274414
0.03816843032836914
0.023555278778076172
0.09199190139770508
0.08186841011047363
0.06795549392700195
0.046607255935668945
0.038015127182006836
0.030847549438476562
0.09857511520385742
0.08591794967651367
0.07195067405700684
0.0620121955871582
0.04210710525512695
0.03147625923156738
0.10887026786804199
0.08706116676330566
0.0729532241821289
0.05933785438537598
0.0467839241027832
0.04104423522949219
0.026637554168701172
0.0946965217590332
0.08391141891479492
0.06935977935791016
0.054826974868774414
0.039667606353759766
0.03701519966125488
0.11088156700134277
0.10164785385131836
0.08756613731384277
0.0732126235961914
0.05442619323730469
0.03857254981994629
0.10686564445495605
0.0841665267944336
0.08952951431274414
0.07449746131896973
0.05964255332946777
0.04169273376464844
0.10437417030334473
0.09604716300964355
0.08145713806152344
0.058565616607666016
0.043639421463012695
0.028922080993652344
0.1014401912689209
0.08268308639526367
0.0726473331451416
0.0614013671875
0.04678988456726074
0.032508134841918945
0.032776594161987305
0.08905744552612305
0.07412409782409668
0.059963226318359375
0.04526853561401367
0.04322481155395508
0.11910438537597656
0.10206246376037598
0.08735179901123047
0.07270002365112305
0.06633448600769043
0.05173802375793457
0.03771686553955078
0.10106420516967773
0.08083176612854004
0.0762929916381836
0.06675481796264648
0.057038068771362305
0.044808149337768555
0.11424446105957031
0.09454679489135742
0.08002614974975586
0.07937812805175781
0.06472063064575195
0.05002760887145996
0.03562211990356445
0.12329840660095215
0.09939789772033691
0.08472418785095215
0.07042908668518066
0.05609488487243652
0.041921138763427734
0.027175426483154297
0.0895383358001709
0.07770967483520508
0.07183289527893066
0.05742073059082031
0.0433039665222168
0.02857804298400879
0.10562014579772949
0.08768987655639648
0.07285165786743164
0.06496119499206543
0.05000805854797363
0.04167914390563965
0.027369260787963867
0.09195232391357422
0.07775044441223145
0.07769227027893066
0.06801152229309082
0.05374288558959961
0.03140521049499512
0.10013246536254883
0.08312416076660156
0.07454514503479004
0.07129359245300293
0.06220817565917969
0.047710418701171875
0.03381681442260742
0.11283683776855469
0.0949101448059082
0.08055758476257324
0.06562662124633789
0.05050206184387207
0.022296428680419922
0.09503650665283203
0.0865623950958252
0.0755925178527832
0.07197380065917969
0.05954241752624512
0.045426368713378906
0.03269648551940918
0.08940267562866211
0.08039593696594238
0.07326340675354004
0.07115387916564941
0.058667898178100586
0.04452872276306152
0.1069793701171875
0.08803367614746094
0.07312583923339844
0.06338381767272949
0.04930472373962402
0.034754276275634766
0.11307930946350098
0.0890655517578125
0.08912158012390137
0.07532119750976562
0.0412745475769043
0.10877704620361328
0.09783720970153809
0.08380413055419922
0.06963539123535156
0.05536651611328125
0.040283918380737305
0.11539840698242188
0.08896088600158691
0.07372856140136719
0.059836626052856445
0.05746626853942871
0.04255938529968262
0.028214454650878906
0.09532761573791504
0.07798075675964355
0.0638432502746582
0.05730462074279785
0.03966498374938965
0.024945497512817383
0.09408712387084961
0.08332300186157227
0.07998871803283691
0.06590819358825684
0.05148959159851074
0.03705573081970215
0.11977601051330566
0.09627413749694824
0.08179283142089844
0.06684565544128418
0.05243229866027832
0.03844809532165527
0.10773038864135742
0.08397150039672852
0.07808685302734375
0.06361055374145508
0.0492863655090332
0.034349679946899414
0.021183013916015625
0.08986401557922363
0.08133530616760254
0.06718850135803223
0.056040048599243164
0.04477381706237793
0.03504800796508789
0.10747671127319336
0.08672428131103516
0.07178020477294922
0.05764293670654297
0.045201778411865234
0.04341864585876465
0.02882242202758789
0.09488391876220703
0.08414840698242188
0.0696864128112793
0.05526876449584961
0.04033207893371582
0.02799248695373535
0.09882569313049316
0.08429241180419922
0.07549071311950684
0.0635678768157959
0.06133008003234863
0.04649496078491211
0.032154083251953125
0.09847807884216309
0.0815422534942627
0.07231736183166504
0.05813431739807129
0.043929338455200195
0.031439781188964844
0.01914501190185547
0.0924229621887207
0.07832074165344238
0.0806889533996582
0.06805753707885742
0.05388808250427246
0.03939318656921387
0.11618733406066895
0.09082674980163574
0.07627177238464355
0.06134915351867676
0.05102419853210449
0.034081220626831055
0.11041450500488281
0.08975338935852051
0.08042144775390625
0.0747232437133789
0.05988907814025879
0.045449018478393555
0.03124547004699707
0.09188985824584961
0.07785820960998535
0.06866002082824707
0.05439329147338867
0.03997993469238281
0.025597572326660156
0.09173011779785156
0.07920527458190918
0.04645419120788574
0.03288841247558594
0.10564136505126953
0.09002161026000977
0.07832050323486328
0.060449838638305664
0.04272890090942383
0.02487945556640625
0.10370182991027832
0.09414100646972656
0.07993650436401367
0.06609678268432617
0.05148720741271973
0.03690838813781738
0.03281688690185547
0.10695242881774902
0.09208393096923828
0.07788276672363281
0.0631260871887207
0.048094987869262695
0.033998966217041016
0.11432743072509766
0.0914461612701416
0.07744622230529785
0.0629572868347168
0.053993940353393555
0.03953075408935547
0.11249375343322754
0.08558273315429688
0.08265256881713867
0.06868314743041992
0.054715871810913086
0.04076862335205078
0.10885453224182129
0.09997177124023438
0.08591794967651367
0.07227373123168945
0.059630632400512695
0.05378103256225586
0.0361788272857666
0.10993337631225586
0.09242105484008789
0.0816199779510498
0.06757378578186035
0.06451106071472168
0.05005788803100586
0.02862071990966797
0.0901334285736084
0.07853531837463379
0.06632542610168457
0.0575556755065918
0.043172597885131836
0.032912254333496094
0.10683059692382812
0.08699679374694824
0.0727384090423584
0.058487653732299805
0.059946298599243164
0.04549670219421387
0.031211376190185547
0.10207772254943848
0.08498644828796387
0.07034683227539062
0.0595703125
0.045224905014038086
0.03963732719421387
0.11128878593444824
0.09719395637512207
0.0896446704864502
0.07523345947265625
0.06072044372558594
0.046970367431640625
0.03252530097961426
0.11124610900878906
0.1101522445678711
0.09639501571655273
0.08203864097595215
0.06719708442687988
0.0530085563659668
0.03589344024658203
0.08956384658813477
0.07799863815307617
0.07552099227905273
0.05771064758300781
0.04397153854370117
0.030038833618164062
0.09720849990844727
0.08235478401184082
0.07229495048522949
0.05435824394226074
0.036219120025634766
0.025379419326782227
0.10201263427734375
0.08408021926879883
0.08362555503845215
0.06927895545959473
0.04876279830932617
0.0344693660736084
0.10898303985595703
0.08809900283813477
0.07095050811767578
0.05759024620056152
0.04204964637756348
0.03009939193725586
0.11443567276000977
0.09576988220214844
0.08182764053344727
0.08237576484680176
0.0676124095916748
0.04998517036437988
0.03597307205200195
0.1201629638671875
0.10112476348876953
0.08695411682128906
0.07164812088012695
0.05747175216674805
0.04369187355041504
0.029709577560424805
0.11059808731079102
0.09413647651672363
0.07891225814819336
0.057457685470581055
0.0430605411529541
0.02862071990966797
0.1198263168334961
0.09989595413208008
0.0857534408569336
0.07123589515686035
0.057152748107910156
0.04296684265136719
0.028455018997192383
0.09957480430603027
0.09069633483886719
0.07565474510192871
0.06084728240966797
0.045171260833740234
0.03082108497619629
0.09081292152404785
0.08235549926757812
0.06802797317504883
0.05411338806152344
0.05361604690551758
0.03711986541748047
0.08498740196228027
0.07007074356079102
0.06119394302368164
0.04490327835083008
0.030579328536987305
0.10634112358093262
0.11017680168151855
0.09735417366027832
0.0841677188873291
0.07009577751159668
0.05582261085510254
0.04156661033630371
0.0894770622253418
0.07462120056152344
0.06229567527770996
0.06103372573852539
0.04706573486328125
0.03482842445373535
0.10479331016540527
0.08580708503723145
0.07038116455078125
0.06354451179504395
0.04921078681945801
0.02111196517944336
0.09740805625915527
0.09091758728027344
0.07668089866638184
0.06261825561523438
0.0479588508605957
0.033872365951538086
0.0942680835723877
0.079345703125
0.07529091835021973
0.05740165710449219
0.043807029724121094
0.029760360717773438
0.10676693916320801
0.08712220191955566
0.07604575157165527
0.061695098876953125
0.04420113563537598
0.0385744571685791
0.11103248596191406
0.09733223915100098
0.0904226303100586
0.07625460624694824
0.06134772300720215
0.04730486869812012
0.032898664474487305
0.08944416046142578
0.07725763320922852
0.06817507743835449
0.057361602783203125
0.042418718338012695
0.028162479400634766
0.11104536056518555
0.08744502067565918
0.07394003868103027
0.0661919116973877
0.05151033401489258
0.03708314895629883
0.02190256118774414
0.1049184799194336
0.09089851379394531
0.07652020454406738
0.06207728385925293
0.04779815673828125
0.032512664794921875
0.11391878128051758
0.09001636505126953
0.0752570629119873
0.06086468696594238
0.05359053611755371
0.055777788162231445
0.04045462608337402
0.11930084228515625
0.10332822799682617
0.08849573135375977
0.07302236557006836
0.06236863136291504
0.0478208065032959
0.10822534561157227
0.08356475830078125
0.07634258270263672
0.06885957717895508
0.05423784255981445
0.039208412170410156
0.11123943328857422
0.10010719299316406
0.08501005172729492
0.07033944129943848
0.05612063407897949
0.05053853988647461
0.03126859664916992
0.1013176441192627
0.08636307716369629
0.07205843925476074
0.05740475654602051
0.028562545776367188
0.11055922508239746
0.09320497512817383
0.07880544662475586
0.0643911361694336
0.06255221366882324
0.04923057556152344
0.03516530990600586
0.10793447494506836
0.09389162063598633
0.07965850830078125
0.06524920463562012
0.05117654800415039
0.037218332290649414
0.10646939277648926
0.09347295761108398
0.07896614074707031
0.07021236419677734
0.05614900588989258
0.04150891304016113
0.027602195739746094
0.09237337112426758
0.07502412796020508
0.06544971466064453
0.05112433433532715
0.03013134002685547
0.017652034759521484
0.10050320625305176
0.0862581729888916
0.07180094718933105
0.05377340316772461
0.03934669494628906
0.026215791702270508
0.09728169441223145
0.0833132266998291
0.06889581680297852
0.05446171760559082
0.05057692527770996
0.03711867332458496
0.10812759399414062
0.09499812126159668
0.0807805061340332
0.06629514694213867
0.051872968673706055
0.03725171089172363
0.022720813751220703
0.09961128234863281
0.0811316967010498
0.07998991012573242
0.06607174873352051
0.05137133598327637
0.034020185470581055
0.1024010181427002
0.08378434181213379
0.07530093193054199
0.062386512756347656
0.04794812202453613
0.03365588188171387
0.10538768768310547
0.08719062805175781
0.07299423217773438
0.0621035099029541
0.05644345283508301
0.04480338096618652
0.03017902374267578
0.0924530029296875
0.08506035804748535
0.07066941261291504
0.056005001068115234
0.04143071174621582
0.033235788345336914
0.10753345489501953
0.08897709846496582
0.07796144485473633
0.06269598007202148
0.048395395278930664
0.0339200496673584
0.022173404693603516
0.09177255630493164
0.08102607727050781
0.07303905487060547
0.0582728385925293
0.04381203651428223
0.028818607330322266
0.10744500160217285
0.08758234977722168
0.0731501579284668
0.06197524070739746
0.05140995979309082
0.037618160247802734
0.12379646301269531
0.10028195381164551
0.08612442016601562
0.07168078422546387
0.05715537071228027
0.042655229568481445
0.02763223648071289
0.09241104125976562
0.07846784591674805
0.07225418090820312
0.05759286880493164
0.04321861267089844
0.028822660446166992
0.10569214820861816
0.0831294059753418
0.07069683074951172
0.05731987953186035
0.05364060401916504
0.03923988342285156
0.024776697158813477
0.1013491153717041
0.09424591064453125
0.07953882217407227
0.06192922592163086
0.046851158142089844
0.03253531455993652
0.11233067512512207
0.09157085418701172
0.08719348907470703
0.06940031051635742
0.05114603042602539
0.03612780570983887
0.10578012466430664
0.08087992668151855
0.07259607315063477
0.058431148529052734
0.044183969497680664
0.029657363891601562
0.10345196723937988
0.10056519508361816
0.08580160140991211
0.07132935523986816
0.05756187438964844
0.042630672454833984
0.027522802352905273
0.09915852546691895
0.08203911781311035
0.07546377182006836
0.06101822853088379
0.04662585258483887
0.03238987922668457
0.024406909942626953
0.09232497215270996
0.07836174964904785
0.06585097312927246
0.0566706657409668
0.04217052459716797
0.02783966064453125
0.10763120651245117
0.08661293983459473
0.08864402770996094
0.07509016990661621
0.0614011287689209
0.04698896408081055
0.03242206573486328
0.0902869701385498
0.08130860328674316
0.073486328125
0.05919289588928223
0.04479384422302246
0.030098438262939453
0.10899496078491211
0.09101271629333496
0.08766984939575195
0.0737605094909668
0.05944514274597168
0.04479265213012695
0.030339956283569336
0.10429048538208008
0.0866689682006836
0.07175183296203613
0.057247161865234375
0.04287290573120117
0.034368038177490234
0.1304004192352295
0.10743021965026855
0.09394025802612305
0.07997345924377441
0.06606578826904297
0.05211281776428223
0.038141489028930664
0.10159516334533691
0.07982039451599121
0.06748008728027344
0.05502796173095703
0.042462825775146484
0.038991689682006836
0.10947203636169434
0.09081673622131348
0.07715725898742676
0.06728506088256836
0.04516458511352539
0.031272172927856445
0.018766164779663086
0.09267044067382812
0.08194923400878906
0.06754207611083984
0.053296804428100586
0.05186963081359863
0.036986589431762695
0.10787105560302734
0.08697843551635742
0.07609009742736816
0.06966090202331543
0.060204267501831055
0.04581332206726074
0.030686140060424805
0.09561276435852051
0.08100438117980957
0.06977295875549316
0.058135032653808594
0.04365253448486328
0.0283966064453125
0.10427379608154297
0.09367775917053223
0.07921886444091797
0.06473422050476074
0.05031418800354004
0.041112661361694336
0.026823759078979492
0.09750247001647949
0.08838129043579102
0.07385540008544922
0.05358171463012695
0.03818845748901367
0.03196096420288086
0.10318803787231445
0.08346104621887207
0.07423067092895508
0.06319236755371094
0.04857492446899414
0.034389495849609375
0.021509647369384766
0.09657096862792969
0.08192014694213867
0.06743025779724121
0.0529332160949707
0.04546689987182617
0.035433292388916016
0.11021780967712402
0.09416317939758301
0.07988858222961426
0.06568241119384766
0.05125570297241211
0.035893917083740234
0.021703720092773438
0.10562491416931152
0.08769583702087402
0.07335519790649414
0.0589139461517334
0.044277191162109375
0.029923677444458008
0.10822391510009766
0.08696341514587402
0.07560133934020996
0.07457661628723145
0.06006884574890137
0.04563331604003906
0.03131675720214844
0.0995478630065918
0.09717965126037598
0.08229398727416992
0.0680396556854248
0.053591251373291016
0.03912234306335449
0.028026580810546875
0.09810042381286621
0.08894014358520508
0.07420825958251953
0.06316566467285156
0.0485076904296875
0.033982276916503906
0.1083526611328125
0.08677148818969727
0.07914471626281738
0.06480002403259277
0.050658464431762695
0.028926372528076172
0.10682010650634766
0.09633183479309082
0.08132338523864746
0.06681609153747559
0.05249333381652832
0.03812384605407715
0.022965669631958008
0.0927276611328125
0.08203434944152832
0.07074904441833496
0.06360483169555664
0.049288272857666016
0.03501319885253906
0.10580754280090332
0.08690500259399414
0.07234787940979004
0.0736839771270752
0.0591888427734375
0.04496049880981445
0.030577898025512695
0.09916019439697266
0.08896470069885254
0.07437944412231445
0.05917644500732422
0.04482555389404297
0.030590534210205078
0.10728192329406738
