0.12067461013793945
0.10572099685668945
0.0867300033569336
0.07177877426147461
0.06274127960205078
0.04880332946777344
0.12649154663085938
0.10102629661560059
0.08704161643981934
0.07212400436401367
0.05814361572265625
0.043222665786743164
0.10882687568664551
0.09214472770690918
0.08588862419128418
0.07314085960388184
0.059549808502197266
0.04543256759643555
0.030881643295288086
0.10702347755432129
0.0877232551574707
0.08239316940307617
0.06801772117614746
0.050470590591430664
0.03643035888671875
0.1103363037109375
0.08580255508422852
0.08028316497802734
0.062271833419799805
0.04860186576843262
0.03429436683654785
0.12062430381774902
0.10180807113647461
0.08766984939575195
0.07385563850402832
0.059622764587402344
0.04479193687438965
0.11316752433776855
0.08626198768615723
0.07655024528503418
0.0627894401550293
0.05585289001464844
0.04312610626220703
0.10987567901611328
0.09663820266723633
0.0948796272277832
0.080657958984375
0.06620645523071289
0.05136466026306152
0.11671113967895508
0.08667922019958496
0.06450247764587402
0.049819231033325195
0.0354311466217041
0.02055191993713379
0.09854364395141602
0.08252787590026855
0.06830716133117676
0.053983211517333984
0.04440569877624512
0.030121564865112305
0.1094045639038086
0.08827543258666992
0.07398319244384766
0.059708595275878906
0.04684185981750488
0.037992000579833984
0.022835254669189453
0.09432387351989746
0.07937932014465332
0.06749653816223145
0.055577754974365234
0.055351972579956055
0.042194366455078125
0.08693504333496094
0.07856893539428711
0.0636284351348877
0.05377554893493652
0.03934597969055176
0.03187847137451172
0.10867714881896973
0.10717892646789551
0.0986933708190918
0.08369970321655273
0.06898212432861328
0.054785728454589844
0.04329824447631836
0.09699726104736328
0.08337640762329102
0.08057045936584473
0.06600308418273926
0.12267589569091797
0.10789656639099121
0.09192156791687012
0.07602429389953613
0.061444759368896484
0.04634690284729004
0.03160858154296875
0.12139225006103516
0.09451889991760254
0.0804445743560791
0.0660254955291748
0.051358938217163086
0.0332183837890625
0.10908150672912598
0.09056997299194336
0.07638263702392578
0.06180095672607422
0.04766511917114258
0.03824186325073242
0.03295278549194336
0.0908198356628418
0.09035778045654297
0.07247257232666016
0.054781198501586914
0.03670620918273926
0.026387929916381836
0.11373043060302734
0.09878301620483398
0.08383512496948242
0.06959652900695801
0.05541062355041504
0.04230308532714844
0.03270697593688965
0.09920787811279297
0.08127927780151367
0.06440615653991699
0.051141977310180664
0.04665255546569824
0.03354501724243164
0.10342574119567871
0.08673834800720215
0.07590866088867188
0.05804920196533203
0.04294919967651367
0.03618669509887695
0.09465527534484863
0.07994866371154785
0.08321785926818848
0.06883907318115234
0.054534912109375
0.03933238983154297
0.09249258041381836
0.09337878227233887
0.07899928092956543
0.0648961067199707
0.0497586727142334
0.035567522048950195
0.1019287109375
0.08712196350097656
0.07372641563415527
0.0616765022277832
0.04719352722167969
0.03364706039428711
0.10290169715881348
0.09960818290710449
0.08564019203186035
0.07103466987609863
0.05281877517700195
0.035233259201049805
0.10496759414672852
0.08404111862182617
0.0778040885925293
0.06278824806213379
0.04847407341003418
0.027840614318847656
0.10986161231994629
0.08695721626281738
0.07265233993530273
0.06042218208312988
0.04840397834777832
0.03627371788024902
0.023890972137451172
0.12009716033935547
0.1005544662475586
0.08545565605163574
0.07116174697875977
0.05596566200256348
0.04154062271118164
0.12739324569702148
0.10179781913757324
0.0876917839050293
0.07313799858093262
0.058637142181396484
0.04468584060668945
0.11112761497497559
0.09389567375183105
0.07971382141113281
0.0653834342956543
0.05642414093017578
0.05375981330871582
0.040308237075805664
0.10062479972839355
0.08205008506774902
0.07889485359191895
0.06574511528015137
0.033058881759643555
0.10589861869812012
0.09274601936340332
0.073638916015625
0.05994081497192383
0.04216456413269043
0.032526254653930664
0.09847593307495117
0.0840599536895752
0.06902861595153809
0.05537843704223633
0.04597592353820801
0.03756523132324219
0.11226987838745117
0.10087895393371582
0.0901041030883789
0.08376383781433105
0.06966662406921387
0.05485677719116211
0.04053950309753418
0.12072014808654785
0.09973621368408203
0.08198356628417969
0.06398510932922363
0.0570833683013916
0.02977728843688965
0.09525012969970703
0.08067512512207031
0.07172632217407227
0.05044126510620117
0.03647160530090332
0.03289151191711426
0.10037708282470703
0.09788107872009277
0.07988929748535156
0.06547141075134277
0.04936861991882324
0.03514409065246582
0.11955571174621582
0.09371137619018555
0.07882523536682129
0.07497239112854004
0.07151532173156738
0.061290740966796875
0.10977768898010254
0.07981252670288086
0.07714366912841797
0.06231689453125
0.04832577705383301
0.03335762023925781
0.11176037788391113
0.08394837379455566
0.07870888710021973
0.06962203979492188
0.05997204780578613
0.05486869812011719
0.11170506477355957
0.07890939712524414
0.07632017135620117
0.06139087677001953
0.046897172927856445
0.032591819763183594
0.10759687423706055
0.09266304969787598
0.07769298553466797
0.06397819519042969
0.04177713394165039
0.028258800506591797
0.09577631950378418
0.08504414558410645
0.07065153121948242
0.05672955513000488
0.04730987548828125
0.032868385314941406
0.1257948875427246
0.11497354507446289
0.1002969741821289
0.08538556098937988
0.07158327102661133
0.05691337585449219
0.03869748115539551
0.09784722328186035
0.08671236038208008
0.0688631534576416
0.054727792739868164
0.040268659591674805
0.025869131088256836
0.10208868980407715
0.0967264175415039
0.0839383602142334
0.06965446472167969
0.05508732795715332
0.0375218391418457
0.10981416702270508
0.09478378295898438
0.08904361724853516
0.07450199127197266
0.06106138229370117
0.05094480514526367
0.11554121971130371
0.08175444602966309
0.07037591934204102
0.06026124954223633
0.04532480239868164
0.030336856842041016
0.11277461051940918
0.1015934944152832
0.08614563941955566
0.08284974098205566
0.06789970397949219
0.05298018455505371
0.09979677200317383
0.09277963638305664
0.08089733123779297
0.06583905220031738
0.05067324638366699
0.12764358520507812
0.10698580741882324
0.09331965446472168
0.07911300659179688
0.06097602844238281
0.04246115684509277
0.10807609558105469
0.08987188339233398
0.07507658004760742
0.04154181480407715
0.13034939765930176
0.11182212829589844
0.09761452674865723
0.0834958553314209
0.0691380500793457
0.054576873779296875
0.03998374938964844
0.10882854461669922
0.0988466739654541
0.10568547248840332
0.09122371673583984
0.07642436027526855
0.06143784523010254
0.047011375427246094
0.11773824691772461
0.10419726371765137
0.09199047088623047
0.0779871940612793
0.04565024375915527
0.02773571014404297
0.09897279739379883
0.09904718399047852
0.08505606651306152
0.07113528251647949
0.057131290435791016
0.042824745178222656
0.028127193450927734
0.09939813613891602
0.08712148666381836
0.06570887565612793
0.05151677131652832
0.06070446968078613
0.05255866050720215
0.0898137092590332
0.08381056785583496
0.06861138343811035
0.05379772186279297
0.055845022201538086
0.04101371765136719
0.1030588150024414
0.0937037467956543
0.09432220458984375
0.07941532135009766
0.06441092491149902
0.05045485496520996
0.03654789924621582
0.11348605155944824
0.0923929214477539
0.07757234573364258
0.06644582748413086
0.05187082290649414
0.03703761100769043
0.10174036026000977
0.08364367485046387
0.08200454711914062
0.06805825233459473
0.05404806137084961
0.03992438316345215
0.11540818214416504
0.10099530220031738
0.08703756332397461
0.07615518569946289
0.06217670440673828
0.055742502212524414
0.04148101806640625
0.027220964431762695
0.08827018737792969
0.08025598526000977
0.06609344482421875
0.05535411834716797
0.04993319511413574
0.032914161682128906
0.11073493957519531
0.09670424461364746
0.08218741416931152
0.06774401664733887
0.05279421806335449
0.0386350154876709
0.11123108863830566
0.08526825904846191
0.06770944595336914
0.05319857597351074
0.03901815414428711
0.13130712509155273
0.10489702224731445
0.09075641632080078
0.07693004608154297
0.06332731246948242
0.060476064682006836
0.046309709548950195
0.1106424331665039
0.09072566032409668
0.08782696723937988
0.07642984390258789
0.062133073806762695
0.047559499740600586
0.03251361846923828
0.09926438331604004
0.08332252502441406
0.08248162269592285
0.06503772735595703
0.05127453804016113
0.03659629821777344
0.10883116722106934
0.0948333740234375
0.08073830604553223
0.05844855308532715
0.05415511131286621
0.04076552391052246
0.10523152351379395
0.0957190990447998
0.08151888847351074
0.06659078598022461
0.051605939865112305
0.03746652603149414
0.10735368728637695
0.08355212211608887
0.07474398612976074
0.0681767463684082
0.05388140678405762
0.03888273239135742
0.0245358943939209
0.09683060646057129
0.08202290534973145
0.06776952743530273
0.0496211051940918
0.03470969200134277
0.031198740005493164
0.10322809219360352
0.08529949188232422
0.07549190521240234
0.06466031074523926
0.05029177665710449
0.043913841247558594
0.03229975700378418
0.10121989250183105
0.08578824996948242
0.0712728500366211
0.057378292083740234
0.04796767234802246
0.026340007781982422
0.1095733642578125
0.08764171600341797
0.0822453498840332
0.06361937522888184
0.04944777488708496
0.03480887413024902
0.11073923110961914
0.08520388603210449
0.07230854034423828
0.07526969909667969
0.06393027305603027
0.04998135566711426
0.0362246036529541
0.09655070304870605
0.08930373191833496
0.07811856269836426
0.06500482559204102
0.04821062088012695
0.029865503311157227
0.10211014747619629
0.08441329002380371
0.0706629753112793
0.06085062026977539
0.05507969856262207
0.042593955993652344
0.1174013614654541
0.09152817726135254
0.07742524147033691
0.06284904479980469
0.04678988456726074
0.02490234375
0.105987548828125
0.08507299423217773
0.07197284698486328
0.059690237045288086
0.046067237854003906
0.0309445858001709
0.10893106460571289
0.10428619384765625
0.08995294570922852
0.07556629180908203
0.060201406478881836
0.04565930366516113
0.04318356513977051
0.11093401908874512
0.08493661880493164
0.08488059043884277
0.05712103843688965
0.035033464431762695
0.1210474967956543
0.09812474250793457
0.08412981033325195
0.06994152069091797
0.05550718307495117
0.04105687141418457
0.028914213180541992
0.1026914119720459
0.08496642112731934
0.07066822052001953
0.0561063289642334
0.04367375373840332
0.031105518341064453
0.12143254280090332
0.10927677154541016
0.09533166885375977
0.08106517791748047
0.06669020652770996
0.05269336700439453
0.0381472110748291
0.10803842544555664
0.10498428344726562
0.09040236473083496
0.07570075988769531
0.06077432632446289
0.04636359214782715
0.03202033042907715
0.09650659561157227
0.09980058670043945
0.0855560302734375
0.07054471969604492
0.055991172790527344
0.04124879837036133
0.11145710945129395
0.0941762924194336
0.08388590812683105
0.07641792297363281
0.0613553524017334
0.04656648635864258
0.03172492980957031
0.10420846939086914
0.08252739906311035
0.07990241050720215
0.0645897388458252
0.049820899963378906
0.04335784912109375
0.029413223266601562
0.09339046478271484
0.09488058090209961
0.08051538467407227
0.06615734100341797
0.0520021915435791
0.037030935287475586
0.12070322036743164
0.09680342674255371
0.08222222328186035
0.0675051212310791
0.0530850887298584
0.039046287536621094
0.11719298362731934
0.10318183898925781
0.0886383056640625
0.0745232105255127
0.060404300689697266
0.04709982872009277
0.12262320518493652
0.0937497615814209
0.07862687110900879
0.06424593925476074
0.04839468002319336
0.03577399253845215
0.10886549949645996
0.08457756042480469
0.07144951820373535
0.07065224647521973
0.0562586784362793
0.03528118133544922
0.10545206069946289
0.08383846282958984
0.07182884216308594
0.059345245361328125
0.0536198616027832
0.041823387145996094
0.028305768966674805
0.11255455017089844
0.094635009765625
0.08067440986633301
0.0663909912109375
0.04457712173461914
0.03061676025390625
0.10401630401611328
0.08330798149108887
0.08790254592895508
0.07314157485961914
0.05868792533874512
0.043703317642211914
0.029524803161621094
0.09890913963317871
0.09941697120666504
0.08527970314025879
0.07110714912414551
0.05610513687133789
0.04105424880981445
0.11745166778564453
0.09070992469787598
0.07642817497253418
0.06197309494018555
0.05088210105895996
0.03853917121887207
0.11246705055236816
0.09827375411987305
0.10231828689575195
0.0878000259399414
0.07289981842041016
0.058437347412109375
0.04415154457092285
0.11416864395141602
0.11794352531433105
0.10101556777954102
0.08670926094055176
0.071624755859375
0.05750894546508789
0.04286003112792969
0.11218667030334473
0.08543610572814941
0.07133960723876953
0.057868003845214844
0.047509193420410156
0.03658175468444824
0.10711216926574707
0.0832672119140625
0.08497452735900879
0.06696176528930664
0.05260801315307617
0.03806924819946289
0.11332559585571289
0.09349727630615234
0.0797576904296875
0.06528019905090332
0.05585646629333496
0.045554399490356445
0.0375666618347168
0.0933678150177002
0.0790090560913086
0.0696251392364502
0.06190299987792969
0.048308372497558594
0.033568382263183594
0.10721826553344727
0.08382010459899902
0.07462310791015625
0.060700178146362305
0.04689836502075195
0.04298830032348633
0.034137725830078125
0.10596704483032227
0.08774185180664062
0.069793701171875
0.06233668327331543
0.05059647560119629
0.03283286094665527
0.09867143630981445
0.09302234649658203
0.07751798629760742
0.06336331367492676
0.04896831512451172
0.03416848182678223
0.12008857727050781
0.1061396598815918
0.09118795394897461
0.17165207862854004
0.16467976570129395
0.15047216415405273
0.136962890625
0.12253141403198242
0.10740184783935547
0.09318804740905762
0.0835561752319336
0.06926703453063965
0.1423935890197754
0.15421366691589355
0.1405184268951416
0.11495494842529297
0.09981036186218262
0.08529138565063477
0.07084465026855469
0.05647921562194824
0.041684627532958984
0.09610700607299805
0.08113956451416016
0.06738877296447754
0.05340147018432617
0.0395503044128418
0.025341033935546875
0.10734343528747559
0.18627262115478516
0.1720569133758545
0.15850186347961426
0.14082551002502441
0.1236734390258789
0.1094202995300293
0.09086441993713379
0.07659006118774414
0.13508224487304688
0.12797832489013672
0.09832882881164551
0.08420276641845703
0.07082986831665039
0.053017377853393555
0.047843217849731445
0.03728508949279785
0.12200570106506348
0.10006976127624512
0.08188772201538086
0.06805419921875
0.052962541580200195
0.03904366493225098
0.10980391502380371
0.21045160293579102
0.19045495986938477
0.17255043983459473
0.15810561180114746
0.14312410354614258
0.12519454956054688
0.10669565200805664
0.09239315986633301
0.07816481590270996
0.05509543418884277
0.11480975151062012
0.10005855560302734
0.07830953598022461
0.06585359573364258
0.053496599197387695
0.03818917274475098
0.03474092483520508
0.09103703498840332
0.17856144905090332
0.18454980850219727
0.17484569549560547
0.16068410873413086
0.14590787887573242
0.13100910186767578
0.11505985260009766
0.1007075309753418
0.09896421432495117
0.09038233757019043
0.07570290565490723
0.06500816345214844
0.21938657760620117
0.18062543869018555
0.16664457321166992
0.16113972663879395
0.14315342903137207
0.12897825241088867
0.11988043785095215
0.10513615608215332
0.0906224250793457
0.1534585952758789
0.142808198928833
0.12864184379577637
0.08440065383911133
0.08489179611206055
0.061753273010253906
0.04768681526184082
0.033623456954956055
0.10227465629577637
0.18269968032836914
0.16816926002502441
0.15799593925476074
0.14467763900756836
0.1427013874053955
0.13854312896728516
0.12446999549865723
0.11022186279296875
0.09561014175415039
0.08135247230529785
0.06690001487731934
0.23134255409240723
0.21757102012634277
0.20073390007019043
0.1797175407409668
0.18065857887268066
0.163238525390625
0.14875531196594238
0.1335010528564453
0.11926889419555664
0.10492253303527832
0.09063506126403809
0.15907979011535645
0.1482837200164795
0.13469982147216797
0.12098193168640137
0.0931558609008789
0.07290148735046387
0.05861306190490723
0.04404640197753906
0.11349844932556152
0.19993329048156738
0.18647122383117676
0.1721053123474121
0.1580643653869629
0.14873099327087402
0.14132022857666016
0.12728667259216309
0.11118817329406738
0.09624791145324707
0.08199405670166016
0.07992768287658691
0.0734093189239502
0.2314908504486084
0.22060799598693848
0.18270540237426758
0.16869568824768066
0.15476655960083008
0.14011693000793457
0.11486196517944336
0.10443115234375
0.08988094329833984
0.16486692428588867
0.15698480606079102
0.1427140235900879
0.12483072280883789
0.11076784133911133
0.10004734992980957
0.08591413497924805
0.07164907455444336
0.05633902549743652
0.04184293746948242
0.10611939430236816
0.18285059928894043
0.16873645782470703
0.15452790260314941
0.14003205299377441
0.14565801620483398
0.13080906867980957
0.11684370040893555
0.10254383087158203
0.08828020095825195
0.0737600326538086
0.23140454292297363
0.22836732864379883
0.20228338241577148
0.1921861171722412
0.17728614807128906
0.16329455375671387
0.14832472801208496
0.13957929611206055
0.12562322616577148
0.11170220375061035
0.16447186470031738
0.15560531616210938
0.14137005805969238
0.1271071434020996
0.11871719360351562
0.10054826736450195
0.0856015682220459
0.07160472869873047
0.0576169490814209
0.042559146881103516
0.0994110107421875
0.0748896598815918
0.06881117820739746
0.03936290740966797
0.11618828773498535
0.09404897689819336
0.17224621772766113
0.1645660400390625
0.16525602340698242
0.1504683494567871
0.1349012851715088
0.11493778228759766
0.09998703002929688
0.08121514320373535
0.1419379711151123
0.13693833351135254
0.13477706909179688
0.1325986385345459
0.11011552810668945
0.0955808162689209
0.07970619201660156
0.05922961235046387
0.04508638381958008
0.09826231002807617
0.0758204460144043
0.06780815124511719
0.05249381065368652
0.04703664779663086
0.032386064529418945
0.10174703598022461
0.09460043907165527
0.08032751083374023
0.06602931022644043
0.051772117614746094
0.03749728202819824
0.11891341209411621
0.10103893280029297
0.08690500259399414
0.07271933555603027
0.05813932418823242
0.04300546646118164
0.03815436363220215
0.10631108283996582
0.09544229507446289
0.0813286304473877
0.06630325317382812
0.052072763442993164
0.03664517402648926
0.11212563514709473
0.09467887878417969
0.08556914329528809
0.07123780250549316
0.056171417236328125
0.049288272857666016
0.038643598556518555
0.09304451942443848
0.08158397674560547
0.060575008392333984
0.04612088203430176
0.045098066329956055
0.03183913230895996
0.10182023048400879
0.09363961219787598
0.07915568351745605
0.06473803520202637
0.05050921440124512
0.03596782684326172
0.021751880645751953
0.09620547294616699
0.08859658241271973
0.07321476936340332
0.05882525444030762
0.04484724998474121
0.031235456466674805
0.11983537673950195
0.10544037818908691
0.09148430824279785
0.07731008529663086
0.0638580322265625
0.05442023277282715
0.04535102844238281
0.03104567527770996
0.10397624969482422
0.09835171699523926
0.08388352394104004
0.06874418258666992
0.054474592208862305
0.039785146713256836
0.09727668762207031
0.09501147270202637
0.08203434944152832
0.06764483451843262
0.053457021713256836
0.038941383361816406
0.10573959350585938
0.08580517768859863
0.07540130615234375
0.06082630157470703
0.05981326103210449
0.04547739028930664
0.11155176162719727
0.08308172225952148
0.06922698020935059
0.05647778511047363
0.0534205436706543
0.038982391357421875
0.10831236839294434
0.09692835807800293
0.07986044883728027
0.0657351016998291
0.06842732429504395
0.053351402282714844
0.03919529914855957
0.09961605072021484
0.09073901176452637
0.07267999649047852
0.05776190757751465
0.0399327278137207
0.10531783103942871
0.08825016021728516
0.07391524314880371
0.06353282928466797
0.049141645431518555
0.03489065170288086
0.0307314395904541
0.09793806076049805
0.08214735984802246
0.08579754829406738
0.07154536247253418
0.0575716495513916
0.04255557060241699
0.02833104133605957
0.10274600982666016
0.08628296852111816
0.07179856300354004
0.0569911003112793
0.04381513595581055
0.031021833419799805
0.11170673370361328
0.10729146003723145
0.09355854988098145
0.07895135879516602
0.06138348579406738
0.04665493965148926
0.03224682807922363
0.09904837608337402
0.08610916137695312
0.08081841468811035
0.06354188919067383
0.04473423957824707
0.030829906463623047
0.0981607437133789
0.09076356887817383
0.07839369773864746
0.06348299980163574
0.0496978759765625
0.0352170467376709
0.10449504852294922
0.08704686164855957
0.05720806121826172
0.051361083984375
0.035730838775634766
0.10740113258361816
0.10480380058288574
0.0863339900970459
0.06836462020874023
0.053804636001586914
0.03921031951904297
0.10664749145507812
0.08347535133361816
0.07109951972961426
0.057396650314331055
0.04499244689941406
0.03215765953063965
0.029417991638183594
0.11360645294189453
0.09766387939453125
0.0801384449005127
0.06546473503112793
0.05112791061401367
0.03640937805175781
0.11150455474853516
0.09027457237243652
0.07771015167236328
0.06578207015991211
0.04774022102355957
0.03619885444641113
0.10741400718688965
0.0844883918762207
0.08480715751647949
0.06732749938964844
0.05298876762390137
0.040682077407836914
0.1122887134552002
0.11965346336364746
0.10506486892700195
0.09082818031311035
0.07620763778686523
0.06138777732849121
0.04401040077209473
0.11047649383544922
0.08687710762023926
0.07167243957519531
0.05769062042236328
0.039093732833862305
0.026432037353515625
0.12181925773620605
0.10304546356201172
0.08961725234985352
0.07507610321044922
0.054308176040649414
0.03984689712524414
0.11266207695007324
0.08778190612792969
0.0727388858795166
0.05840277671813965
0.056561946868896484
0.042090654373168945
0.028105735778808594
0.10753893852233887
0.09343123435974121
0.078643798828125
0.06424713134765625
0.04990553855895996
0.03590130805969238
0.10820198059082031
0.08529376983642578
0.07302975654602051
0.07760739326477051
0.06426644325256348
0.04833340644836426
0.11662173271179199
0.08776736259460449
0.07254433631896973
0.05883288383483887
0.049207448959350586
0.03459596633911133
0.1215970516204834
0.1143944263458252
0.09747815132141113
0.08394217491149902
0.06653428077697754
0.052588701248168945
0.042870521545410156
0.10574984550476074
0.0821981430053711
0.06856846809387207
0.05416083335876465
0.044559478759765625
0.028477907180786133
0.0927436351776123
0.08396291732788086
0.06994819641113281
0.06304550170898438
0.04914665222167969
0.034725189208984375
0.03118109703063965
0.0951986312866211
0.08254289627075195
0.07610607147216797
0.053366899490356445
0.038726091384887695
0.11911964416503906
0.08996176719665527
0.07595705986022949
0.051357269287109375
0.041829586029052734
0.02739739418029785
0.11903882026672363
0.09600830078125
0.08090782165527344
0.06603741645812988
0.05184817314147949
0.03653311729431152
0.11203408241271973
0.0951089859008789
0.09528446197509766
0.08064460754394531
0.06637787818908691
0.051911115646362305
0.037305593490600586
0.10938262939453125
0.09821462631225586
0.08235430717468262
0.07025551795959473
0.061322689056396484
0.04651522636413574
0.038579463958740234
0.12613320350646973
0.1075434684753418
0.08903837203979492
0.07564592361450195
0.06120729446411133
0.052118539810180664
0.039757490158081055
0.10841512680053711
0.08449983596801758
0.0720679759979248
0.06008100509643555
0.05513644218444824
0.0405118465423584
0.12561941146850586
0.09372210502624512
0.0799405574798584
0.06579995155334473
0.050975799560546875
0.0359804630279541
0.10754156112670898
0.09057855606079102
0.07970976829528809
0.07272028923034668
0.05904650688171387
0.04557299613952637
0.031152009963989258
0.09419798851013184
0.07953238487243652
0.06617164611816406
0.06374716758728027
0.04985857009887695
0.03612232208251953
0.11802864074707031
0.09703946113586426
0.08271193504333496
0.06861758232116699
0.06040239334106445
0.04597592353820801
0.03242325782775879
0.11444997787475586
0.09651923179626465
0.078216552734375
0.06000518798828125
0.045670509338378906
0.030780315399169922
0.0955820083618164
0.08103609085083008
0.06352829933166504
0.04890108108520508
0.03516387939453125
0.020934343338012695
0.09905529022216797
0.09454655647277832
0.08035659790039062
0.06595134735107422
0.05196714401245117
0.043521881103515625
0.033217668533325195
0.10266470909118652
0.05888009071350098
0.05547618865966797
0.03469514846801758
0.10767078399658203
0.09232020378112793
0.09450554847717285
0.08255362510681152
0.0684807300567627
0.05381941795349121
0.039793968200683594
0.10495758056640625
0.10356354713439941
0.08923029899597168
0.0747833251953125
0.06525635719299316
0.051155805587768555
0.11304211616516113
0.10310602188110352
0.09721827507019043
0.08311319351196289
0.06827521324157715
0.053856611251831055
0.0394587516784668
0.10747432708740234
0.08193254470825195
0.0841372013092041
0.07267117500305176
0.05870676040649414
0.04511690139770508
0.030824661254882812
0.11356925964355469
0.09711289405822754
0.08280682563781738
0.0679929256439209
0.053290605545043945
0.031221866607666016
0.10529184341430664
0.08367633819580078
0.07054305076599121
0.06705665588378906
0.0539698600769043
0.03946495056152344
0.11024856567382812
0.09437870979309082
0.08045172691345215
0.06548619270324707
0.04827547073364258
0.03404378890991211
0.023560047149658203
0.10015153884887695
0.08383870124816895
0.08181643486022949
0.06726837158203125
0.052935123443603516
0.03803133964538574
0.10828638076782227
0.10678982734680176
0.09279942512512207
0.07882809638977051
0.05740213394165039
0.0426325798034668
0.029218673706054688
0.09512925148010254
0.08588051795959473
0.07165980339050293
0.07175803184509277
0.05676674842834473
0.04151582717895508
0.1111600399017334
0.09333109855651855
0.08175897598266602
0.07640910148620605
0.04767322540283203
0.032922983169555664
0.10708189010620117
0.0884857177734375
0.07769107818603516
0.06238389015197754
0.04705810546875
0.03753662109375
0.13398098945617676
0.10889911651611328
0.09376072883605957
0.0790262222290039
0.06445598602294922
0.05031776428222656
0.03664827346801758
0.10511088371276855
0.09530520439147949
0.08101081848144531
0.06713652610778809
0.05293440818786621
0.039060354232788086
0.12415885925292969
0.10511159896850586
0.09096765518188477
0.07655882835388184
0.06189990043640137
0.058370113372802734
0.045429229736328125
0.11216878890991211
0.10702300071716309
0.09308052062988281
0.07854151725769043
0.0638284683227539
0.04661440849304199
0.0330357551574707
0.11116909980773926
0.08247160911560059
0.06662154197692871
0.05414295196533203
0.0420229434967041
0.03237795829772949
0.10376310348510742
0.08469247817993164
0.07474875450134277
0.06021308898925781
0.042499542236328125
0.028255462646484375
0.10802578926086426
0.08830046653747559
0.08849716186523438
0.07447671890258789
0.05930376052856445
0.04422926902770996
0.11014533042907715
0.08205318450927734
0.07598662376403809
0.06955981254577637
0.05543637275695801
0.037505149841308594
0.10151934623718262
0.10363054275512695
0.09025168418884277
0.07642769813537598
0.06187915802001953
0.04791259765625
0.03349661827087402
0.10456538200378418
0.09462141990661621
0.08032011985778809
0.06594538688659668
0.05101323127746582
0.03690481185913086
0.1051931381225586
0.09794855117797852
0.08345413208007812
0.06835699081420898
0.05365443229675293
0.03902840614318848
0.11338973045349121
0.0947105884552002
0.08224248886108398
0.07805657386779785
0.06807184219360352
0.05318641662597656
0.03914928436279297
0.1075582504272461
0.08542203903198242
0.0709381103515625
0.05625438690185547
0.043473005294799805
0.031125307083129883
0.10910177230834961
0.08838772773742676
0.08411765098571777
0.07011985778808594
0.028899192810058594
0.10310626029968262
0.08983206748962402
0.07540154457092285
0.061007022857666016
0.051717281341552734
0.04318499565124512
0.02881646156311035
0.10685133934020996
0.08650898933410645
0.0720367431640625
0.05679678916931152
0.04751396179199219
0.03302741050720215
0.10880351066589355
0.09647369384765625
0.08240699768066406
0.0685431957244873
0.06949472427368164
0.05537772178649902
0.04055500030517578
0.12468957901000977
0.09863758087158203
0.08397936820983887
0.06870365142822266
0.054323434829711914
0.039946794509887695
0.12168335914611816
0.15135550498962402
0.15398526191711426
0.1422135829925537
0.12924456596374512
0.12176775932312012
0.10671210289001465
0.10568618774414062
0.07556843757629395
0.08339595794677734
0.07593917846679688
0.06164669990539551
0.0930478572845459
0.08475756645202637
0.08174610137939453
0.07026863098144531
0.052431344985961914
0.03846168518066406
0.11949706077575684
0.09725308418273926
0.07522964477539062
0.060988426208496094
0.04703783988952637
0.03258109092712402
0.09478521347045898
0.08675622940063477
0.07181096076965332
0.057874441146850586
0.04391312599182129
0.03862118721008301
0.10654377937316895
0.0839540958404541
0.09608101844787598
0.08214831352233887
0.06469345092773438
0.052373409271240234
0.11548233032226562
0.1032559871673584
0.10346364974975586
0.09258460998535156
0.08043074607849121
0.0656123161315918
0.05174088478088379
0.11152100563049316
0.09379887580871582
0.0776677131652832
0.06360626220703125
0.048680782318115234
0.04274129867553711
0.12051510810852051
0.1057586669921875
0.09181547164916992
0.07782244682312012
0.06335163116455078
0.04931521415710449
0.034772396087646484
0.0992269515991211
0.08341288566589355
0.07303357124328613
0.07493734359741211
0.061759233474731445
0.04838228225708008
0.10576462745666504
0.08769464492797852
0.07280230522155762
0.06800723075866699
0.05315852165222168
0.04108929634094238
0.026888608932495117
0.09634685516357422
0.07911467552185059
0.07421302795410156
0.05928206443786621
0.04516339302062988
0.03027200698852539
0.10207581520080566
0.08414053916931152
0.09178876876831055
0.07768130302429199
0.06348252296447754
0.04892444610595703
0.034165143966674805
0.10248446464538574
0.08585000038146973
0.0769965648651123
0.06248307228088379
0.06338953971862793
0.0514373779296875
0.10959434509277344
0.0812985897064209
0.08252954483032227
0.06854724884033203
0.054711341857910156
0.037589073181152344
0.1286029815673828
0.10761547088623047
0.09292483329772949
0.07789921760559082
0.06478667259216309
0.05006814002990723
0.0358881950378418
0.09341812133789062
0.09629440307617188
0.08212733268737793
0.06754112243652344
0.052895307540893555
0.03923320770263672
0.10971999168395996
0.09177970886230469
0.08675360679626465
0.0716867446899414
0.05741143226623535
0.04318666458129883
0.12113261222839355
0.1043236255645752
0.09027504920959473
0.07584476470947266
0.062281131744384766
0.053215742111206055
0.04025888442993164
0.11108827590942383
0.08887577056884766
0.07113909721374512
0.04709458351135254
0.03210806846618652
0.11655831336975098
0.10188460350036621
0.08767986297607422
0.07331323623657227
0.05810880661010742
0.04837393760681152
0.03410959243774414
0.11665678024291992
0.10555911064147949
0.09060978889465332
0.07534480094909668
0.06058335304260254
0.054538726806640625
0.04012131690979004
0.11229610443115234
0.09774327278137207
0.08616232872009277
0.07159590721130371
0.054442644119262695
0.05292987823486328
0.039765119552612305
0.1065816879272461
0.0858912467956543
0.07394742965698242
0.06000208854675293
0.045229196548461914
0.030983686447143555
0.1074671745300293
0.08819246292114258
0.08433103561401367
0.06630873680114746
0.05175614356994629
0.037337303161621094
0.11201214790344238
0.09837198257446289
0.09430623054504395
0.08006620407104492
0.06589865684509277
0.04508566856384277
0.030625343322753906
0.09060525894165039
0.08167600631713867
0.06723260879516602
0.05704379081726074
0.04282188415527344
0.03578782081604004
0.10978388786315918
0.08806872367858887
0.07382702827453613
0.05930519104003906
0.05931997299194336
0.04498791694641113
0.030041217803955078
0.09012913703918457
0.09560632705688477
0.08092808723449707
0.0663917064666748
0.052962541580200195
0.03865551948547363
0.12387895584106445
0.09787297248840332
0.08366870880126953
0.06949448585510254
0.05518198013305664
0.03717827796936035
0.10927724838256836
0.09647297859191895
0.08369684219360352
0.06566572189331055
0.058272600173950195
0.04017782211303711
0.02620840072631836
0.09334230422973633
0.07878565788269043
0.07613468170166016
0.06129026412963867
0.04705929756164551
0.029126644134521484
0.09492301940917969
0.07999062538146973
0.08240294456481934
0.06787371635437012
0.0529932975769043
0.03829765319824219
0.11280488967895508
0.10197114944458008
0.08447670936584473
0.07097148895263672
0.0560154914855957
0.038101911544799805
0.10376620292663574
0.08963561058044434
0.07566308975219727
0.07091879844665527
0.059998273849487305
0.0460357666015625
0.03173661231994629
0.09140229225158691
0.09250926971435547
0.07730984687805176
0.06299948692321777
0.04910111427307129
0.028690099716186523
0.10603785514831543
0.09120392799377441
0.0932302474975586
0.07870149612426758
0.06417107582092285
0.05016160011291504
0.12799787521362305
0.10334038734436035
0.08930373191833496
0.0751190185546875
0.06104612350463867
0.04682445526123047
0.032578468322753906
0.09328913688659668
0.07905459403991699
0.07807159423828125
0.0638575553894043
0.049638986587524414
0.031248092651367188
0.10650396347045898
0.08436846733093262
0.07491779327392578
0.060454368591308594
0.04440712928771973
0.029598236083984375
0.09193968772888184
0.08390522003173828
0.08331847190856934
0.06892704963684082
0.05401182174682617
0.04400205612182617
0.1135258674621582
0.08506011962890625
0.07106137275695801
0.06192207336425781
0.04790163040161133
0.033089637756347656
0.12227106094360352
0.1076967716217041
0.09375238418579102
0.07975316047668457
0.06546282768249512
0.0514521598815918
0.04984331130981445
0.03565049171447754
0.08772563934326172
0.07536792755126953
0.0763082504272461
0.061997413635253906
0.047829627990722656
0.03380608558654785
0.09502410888671875
0.08094286918640137
0.06797599792480469
0.05872964859008789
0.04419732093811035
0.030504703521728516
0.12932944297790527
0.10533809661865234
0.09255695343017578
0.07816839218139648
0.0639960765838623
0.049535512924194336
0.03588151931762695
0.10345029830932617
0.08353257179260254
0.07367253303527832
0.06259393692016602
0.04764199256896973
0.034209251403808594
0.020802021026611328
0.10004353523254395
0.08307099342346191
0.06978893280029297
0.06032299995422363
0.04569578170776367
0.031467437744140625
0.11031937599182129
0.08484196662902832
0.0878140926361084
0.0738668441772461
0.05982613563537598
0.029323101043701172
0.09755849838256836
0.08757853507995605
0.09450197219848633
0.07669544219970703
0.06173372268676758
0.04680609703063965
0.10118436813354492
0.08581161499023438
0.08048820495605469
0.06656360626220703
0.05239748954772949
0.038373708724975586
0.10832619667053223
0.08527994155883789
0.07700657844543457
0.0625765323638916
0.05694866180419922
0.034567832946777344
0.10872650146484375
0.09448695182800293
0.08022928237915039
0.06595373153686523
0.053928375244140625
0.039160966873168945
0.024379253387451172
0.09822964668273926
0.08600544929504395
0.07182145118713379
0.05711054801940918
0.04411482810974121
0.0347895622253418
0.11682581901550293
0.10737156867980957
0.09344649314880371
0.07856321334838867
0.06431317329406738
0.05886268615722656
0.044193267822265625
0.03023815155029297
0.11112642288208008
0.09020185470581055
0.07620358467102051
0.06225085258483887
0.048088788986206055
0.03390693664550781
0.117523193359375
0.10177397727966309
0.09343385696411133
0.07933425903320312
0.06483912467956543
0.04738044738769531
0.02987813949584961
0.09455251693725586
0.08024811744689941
0.07159686088562012
0.05743241310119629
0.044318199157714844
0.025223970413208008
0.10074567794799805
0.08960223197937012
0.07886385917663574
0.06487703323364258
0.050119876861572266
0.03563070297241211
0.02145671844482422
0.09624171257019043
0.08813762664794922
0.0767059326171875
0.06151294708251953
0.04728293418884277
0.1168978214263916
0.09358716011047363
0.09278106689453125
0.07863211631774902
0.06376099586486816
0.049210548400878906
0.03506302833557129
0.09352469444274902
0.0782785415649414
0.0677344799041748
0.06483006477355957
0.05248308181762695
0.0382847785949707
0.10808396339416504
0.08722591400146484
0.06968498229980469
0.05505013465881348
0.05004549026489258
0.037093400955200195
0.10132098197937012
0.0998220443725586
0.0872647762298584
0.07328653335571289
0.058927297592163086
0.04455304145812988
0.11030411720275879
0.08605790138244629
0.08340311050415039
0.07985544204711914
0.0648043155670166
0.05093264579772949
0.03699636459350586
0.09968304634094238
0.09488844871520996
0.08045434951782227
0.06639480590820312
0.052565813064575195
0.03867387771606445
0.10612726211547852
0.08658552169799805
0.06894040107727051
0.05370926856994629
0.03608512878417969
0.11427831649780273
0.0992438793182373
0.08471822738647461
0.07131075859069824
0.06119132041931152
0.06543803215026855
0.0535280704498291
0.04088759422302246
0.08872389793395996
0.08884811401367188
0.07436108589172363
0.06375432014465332
0.053823232650756836
0.04240822792053223
0.09208488464355469
0.0733802318572998
0.06425166130065918
0.05578923225402832
0.04079580307006836
0.12192249298095703
0.10045027732849121
0.08657622337341309
0.06934261322021484
0.05535626411437988
0.0424189567565918
0.027563095092773438
0.10434865951538086
0.08992791175842285
0.07582640647888184
0.06077313423156738
0.04863119125366211
0.04047250747680664
0.025629758834838867
0.10036802291870117
0.08522343635559082
0.07098841667175293
0.06095242500305176
0.04978036880493164
0.04075264930725098
0.10952472686767578
0.09723377227783203
0.08824849128723145
0.08597135543823242
0.07206583023071289
0.05936694145202637
0.04448986053466797
0.02997136116027832
0.09624171257019043
0.0827934741973877
0.0688483715057373
0.06927990913391113
0.05532956123352051
0.037877559661865234
0.10623812675476074
0.0839686393737793
0.07215476036071777
0.07535433769226074
0.06139874458312988
0.04745602607727051
0.03350043296813965
0.10227751731872559
0.0808095932006836
0.07464361190795898
0.06362009048461914
0.04965329170227051
0.035501718521118164
0.03022027015686035
0.09970664978027344
0.08719730377197266
0.07230663299560547
0.0549464225769043
0.03985881805419922
0.030972003936767578
0.10282468795776367
0.08390307426452637
0.07704806327819824
0.05950021743774414
0.04530501365661621
0.03086996078491211
0.0958249568939209
0.08181238174438477
0.08482170104980469
0.0669240951538086
0.05193305015563965
0.034995079040527344
0.10580801963806152
0.09488916397094727
0.07694554328918457
0.06297826766967773
0.04878091812133789
0.034679412841796875
0.11584925651550293
0.08757615089416504
0.0773916244506836
0.06305527687072754
0.05697488784790039
0.046601057052612305
0.11248540878295898
0.1181795597076416
0.10437202453613281
0.08914756774902344
0.07475996017456055
0.053967952728271484
0.040340423583984375
0.10499739646911621
0.08207273483276367
0.07866191864013672
0.06452107429504395
0.049840450286865234
0.03548121452331543
0.11236071586608887
0.09740376472473145
0.07883310317993164
0.0648033618927002
0.0511322021484375
0.03661084175109863
0.1179959774017334
0.10030245780944824
0.08630990982055664
0.0723717212677002
0.06103253364562988
0.04643988609313965
0.03312110900878906
0.10762286186218262
0.08512306213378906
0.07439780235290527
0.05987358093261719
0.048300743103027344
0.03471016883850098
0.10491061210632324
0.08828520774841309
0.07349634170532227
0.05856895446777344
0.04877662658691406
0.034503936767578125
0.11408185958862305
0.09549188613891602
0.0815584659576416
0.06728363037109375
0.05553174018859863
0.04688835144042969
0.03829240798950195
0.10962128639221191
0.08729720115661621
0.07585453987121582
0.06189250946044922
0.05499768257141113
0.0425105094909668
0.12445068359375
0.11367225646972656
0.09567666053771973
0.08065438270568848
0.06630635261535645
0.051805734634399414
0.038301706314086914
0.1224663257598877
0.09166121482849121
0.07739663124084473
0.06306219100952148
0.04876232147216797
0.1253986358642578
0.10060763359069824
0.08626675605773926
0.0731194019317627
0.06094217300415039
0.06276369094848633
0.04548931121826172
0.11153101921081543
0.09224891662597656
0.0886380672454834
0.08236980438232422
0.06786632537841797
0.05350089073181152
0.038064002990722656
0.09266328811645508
0.08854246139526367
0.07011747360229492
0.05571913719177246
0.04084324836730957
0.0279693603515625
0.09273695945739746
0.08082199096679688
0.07265686988830566
0.06657981872558594
0.052262067794799805
0.03755593299865723
0.1086583137512207
0.09715557098388672
0.08854365348815918
0.07400202751159668
0.07473969459533691
0.06572461128234863
0.05331134796142578
0.04099559783935547
0.10402393341064453
0.08508491516113281
0.07109689712524414
0.0668799877166748
0.05196404457092285
0.03686785697937012
0.12497210502624512
0.0981147289276123
0.08313560485839844
0.06817817687988281
0.05322623252868652
0.03528165817260742
0.10151886940002441
0.08728766441345215
0.06929850578308105
0.05531930923461914
0.042342424392700195
0.024876117706298828
0.10243058204650879
0.08449482917785645
0.08197212219238281
0.061934709548950195
0.05487394332885742
0.04093623161315918
0.11095929145812988
0.0916287899017334
0.07764720916748047
0.0728597640991211
0.05890369415283203
0.0449678897857666
0.030501365661621094
0.10333013534545898
0.08439755439758301
0.06975603103637695
0.055298566818237305
0.053945064544677734
0.03960275650024414
0.1077885627746582
0.09170866012573242
0.08097243309020996
0.07271409034729004
0.05848288536071777
0.04469013214111328
0.03045964241027832
0.10843873023986816
0.09051156044006348
0.07652735710144043
0.0621793270111084
0.053833723068237305
0.03942298889160156
0.0243680477142334
0.09948062896728516
0.08792233467102051
0.08204030990600586
0.06763482093811035
0.05265474319458008
0.0307614803314209
0.10518264770507812
0.08726382255554199
0.07232451438903809
0.058394670486450195
0.041121482849121094
0.026751041412353516
0.10117912292480469
0.08757710456848145
0.07317876815795898
0.05948901176452637
0.04765748977661133
0.035234689712524414
0.03029942512512207
0.09671902656555176
0.07920241355895996
0.06492042541503906
0.04629659652709961
0.029984235763549805
0.11900448799133301
0.10544180870056152
0.10112977027893066
0.08372235298156738
0.06944513320922852
0.05522727966308594
0.048371076583862305
0.0344388484954834
0.09077763557434082
0.07986187934875488
0.06954073905944824
0.06136465072631836
0.04739952087402344
0.03295588493347168
0.09369587898254395
0.08112597465515137
0.06591486930847168
0.06752753257751465
0.05721473693847656
0.043468475341796875
0.11943507194519043
0.09895205497741699
0.08689212799072266
0.0724031925201416
0.058463335037231445
0.11014890670776367
0.09874963760375977
0.08724617958068848
0.07695746421813965
0.06178998947143555
0.05687212944030762
0.04677295684814453
0.10365843772888184
0.07891607284545898
0.06985998153686523
0.05923056602478027
0.04432392120361328
0.02991199493408203
0.13033604621887207
0.1054391860961914
0.09026861190795898
0.07546019554138184
0.061235904693603516
0.04638481140136719
0.036128997802734375
0.10026264190673828
0.08323478698730469
0.07090425491333008
0.06341361999511719
0.04842710494995117
0.05234408378601074
0.10968399047851562
0.09226703643798828
0.08716845512390137
0.07213616371154785
0.05721235275268555
0.04217839241027832
0.11686277389526367
0.0914604663848877
0.07063961029052734
0.06018185615539551
0.04622650146484375
0.03201770782470703
0.11205577850341797
0.08713507652282715
0.07323217391967773
0.05902385711669922
0.05386972427368164
0.04403853416442871
0.0280606746673584
0.09253287315368652
0.0808558464050293
0.06578969955444336
0.05985212326049805
0.04584312438964844
0.03075551986694336
0.0954427719116211
0.08090734481811523
0.06728744506835938
0.05400562286376953
0.041190147399902344
0.032881975173950195
0.11142730712890625
0.09421348571777344
0.09233760833740234
0.0779881477355957
0.06389808654785156
0.04954648017883301
0.0348203182220459
0.10093855857849121
0.09250116348266602
0.08060646057128906
0.06621670722961426
0.051865339279174805
0.037410736083984375
0.11713480949401855
0.09438538551330566
0.07947564125061035
0.06509232521057129
0.05075883865356445
0.03596377372741699
0.0251767635345459
0.09451055526733398
0.07985758781433105
0.06604695320129395
0.05238223075866699
0.04445815086364746
0.03168368339538574
0.10251498222351074
0.08700346946716309
0.08554625511169434
0.06374621391296387
0.049304962158203125
0.034894704818725586
0.10487747192382812
0.08415889739990234
0.07915019989013672
0.06414675712585449
0.04941272735595703
0.03421473503112793
0.02113509178161621
0.09563231468200684
0.08734464645385742
0.0729525089263916
0.058506011962890625
0.04416084289550781
0.03142261505126953
0.1096959114074707
0.08399748802185059
0.07521891593933105
0.06412196159362793
0.056485652923583984
0.042047739028930664
0.028393983840942383
0.09300971031188965
0.08900642395019531
0.07474684715270996
0.05637359619140625
0.0423579216003418
0.02769780158996582
0.10187721252441406
0.08772802352905273
0.07317042350769043
0.05847454071044922
0.0440673828125
0.030498027801513672
0.11458730697631836
0.10071659088134766
0.08680534362792969
0.07183098793029785
0.05754542350769043
0.042908668518066406
0.028788089752197266
0.10907268524169922
0.09014058113098145
0.0716104507446289
0.057366132736206055
0.044884443283081055
0.03739786148071289
0.11170721054077148
0.09411954879760742
0.0807802677154541
0.06720399856567383
0.05257153511047363
0.03462576866149902
0.11224198341369629
0.10161447525024414
0.09123587608337402
0.07316827774047852
0.05858325958251953
0.044608116149902344
0.037044525146484375
0.10741901397705078
0.08592557907104492
0.080230712890625
0.06605315208435059
0.05093860626220703
0.036617279052734375
0.10598039627075195
0.08234024047851562
0.07297897338867188
0.06970500946044922
0.04931282997131348
0.035544395446777344
0.09539937973022461
0.08080887794494629
0.07105469703674316
0.06464958190917969
0.050147294998168945
0.03574085235595703
0.11391520500183105
0.08778786659240723
0.07334494590759277
0.06185150146484375
0.05128812789916992
0.04339146614074707
0.030109882354736328
0.0905303955078125
0.07814407348632812
0.06987595558166504
0.06387495994567871
0.04932427406311035
0.03511619567871094
0.10931706428527832
0.09094882011413574
0.0763559341430664
0.0619351863861084
0.04774665832519531
0.03887438774108887
0.11817049980163574
0.09177708625793457
0.07763290405273438
0.06317424774169922
0.04872488975524902
0.03415632247924805
0.1132345199584961
0.0874779224395752
0.08718633651733398
0.07296633720397949
0.0587773323059082
0.04451441764831543
0.10834646224975586
0.08327031135559082
0.07247710227966309
0.06734371185302734
0.05318331718444824
0.03934192657470703
0.025058269500732422
0.11412191390991211
0.09817099571228027
0.0837254524230957
0.07001662254333496
0.05584359169006348
0.04160475730895996
0.027387380599975586
0.09916973114013672
0.08183979988098145
0.06796836853027344
0.05328631401062012
0.03867053985595703
0.02369832992553711
0.09937739372253418
0.08490896224975586
0.06734752655029297
0.0524449348449707
0.043145179748535156
0.025827884674072266
0.09220695495605469
0.08348345756530762
0.07054328918457031
0.05300331115722656
0.03894948959350586
0.11039113998413086
0.09100151062011719
0.08959794044494629
0.0757150650024414
0.06056571006774902
0.04229736328125
0.11285710334777832
0.09812116622924805
0.10066771507263184
0.08583879470825195
0.07196402549743652
0.05776095390319824
0.043801307678222656
0.11306071281433105
0.09888434410095215
0.09677958488464355
0.08229613304138184
0.06781530380249023
0.052819252014160156
0.03857135772705078
0.11127591133117676
0.09031200408935547
0.07770705223083496
0.06807351112365723
0.06046485900878906
0.10560321807861328
0.08587837219238281
0.08414864540100098
0.06989407539367676
0.05530405044555664
0.04079914093017578
0.023207902908325195
0.09338617324829102
0.0792839527130127
0.06661200523376465
0.05425715446472168
0.0414881706237793
0.03287458419799805
0.10648131370544434
0.10133171081542969
0.087188720703125
0.07216835021972656
0.058164119720458984
0.04359769821166992
0.11402463912963867
0.09548354148864746
0.08547258377075195
0.07126283645629883
0.06999897956848145
0.049446821212768555
0.03493022918701172
0.10605621337890625
0.08753371238708496
0.07347273826599121
0.07114052772521973
0.05720257759094238
0.04323601722717285
0.02928018569946289
0.10150027275085449
0.09856343269348145
0.08456087112426758
0.07034063339233398
0.05594015121459961
0.044235944747924805
0.12525033950805664
0.09840655326843262
0.08439040184020996
0.07031559944152832
0.055814266204833984
0.041826486587524414
0.11230015754699707
0.10177254676818848
0.1027688980102539
0.08828997611999512
0.07409167289733887
0.05964922904968262
0.04599714279174805
0.03170633316040039
0.1042165756225586
0.08424139022827148
0.07020974159240723
0.05649900436401367
0.047983407974243164
0.03383803367614746
0.12540102005004883
0.1018977165222168
0.08756279945373535
0.07335090637207031
0.05852532386779785
0.04430985450744629
0.11137199401855469
0.10140204429626465
0.09220170974731445
0.08248591423034668
0.06465768814086914
0.0496218204498291
0.03168845176696777
0.1071004867553711
0.08479571342468262
0.0794668197631836
0.06941795349121094
0.05525922775268555
0.04134368896484375
0.10723495483398438
0.08740878105163574
0.08365702629089355
0.0691382884979248
0.05640411376953125
0.04977059364318848
0.09237957000732422
0.07811784744262695
0.06479692459106445
0.06345772743225098
0.049095869064331055
0.03420829772949219
0.10436630249023438
0.08410787582397461
0.0751802921295166
0.06078290939331055
0.05061006546020508
0.03637075424194336
0.11888694763183594
0.10504603385925293
0.08810186386108398
0.09020519256591797
0.0722968578338623
0.0579380989074707
0.04922819137573242
0.11283016204833984
0.08298254013061523
0.07035565376281738
0.07055163383483887
0.05547928810119629
0.04078817367553711
0.1172022819519043
0.08834457397460938
0.07412362098693848
0.05190706253051758
0.041623830795288086
0.02741837501525879
0.09522652626037598
0.08030200004577637
0.06764507293701172
0.05497312545776367
0.04848885536193848
0.035233259201049805
0.10793900489807129
0.08801388740539551
0.06993365287780762
0.05157876014709473
0.05026364326477051
0.03527951240539551
0.10987973213195801
0.09137177467346191
0.07698965072631836
0.06611943244934082
0.048058509826660156
0.03279685974121094
0.1097879409790039
0.08758687973022461
0.07323646545410156
0.05876803398132324
0.057646989822387695
0.040520429611206055
0.10425734519958496
0.0954134464263916
0.08137083053588867
0.06699037551879883
0.0521547794342041
0.03461337089538574
0.10452628135681152
0.0892338752746582
0.07520890235900879
0.06169247627258301
0.03489851951599121
0.11334896087646484
0.0937652587890625
0.07970595359802246
0.06522917747497559
0.06158804893493652
0.04454231262207031
0.02972412109375
0.09689974784851074
0.07870697975158691
0.06675314903259277
0.05829977989196777
0.04418349266052246
0.030019283294677734
0.09287381172180176
0.0962681770324707
0.08517742156982422
0.070892333984375
0.05662131309509277
0.04194164276123047
0.11020040512084961
0.08431768417358398
0.09120583534240723
0.07701921463012695
0.0618901252746582
0.04776573181152344
0.03283119201660156
0.09969282150268555
0.10605645179748535
0.09277772903442383
0.07854294776916504
0.06437277793884277
0.04968667030334473
0.03540372848510742
0.09012484550476074
0.09658193588256836
0.08245110511779785
0.06818962097167969
0.05290389060974121
0.038617849349975586
0.1092677116394043
0.09181618690490723
0.07754158973693848
0.06330513954162598
0.04917430877685547
0.043065786361694336
0.027569293975830078
0.10599446296691895
0.08805990219116211
0.0738074779510498
0.04470968246459961
0.03182506561279297
0.11310005187988281
0.08472752571105957
0.0723261833190918
0.06377696990966797
0.06442403793334961
0.049541473388671875
0.03472733497619629
0.09869790077209473
0.08076834678649902
0.07015156745910645
0.05334186553955078
0.04427218437194824
0.030157804489135742
0.10738563537597656
0.08448219299316406
0.07780671119689941
0.05995488166809082
0.046295881271362305
0.03181767463684082
0.1092689037322998
0.10280489921569824
0.08908867835998535
0.0740501880645752
0.05974531173706055
0.04187798500061035
0.11255145072937012
0.08763933181762695
0.07406187057495117
0.06392979621887207
0.04629015922546387
0.04641985893249512
0.10181498527526855
0.09598135948181152
0.08471131324768066
0.07362937927246094
0.05997824668884277
0.04501152038574219
0.11003494262695312
0.08956789970397949
0.07505345344543457
0.0601198673248291
0.04704761505126953
0.04035234451293945
0.03557276725769043
0.10911846160888672
0.09476876258850098
0.08025074005126953
0.06663084030151367
0.0526885986328125
0.03840827941894531
0.12583112716674805
0.10221219062805176
0.08705854415893555
0.0722658634185791
0.05827951431274414
0.04424643516540527
0.11695265769958496
0.09594392776489258
0.08296322822570801
0.06785392761230469
0.05350804328918457
0.035140275955200195
0.1259748935699463
0.10036635398864746
0.0801701545715332
0.06651926040649414
0.051380157470703125
0.03710126876831055
0.10986328125
0.08416152000427246
0.07024931907653809
0.06140637397766113
0.057515621185302734
0.039765357971191406
0.09183645248413086
0.08984971046447754
0.07558679580688477
0.060968637466430664
0.04378318786621094
0.030196666717529297
0.11081600189208984
0.09388160705566406
0.07887101173400879
0.0639350414276123
0.04901695251464844
0.04202461242675781
0.11610722541809082
0.1001577377319336
0.08541655540466309
0.07052040100097656
0.0529017448425293
0.038992881774902344
0.09718132019042969
0.0893399715423584
0.07818150520324707
0.0639641284942627
0.049134016036987305
0.03554987907409668
0.10756349563598633
0.09939217567443848
0.08631563186645508
0.068359375
0.05388998985290527
0.036108970642089844
0.09226584434509277
0.10418391227722168
0.0901339054107666
0.07590579986572266
0.06207728385925293
0.04732823371887207
0.10608339309692383
0.09806132316589355
0.08475518226623535
0.07248544692993164
0.0585026741027832
0.040970563888549805
0.11262702941894531
0.09529232978820801
0.08138632774353027
0.06899881362915039
0.05591845512390137
0.04768514633178711
0.02773284912109375
0.09335994720458984
0.09120774269104004
0.07381105422973633
0.05907106399536133
0.02950143814086914
0.10241460800170898
0.08618831634521484
0.08552956581115723
0.07103800773620605
0.05659174919128418
0.035407304763793945
0.11004042625427246
0.09519457817077637
0.08313775062561035
0.06865334510803223
0.05378079414367676
0.03956341743469238
0.025051593780517578
0.09054398536682129
0.07847261428833008
0.0731348991394043
0.06793069839477539
0.05351662635803223
0.038213253021240234
0.10809159278869629
0.08526968955993652
0.07459521293640137
0.0688621997833252
0.054467201232910156
0.04018664360046387
0.11161947250366211
0.09476327896118164
0.08805370330810547
0.07705950736999512
0.06276106834411621
0.045148372650146484
0.027010202407836914
0.10416460037231445
0.08643817901611328
0.07188987731933594
0.05748748779296875
0.05501961708068848
0.04131293296813965
0.11156201362609863
0.08591389656066895
0.08775067329406738
0.0726926326751709
0.0583500862121582
0.044103145599365234
0.11759090423583984
0.10317158699035645
0.08624100685119629
0.08799242973327637
0.07401752471923828
0.06021761894226074
0.04516482353210449
0.10766839981079102
0.10703635215759277
0.09283161163330078
0.07508111000061035
0.06096196174621582
0.04631352424621582
0.03201556205749512
0.10809564590454102
0.09016633033752441
0.07599616050720215
0.05769014358520508
0.043395042419433594
0.02960681915283203
0.11274909973144531
0.09083747863769531
0.07996416091918945
0.06597900390625
0.05151510238647461
0.03744935989379883
0.022829055786132812
0.09288477897644043
0.08211231231689453
0.06691336631774902
0.049080848693847656
0.04657244682312012
0.03317832946777344
0.10532903671264648
0.08961009979248047
0.07541894912719727
0.06275439262390137
0.051692962646484375
0.039069175720214844
0.03126358985900879
0.11201119422912598
0.09151554107666016
0.07749271392822266
0.06357622146606445
0.045621395111083984
0.0312657356262207
0.09269285202026367
0.08075881004333496
0.06576299667358398
0.05107307434082031
0.04463553428649902
0.03297591209411621
0.09497666358947754
0.08407402038574219
0.06408905982971191
0.05341053009033203
0.03897833824157715
0.02745532989501953
0.10776829719543457
0.09372878074645996
0.07939720153808594
0.06441187858581543
0.04761981964111328
0.03235793113708496
0.11462092399597168
0.1020498275756836
0.08861827850341797
0.07423615455627441
0.0568394660949707
0.042238712310791016
0.11686563491821289
0.10986113548278809
0.09519457817077637
0.08091950416564941
0.04320120811462402
0.029324054718017578
0.10937952995300293
0.09146761894226074
0.0774533748626709
0.060141801834106445
0.046364784240722656
0.03142046928405762
0.11210441589355469
0.10149383544921875
0.08695721626281738
0.07611775398254395
0.06222414970397949
0.03480339050292969
0.021764755249023438
0.11524748802185059
0.09729528427124023
0.08191943168640137
0.06800508499145508
0.05374646186828613
0.03853344917297363
0.11127591133117676
0.08438682556152344
0.06936860084533691
0.06884455680847168
0.05499529838562012
0.04253697395324707
0.1098165512084961
0.0948171615600586
0.09534120559692383
0.08105993270874023
0.0662086009979248
0.05224442481994629
0.03230142593383789
0.10613846778869629
0.08123898506164551
0.07790732383728027
0.06360030174255371
0.04908132553100586
0.03401899337768555
0.11066126823425293
0.0898141860961914
0.09047722816467285
0.07606196403503418
0.06524324417114258
0.05078697204589844
0.03676271438598633
0.09601616859436035
0.09433627128601074
0.08033394813537598
0.06571125984191895
0.051882028579711914
0.036798954010009766
0.11786603927612305
0.09904313087463379
0.08473086357116699
0.0703890323638916
0.05626249313354492
0.04156804084777832
0.10828328132629395
0.08732438087463379
0.08011889457702637
0.06565332412719727
0.05138349533081055
0.042069435119628906
0.03420591354370117
0.12774038314819336
0.10943007469177246
0.09544610977172852
0.08142995834350586
0.06687402725219727
0.051683902740478516
0.11063718795776367
0.08516812324523926
0.07111048698425293
0.05634117126464844
0.05281639099121094
0.03463172912597656
0.1074836254119873
0.0862116813659668
0.0710306167602539
0.056493520736694336
0.053765296936035156
0.03889584541320801
0.10734724998474121
0.08508968353271484
0.07683515548706055
0.08458733558654785
0.07169222831726074
0.05706429481506348
0.04186558723449707
0.10256171226501465
0.08264732360839844
0.09768557548522949
0.09013485908508301
0.07445049285888672
0.0595395565032959
0.10652589797973633
0.08025383949279785
0.06851553916931152
0.054461002349853516
0.03698325157165527
0.022870779037475586
0.1000983715057373
0.0844573974609375
0.0770101547241211
0.06203269958496094
0.047989845275878906
0.03392648696899414
0.11637735366821289
0.09907078742980957
0.0819101333618164
0.06770110130310059
0.055173397064208984
0.03387308120727539
0.10871100425720215
0.08726096153259277
0.07216691970825195
0.057653188705444336
0.04883003234863281
0.03409624099731445
0.11075687408447266
0.09540414810180664
0.0769493579864502
0.06271219253540039
0.04878640174865723
0.029864072799682617
0.09178018569946289
0.08037567138671875
0.07260632514953613
0.058283090591430664
0.043694257736206055
0.029119253158569336
0.10397934913635254
0.08456063270568848
0.08532238006591797
0.07536077499389648
0.06265902519226074
0.11527347564697266
0.10174441337585449
0.09146475791931152
0.07737183570861816
0.06307625770568848
0.044579267501831055
0.03030991554260254
0.10619926452636719
0.08228111267089844
0.07242894172668457
0.058386802673339844
0.05376625061035156
0.03581881523132324
0.11078906059265137
0.08642721176147461
0.07502126693725586
0.0614018440246582
0.04656481742858887
0.025858163833618164
0.10344576835632324
0.08378958702087402
0.07555675506591797
0.06826519966125488
0.05615043640136719
0.041585445404052734
0.027101755142211914
0.09943532943725586
0.08141088485717773
0.0702521800994873
0.06273603439331055
0.04777121543884277
0.03336811065673828
0.021407604217529297
0.09827661514282227
0.08133387565612793
0.07410430908203125
0.059925079345703125
0.045794010162353516
0.03803133964538574
0.11151313781738281
0.08733630180358887
0.07797503471374512
0.06314706802368164
0.049462080001831055
0.05216789245605469
0.03785967826843262
0.10687518119812012
0.08595108985900879
0.07085680961608887
0.057210683822631836
0.04489946365356445
0.04902172088623047
0.1082158088684082
0.09906220436096191
0.06275010108947754
0.048056602478027344
0.031008481979370117
0.11381149291992188
0.09749388694763184
0.0835261344909668
0.06528663635253906
0.05034685134887695
0.04493379592895508
0.10620903968811035
0.08945941925048828
0.07535433769226074
0.06126236915588379
0.04613208770751953
0.03127884864807129
0.11690878868103027
0.09195566177368164
0.08755159378051758
0.07329010963439941
0.05195164680480957
0.03903675079345703
0.11134982109069824
0.08771038055419922
0.07689619064331055
0.07001638412475586
0.05559110641479492
0.04090237617492676
0.025626659393310547
0.09922623634338379
0.08228754997253418
0.07967305183410645
0.06571435928344727
0.05170249938964844
0.03774666786193848
0.022800683975219727
0.10352182388305664
0.08907556533813477
0.07490301132202148
0.06089591979980469
0.04706239700317383
0.03280353546142578
0.10802769660949707
0.09202313423156738
0.07860422134399414
0.06431961059570312
0.04987668991088867
0.033963680267333984
0.02224588394165039
0.09315633773803711
0.08776664733886719
0.07272887229919434
0.058260440826416016
0.04450273513793945
0.030330657958984375
0.10681843757629395
0.08489847183227539
0.07843780517578125
0.06415104866027832
0.04983925819396973
0.039260149002075195
0.023910045623779297
0.09662437438964844
0.09464216232299805
0.08131909370422363
0.06688141822814941
0.053437232971191406
0.03577399253845215
0.11127233505249023
0.09035468101501465
0.07749152183532715
0.07311844825744629
0.05860304832458496
0.04112434387207031
0.026600122451782227
0.10946178436279297
0.0961146354675293
0.08109426498413086
0.06736302375793457
0.0530855655670166
0.035231590270996094
0.11825370788574219
0.10200643539428711
0.08847999572753906
0.06901931762695312
0.05388903617858887
0.03953695297241211
0.12441277503967285
0.09904646873474121
0.08488059043884277
0.0705270767211914
0.05606341361999512
0.041837453842163086
0.03225207328796387
0.09290099143981934
0.07786774635314941
0.07400131225585938
0.059549808502197266
0.04516744613647461
0.03049492835998535
0.12138152122497559
0.09846782684326172
0.08399224281311035
0.06974124908447266
0.05532479286193848
0.04117274284362793
0.11537432670593262
0.09165382385253906
0.08401274681091309
0.06989526748657227
0.05485653877258301
0.04071187973022461
0.026180028915405273
0.09669327735900879
0.08273553848266602
0.06859397888183594
0.057782888412475586
0.046906471252441406
0.031816720962524414
0.1123037338256836
0.08678078651428223
0.07194375991821289
0.05755901336669922
0.048583269119262695
0.03820443153381348
0.11259222030639648
0.11615705490112305
0.10210394859313965
0.08727765083312988
0.07336950302124023
0.05913853645324707
0.04526567459106445
0.03114938735961914
0.09650421142578125
0.08419442176818848
0.06562519073486328
0.05073356628417969
0.03900575637817383
0.04161405563354492
0.12136101722717285
0.10665273666381836
0.09453773498535156
0.08065247535705566
0.06476902961730957
0.05281233787536621
0.038828134536743164
0.09747529029846191
0.08214282989501953
0.06941580772399902
0.0702970027923584
0.05416107177734375
0.039328575134277344
0.10847687721252441
0.09702944755554199
0.08219695091247559
0.06761956214904785
0.05344080924987793
0.0391237735748291
0.024626493453979492
0.09706354141235352
0.08684015274047852
0.07262229919433594
0.05920767784118652
0.05417609214782715
0.03620100021362305
0.12148141860961914
0.09756946563720703
0.08258247375488281
0.06845641136169434
0.053406715393066406
0.038995981216430664
0.1223902702331543
0.14257168769836426
0.13108539581298828
0.11634945869445801
0.08689498901367188
0.07303071022033691
0.11374354362487793
0.07643508911132812
0.06705617904663086
0.06900358200073242
0.053420066833496094
0.03891777992248535
0.0959930419921875
0.08856058120727539
0.08623933792114258
0.07184624671936035
0.057523488998413086
0.042816877365112305
0.10902714729309082
0.1074988842010498
0.09286808967590332
0.07853984832763672
0.0643320083618164
0.04922294616699219
0.034514665603637695
0.10957837104797363
0.08273863792419434
0.07889628410339355
0.05744218826293945
0.0426027774810791
0.028263330459594727
0.09859848022460938
0.0837550163269043
0.07468295097351074
0.0636141300201416
0.05322861671447754
0.038042306900024414
0.02302098274230957
0.09622383117675781
0.08204126358032227
0.08058476448059082
0.06684017181396484
0.053278207778930664
0.03853964805603027
0.10851120948791504
0.08853340148925781
0.07435488700866699
0.059656381607055664
0.050147294998168945
0.03603529930114746
0.026749134063720703
0.09914803504943848
0.09888267517089844
0.08149433135986328
0.06385684013366699
0.04912686347961426
0.03458070755004883
0.10418057441711426
0.09896111488342285
0.08375239372253418
0.06580901145935059
0.04513883590698242
0.030245542526245117
0.09969830513000488
0.08327198028564453
0.07082843780517578
0.05865311622619629
0.04872536659240723
0.04441118240356445
0.03122878074645996
0.09331607818603516
0.07931327819824219
0.06933474540710449
0.055056095123291016
0.04697561264038086
0.03207707405090332
0.10585975646972656
0.08429312705993652
0.07116222381591797
0.05869603157043457
0.040509939193725586
0.02818751335144043
0.1102602481842041
0.09294891357421875
0.07417464256286621
0.05946636199951172
0.044982194900512695
0.03082752227783203
0.10807275772094727
0.08541393280029297
0.08103013038635254
0.06579065322875977
0.05207657814025879
0.037874460220336914
0.11290526390075684
0.09868097305297852
0.08455657958984375
0.0711526870727539
0.05449342727661133
0.03751826286315918
0.024434804916381836
0.10031318664550781
0.0900428295135498
0.0751185417175293
0.0613863468170166
0.04424333572387695
0.03098011016845703
0.11778688430786133
0.09417438507080078
0.07951474189758301
0.06601381301879883
0.05178046226501465
0.04156899452209473
0.026966094970703125
0.0933842658996582
0.08314752578735352
0.0808558464050293
0.058992862701416016
0.04432225227355957
0.030428647994995117
0.09914255142211914
0.08643269538879395
0.07934188842773438
0.06525063514709473
0.045334815979003906
0.031195640563964844
0.1253190040588379
0.10046195983886719
0.08634638786315918
0.07193756103515625
0.05746865272521973
0.043030738830566406
0.02861332893371582
0.10335445404052734
0.08934831619262695
0.07479238510131836
0.0602719783782959
0.04511594772338867
0.030980348587036133
0.11502289772033691
0.09153199195861816
0.07743716239929199
0.06307601928710938
0.04428434371948242
0.03693580627441406
0.11031532287597656
0.08843040466308594
0.08979654312133789
0.0751950740814209
0.06034588813781738
0.04239654541015625
0.10786771774291992
0.08412909507751465
0.07409167289733887
0.05120539665222168
0.04324603080749512
0.034063100814819336
0.10467815399169922
0.0868232250213623
0.07821965217590332
0.07240796089172363
0.05779242515563965
0.04350543022155762
0.02983856201171875
0.08327531814575195
0.06834554672241211
0.07017827033996582
0.05552315711975098
0.04091811180114746
0.11366629600524902
0.11557316780090332
0.10086727142333984
0.08621454238891602
0.06519842147827148
0.05059409141540527
0.03657102584838867
0.11588764190673828
0.09335041046142578
0.07937145233154297
0.06456613540649414
0.050380706787109375
0.0361177921295166
0.11521387100219727
0.09551525115966797
0.08098506927490234
0.06562256813049316
0.06528902053833008
0.05230450630187988
0.038216590881347656
0.10721635818481445
0.08331608772277832
0.07297897338867188
0.061899423599243164
0.047576189041137695
0.03340601921081543
0.027088165283203125
0.09319758415222168
0.0789635181427002
0.06585860252380371
0.05319666862487793
0.04082465171813965
0.03291153907775879
0.10346221923828125
0.08552980422973633
0.07200026512145996
0.06220102310180664
0.05997586250305176
0.04652547836303711
0.032761573791503906
0.09309720993041992
0.08554744720458984
0.07721424102783203
0.06292366981506348
0.04865002632141113
0.026313066482543945
0.09842610359191895
0.08347964286804199
0.07142305374145508
0.062288522720336914
0.04834580421447754
0.0466310977935791
0.0336148738861084
0.11478972434997559
0.10006976127624512
0.08572268486022949
0.07079100608825684
0.05566549301147461
0.027458906173706055
0.09855222702026367
0.08789300918579102
0.07366776466369629
0.0592036247253418
0.05786871910095215
0.043753862380981445
0.029293298721313477
0.09005379676818848
0.0776968002319336
0.06510281562805176
0.07295846939086914
0.058066606521606445
0.04306221008300781
0.11229634284973145
0.08929586410522461
0.0893561840057373
0.07428598403930664
0.06020522117614746
0.04523110389709473
0.1208035945892334
0.09607338905334473
0.08181071281433105
0.06800580024719238
0.0339665412902832
0.10660457611083984
0.09025406837463379
0.07622385025024414
0.062056779861450195
0.04779052734375
0.032709598541259766
0.10989952087402344
0.08346176147460938
0.07262539863586426
0.062062740325927734
0.047651052474975586
0.03273820877075195
0.022762060165405273
0.09299492835998535
0.07895851135253906
0.06482648849487305
0.050324201583862305
0.03435397148132324
0.0214998722076416
0.0950767993927002
0.08082389831542969
0.07105422019958496
0.06686639785766602
0.05245542526245117
0.038025856018066406
0.11792278289794922
0.0944206714630127
0.07993912696838379
0.06499147415161133
0.050577402114868164
0.03662610054016113
0.10874271392822266
0.08498406410217285
0.07220578193664551
0.06932449340820312
0.0550084114074707
0.04007315635681152
0.02563643455505371
0.09332823753356934
0.0858917236328125
0.07174825668334961
0.0566248893737793
0.04213976860046387
0.031694650650024414
0.10557055473327637
0.0838320255279541
0.09086227416992188
0.07637929916381836
0.06337499618530273
0.04890131950378418
0.034295082092285156
0.09295320510864258
0.0822746753692627
0.06781578063964844
0.056684255599975586
0.04518270492553711
0.02947545051574707
0.10616540908813477
0.08928346633911133
0.07517075538635254
0.06000185012817383
0.04636073112487793
0.03665351867675781
0.02232527732849121
0.10283207893371582
0.10049748420715332
0.08628344535827637
0.07209324836730957
0.0574185848236084
0.04298257827758789
0.0287322998046875
0.09353756904602051
0.08646202087402344
0.0720982551574707
0.057953596115112305
0.04378080368041992
0.03289389610290527
0.1272141933441162
0.10185384750366211
0.0872964859008789
0.0723717212677002
0.058110713958740234
0.04116106033325195
0.11144280433654785
0.09415125846862793
0.07671713829040527
0.06220078468322754
0.0486295223236084
0.037912607192993164
0.02650618553161621
0.10701441764831543
0.09298372268676758
0.07854723930358887
0.061102867126464844
0.04665088653564453
0.03225374221801758
0.09505653381347656
0.08022546768188477
0.045069217681884766
0.032928466796875
0.10622048377990723
0.10128998756408691
0.08313441276550293
0.06525540351867676
0.04753255844116211
0.029681682586669922
0.10810399055480957
0.08917546272277832
0.07496333122253418
0.06112170219421387
0.04841423034667969
0.04223489761352539
0.02770400047302246
0.09308958053588867
0.07822203636169434
0.06499314308166504
0.05217337608337402
0.04918718338012695
0.03618144989013672
0.1082150936126709
0.08533048629760742
0.08631110191345215
0.07182765007019043
0.05831122398376465
0.043836355209350586
0.12993121147155762
0.09724664688110352
0.08326101303100586
0.06928324699401855
0.05531477928161621
0.0413663387298584
0.11198592185974121
0.11282563209533691
0.0987699031829834
0.08434772491455078
0.06990194320678711
0.05567622184753418
0.03806662559509277
0.10825824737548828
0.0962064266204834
0.08211374282836914
0.06805920600891113
0.053872108459472656
0.04024767875671387
0.024676084518432617
0.09353923797607422
0.08617472648620605
0.0720980167388916
0.06160998344421387
0.047224998474121094
0.03313016891479492
0.11030316352844238
0.0848243236541748
0.07190132141113281
0.05889463424682617
0.046525001525878906
0.033797502517700195
0.024465560913085938
0.11047124862670898
0.09337925910949707
0.07873821258544922
0.06389927864074707
0.0495455265045166
0.03977775573730469
0.11254310607910156
0.09521961212158203
0.09792327880859375
0.08608675003051758
0.0715799331665039
0.0578310489654541
0.043386220932006836
0.11566686630249023
0.09706354141235352
0.08330011367797852
0.06894445419311523
0.058972835540771484
0.05523180961608887
0.03939008712768555
0.09291315078735352
0.0820770263671875
0.06784844398498535
0.06094861030578613
0.04721713066101074
0.03328514099121094
0.09496307373046875
0.08339452743530273
0.07680463790893555
0.05886530876159668
0.04072380065917969
0.025816917419433594
0.1000053882598877
0.09116101264953613
0.0770258903503418
0.06267762184143066
0.04979538917541504
0.036832332611083984
0.11838221549987793
0.09750080108642578
0.08034920692443848
0.06649637222290039
0.04887270927429199
0.034906864166259766
0.12217235565185547
0.10351228713989258
0.08957171440124512
0.07223629951477051
0.05701804161071777
0.03938770294189453
0.0351099967956543
0.11227703094482422
0.0923609733581543
0.07818484306335449
0.06288385391235352
0.048719167709350586
0.034941911697387695
0.0209658145904541
0.09910249710083008
0.08594393730163574
0.07072615623474121
0.04927206039428711
0.04252195358276367
0.029963970184326172
0.10485577583312988
0.08492493629455566
0.07855939865112305
0.06405115127563477
0.04996943473815918
0.035784244537353516
0.028870344161987305
0.09386610984802246
0.07890844345092773
0.06818032264709473
0.06190323829650879
0.04623532295227051
0.03188633918762207
0.10101032257080078
0.08701300621032715
0.0726766586303711
0.05820035934448242
0.05028271675109863
0.034621477127075195
0.09499716758728027
0.07596826553344727
0.06261515617370605
0.04631543159484863
0.03198885917663574
0.11040472984313965
0.10162138938903809
0.09476590156555176
0.08089685440063477
0.06682205200195312
0.052549123764038086
0.03829336166381836
0.09003925323486328
0.07929611206054688
0.06451416015625
0.05821084976196289
0.04424452781677246
0.030340194702148438
0.10567307472229004
0.08993029594421387
0.0824730396270752
0.0682220458984375
0.05604434013366699
0.02861499786376953
0.10178518295288086
0.08835005760192871
0.07410454750061035
0.060039520263671875
0.05274248123168945
0.03866147994995117
0.0952444076538086
0.09237146377563477
0.07744789123535156
0.05955195426940918
0.04595661163330078
0.03190970420837402
0.10785222053527832
0.09475255012512207
0.0802457332611084
0.0658867359161377
0.04839038848876953
0.03399920463562012
0.11840939521789551
0.10157489776611328
0.08093547821044922
0.06675958633422852
0.05185222625732422
0.04482316970825195
0.03042316436767578
0.09283924102783203
0.09055852890014648
0.07621335983276367
0.061827659606933594
0.04687333106994629
0.03261375427246094
0.10587573051452637
0.08439207077026367
0.07599830627441406
0.07059049606323242
0.05590677261352539
0.041472673416137695
0.026285886764526367
0.10730504989624023
0.09708237648010254
0.08271002769470215
0.068267822265625
0.05398917198181152
0.03870272636413574
0.10870027542114258
0.08479809761047363
0.0747060775756836
0.06361818313598633
0.04926800727844238
0.03429770469665527
0.019772052764892578
0.10164546966552734
0.10695028305053711
0.0921320915222168
0.0766599178314209
0.06167316436767578
0.04711604118347168
0.1116800308227539
0.09104657173156738
0.07558083534240723
0.06083416938781738
0.04620814323425293
0.0317072868347168
0.10945963859558105
0.09407162666320801
0.08096814155578613
0.07450079917907715
0.06342554092407227
0.04833412170410156
0.029059648513793945
0.09268045425415039
0.07773017883300781
0.0712592601776123
0.05661344528198242
0.027772188186645508
0.10514259338378906
0.08658075332641602
0.07748794555664062
0.07175636291503906
0.05804777145385742
0.042824745178222656
0.028587818145751953
0.09357762336730957
0.07953810691833496
0.0697183609008789
0.055318593978881836
0.045041561126708984
0.03692507743835449
0.10753297805786133
0.08457374572753906
0.07457828521728516
0.06012558937072754
0.046321868896484375
0.03357648849487305
0.030435562133789062
0.09343504905700684
0.08943653106689453
0.07475757598876953
0.06042361259460449
0.03891611099243164
0.024545669555664062
0.09534597396850586
0.08431601524353027
0.07613921165466309
0.0581204891204834
0.043695688247680664
0.026004791259765625
0.09527850151062012
0.08457732200622559
0.07016468048095703
0.05861949920654297
0.04779624938964844
0.03434252738952637
0.12601351737976074
0.09847807884216309
0.08425235748291016
0.06976509094238281
0.055344581604003906
0.04071950912475586
0.02618885040283203
0.10061311721801758
0.08213138580322266
0.07129311561584473
0.05737709999084473
0.042679548263549805
0.025330066680908203
0.12161970138549805
0.10131239891052246
0.08765959739685059
0.06624937057495117
0.05180239677429199
0.03750872611999512
0.10858368873596191
0.08823013305664062
0.07715392112731934
0.07449126243591309
0.06090879440307617
0.046765804290771484
0.03293132781982422
0.10335421562194824
0.0893704891204834
0.07497191429138184
0.06030583381652832
0.045729637145996094
0.03130197525024414
0.10864424705505371
0.08388662338256836
0.0707848072052002
0.07036709785461426
0.056075334548950195
0.04160141944885254
0.026860713958740234
0.09295272827148438
0.08548164367675781
0.07110166549682617
0.05632758140563965
0.04186558723449707
0.0349423885345459
0.11490368843078613
0.1023867130279541
0.08819723129272461
0.0737159252166748
0.052829742431640625
0.038372039794921875
0.10833358764648438
0.08805370330810547
0.07390618324279785
0.05946469306945801
0.04984283447265625
0.040747880935668945
0.025730133056640625
0.09064459800720215
0.07872986793518066
0.06615877151489258
0.05679607391357422
0.047739505767822266
0.03334784507751465
0.10628294944763184
0.08356332778930664
0.07440066337585449
0.05916309356689453
0.051703691482543945
0.03730273246765137
0.02283930778503418
0.09641098976135254
0.08902621269226074
0.07431936264038086
0.05671048164367676
0.041632652282714844
0.03330874443054199
0.12175536155700684
0.09681844711303711
0.08794307708740234
0.07015419006347656
0.05190563201904297
0.03689455986022949
0.12253594398498535
0.09861540794372559
0.07729649543762207
0.06317329406738281
0.04893088340759277
0.03440499305725098
0.10467696189880371
0.0884249210357666
0.08295345306396484
0.07034945487976074
0.05910944938659668
0.044184207916259766
0.02907705307006836
0.11740374565124512
0.10027885437011719
0.08530402183532715
0.07084941864013672
0.05645442008972168
0.04221606254577637
0.027825117111206055
0.10015583038330078
0.09308791160583496
0.0786898136138916
0.0642702579498291
0.04976010322570801
0.03494429588317871
0.11841773986816406
0.09424519538879395
0.0794823169708252
0.06511092185974121
0.050447702407836914
0.04147982597351074
0.026923179626464844
0.09354257583618164
0.08580207824707031
0.07143831253051758
0.05714011192321777
0.042742013931274414
0.03671407699584961
0.12006831169128418
0.09525322914123535
0.08095979690551758
0.06704282760620117
0.05272722244262695
0.03807520866394043
0.023622512817382812
0.0989687442779541
0.08707284927368164
0.07759547233581543
0.06309938430786133
0.04872393608093262
0.03426051139831543
0.10613727569580078
0.08315372467041016
0.0841670036315918
0.0702054500579834
0.056299448013305664
0.042348623275756836
0.02837967872619629
0.10279512405395508
0.08089351654052734
0.08259463310241699
0.06828951835632324
0.053839921951293945
0.03933215141296387
0.11055755615234375
0.09852313995361328
0.08486175537109375
0.07119989395141602
0.0490720272064209
0.034746646881103516
0.020367860794067383
0.091064453125
0.07910275459289551
0.06985020637512207
0.05510568618774414
0.0503077507019043
0.03641986846923828
0.11561822891235352
0.09131956100463867
0.07710719108581543
0.06241106986999512
0.04789328575134277
0.044022560119628906
0.0308837890625
0.09028124809265137
0.09306001663208008
0.0785830020904541
0.0638132095336914
0.04932069778442383
0.03405642509460449
0.10811281204223633
0.08832502365112305
0.0738687515258789
0.05938577651977539
0.04973936080932617
0.03540539741516113
0.021385908126831055
0.11032462120056152
0.09239506721496582
0.07786083221435547
0.05758523941040039
0.04218888282775879
0.027935028076171875
0.11917734146118164
0.0971682071685791
0.0829169750213623
0.0687255859375
0.05879521369934082
0.04461526870727539
0.030553817749023438
0.09745383262634277
0.08924722671508789
0.07476282119750977
0.060263872146606445
0.044893503189086914
0.03015589714050293
0.10765218734741211
0.08476996421813965
0.07158303260803223
0.06292009353637695
0.048500776290893555
0.03314089775085449
0.023749828338623047
0.10031819343566895
0.08237028121948242
0.06802821159362793
0.05358719825744629
0.040570735931396484
0.02810502052307129
0.10946488380432129
0.08814287185668945
0.07375264167785645
0.059266090393066406
0.055182456970214844
0.04075217247009277
0.026435136795043945
0.09756326675415039
0.09525775909423828
0.08037376403808594
0.06611943244934082
0.05167102813720703
0.03720378875732422
0.022961139678955078
0.09929394721984863
0.09303665161132812
0.07830214500427246
0.06410527229309082
0.049447059631347656
0.03491950035095215
0.10669994354248047
0.08725380897521973
0.07300543785095215
0.062354087829589844
0.04821944236755371
0.029989957809448242
0.11464524269104004
0.09129858016967773
0.07628631591796875
0.06177878379821777
0.04746055603027344
0.03315424919128418
0.025406360626220703
0.09727811813354492
0.08329200744628906
0.06880331039428711
0.053864479064941406
0.04093456268310547
0.038984060287475586
0.10941934585571289
0.08485746383666992
0.07125973701477051
0.062421560287475586
0.05395054817199707
0.04192686080932617
0.02755260467529297
0.09033846855163574
0.08948636054992676
0.07489919662475586
0.05969572067260742
0.04534435272216797
0.031108379364013672
0.10853457450866699
0.0849149227142334
