0.09961199760437012
0.09012556076049805
0.07563066482543945
0.06623673439025879
0.055565834045410156
0.04498934745788574
0.10636425018310547
0.08389163017272949
0.06991291046142578
0.05916905403137207
0.05722498893737793
0.04390144348144531
0.10660076141357422
0.09923934936523438
0.08478593826293945
0.07046318054199219
0.056865692138671875
0.04274702072143555
0.02819538116455078
0.10427236557006836
0.10161972045898438
0.08775568008422852
0.07337522506713867
0.05582761764526367
0.041786909103393555
0.10811161994934082
0.08758544921875
0.07330584526062012
0.05528664588928223
0.041615962982177734
0.027991533279418945
0.11097097396850586
0.0890355110168457
0.07489180564880371
0.06107950210571289
0.04684734344482422
0.037477731704711914
0.11046862602233887
0.08859467506408691
0.07198929786682129
0.06367683410644531
0.04572343826293945
0.038059234619140625
0.12214994430541992
0.10522770881652832
0.09119129180908203
0.07696008682250977
0.06250762939453125
0.04766988754272461
0.11711835861206055
0.07907986640930176
0.06365442276000977
0.04897952079772949
0.03459358215332031
0.019716262817382812
0.09308099746704102
0.08092164993286133
0.06669878959655762
0.05634784698486328
0.04786419868469238
0.03677082061767578
0.10726428031921387
0.08629298210144043
0.07199645042419434
0.06186246871948242
0.05914163589477539
0.04479074478149414
0.029627084732055664
0.09964489936828613
0.0971217155456543
0.08759355545043945
0.07319021224975586
0.05924034118652344
0.04118514060974121
0.08799171447753906
0.07760405540466309
0.06266570091247559
0.04954338073730469
0.036972999572753906
0.023969173431396484
0.10977792739868164
0.09682893753051758
0.08796238899230957
0.07291460037231445
0.05821800231933594
0.0440216064453125
0.029170751571655273
0.09588146209716797
0.08191943168640137
0.07987618446350098
0.0664980411529541
0.12039518356323242
0.10560393333435059
0.08961224555969238
0.07370519638061523
0.07180190086364746
0.05671286582946777
0.04197072982788086
0.10819864273071289
0.08507394790649414
0.07781004905700684
0.06339788436889648
0.048735618591308594
0.03060626983642578
0.10690951347351074
0.08569788932800293
0.0839695930480957
0.07440829277038574
0.061878204345703125
0.04965019226074219
0.036296844482421875
0.09139728546142578
0.08096647262573242
0.0630791187286377
0.04966306686401367
0.03159308433532715
0.025938987731933594
0.09646272659301758
0.0861973762512207
0.08844780921936035
0.07772207260131836
0.06354141235351562
0.04842424392700195
0.034543752670288086
0.11015605926513672
0.09914183616638184
0.08122992515563965
0.06606626510620117
0.051043033599853516
0.036431074142456055
0.10228967666625977
0.0857539176940918
0.06762814521789551
0.05832028388977051
0.04322242736816406
0.02820563316345215
0.09067296981811523
0.08164429664611816
0.06762361526489258
0.05721855163574219
0.04979348182678223
0.03459930419921875
0.09323263168334961
0.0861208438873291
0.07174015045166016
0.057636260986328125
0.04249882698059082
0.03273653984069824
0.08646965026855469
0.07166504859924316
0.05827140808105469
0.048531293869018555
0.04731321334838867
0.03414344787597656
0.09868907928466797
0.08670735359191895
0.08622431755065918
0.071624755859375
0.05342221260070801
0.035835981369018555
0.10286951065063477
0.08234953880310059
0.07698440551757812
0.06528019905090332
0.05097317695617676
0.030340194702148438
0.10857462882995605
0.10590577125549316
0.09101271629333496
0.07678437232971191
0.06285834312438965
0.048554182052612305
0.034197330474853516
0.0993044376373291
0.07964038848876953
0.06668567657470703
0.06982207298278809
0.05525851249694824
0.04130816459655762
0.11028671264648438
0.09118795394897461
0.0845952033996582
0.07004833221435547
0.05554819107055664
0.04159712791442871
0.11183786392211914
0.09448814392089844
0.08030486106872559
0.06597232818603516
0.05560946464538574
0.04171872138977051
0.03592348098754883
0.10124921798706055
0.08115124702453613
0.06872677803039551
0.05599379539489746
0.028778553009033203
0.11600518226623535
0.09423565864562988
0.0751194953918457
0.06141996383666992
0.034052371978759766
0.020456552505493164
0.09002995491027832
0.08592462539672852
0.0708932876586914
0.056989431381225586
0.04202413558959961
0.0315241813659668
0.11006593704223633
0.09921884536743164
0.08847451210021973
0.07438445091247559
0.06027674674987793
0.04662609100341797
0.043700456619262695
0.1254575252532959
0.10447168350219727
0.08671951293945312
0.06871962547302246
0.05087137222290039
0.022956132888793945
0.09270906448364258
0.09437680244445801
0.08045673370361328
0.05916237831115723
0.04516744613647461
0.029941320419311523
0.09938454627990723
0.08676838874816895
0.07904338836669922
0.0713357925415039
0.05531573295593262
0.04115176200866699
0.10870361328125
0.11406135559082031
0.0991814136505127
0.08435654640197754
0.07037758827209473
0.05446600914001465
0.10729265213012695
0.08201360702514648
0.07190322875976562
0.07017874717712402
0.05619955062866211
0.04123950004577637
0.10758090019226074
0.08555364608764648
0.09099721908569336
0.09035301208496094
0.08178925514221191
0.06982922554016113
0.10916829109191895
0.07674050331115723
0.06888532638549805
0.06833028793334961
0.05382180213928223
0.03950238227844238
0.08740234375
0.07790398597717285
0.06650233268737793
0.05279541015625
0.03059554100036621
0.0180356502532959
0.09147858619689941
0.0832362174987793
0.0688469409942627
0.05551624298095703
0.046155691146850586
0.03168749809265137
0.10985398292541504
0.1071927547454834
0.0979166030883789
0.08303093910217285
0.06923556327819824
0.05629229545593262
0.038083791732788086
0.0918436050415039
0.0777595043182373
0.08178400993347168
0.06765437126159668
0.05319666862487793
0.03879666328430176
0.09785223007202148
0.08258342742919922
0.08255553245544434
0.06827282905578613
0.05370521545410156
0.036141157150268555
0.11069011688232422
0.09364128112792969
0.0979609489440918
0.08595156669616699
0.07278800010681152
0.05848050117492676
0.1165628433227539
0.08068394660949707
0.06139636039733887
0.09112024307250977
0.07619714736938477
0.06121659278869629
0.1065225601196289
0.09119677543640137
0.08096981048583984
0.07238078117370605
0.06295299530029297
0.05618596076965332
0.1086435317993164
0.08345937728881836
0.07378602027893066
0.06167149543762207
0.04875302314758301
0.1080937385559082
0.08603596687316895
0.07472038269042969
0.06396317481994629
0.04954648017883301
0.0332484245300293
0.10700058937072754
0.08325338363647461
0.07982611656188965
0.0486757755279541
0.12421178817749023
0.09969758987426758
0.08544731140136719
0.07131314277648926
0.06031227111816406
0.04574751853942871
0.03156161308288574
0.1077733039855957
0.09695172309875488
0.08704400062561035
0.07585453987121582
0.06322193145751953
0.050150156021118164
0.04153919219970703
0.1346728801727295
0.11773061752319336
0.10072922706604004
0.08664536476135254
0.05429434776306152
0.036340951919555664
0.09787988662719727
0.08041024208068848
0.06841588020324707
0.05639338493347168
0.04433417320251465
0.03209972381591797
0.023695945739746094
0.12098908424377441
0.11873483657836914
0.09732651710510254
0.08314371109008789
0.06818890571594238
0.05538010597229004
0.08847832679748535
0.08285665512084961
0.08594298362731934
0.07113981246948242
0.05439257621765137
0.040732383728027344
0.10037589073181152
0.0822601318359375
0.08050203323364258
0.07662653923034668
0.06856226921081543
0.05461430549621582
0.04070854187011719
0.09553265571594238
0.0776362419128418
0.06995177268981934
0.06701540946960449
0.05637001991271973
0.04205679893493652
0.10554027557373047
0.0820460319519043
0.0679476261138916
0.0693197250366211
0.05632591247558594
0.04220890998840332
0.12911081314086914
0.11469650268554688
0.1007378101348877
0.08656525611877441
0.07257652282714844
0.05841636657714844
0.04414701461791992
0.02987980842590332
0.08721423149108887
0.07932090759277344
0.06847167015075684
0.05394768714904785
0.039519309997558594
0.022748231887817383
0.09646224975585938
0.08243298530578613
0.0679168701171875
0.060658931732177734
0.04571700096130371
0.03156232833862305
0.12390637397766113
0.09794020652770996
0.06608796119689941
0.05156970024108887
0.03738880157470703
0.10773158073425293
0.08757734298706055
0.08296966552734375
0.06914591789245605
0.055542945861816406
0.041857242584228516
0.04378771781921387
0.10825777053833008
0.09187817573547363
0.0779120922088623
0.06339168548583984
0.04908871650695801
0.034516096115112305
0.023746490478515625
0.09683966636657715
0.09927153587341309
0.08500146865844727
0.06755352020263672
0.05379056930541992
0.03911304473876953
0.10593080520629883
0.1025843620300293
0.09022974967956543
0.06794142723083496
0.052778005599975586
0.03837084770202637
0.10594654083251953
0.08849692344665527
0.0846407413482666
0.07000494003295898
0.055443525314331055
0.04135560989379883
0.11115455627441406
0.0852501392364502
0.07118415832519531
0.06503033638000488
0.059326887130737305
0.04433417320251465
0.029982566833496094
0.08926939964294434
0.09498238563537598
0.0814061164855957
0.0632631778717041
0.04686546325683594
0.032285213470458984
0.10786175727844238
0.08993196487426758
0.07561254501342773
0.06139111518859863
0.04701733589172363
0.0373997688293457
0.02301955223083496
0.1021575927734375
0.08323216438293457
0.0687105655670166
0.05633234977722168
0.04687166213989258
0.0326230525970459
0.10202932357788086
0.08249139785766602
0.07032394409179688
0.06126070022583008
0.05089211463928223
0.03868818283081055
0.11172223091125488
0.08618664741516113
0.07222485542297363
0.06531882286071777
0.05139899253845215
0.037370920181274414
0.02339911460876465
0.09055089950561523
0.08077168464660645
0.07213020324707031
0.06429767608642578
0.04750370979309082
0.029158592224121094
0.09801816940307617
0.08260869979858398
0.08376169204711914
0.06881546974182129
0.05422353744506836
0.04032588005065918
0.10882091522216797
0.08651304244995117
0.08186531066894531
0.06954121589660645
0.05588650703430176
0.03425741195678711
0.10202240943908691
0.08662295341491699
0.08569216728210449
0.07006406784057617
0.05695009231567383
0.04176187515258789
0.10790300369262695
0.09625959396362305
0.08517932891845703
0.0708012580871582
0.05543398857116699
0.0459904670715332
0.03897428512573242
0.11174392700195312
0.08574509620666504
0.0720059871673584
0.05609011650085449
0.035479068756103516
0.10834193229675293
0.08570504188537598
0.09209513664245605
0.07791399955749512
0.06348037719726562
0.04902935028076172
0.03400611877441406
0.10352349281311035
0.08261847496032715
0.06831073760986328
0.0551762580871582
0.04661703109741211
0.032204389572143555
0.10731959342956543
0.09533572196960449
0.08138632774353027
0.07774639129638672
0.06337642669677734
0.049379587173461914
0.03484463691711426
0.11841654777526855
0.09255099296569824
0.07796239852905273
0.06325984001159668
0.048332929611206055
0.04596543312072754
0.03319191932678223
0.09534978866577148
0.08101463317871094
0.071929931640625
0.0569310188293457
0.05479121208190918
0.04657602310180664
0.10898637771606445
0.09227848052978516
0.08300971984863281
0.0679163932800293
0.05347728729248047
0.05264735221862793
0.04109454154968262
0.10840511322021484
0.090728759765625
0.07599377632141113
0.06067490577697754
0.04590344429016113
0.03211021423339844
0.03153800964355469
0.09109139442443848
0.0803685188293457
0.08123064041137695
0.0668797492980957
0.05272102355957031
0.037737369537353516
0.10532808303833008
0.08565711975097656
0.07429313659667969
0.059581756591796875
0.04516243934631348
0.042829036712646484
0.11767911911010742
0.09269571304321289
0.07812166213989258
0.06400156021118164
0.053182125091552734
0.039887189865112305
0.11380124092102051
0.10087180137634277
0.0857539176940918
0.07137322425842285
0.05324602127075195
0.03896522521972656
0.10501980781555176
0.0898280143737793
0.07538509368896484
0.06102776527404785
0.0466303825378418
0.030823707580566406
0.1061396598815918
0.08632135391235352
0.07229948043823242
0.07121634483337402
0.05862617492675781
0.04437446594238281
0.030848264694213867
0.09616422653198242
0.08074736595153809
0.07684564590454102
0.06259369850158691
0.04463052749633789
0.03478384017944336
0.10297751426696777
0.09696316719055176
0.08268499374389648
0.0679173469543457
0.05346345901489258
0.03847861289978027
0.024300336837768555
0.09680414199829102
0.08345746994018555
0.06932377815246582
0.05617952346801758
0.0528559684753418
0.037815093994140625
0.126800537109375
0.10005569458007812
0.08577322959899902
0.07131695747375488
0.05640435218811035
0.04184556007385254
0.11051702499389648
0.10677814483642578
0.09230184555053711
0.07777833938598633
0.07076406478881836
0.06011176109313965
0.046300649642944336
0.11789822578430176
0.11136698722839355
0.09446001052856445
0.0801689624786377
0.06509613990783691
0.05098295211791992
0.03634071350097656
0.1099402904510498
0.09165120124816895
0.07755208015441895
0.059551239013671875
0.04574728012084961
0.031232833862304688
0.10781049728393555
0.08862018585205078
0.0744941234588623
0.05647420883178711
0.04212069511413574
0.02896428108215332
0.11062479019165039
0.10638999938964844
0.09265542030334473
0.0778801441192627
0.06340479850769043
0.049512624740600586
0.0352323055267334
0.0970304012298584
0.09490132331848145
0.08107495307922363
0.06652998924255371
0.052927494049072266
0.03818655014038086
0.11169576644897461
0.08577322959899902
0.07102513313293457
0.058259010314941406
0.05861401557922363
0.04692411422729492
0.03387761116027832
0.09929084777832031
0.09587860107421875
0.07793498039245605
0.06367874145507812
0.0492246150970459
0.03145146369934082
0.09478282928466797
0.08771824836730957
0.07221198081970215
0.058055877685546875
0.043662071228027344
0.039006710052490234
0.10840392112731934
0.10033321380615234
0.0853891372680664
0.16955852508544922
0.15650629997253418
0.14230108261108398
0.12953519821166992
0.12017273902893066
0.12042593955993652
0.10714221000671387
0.09274458885192871
0.07843589782714844
0.14333748817443848
0.12938308715820312
0.11870336532592773
0.10988330841064453
0.09474611282348633
0.08022785186767578
0.06578183174133301
0.05141592025756836
0.036622047424316406
0.09027957916259766
0.07531070709228516
0.06821942329406738
0.05423903465270996
0.040387868881225586
0.02617788314819336
0.10251927375793457
0.17081809043884277
0.15990757942199707
0.14635872840881348
0.12868285179138184
0.11153078079223633
0.11263394355773926
0.094085693359375
0.07981252670288086
0.13059759140014648
0.12263917922973633
0.10279560089111328
0.09159040451049805
0.07822656631469727
0.06041574478149414
0.04545164108276367
0.03314852714538574
0.10833549499511719
0.08964085578918457
0.07493257522583008
0.06743121147155762
0.053574323654174805
0.04002809524536133
0.10682559013366699
0.17928504943847656
0.16783785820007324
0.14994215965270996
0.13874363899230957
0.12377166748046875
0.10584330558776855
0.08734631538391113
0.09027552604675293
0.07605433464050293
0.05298566818237305
0.11251139640808105
0.11635804176330566
0.09343910217285156
0.07912063598632812
0.06494021415710449
0.047701120376586914
0.03302931785583496
0.09174180030822754
0.18237638473510742
0.16830086708068848
0.15411925315856934
0.14626622200012207
0.13487839698791504
0.11998248100280762
0.10402846336364746
0.0907144546508789
0.0906379222869873
0.07776474952697754
0.06307506561279297
0.04799985885620117
0.2079908847808838
0.17514801025390625
0.17932367324829102
0.17181015014648438
0.1585979461669922
0.1470479965209961
0.13213419914245605
0.11731767654418945
0.09949350357055664
0.14858603477478027
0.14409422874450684
0.1362760066986084
0.08881902694702148
0.07481265068054199
0.05167102813720703
0.03762054443359375
0.02356410026550293
0.09616255760192871
0.1833641529083252
0.1723027229309082
0.15728378295898438
0.14395713806152344
0.12898755073547363
0.12583374977111816
0.11176133155822754
0.09751343727111816
0.08290266990661621
0.06864523887634277
0.05419349670410156
0.23564362525939941
0.2218611240386963
0.20502257347106934
0.1840047836303711
0.16983699798583984
0.15241241455078125
0.14473652839660645
0.12949013710021973
0.11524605751037598
0.1169590950012207
0.10480332374572754
0.1598682403564453
0.15979266166687012
0.14621186256408691
0.1324937343597412
0.08846569061279297
0.0682058334350586
0.05391740798950195
0.0393528938293457
0.11047744750976562
0.2008974552154541
0.18770551681518555
0.18375396728515625
0.17301583290100098
0.15803837776184082
0.14385175704956055
0.12981224060058594
0.1137082576751709
0.09875798225402832
0.08450150489807129
0.07771420478820801
0.07641863822937012
0.22481751441955566
0.2150266170501709
0.1771228313446045
0.16311240196228027
0.15056204795837402
0.13782072067260742
0.11407780647277832
0.09990048408508301
0.08960866928100586
0.15732860565185547
0.14851117134094238
0.1374039649963379
0.11952543258666992
0.10546088218688965
0.08482766151428223
0.07904410362243652
0.06478476524353027
0.04947257041931152
0.034975290298461914
0.1072990894317627
0.17526793479919434
0.17655229568481445
0.17674756050109863
0.16533255577087402
0.15117740631103516
0.13632726669311523
0.12236189842224121
0.1080620288848877
0.09379839897155762
0.07927751541137695
0.22798895835876465
0.21307611465454102
0.1822059154510498
0.17425131797790527
0.17055845260620117
0.1565718650817871
0.1415996551513672
0.12766480445861816
0.11370539665222168
0.0997917652130127
0.1649794578552246
0.15140199661254883
0.15005898475646973
0.1353757381439209
0.12482833862304688
0.08700966835021973
0.07206010818481445
0.05806922912597656
0.04409956932067871
0.04364657402038574
0.09986519813537598
0.07802891731262207
0.06939387321472168
0.034522294998168945
0.10806798934936523
0.09329628944396973
0.17587947845458984
0.16192007064819336
0.16929268836975098
0.15131497383117676
0.1333303451538086
0.11336135864257812
0.10486912727355957
0.08610343933105469
0.14068222045898438
0.13178515434265137
0.12135720252990723
0.10698723793029785
0.08449840545654297
0.07156491279602051
0.07805705070495605
0.05759382247924805
0.043451786041259766
0.09717178344726562
0.07397842407226562
0.0665132999420166
0.06901025772094727
0.054499149322509766
0.039841651916503906
0.1006312370300293
0.09588479995727539
0.08160901069641113
0.06730914115905762
0.053063392639160156
0.03879189491271973
0.1100921630859375
0.09262752532958984
0.08055520057678223
0.0714266300201416
0.06483578681945801
0.05611276626586914
0.04362916946411133
0.11049151420593262
0.08460307121276855
0.07048463821411133
0.06312870979309082
0.0489048957824707
0.03347897529602051
0.11251544952392578
0.10481023788452148
0.09901690483093262
0.08468198776245117
0.06586956977844238
0.05111980438232422
0.03690171241760254
0.09386658668518066
0.08237719535827637
0.07137203216552734
0.05692028999328613
0.042478322982788086
0.02844977378845215
0.09955501556396484
0.10250043869018555
0.08954143524169922
0.07512760162353516
0.06089353561401367
0.046341896057128906
0.032122135162353516
0.09982538223266602
0.08694648742675781
0.0715627670288086
0.0673987865447998
0.053426265716552734
0.03837847709655762
0.11694836616516113
0.11015462875366211
0.10219573974609375
0.0880277156829834
0.07457494735717773
0.06108713150024414
0.049285173416137695
0.03497934341430664
0.10135722160339355
0.07943296432495117
0.06495881080627441
0.06536507606506348
0.051104068756103516
0.03641629219055176
0.09186577796936035
0.09387540817260742
0.07964873313903809
0.06525373458862305
0.05106520652770996
0.03646087646484375
0.10327267646789551
0.08722734451293945
0.07228755950927734
0.06580257415771484
0.056310176849365234
0.04409909248352051
0.10944437980651855
0.0846700668334961
0.0762479305267334
0.06734061241149902
0.053323984146118164
0.038880109786987305
0.10898256301879883
0.10263371467590332
0.09603595733642578
0.08118844032287598
0.0652928352355957
0.05021071434020996
0.03902745246887207
0.08902525901794434
0.08797526359558105
0.06991744041442871
0.054999351501464844
0.0371699333190918
0.10888051986694336
0.09881258010864258
0.0844733715057373
0.07011747360229492
0.055718183517456055
0.0412898063659668
0.028706789016723633
0.1052553653717041
0.09105587005615234
0.07677340507507324
0.0625152587890625
0.04854249954223633
0.03352785110473633
0.028347492218017578
0.09709763526916504
0.0809471607208252
0.07498455047607422
0.06602954864501953
0.05158233642578125
0.03686094284057617
0.11575794219970703
0.09625124931335449
0.08251261711120605
0.0679168701171875
0.06174659729003906
0.047028541564941406
0.0326230525970459
0.10300827026367188
0.0845339298248291
0.07340359687805176
0.056122779846191406
0.043801069259643555
0.02990126609802246
0.09261322021484375
0.08148074150085449
0.06700730323791504
0.05209231376647949
0.049247026443481445
0.035520076751708984
0.1051480770111084
0.08582854270935059
0.0628814697265625
0.048288822174072266
0.030574321746826172
0.10791015625
0.1004326343536377
0.08196520805358887
0.0639963150024414
0.04943418502807617
0.03484010696411133
0.10724925994873047
0.08260393142700195
0.07355356216430664
0.06472945213317871
0.050406455993652344
0.03577089309692383
0.025104761123657227
0.11494088172912598
0.09899759292602539
0.08147168159484863
0.06679701805114746
0.052460432052612305
0.03774094581604004
0.10943794250488281
0.08476972579956055
0.07057476043701172
0.06439685821533203
0.0463566780090332
0.03204154968261719
0.10801315307617188
0.08508563041687012
0.07753968238830566
0.060060977935791016
0.04572176933288574
0.03149294853210449
0.10823607444763184
0.10556387901306152
0.09097528457641602
0.07673859596252441
0.06212663650512695
0.04731011390686035
0.03023076057434082
0.10778045654296875
0.08140134811401367
0.06838703155517578
0.05964493751525879
0.047765493392944336
0.03285670280456543
0.10002803802490234
0.0834660530090332
0.08240866661071777
0.06787514686584473
0.04705977439880371
0.0325465202331543
0.12069129943847656
0.1013791561126709
0.08634114265441895
0.07200407981872559
0.05796933174133301
0.04349088668823242
0.029505252838134766
0.09462785720825195
0.08051872253417969
0.07247638702392578
0.05809450149536133
0.0437626838684082
0.028607845306396484
0.1038353443145752
0.09820199012756348
0.08490681648254395
0.07063055038452148
0.05579185485839844
0.0381011962890625
0.11755061149597168
0.08869433403015137
0.0734703540802002
0.06335282325744629
0.05369210243225098
0.039078712463378906
0.11532354354858398
0.10168814659118652
0.08476400375366211
0.07229161262512207
0.05715155601501465
0.05440855026245117
0.04254937171936035
0.11261200904846191
0.09623908996582031
0.08491373062133789
0.06751155853271484
0.05274534225463867
0.03391528129577637
0.09641456604003906
0.08550548553466797
0.08451271057128906
0.07038545608520508
0.05647635459899902
0.04205179214477539
0.027985811233520508
0.0940399169921875
0.0850532054901123
0.06993579864501953
0.047637224197387695
0.038507938385009766
0.12370014190673828
0.09454011917114258
0.0805354118347168
0.05593562126159668
0.04076266288757324
0.03630876541137695
0.11001944541931152
0.0869894027709961
0.07188940048217773
0.05702018737792969
0.05268144607543945
0.03737306594848633
0.11592650413513184
0.09900283813476562
0.08503580093383789
0.0704047679901123
0.06313920021057129
0.048684120178222656
0.034082889556884766
0.10817766189575195
0.11361956596374512
0.09738516807556152
0.08339643478393555
0.06912350654602051
0.05430889129638672
0.03981947898864746
0.10837411880493164
0.1008143424987793
0.08231520652770996
0.08015823364257812
0.06572508811950684
0.05150890350341797
0.03704214096069336
0.10942888259887695
0.08552265167236328
0.07151484489440918
0.059236764907836914
0.05690145492553711
0.043914079666137695
0.11000561714172363
0.09476113319396973
0.08098554611206055
0.06684589385986328
0.05202126502990723
0.03702425956726074
0.10639572143554688
0.08606076240539551
0.08452486991882324
0.07040047645568848
0.05671882629394531
0.0432436466217041
0.02882075309753418
0.0918130874633789
0.08120894432067871
0.07033801078796387
0.05669546127319336
0.052890777587890625
0.03916192054748535
0.11208605766296387
0.09110093116760254
0.07677578926086426
0.07657313346862793
0.058155059814453125
0.04371976852416992
0.030164241790771484
0.10401606559753418
0.08608531951904297
0.06778359413146973
0.049573421478271484
0.035241127014160156
0.02207469940185547
0.10007619857788086
0.08204841613769531
0.06878161430358887
0.050364017486572266
0.03661823272705078
0.02238774299621582
0.0994415283203125
0.10226821899414062
0.0891873836517334
0.07478737831115723
0.06080222129821777
0.04700016975402832
0.03292369842529297
0.1033318042755127
0.06291890144348145
0.04786324501037598
0.02686309814453125
0.10649919509887695
0.1099693775177002
0.09659886360168457
0.08227372169494629
0.06781220436096191
0.05314373970031738
0.03911304473876953
0.10274410247802734
0.07999610900878906
0.07164955139160156
0.05721020698547363
0.04326987266540527
0.05125021934509277
0.10881996154785156
0.09443187713623047
0.08362293243408203
0.08650541305541992
0.0755610466003418
0.0618436336517334
0.04794573783874512
0.10644721984863281
0.08437156677246094
0.06937336921691895
0.056513071060180664
0.044362783432006836
0.032561540603637695
0.02369070053100586
0.09561657905578613
0.08508825302124023
0.08518719673156738
0.0709373950958252
0.05624246597290039
0.03417515754699707
0.10142970085144043
0.09520721435546875
0.08079123497009277
0.06609606742858887
0.048223257064819336
0.033419132232666016
0.10750627517700195
0.08395957946777344
0.08894014358520508
0.07927632331848145
0.06228375434875488
0.047927141189575195
0.035578250885009766
0.09811139106750488
0.07917141914367676
0.0706019401550293
0.0591583251953125
0.04901933670043945
0.034125566482543945
0.10906434059143066
0.1015627384185791
0.0875711441040039
0.07359933853149414
0.052170753479003906
0.0373997688293457
0.022711515426635742
0.0962362289428711
0.08165717124938965
0.08439850807189941
0.0698537826538086
0.054857492446899414
0.03960537910461426
0.10746049880981445
0.11109733581542969
0.09853982925415039
0.08407235145568848
0.055328369140625
0.04088759422302246
0.11134839057922363
0.09017825126647949
0.07593131065368652
0.06061530113220215
0.049176692962646484
0.03475522994995117
0.11176085472106934
0.09095883369445801
0.08234214782714844
0.06761813163757324
0.05304908752441406
0.038303375244140625
0.024629831314086914
0.10292744636535645
0.08087158203125
0.06859898567199707
0.06347846984863281
0.05406951904296875
0.040201425552368164
0.11219525337219238
0.09676885604858398
0.08928585052490234
0.08780980110168457
0.0731503963470459
0.05895638465881348
0.04541349411010742
0.11610245704650879
0.10123205184936523
0.08727812767028809
0.07273602485656738
0.05860495567321777
0.05361342430114746
0.043027639389038086
0.10697245597839355
0.08741879463195801
0.08205723762512207
0.06777286529541016
0.05008101463317871
0.035837411880493164
0.10125851631164551
0.08624792098999023
0.06968855857849121
0.06450414657592773
0.05489039421081543
0.042205095291137695
0.1129450798034668
0.09322094917297363
0.08879303932189941
0.07386183738708496
0.05868172645568848
0.043605804443359375
0.10575294494628906
0.08724308013916016
0.07306265830993652
0.05847954750061035
0.044350385665893555
0.03893136978149414
0.09918951988220215
0.09628963470458984
0.08223891258239746
0.06798243522644043
0.053427934646606445
0.039461612701416016
0.02504754066467285
0.08885502815246582
0.07702302932739258
0.0679624080657959
0.06431412696838379
0.05106210708618164
0.037972211837768555
0.10409736633300781
0.08286857604980469
0.0739753246307373
0.05888557434082031
0.044568538665771484
0.035067081451416016
0.11417198181152344
0.09550023078918457
0.08191442489624023
0.07335925102233887
0.06201791763305664
0.047147512435913086
0.03632354736328125
0.10538530349731445
0.08697748184204102
0.07566094398498535
0.06098365783691406
0.04671120643615723
0.032463788986206055
0.12163782119750977
0.09910464286804199
0.08522391319274902
0.07122540473937988
0.03000497817993164
0.10079455375671387
0.10554718971252441
0.09154868125915527
0.07715773582458496
0.06275701522827148
0.0488133430480957
0.03504157066345215
0.10460329055786133
0.0908358097076416
0.0763692855834961
0.06112933158874512
0.05019497871398926
0.03570365905761719
0.10769248008728027
0.09244871139526367
0.08031034469604492
0.06778454780578613
0.0660409927368164
0.051366567611694336
0.03618216514587402
0.10686349868774414
0.08151960372924805
0.06890702247619629
0.05548572540283203
0.046172380447387695
0.031806230545043945
0.11107921600341797
0.12921977043151855
0.11440157890319824
0.10046529769897461
0.08620548248291016
0.07126808166503906
0.07039260864257812
0.14104127883911133
0.11031723022460938
0.09922623634338379
0.07867002487182617
0.06155061721801758
0.09355807304382324
0.07947516441345215
0.07963728904724121
0.0656137466430664
0.05289769172668457
0.04029250144958496
0.09750628471374512
0.08376431465148926
0.061743736267089844
0.046901702880859375
0.032946109771728516
0.01961040496826172
0.10233426094055176
0.09577512741088867
0.08416032791137695
0.07382845878601074
0.059874534606933594
0.04517769813537598
0.10533523559570312
0.08626747131347656
0.07549571990966797
0.061560630798339844
0.04410529136657715
0.031091928482055664
0.11300516128540039
0.09791040420532227
0.08506488800048828
0.07241344451904297
0.06025505065917969
0.06740212440490723
0.05353832244873047
0.10934805870056152
0.09233903884887695
0.07620930671691895
0.06628179550170898
0.05868077278137207
0.04631948471069336
0.103851318359375
0.09920310974121094
0.08528995513916016
0.07131195068359375
0.056841135025024414
0.04280996322631836
0.0282742977142334
0.09694814682006836
0.10474658012390137
0.09063220024108887
0.07579708099365234
0.060967206954956055
0.046437978744506836
0.1264653205871582
0.10483098030090332
0.08990979194641113
0.07483029365539551
0.059970855712890625
0.04789853096008301
0.03371691703796387
0.09711813926696777
0.07819318771362305
0.0621180534362793
0.05746102333068848
0.0433506965637207
0.028460025787353516
0.09999823570251465
0.08262062072753906
0.08963346481323242
0.07523727416992188
0.06103348731994629
0.04647493362426758
0.03171515464782715
0.09841465950012207
0.08451533317565918
0.07210874557495117
0.060158729553222656
0.0479583740234375
0.041288137435913086
0.1084296703338623
0.08019208908081055
0.07529163360595703
0.06126523017883301
0.04741501808166504
0.03028392791748047
0.10395956039428711
0.08376955986022949
0.07092142105102539
0.060851097106933594
0.05488872528076172
0.04019451141357422
0.026046037673950195
0.09136819839477539
0.08739161491394043
0.08230781555175781
0.0681455135345459
0.05350852012634277
0.03984665870666504
0.11828827857971191
0.1004934310913086
0.08628320693969727
0.07120990753173828
0.05693387985229492
0.042708396911621094
0.10903620719909668
0.09614276885986328
0.08881568908691406
0.07439160346984863
0.06082630157470703
0.05863237380981445
0.04427456855773926
0.10898590087890625
0.08025217056274414
0.0777444839477539
0.05503082275390625
0.04007267951965332
0.10896420478820801
0.09670901298522949
0.08442258834838867
0.07189345359802246
0.057297706604003906
0.04761958122253418
0.04233503341674805
0.11738228797912598
0.10279107093811035
0.08783388137817383
0.0725703239440918
0.05820107460021973
0.045850515365600586
0.036483049392700195
0.11032938957214355
0.10248160362243652
0.08655476570129395
0.07197761535644531
0.05452895164489746
0.044708967208862305
0.029639005661010742
0.12194514274597168
0.09581947326660156
0.08052611351013184
0.06321048736572266
0.04842782020568848
0.0341792106628418
0.10636234283447266
0.10230469703674316
0.08819389343261719
0.07016229629516602
0.055606842041015625
0.04118514060974121
0.11960887908935547
0.09950900077819824
0.08557343482971191
0.0747523307800293
0.060591697692871094
0.03978466987609863
0.03210306167602539
0.09142565727233887
0.08078479766845703
0.06965875625610352
0.06504511833190918
0.050824880599975586
0.036316871643066406
0.10789084434509277
0.08644890785217285
0.07548308372497559
0.06097745895385742
0.05018472671508789
0.041846275329589844
0.0287172794342041
0.10580658912658691
0.09172201156616211
0.07703781127929688
0.06250119209289551
0.0490720272064209
0.034766435623168945
0.11045646667480469
0.0878298282623291
0.08826518058776855
0.07409787178039551
0.05978655815124512
0.04178214073181152
0.11002492904663086
0.10513997077941895
0.10040926933288574
0.08237695693969727
0.06444907188415527
0.04634571075439453
0.032373666763305664
0.0893545150756836
0.0773015022277832
0.07755589485168457
0.06271171569824219
0.04848074913024902
0.030548572540283203
0.09091854095458984
0.09350943565368652
0.07930588722229004
0.06477117538452148
0.04989027976989746
0.03519439697265625
0.11032462120056152
0.0887448787689209
0.07125067710876465
0.057745933532714844
0.04279065132141113
0.02673959732055664
0.09166359901428223
0.08024978637695312
0.08535146713256836
0.07143139839172363
0.05749225616455078
0.04349327087402344
0.029188871383666992
0.08922219276428223
0.07486629486083984
0.07578778266906738
0.06516051292419434
0.0520634651184082
0.03257918357849121
0.11203932762145996
0.09720873832702637
0.09422540664672852
0.07969832420349121
0.06516790390014648
0.05115866661071777
0.12571310997009277
0.10249876976013184
0.08846879005432129
0.07428479194641113
0.060211896896362305
0.045990943908691406
0.03174424171447754
0.09094905853271484
0.08054542541503906
0.06629586219787598
0.05293631553649902
0.05217576026916504
0.03449845314025879
0.11368155479431152
0.09154462814331055
0.07741880416870117
0.06294417381286621
0.0421299934387207
0.027254819869995117
0.09769058227539062
0.08253264427185059
0.06832194328308105
0.05944705009460449
0.054395437240600586
0.04008197784423828
0.11055707931518555
0.08208966255187988
0.06808972358703613
0.06115102767944336
0.05071234703063965
0.042229652404785156
0.11029291152954102
0.10901975631713867
0.09507608413696289
0.08106279373168945
0.06677031517028809
0.0567479133605957
0.049413442611694336
0.03492999076843262
0.08814692497253418
0.08840084075927734
0.07440757751464844
0.060090065002441406
0.045923471450805664
0.031899452209472656
0.09912610054016113
0.08504819869995117
0.07954144477844238
0.06793475151062012
0.05457568168640137
0.04094743728637695
0.11836099624633789
0.0935361385345459
0.07945394515991211
0.06505918502807617
0.05733847618103027
0.042885541915893555
0.02923274040222168
0.11065888404846191
0.09074163436889648
0.08939647674560547
0.0761713981628418
0.061214447021484375
0.04777932167053223
0.03331112861633301
0.09801173210144043
0.08455514907836914
0.07964491844177246
0.0650794506072998
0.04711747169494629
0.032881975173950195
0.12627315521240234
0.10079360008239746
0.08629679679870605
0.07234525680541992
0.0583040714263916
0.02780008316040039
0.09619760513305664
0.08131790161132812
0.08639383316040039
0.07234787940979004
0.06266474723815918
0.04809451103210449
0.10485363006591797
0.0842123031616211
0.06928420066833496
0.05535531044006348
0.04119157791137695
0.03521013259887695
0.12519097328186035
0.1028127670288086
0.08987569808959961
0.07544589042663574
0.061081647872924805
0.038693904876708984
0.10665512084960938
0.09571194648742676
0.08628988265991211
0.07632613182067871
0.06159687042236328
0.04682660102844238
0.03204345703125
0.09610700607299805
0.09110236167907715
0.08535408973693848
0.07064628601074219
0.0558164119720459
0.04136800765991211
0.11048102378845215
0.10522699356079102
0.09526300430297852
0.08038592338562012
0.06613731384277344
0.054744720458984375
0.040075063705444336
0.026112079620361328
0.0968773365020752
0.09352803230285645
0.07953405380249023
0.06557941436767578
0.05141425132751465
0.03723025321960449
0.11520075798034668
0.09581565856933594
0.08096885681152344
0.08232545852661133
0.06971263885498047
0.05225992202758789
0.03475475311279297
0.09189343452453613
0.08202290534973145
0.07982063293457031
0.06565523147583008
0.05146384239196777
0.030300378799438477
0.09956860542297363
0.09160971641540527
0.07736396789550781
0.06655025482177734
0.05180168151855469
0.037311553955078125
0.02313828468322754
0.09988737106323242
0.08295226097106934
0.06838512420654297
0.05803203582763672
0.043805837631225586
0.10809111595153809
0.08526158332824707
0.0857534408569336
0.07612729072570801
0.06307339668273926
0.04852890968322754
0.03438162803649902
0.0946040153503418
0.08258056640625
0.06747078895568848
0.05630660057067871
0.04237198829650879
0.027932405471801758
0.10274934768676758
0.08902406692504883
0.0714879035949707
0.05685019493103027
0.041648149490356445
0.03619265556335449
0.0927581787109375
0.08211135864257812
0.07094645500183105
0.06868100166320801
0.05430865287780762
0.03960990905761719
0.1079409122467041
0.08799505233764648
0.07956528663635254
0.06587004661560059
0.05080676078796387
0.03692936897277832
0.03045344352722168
0.10589003562927246
0.09650349617004395
0.08566069602966309
0.07159805297851562
0.057750701904296875
0.04383993148803711
0.10652613639831543
0.08228659629821777
0.06565308570861816
0.050409793853759766
0.033165931701660156
0.11749386787414551
0.0971074104309082
0.08257365226745605
0.07047319412231445
0.0750269889831543
0.06551718711853027
0.05282258987426758
0.03972339630126953
0.08754229545593262
0.08724570274353027
0.07281208038330078
0.06706023216247559
0.05581498146057129
0.04335498809814453
0.10549640655517578
0.08678960800170898
0.07284760475158691
0.05699872970581055
0.04199576377868652
0.12250232696533203
0.10598301887512207
0.0969548225402832
0.08132362365722656
0.0701444149017334
0.05721330642700195
0.04066658020019531
0.11151909828186035
0.09454703330993652
0.08043861389160156
0.06537747383117676
0.05322861671447754
0.04108595848083496
0.026235103607177734
0.10142254829406738
0.08786344528198242
0.083740234375
0.06954598426818848
0.05459403991699219
0.040306806564331055
0.11038088798522949
0.10342121124267578
0.09870100021362305
0.08960485458374023
0.0756981372833252
0.06299829483032227
0.04811978340148926
0.03359818458557129
0.09685277938842773
0.0849616527557373
0.07461118698120117
0.06417226791381836
0.05022740364074707
0.03277707099914551
0.11810016632080078
0.09322452545166016
0.07920026779174805
0.07314753532409668
0.06360960006713867
0.05096149444580078
0.03701519966125488
0.09849739074707031
0.09316897392272949
0.0792088508605957
0.0671393871307373
0.053159475326538086
0.039000511169433594
0.025855302810668945
0.09699892997741699
0.08449029922485352
0.06959915161132812
0.0646202564239502
0.049538612365722656
0.031950950622558594
0.12017536163330078
0.10181999206542969
0.08693265914916992
0.06937098503112793
0.055168867111206055
0.04072999954223633
0.11166787147521973
0.09766459465026855
0.08371424674987793
0.06582999229431152
0.05478262901306152
0.03940010070800781
0.10646939277648926
0.0846405029296875
0.06705427169799805
0.05851268768310547
0.04431772232055664
0.030954360961914062
0.1127166748046875
0.08443307876586914
0.07032465934753418
0.06875348091125488
0.054648637771606445
0.04108762741088867
0.1169424057006836
0.10278034210205078
0.09572124481201172
0.08049726486206055
0.06610965728759766
0.045317888259887695
0.03169107437133789
0.10397028923034668
0.08821535110473633
0.07316827774047852
0.05901956558227539
0.04433846473693848
0.03942251205444336
0.1280362606048584
0.10045123100280762
0.08186984062194824
0.06783819198608398
0.054166555404663086
0.03964424133300781
0.10967850685119629
0.0924675464630127
0.08038759231567383
0.07806921005249023
0.0634462833404541
0.048844099044799805
0.035523176193237305
0.10653233528137207
0.0839242935180664
0.07303595542907715
0.05851483345031738
0.04361438751220703
0.04115152359008789
0.10543966293334961
0.08547043800354004
0.07402896881103516
0.06928372383117676
0.05475258827209473
0.040520429611206055
0.1068425178527832
0.09716796875
0.08665728569030762
0.07561969757080078
0.07050633430480957
0.05719184875488281
0.042644500732421875
0.10716056823730469
0.08236479759216309
0.06977224349975586
0.05796098709106445
0.04578137397766113
0.04392552375793457
0.114990234375
0.11408567428588867
0.09609866142272949
0.08107805252075195
0.06673145294189453
0.05223250389099121
0.03872990608215332
0.11099100112915039
0.08369112014770508
0.06943178176879883
0.05923724174499512
0.04494810104370117
0.12424755096435547
0.09601926803588867
0.09126639366149902
0.08175802230834961
0.07456755638122559
0.059729576110839844
0.042449951171875
0.1093759536743164
0.09374213218688965
0.07892632484436035
0.07546615600585938
0.0637049674987793
0.04935002326965332
0.03391742706298828
0.09354686737060547
0.08185219764709473
0.06279540061950684
0.056052207946777344
0.041182756423950195
0.02708148956298828
0.09637808799743652
0.0820000171661377
0.08601617813110352
0.07188606262207031
0.057556867599487305
0.04284787178039551
0.11261749267578125
0.10200309753417969
0.0913841724395752
0.08002376556396484
0.06606340408325195
0.052137136459350586
0.03776049613952637
0.023662567138671875
0.10074257850646973
0.08181023597717285
0.07185626029968262
0.06712603569030762
0.05221390724182129
0.037119150161743164
0.10563111305236816
0.08141398429870605
0.06860995292663574
0.06897258758544922
0.055344343185424805
0.038413047790527344
0.10661697387695312
0.0856776237487793
0.06768083572387695
0.058478355407714844
0.04355764389038086
0.024089813232421875
0.09800267219543457
0.08631658554077148
0.09236788749694824
0.07232785224914551
0.05781841278076172
0.04886293411254883
0.10835075378417969
0.08611798286437988
0.07213973999023438
0.05720829963684082
0.05721592903137207
0.04587745666503906
0.03141975402832031
0.10411238670349121
0.08850312232971191
0.0738685131072998
0.05941057205200195
0.0456233024597168
0.03674650192260742
0.10825753211975098
0.0853726863861084
0.07831025123596191
0.06659913063049316
0.05643343925476074
0.0426478385925293
0.030834674835205078
0.09964585304260254
0.08564996719360352
0.0784447193145752
0.0641021728515625
0.04979825019836426
0.035378456115722656
0.020322799682617188
0.09459042549133301
0.09438514709472656
0.08043813705444336
0.06602668762207031
0.051047563552856445
0.03230690956115723
0.0880124568939209
0.08957195281982422
0.07463932037353516
0.06069755554199219
0.04342031478881836
0.029049396514892578
0.09909176826477051
0.08273077011108398
0.07678079605102539
0.06309795379638672
0.04948854446411133
0.041515350341796875
0.02923440933227539
0.08921504020690918
0.07417154312133789
0.06849551200866699
0.049878597259521484
0.032076358795166016
0.10846948623657227
0.09731340408325195
0.10698986053466797
0.09140825271606445
0.07713747024536133
0.06291985511779785
0.04916119575500488
0.03491926193237305
0.08889389038085938
0.08156752586364746
0.06798052787780762
0.04968118667602539
0.03570842742919922
0.02738809585571289
0.10069513320922852
0.08245348930358887
0.06723380088806152
0.053238630294799805
0.03961181640625
0.03141665458679199
0.11281633377075195
0.08893394470214844
0.07480192184448242
0.060309410095214844
0.04692196846008301
0.11727786064147949
0.10353565216064453
0.08959698677062988
0.07361102104187012
0.05982160568237305
0.053403615951538086
0.04201960563659668
0.10459637641906738
0.07805180549621582
0.06488680839538574
0.06697320938110352
0.05205965042114258
0.03764629364013672
0.10971283912658691
0.10033082962036133
0.08517289161682129
0.0703587532043457
0.05612540245056152
0.04127383232116699
0.02718973159790039
0.09573531150817871
0.08550167083740234
0.07480978965759277
0.06513667106628418
0.0501551628112793
0.052245378494262695
0.11356234550476074
0.0941317081451416
0.08061504364013672
0.0737755298614502
0.05885910987854004
0.04382634162902832
0.10640096664428711
0.08636665344238281
0.06554579734802246
0.05220675468444824
0.04014253616333008
0.03144502639770508
0.10502123832702637
0.08562946319580078
0.07500195503234863
0.06075644493103027
0.0465397834777832
0.04026961326599121
0.02429342269897461
0.09312605857849121
0.08493518829345703
0.06987428665161133
0.055187225341796875
0.041165828704833984
0.026074886322021484
0.09620261192321777
0.08166623115539551
0.067138671875
0.060225486755371094
0.04556632041931152
0.031618356704711914
0.13271880149841309
0.10909223556518555
0.09399914741516113
0.07964301109313965
0.0655522346496582
0.051199913024902344
0.03647327423095703
0.09688735008239746
0.09370565414428711
0.08542513847351074
0.07103466987609863
0.056682586669921875
0.04222893714904785
0.11155891418457031
0.08536696434020996
0.07044386863708496
0.05730438232421875
0.0479121208190918
0.03312230110168457
0.023428678512573242
0.10181903839111328
0.08716464042663574
0.06873250007629395
0.05506014823913574
0.04078173637390137
0.025890588760375977
0.10317611694335938
0.08896517753601074
0.08425617218017578
0.06245708465576172
0.04801607131958008
0.03360557556152344
0.10554695129394531
0.08669614791870117
0.08533024787902832
0.07467412948608398
0.06189537048339844
0.04669833183288574
0.032485246658325195
0.09615707397460938
0.08309435844421387
0.07909321784973145
0.0646514892578125
0.05030512809753418
0.0365450382232666
0.1123344898223877
0.09400272369384766
0.07996892929077148
0.06560778617858887
0.05127692222595215
0.03682875633239746
0.023172378540039062
0.0888819694519043
0.08013772964477539
0.0728154182434082
0.05444908142089844
0.04043269157409668
0.02576899528503418
0.09513664245605469
0.08098864555358887
0.06642603874206543
0.06432175636291504
0.04992055892944336
0.036351680755615234
0.10851597785949707
0.08566546440124512
0.0717473030090332
0.06842398643493652
0.05414938926696777
0.03951525688171387
0.025396347045898438
0.09787130355834961
0.08502984046936035
0.06650876998901367
0.05318427085876465
0.051321983337402344
0.037607669830322266
0.10958051681518555
0.08223128318786621
0.07080411911010742
0.06271719932556152
0.057051897048950195
0.039977073669433594
0.11296939849853516
0.09889769554138184
0.08483004570007324
0.07166171073913574
0.06586694717407227
0.051825523376464844
0.03702712059020996
0.10809540748596191
0.08841776847839355
0.08749032020568848
0.07331061363220215
0.0581965446472168
0.044245243072509766
0.11237907409667969
0.08649873733520508
0.07875633239746094
0.06384801864624023
0.04295539855957031
0.028789520263671875
0.09888267517089844
0.09339070320129395
0.07905268669128418
0.06405401229858398
0.0495455265045166
0.04071545600891113
0.11792230606079102
0.09179282188415527
0.07734870910644531
0.06256818771362305
0.05597686767578125
0.04170370101928711
0.02572798728942871
0.10703682899475098
0.09225940704345703
0.07857847213745117
0.06374573707580566
0.04918718338012695
0.03497791290283203
0.10721516609191895
0.08554291725158691
0.07095003128051758
0.07087445259094238
0.05729937553405762
0.043558597564697266
0.10715389251708984
0.08321714401245117
0.07118797302246094
0.06221795082092285
0.05151081085205078
0.041025400161743164
0.11847686767578125
0.1049649715423584
0.0901193618774414
0.07590937614440918
0.061719417572021484
0.04745912551879883
0.10596442222595215
0.08466172218322754
0.06933736801147461
0.055754899978637695
0.04349994659423828
0.04288649559020996
0.030450105667114258
0.10947132110595703
0.10216331481933594
0.0877230167388916
0.07401394844055176
0.05984044075012207
0.04560136795043945
0.03138375282287598
0.09712862968444824
0.07980179786682129
0.06526827812194824
0.059181928634643555
0.04456973075866699
0.029596328735351562
0.10327386856079102
0.08880400657653809
0.0712435245513916
0.056342363357543945
0.0456850528717041
0.028363704681396484
0.09549069404602051
0.08803606033325195
0.06670355796813965
0.04915666580200195
0.03510475158691406
0.11105847358703613
0.08911800384521484
0.07513093948364258
0.06305193901062012
0.0577855110168457
0.03952336311340332
0.11022663116455078
0.09607434272766113
0.09476375579833984
0.07993412017822266
0.06605911254882812
0.05185651779174805
0.037897586822509766
0.11085987091064453
0.10018253326416016
0.10129261016845703
0.08681035041809082
0.07233500480651855
0.05734968185424805
0.0453183650970459
0.10742473602294922
0.09542727470397949
0.08138608932495117
0.06647706031799316
0.051961660385131836
0.10928654670715332
0.08742117881774902
0.07323789596557617
0.06358098983764648
0.04899764060974121
0.038823843002319336
0.024901151657104492
0.08928585052490234
0.08097481727600098
0.07402634620666504
0.05966329574584961
0.045041561126708984
0.031167984008789062
0.1074666976928711
0.0935823917388916
0.07944345474243164
0.06442523002624512
0.05042266845703125
0.0358576774597168
0.11205101013183594
0.0971217155456543
0.08253312110900879
0.08719992637634277
0.0733039379119873
0.05275154113769531
0.03824162483215332
0.10318565368652344
0.0822591781616211
0.0747995376586914
0.059890031814575195
0.05520510673522949
0.041246891021728516
0.027297258377075195
0.10768771171569824
0.09919381141662598
0.08520817756652832
0.07098937034606934
0.06058168411254883
0.047283172607421875
0.11861085891723633
0.09751749038696289
0.08443403244018555
0.07036542892456055
0.055864572525024414
0.04187655448913574
0.1099693775177002
0.11742234230041504
0.10349059104919434
0.08900213241577148
0.07480216026306152
0.06035733222961426
0.04670429229736328
0.03241300582885742
0.09867739677429199
0.08250141143798828
0.07520580291748047
0.06150174140930176
0.04725527763366699
0.033089637756347656
0.10643506050109863
0.09644484519958496
0.08211874961853027
0.06790518760681152
0.053081512451171875
0.03885936737060547
0.11239004135131836
0.12807559967041016
0.11377286911010742
0.09992551803588867
0.08207917213439941
0.06703424453735352
0.05656075477600098
0.10073637962341309
0.09127163887023926
0.07645964622497559
0.062409400939941406
0.04825758934020996
0.03435826301574707
0.09714365005493164
0.08930706977844238
0.08461308479309082
0.0701761245727539
0.05217123031616211
0.036803245544433594
0.09975123405456543
0.09673810005187988
0.08441734313964844
0.0691373348236084
0.05476689338684082
0.0421445369720459
0.10866165161132812
0.10486316680908203
0.08982110023498535
0.07541346549987793
0.060983896255493164
0.04672527313232422
0.11224555969238281
0.09885716438293457
0.08423614501953125
0.07630562782287598
0.06190991401672363
0.04756021499633789
0.03341555595397949
0.11057138442993164
0.08488869667053223
0.07443499565124512
0.06977629661560059
0.056206464767456055
0.041521310806274414
0.11178350448608398
0.08292365074157715
0.06870293617248535
0.05796623229980469
0.043443918228149414
0.02923130989074707
0.09293079376220703
0.08227157592773438
0.06822419166564941
0.0635688304901123
0.04544401168823242
0.031235933303833008
0.10198283195495605
0.08278298377990723
0.06687450408935547
0.06362032890319824
0.05040764808654785
0.03692340850830078
0.10241913795471191
0.09283232688903809
0.07844877243041992
0.06372356414794922
0.04566764831542969
0.030414819717407227
0.12594032287597656
0.10001850128173828
0.08565735816955566
0.0711827278137207
0.05749201774597168
0.03902792930603027
0.1116189956665039
0.08878374099731445
0.07473421096801758
0.060358524322509766
0.04553365707397461
0.02932119369506836
0.1034858226776123
0.0850374698638916
0.07613205909729004
0.06199312210083008
0.029552698135375977
0.1076955795288086
0.10024166107177734
0.0861818790435791
0.0717017650604248
0.05671215057373047
0.03965306282043457
0.03299999237060547
0.10060310363769531
0.08340716361999512
0.07305049896240234
0.06989622116088867
0.05577707290649414
0.03589034080505371
0.09365534782409668
0.08307194709777832
0.07104086875915527
0.05675864219665527
0.042489051818847656
0.029093027114868164
0.11796069145202637
0.10325837135314941
0.08994913101196289
0.07576441764831543
0.06063556671142578
0.04651165008544922
0.03157806396484375
0.1103506088256836
0.0938713550567627
0.08059501647949219
0.06637239456176758
0.052206993103027344
0.03752470016479492
0.02325749397277832
0.09335637092590332
0.0793144702911377
0.06518030166625977
0.06222391128540039
0.04694628715515137
0.032662153244018555
0.10171365737915039
0.10374927520751953
0.08948731422424316
0.07525873184204102
0.06112933158874512
0.04676508903503418
0.03126358985900879
0.09789204597473145
0.09521031379699707
0.08096575736999512
0.051868438720703125
0.037377119064331055
0.11380839347839355
0.09554195404052734
0.0814361572265625
0.0669248104095459
0.05265927314758301
0.037772417068481445
0.022960186004638672
0.09962677955627441
0.0816957950592041
0.0663449764251709
0.05085897445678711
0.05336117744445801
0.039200782775878906
0.1195685863494873
0.09666872024536133
0.08076000213623047
0.0628976821899414
0.04923534393310547
0.03474569320678711
0.1050722599029541
0.08378767967224121
0.07662630081176758
0.07436776161193848
0.060164690017700195
0.04244732856750488
0.13318943977355957
0.1090555191040039
0.09588932991027832
0.08225393295288086
0.06459450721740723
0.05063319206237793
0.09283614158630371
0.0785055160522461
0.06967639923095703
0.0671989917755127
0.052446603775024414
0.037436485290527344
0.11113810539245605
0.09412503242492676
0.07961058616638184
0.06467843055725098
0.04980015754699707
0.03560447692871094
0.02107548713684082
0.10396552085876465
0.08962154388427734
0.07510519027709961
0.061486005783081055
0.04752802848815918
0.0429987907409668
0.10798192024230957
0.08908581733703613
0.07393121719360352
0.05913829803466797
0.04515242576599121
0.04400992393493652
0.10789275169372559
0.09047245979309082
0.08607602119445801
0.07096600532531738
0.05662035942077637
0.03825259208679199
0.10827779769897461
0.09401798248291016
0.07385373115539551
0.06021571159362793
0.04510641098022461
0.030844449996948242
0.10737299919128418
0.08222317695617676
0.06939888000488281
0.06763696670532227
0.05297255516052246
0.04104351997375488
0.10750389099121094
0.08796954154968262
0.07370424270629883
0.05908560752868652
0.04189944267272949
0.028311729431152344
0.09954953193664551
0.09260177612304688
0.08841657638549805
0.07348847389221191
0.05858755111694336
0.04459404945373535
0.11092519760131836
0.08180046081542969
0.06706118583679199
0.05623888969421387
0.054544925689697266
0.041463613510131836
0.09816884994506836
0.08376836776733398
0.06926155090332031
0.05503582954406738
0.04434847831726074
0.04042220115661621
0.10858535766601562
0.09477829933166504
0.08573031425476074
0.06777596473693848
0.053305625915527344
0.03552365303039551
0.09109663963317871
0.08260083198547363
0.08104443550109863
0.07287788391113281
0.05905795097351074
0.044310808181762695
0.10680437088012695
0.08276748657226562
0.07654690742492676
0.06227231025695801
0.04828310012817383
0.03075122833251953
0.11348271369934082
0.09941935539245605
0.08447742462158203
0.07013201713562012
0.05518388748168945
0.04657268524169922
0.02988147735595703
0.08911418914794922
0.08720779418945312
0.07416462898254395
0.059432268142700195
0.029863357543945312
0.10333371162414551
0.09550905227661133
0.08108329772949219
0.06658482551574707
0.05213785171508789
0.030950546264648438
0.10787701606750488
0.08650422096252441
0.07151961326599121
0.06417703628540039
0.049309492111206055
0.03509116172790527
0.02057814598083496
0.08938980102539062
0.08080744743347168
0.07387232780456543
0.05942559242248535
0.045011043548583984
0.029723167419433594
0.11203885078430176
0.08921575546264648
0.07409381866455078
0.059836387634277344
0.04923391342163086
0.03496217727661133
0.11508989334106445
0.09823322296142578
0.08358621597290039
0.06917810440063477
0.05576753616333008
0.0400385856628418
0.029671192169189453
0.1002202033996582
0.08490443229675293
0.08003020286560059
0.06563282012939453
0.050691843032836914
0.03622865676879883
0.10931396484375
0.08504390716552734
0.07274985313415527
0.05986762046813965
0.053551435470581055
0.04397726058959961
0.11874604225158691
0.10432291030883789
0.08739662170410156
0.07302474975585938
0.05904364585876465
0.05680227279663086
0.04175591468811035
0.10848426818847656
0.08967351913452148
0.08225393295288086
0.06450986862182617
0.05039215087890625
0.03574395179748535
0.021446943283081055
0.09850668907165527
0.08787083625793457
0.07370805740356445
0.05540609359741211
0.05335283279418945
0.03962969779968262
0.11013269424438477
0.10309147834777832
0.0890960693359375
0.07509851455688477
0.060631513595581055
0.04656386375427246
0.0319368839263916
0.09070730209350586
0.07748532295227051
0.06428098678588867
0.0514988899230957
0.03721761703491211
0.03403162956237793
0.10260176658630371
0.08743500709533691
0.0799109935760498
0.06634521484375
0.05225491523742676
0.038144588470458984
0.02673649787902832
0.09487080574035645
0.07973480224609375
0.06571769714355469
0.055966854095458984
0.03802227973937988
0.02824115753173828
0.11226963996887207
0.0959005355834961
0.08090448379516602
0.06602311134338379
0.05093050003051758
0.035803794860839844
0.09087300300598145
0.07918787002563477
0.06445503234863281
0.05896568298339844
0.044533729553222656
0.02766871452331543
0.0927734375
0.07958078384399414
0.06715726852416992
0.0678853988647461
0.051094770431518555
0.0358281135559082
0.10193133354187012
0.08982133865356445
0.07639026641845703
0.06200885772705078
0.044612884521484375
0.0313868522644043
0.12445378303527832
0.10650753974914551
0.09183549880981445
0.0775601863861084
0.03984212875366211
0.025965452194213867
0.10019993782043457
0.08278632164001465
0.07080292701721191
0.05913424491882324
0.04536247253417969
0.03627896308898926
0.11304092407226562
0.09905862808227539
0.08451366424560547
0.07151150703430176
0.06277680397033691
0.04430890083312988
0.03117513656616211
0.10444378852844238
0.08649182319641113
0.07111620903015137
0.057207584381103516
0.05050396919250488
0.035302162170410156
0.10716819763183594
0.08921051025390625
0.07646059989929199
0.062291860580444336
0.04844355583190918
0.03932666778564453
0.1167447566986084
0.09931254386901855
0.08519434928894043
0.08360004425048828
0.0687708854675293
0.05481362342834473
0.034876108169555664
0.1017920970916748
0.0792093276977539
0.06688046455383301
0.06739330291748047
0.05288243293762207
0.037821054458618164
0.11652922630310059
0.09997987747192383
0.08561444282531738
0.07119083404541016
0.06805109977722168
0.053594112396240234
0.03956961631774902
0.09079337120056152
0.07660794258117676
0.07086038589477539
0.0562436580657959
0.05440545082092285
0.04268789291381836
0.0953214168548584
0.07649946212768555
0.06219148635864258
0.049700260162353516
0.051320552825927734
0.036634206771850586
0.10594010353088379
0.08546090126037598
0.07241106033325195
0.06655764579772949
0.052286624908447266
0.0377802848815918
0.023445606231689453
0.09868431091308594
0.08560299873352051
0.07162880897521973
0.0699012279510498
0.06228303909301758
0.04708719253540039
0.10842227935791016
0.08019042015075684
0.06802892684936523
0.065521240234375
0.0503237247467041
0.039479732513427734
0.10839653015136719
0.08396077156066895
0.08136677742004395
0.07377004623413086
0.05666995048522949
0.04178762435913086
0.1078493595123291
0.09110450744628906
0.07671117782592773
0.06296324729919434
0.05341696739196777
0.038786888122558594
0.031148672103881836
0.13390254974365234
0.11719584465026855
0.10422134399414062
0.09023022651672363
0.07329916954040527
0.05836939811706543
0.10698294639587402
0.0807034969329834
0.0711832046508789
0.06223177909851074
0.04474520683288574
0.030643939971923828
0.09778976440429688
0.08662915229797363
0.07833623886108398
0.06335639953613281
0.04931187629699707
0.035247087478637695
0.1072232723236084
0.10050702095031738
0.08335590362548828
0.06914901733398438
0.06228208541870117
0.04265141487121582
0.10921168327331543
0.09767937660217285
0.08258605003356934
0.06781506538391113
0.05362582206726074
0.036089181900024414
0.10679960250854492
0.0852663516998291
0.07389593124389648
0.05967354774475098
0.04570746421813965
0.03799271583557129
0.09202313423156738
0.07555842399597168
0.06326413154602051
0.050995826721191406
0.044904470443725586
0.03473162651062012
0.12031841278076172
0.09994769096374512
0.09071755409240723
0.07669591903686523
0.06248044967651367
0.11248636245727539
0.0992121696472168
0.08429193496704102
0.07017326354980469
0.0666971206665039
0.05476021766662598
0.040752410888671875
0.10707497596740723
0.08315253257751465
0.08510923385620117
0.07106304168701172
0.05740499496459961
0.03944563865661621
0.11532211303710938
0.09431052207946777
0.07497048377990723
0.06134390830993652
0.046506643295288086
0.025800466537475586
0.10740542411804199
0.0891423225402832
0.07484173774719238
0.06070399284362793
0.05571103096008301
0.04388880729675293
0.03325700759887695
0.10310673713684082
0.09085726737976074
0.07710146903991699
0.06284093856811523
0.04788088798522949
0.033477067947387695
0.029942035675048828
0.09430480003356934
0.0798485279083252
0.06683921813964844
0.054511308670043945
0.053884267807006836
0.040631771087646484
0.10941624641418457
0.0860586166381836
0.07698321342468262
0.062154531478881836
0.04857182502746582
0.046329498291015625
0.035132646560668945
0.09958934783935547
0.07993865013122559
0.06815505027770996
0.07533073425292969
0.06076979637145996
0.04683518409729004
0.12094616889953613
0.10233807563781738
0.06685352325439453
0.052655696868896484
0.03594374656677246
0.1046903133392334
0.08837580680847168
0.07563662528991699
0.06966376304626465
0.060909271240234375
0.045964956283569336
0.1067967414855957
0.08107781410217285
0.06697487831115723
0.05733847618103027
0.045642852783203125
0.03815054893493652
0.10693931579589844
0.08588957786560059
0.08544492721557617
0.0711817741394043
0.04984259605407715
0.03555941581726074
0.12287521362304688
0.09923458099365234
0.08463096618652344
0.07053470611572266
0.05609560012817383
0.04139900207519531
0.026113033294677734
0.10324645042419434
0.08631157875061035
0.07232856750488281
0.06175041198730469
0.05129861831665039
0.040059566497802734
0.025114774703979492
0.0912773609161377
0.07766461372375488
0.06864142417907715
0.0546417236328125
0.050200700759887695
0.03826904296875
0.11182880401611328
0.08719253540039062
0.08031940460205078
0.06604313850402832
0.051601409912109375
0.03457331657409668
0.030186176300048828
0.09395051002502441
0.0832662582397461
0.06823492050170898
0.05377459526062012
0.040023088455200195
0.02875208854675293
0.1074213981628418
0.09555673599243164
0.08388972282409668
0.06960320472717285
0.055292367935180664
0.04128265380859375
0.02592754364013672
0.10466361045837402
0.09063959121704102
0.08231997489929199
0.06788969039916992
0.05444645881652832
0.03678488731384277
0.1245567798614502
0.10363960266113281
0.08951520919799805
0.07146883010864258
0.05694842338562012
0.04153633117675781
0.027021169662475586
0.09907317161560059
0.08466935157775879
0.06964921951293945
0.05592083930969238
0.041646480560302734
0.027362823486328125
0.10348629951477051
0.10074687004089355
0.08875775337219238
0.06930327415466309
0.054173946380615234
0.039823293685913086
0.10686397552490234
0.0869140625
0.08926725387573242
0.07492208480834961
0.06045961380004883
0.046234130859375
0.03165245056152344
0.09089899063110352
0.07950830459594727
0.07922005653381348
0.06476593017578125
0.05038189888000488
0.03570747375488281
0.11552143096923828
0.09260725975036621
0.07813405990600586
0.06680917739868164
0.0523982048034668
0.03824663162231445
0.11321496963500977
0.08675050735473633
0.0757749080657959
0.07107305526733398
0.05603790283203125
0.04189300537109375
0.027359485626220703
0.09124469757080078
0.08450102806091309
0.07036828994750977
0.05570244789123535
0.04125261306762695
0.03133535385131836
0.12565922737121582
0.10013556480407715
0.0852973461151123
0.07091140747070312
0.056466102600097656
0.04127979278564453
0.11357903480529785
0.09861874580383301
0.08455920219421387
0.07527399063110352
0.061376094818115234
0.05423784255981445
0.04974937438964844
0.03599405288696289
0.09726691246032715
0.0779581069946289
0.08374810218811035
0.07239151000976562
0.057951927185058594
0.04349923133850098
0.10571622848510742
0.08506584167480469
0.07114624977111816
0.05716753005981445
0.05421757698059082
0.04227590560913086
0.02829432487487793
0.0977635383605957
0.09157586097717285
0.0853886604309082
0.07084798812866211
0.054865121841430664
0.04018282890319824
0.10635590553283691
0.08219599723815918
0.07938385009765625
0.06481504440307617
0.05063986778259277
0.036333560943603516
0.021833181381225586
0.09048318862915039
0.0932319164276123
0.08481383323669434
0.07140231132507324
0.05649399757385254
0.03851056098937988
0.10520625114440918
0.08173155784606934
0.07231593132019043
0.0686800479888916
0.05363750457763672
0.03922724723815918
0.11050939559936523
0.0997323989868164
0.09307122230529785
0.08307695388793945
0.05365633964538574
0.03978300094604492
0.11129879951477051
0.08616161346435547
0.07204127311706543
0.05765223503112793
0.04204082489013672
0.027556419372558594
0.09665942192077637
0.08101201057434082
0.07587337493896484
0.06148242950439453
0.04715919494628906
0.03245115280151367
0.11285948753356934
0.10532832145690918
0.09071087837219238
0.08615541458129883
0.07269906997680664
0.05759596824645996
0.04288816452026367
0.10686731338500977
0.08445072174072266
0.06635403633117676
0.04525136947631836
0.04389142990112305
0.03104376792907715
0.10138201713562012
0.09071540832519531
0.07658839225769043
0.062209129333496094
0.04802083969116211
0.03281831741333008
0.026015043258666992
0.10740399360656738
0.09321951866149902
0.07834410667419434
0.06414937973022461
0.050148725509643555
0.03529620170593262
0.1063692569732666
0.0900111198425293
0.07582950592041016
0.061129093170166016
0.04696917533874512
0.0339045524597168
0.032010793685913086
0.09982705116271973
0.08269309997558594
0.0673515796661377
0.06702232360839844
0.05231308937072754
0.03777813911437988
0.1076352596282959
0.08467292785644531
0.07302379608154297
0.061487436294555664
0.04082655906677246
0.025935888290405273
0.09856939315795898
0.0889427661895752
0.07464480400085449
0.060637712478637695
0.04562258720397949
0.038790225982666016
0.031418561935424805
0.08939957618713379
0.08095264434814453
0.06639361381530762
0.06196403503417969
0.04734611511230469
0.0324399471282959
0.10986328125
0.08626627922058105
0.07126641273498535
0.05449533462524414
0.04487729072570801
0.0343785285949707
0.10811519622802734
0.08365726470947266
0.07716202735900879
0.062467098236083984
0.0479891300201416
0.03383445739746094
0.11324763298034668
0.08832025527954102
0.07089686393737793
0.06479334831237793
0.05742835998535156
0.043234825134277344
0.10824966430664062
0.09313082695007324
0.08802652359008789
0.07842087745666504
0.07825756072998047
0.059638023376464844
0.04457426071166992
0.10851097106933594
0.08858728408813477
0.07364511489868164
0.059906005859375
0.05424618721008301
0.03800559043884277
0.1035618782043457
0.08549714088439941
0.07084369659423828
0.05795478820800781
0.04567146301269531
0.0355532169342041
0.024062156677246094
0.09077978134155273
0.08116316795349121
0.06725001335144043
0.05021381378173828
0.0355527400970459
0.028133153915405273
0.10967516899108887
0.09165453910827637
0.07767605781555176
0.06357645988464355
0.04366135597229004
0.029520750045776367
0.10790824890136719
0.08353662490844727
0.08930516242980957
0.07578825950622559
0.06132674217224121
0.0468907356262207
0.03247404098510742
0.0905008316040039
0.07712054252624512
0.06458377838134766
0.06268811225891113
0.04753518104553223
0.03340005874633789
0.10609078407287598
0.08340263366699219
0.0746769905090332
0.07432866096496582
0.05555462837219238
0.0397031307220459
0.10803508758544922
0.08373689651489258
0.08265542984008789
0.0676271915435791
0.05277705192565918
0.03761172294616699
0.1057438850402832
0.08564162254333496
0.0710608959197998
0.048898935317993164
0.03586888313293457
0.029201984405517578
0.1025230884552002
0.08533000946044922
0.07023334503173828
0.05967593193054199
0.04506230354309082
0.04341530799865723
0.030852079391479492
0.08089685440063477
0.08177328109741211
0.06768321990966797
0.05300021171569824
0.0383760929107666
0.10900235176086426
0.09490752220153809
0.08880138397216797
0.07415652275085449
0.05314135551452637
0.03853726387023926
0.02951812744140625
0.11295413970947266
0.09041857719421387
0.07644081115722656
0.06163668632507324
0.0474545955657959
0.03319120407104492
0.11274909973144531
0.0930490493774414
0.08164310455322266
0.07560563087463379
0.06095123291015625
0.04626011848449707
0.03185582160949707
0.11092448234558105
0.0985269546508789
0.08537745475769043
0.07108807563781738
0.05675387382507324
0.04258370399475098
0.02784872055053711
0.08904147148132324
0.08713674545288086
0.07296562194824219
0.05854964256286621
0.04443550109863281
0.026795387268066406
0.10415220260620117
0.08959078788757324
0.07475662231445312
0.0596919059753418
0.05473208427429199
0.04043936729431152
0.026121854782104492
0.09397125244140625
0.079742431640625
0.06588411331176758
0.06742739677429199
0.053951263427734375
0.03162074089050293
0.10907506942749023
0.10006093978881836
0.08615994453430176
0.07140684127807617
0.057457923889160156
0.04271221160888672
0.028687477111816406
0.09882998466491699
0.09746170043945312
0.0831148624420166
0.06818294525146484
0.053057193756103516
0.024850845336914062
0.09647703170776367
0.08612513542175293
0.07832002639770508
0.06386065483093262
0.049974679946899414
0.03585314750671387
0.021391630172729492
0.11297917366027832
0.09854412078857422
0.08411598205566406
0.07016825675964355
0.05526876449584961
0.04026508331298828
0.11685442924499512
0.10250353813171387
0.09196949005126953
0.0773015022277832
0.06322193145751953
0.04823565483093262
0.11504602432250977
0.08715415000915527
0.07924962043762207
0.07295966148376465
0.04153275489807129
0.10768389701843262
0.07918262481689453
0.06711173057556152
0.05496072769165039
0.0425114631652832
0.029362916946411133
0.10774731636047363
0.08185362815856934
0.0686028003692627
0.07071137428283691
0.057511091232299805
0.044678449630737305
0.030645132064819336
0.09098577499389648
0.08028626441955566
0.07610225677490234
0.06160378456115723
0.043953895568847656
0.02923107147216797
0.0931246280670166
0.09202432632446289
0.07767224311828613
0.06358647346496582
0.04916787147521973
0.03473496437072754
0.10573339462280273
0.0860435962677002
0.07157397270202637
0.06703734397888184
0.052631378173828125
0.03864765167236328
0.11891698837280273
0.09515619277954102
0.08112192153930664
0.0697939395904541
0.05547618865966797
0.040540218353271484
0.02610325813293457
0.0894160270690918
0.08400821685791016
0.06986165046691895
0.054735660552978516
0.040238380432128906
0.030638456344604492
0.11262845993041992
0.08871746063232422
0.07376742362976074
0.05927848815917969
0.04496455192565918
0.040604352951049805
0.026015281677246094
0.09075498580932617
0.08380985260009766
0.06934976577758789
0.0549318790435791
0.03999137878417969
0.029172897338867188
0.10062503814697266
0.08390974998474121
0.07846331596374512
0.06330418586730957
0.048621416091918945
0.0337827205657959
0.02740621566772461
0.09755849838256836
0.08096790313720703
0.06870675086975098
0.05640101432800293
0.04674696922302246
0.040386199951171875
0.02772688865661621
0.09125900268554688
0.08123946189880371
0.06687355041503906
0.05699586868286133
0.04282879829406738
0.032032012939453125
0.10836315155029297
0.10100936889648438
0.08762741088867188
0.0727090835571289
0.05844855308532715
0.04149818420410156
0.11220622062683105
0.1110074520111084
0.09357261657714844
0.0790548324584961
0.06085371971130371
0.04640769958496094
0.03220343589782715
0.09096074104309082
0.08050417900085449
0.0660700798034668
0.05265450477600098
0.03820967674255371
0.024435997009277344
0.09302234649658203
0.08195352554321289
0.045189857482910156
0.03212380409240723
0.11053156852722168
0.08929300308227539
0.07113265991210938
0.05738210678100586
0.05119061470031738
0.033345937728881836
0.11429572105407715
0.10286736488342285
0.09065866470336914
0.07682275772094727
0.06220865249633789
0.047626495361328125
0.03308844566345215
0.0940396785736084
0.08932161331176758
0.07512545585632324
0.06036543846130371
0.0453338623046875
0.031236886978149414
0.10560774803161621
0.0833284854888916
0.0896601676940918
0.07578325271606445
0.062272071838378906
0.04779767990112305
0.11200523376464844
0.08822441101074219
0.07425045967102051
0.06027674674987793
0.046311140060424805
0.044471025466918945
0.10994911193847656
0.0994102954864502
0.0853574275970459
0.08403658866882324
0.06959867477416992
0.0553743839263916
0.0377655029296875
0.10901474952697754
0.09163904190063477
0.07754230499267578
0.06441712379455566
0.06388282775878906
0.05280661582946777
0.03263711929321289
0.09146904945373535
0.08127927780151367
0.06720566749572754
0.06700921058654785
0.05262279510498047
0.038527488708496094
0.1063547134399414
0.08329129219055176
0.07092547416687012
0.058132171630859375
0.04573988914489746
0.0362701416015625
0.03080606460571289
0.0959620475769043
0.08434009552001953
0.07303977012634277
0.061940670013427734
0.047601938247680664
0.03346109390258789
0.11036133766174316
0.09346985816955566
0.08177328109741211
0.06928610801696777
0.06288862228393555
0.0491483211517334
0.034705400466918945
0.11320233345031738
0.09793686866760254
0.08417963981628418
0.0698239803314209
0.05814099311828613
0.05381655693054199
0.03966045379638672
0.09339761734008789
0.09559082984924316
0.08173036575317383
0.0639190673828125
0.05017971992492676
0.03624749183654785
0.10993170738220215
0.09507179260253906
0.08171534538269043
0.0637662410736084
0.045622825622558594
0.030714750289916992
0.10391974449157715
0.08598589897155762
0.0718379020690918
0.058592796325683594
0.03990340232849121
0.027488231658935547
0.10382437705993652
0.10055661201477051
0.08340954780578613
0.06955552101135254
0.05193018913269043
0.03796267509460449
0.10945987701416016
0.0986013412475586
0.09959840774536133
0.08226728439331055
0.0670473575592041
0.04941391944885254
0.035402774810791016
0.10017776489257812
0.08391571044921875
0.08761096000671387
0.07417845726013184
0.06000804901123047
0.04622840881347656
0.03224492073059082
0.0949544906616211
0.08433198928833008
0.06911706924438477
0.04805183410644531
0.03892111778259277
0.03299117088317871
0.10108733177185059
0.0970156192779541
0.08288121223449707
0.06837821006774902
0.0602269172668457
0.04604792594909668
0.03153657913208008
0.08939170837402344
0.09440207481384277
0.07935976982116699
0.06455159187316895
0.04887533187866211
0.03452467918395996
0.09443497657775879
0.09837913513183594
0.08445262908935547
0.07064080238342285
0.056430816650390625
0.039020538330078125
0.08764982223510742
0.0686192512512207
0.05526566505432129
0.04816746711730957
0.03384995460510254
0.11196494102478027
0.1048431396484375
0.09083724021911621
0.07696151733398438
0.0671851634979248
0.05291604995727539
0.038660287857055664
0.09079384803771973
0.07410693168640137
0.06186795234680176
0.045891761779785156
0.04883933067321777
0.034940481185913086
0.11322546005249023
0.09935665130615234
0.08393740653991699
0.06967830657958984
0.05533313751220703
0.02723097801208496
0.09608745574951172
0.08265018463134766
0.08398556709289551
0.07069158554077148
0.05603647232055664
0.04194831848144531
0.09317517280578613
0.09113216400146484
0.07620501518249512
0.05830788612365723
0.044712066650390625
0.030664682388305664
0.10878324508666992
0.09258484840393066
0.07808232307434082
0.07086348533630371
0.05458688735961914
0.04127621650695801
0.10983538627624512
0.09378647804260254
0.07515859603881836
0.06926870346069336
0.05436968803405762
0.040328264236450195
0.02592301368713379
0.09074163436889648
0.08012628555297852
0.06578469276428223
0.052016496658325195
0.0474247932434082
0.0355067253112793
0.10665392875671387
0.09291362762451172
0.08267974853515625
0.06831860542297363
0.053627729415893555
0.039193153381347656
0.024006366729736328
0.09730410575866699
0.0832815170288086
0.06890153884887695
0.05445742607116699
0.04381108283996582
0.03887152671813965
0.10656905174255371
0.09675431251525879
0.08200240135192871
0.06760883331298828
0.05324721336364746
0.03827548027038574
0.02788257598876953
0.09857940673828125
0.08350372314453125
0.07128262519836426
0.062332868576049805
0.05804324150085449
0.04784703254699707
0.10970354080200195
0.08944964408874512
0.07398700714111328
0.05924177169799805
0.04461240768432617
0.030899763107299805
0.1083536148071289
0.09599161148071289
0.08089613914489746
0.07703137397766113
0.0628194808959961
0.047722578048706055
0.028445959091186523
0.09061908721923828
0.09082674980163574
0.07652783393859863
0.061873674392700195
0.033031463623046875
0.104034423828125
0.1056814193725586
0.09128141403198242
0.07686567306518555
0.06314873695373535
0.047924041748046875
0.03368544578552246
0.09152412414550781
0.07790470123291016
0.06866717338562012
0.054270029067993164
0.044198036193847656
0.0332183837890625
0.1056375503540039
0.08618807792663574
0.0716707706451416
0.06118917465209961
0.05599570274353027
0.04136347770690918
0.027457475662231445
0.0915365219116211
0.07778668403625488
0.07706332206726074
0.06351184844970703
0.04233551025390625
0.027970552444458008
0.10773110389709473
0.09348726272583008
0.07903146743774414
0.06100606918334961
0.04799699783325195
0.03142261505126953
0.0993034839630127
0.08533215522766113
0.0793619155883789
0.06435394287109375
0.050400733947753906
0.03693675994873047
0.11238265037536621
0.08484625816345215
0.07836484909057617
0.06749343872070312
0.05308198928833008
0.03846001625061035
0.023931264877319336
0.10176944732666016
0.08329200744628906
0.06528878211975098
0.05547833442687988
0.04078793525695801
0.026909828186035156
0.10384631156921387
0.09615921974182129
0.08251047134399414
0.061101436614990234
0.04665493965148926
0.03236198425292969
0.10479331016540527
0.08968424797058105
0.07549095153808594
0.060820579528808594
0.046695709228515625
0.042067766189575195
0.032425642013549805
0.10578036308288574
0.09325551986694336
0.07886219024658203
0.06419563293457031
0.04961895942687988
0.03519010543823242
0.10473394393920898
0.08241987228393555
0.08843088150024414
0.0731654167175293
0.05886483192443848
0.04438924789428711
0.029648780822753906
0.09079623222351074
0.07735276222229004
0.0682532787322998
0.059800148010253906
0.04534506797790527
0.030350923538208008
0.10930132865905762
0.08605170249938965
0.07829618453979492
0.07266521453857422
0.05178523063659668
0.037328481674194336
0.10931396484375
0.08933091163635254
0.07518196105957031
0.06073904037475586
0.05674266815185547
0.04348874092102051
0.028470277786254883
0.08954048156738281
0.08468842506408691
0.06972885131835938
0.0550534725189209
0.0406804084777832
0.03074359893798828
0.1070716381072998
0.10204434394836426
0.08774709701538086
0.07249951362609863
0.05838513374328613
0.043976545333862305
0.02951216697692871
0.09704446792602539
0.0846712589263916
0.08104896545410156
0.06344747543334961
0.048370361328125
0.03405499458312988
0.10759472846984863
0.0865786075592041
0.07241272926330566
0.05561709403991699
0.048193931579589844
0.03552985191345215
0.10279726982116699
0.08043384552001953
0.07386589050292969
0.060724735260009766
0.046483516693115234
0.031957387924194336
0.10248994827270508
0.08998537063598633
0.07522296905517578
0.06075119972229004
0.046983957290649414
0.032816410064697266
0.019404888153076172
0.09811067581176758
0.08465743064880371
0.06968998908996582
0.055748701095581055
0.04648137092590332
0.03225398063659668
0.02707386016845703
0.09129524230957031
0.08094310760498047
0.06654644012451172
0.05619502067565918
0.041695594787597656
0.03468203544616699
0.11921525001525879
0.09504151344299316
0.08027791976928711
0.06590604782104492
0.05124235153198242
0.0447537899017334
0.03225994110107422
0.08973336219787598
0.07776093482971191
0.06863784790039062
0.06739258766174316
0.05300021171569824
0.038304805755615234
0.1177206039428711
0.09290409088134766
0.07861042022705078
0.06469321250915527
0.050376176834106445
0.03572344779968262
0.0212705135345459
0.09956860542297363
0.08260536193847656
0.0742194652557373
0.05971860885620117
0.04534101486206055
0.03087615966796875
0.11095595359802246
0.08568644523620605
0.07136821746826172
0.06311702728271484
0.049224138259887695
0.03527975082397461
0.032288312911987305
0.09890961647033691
0.07939434051513672
0.07680988311767578
0.06250643730163574
0.04805612564086914
0.03354835510253906
0.11134672164916992
0.08951044082641602
0.07584261894226074
0.07759380340576172
0.05547189712524414
0.04114723205566406
0.026768922805786133
0.09187769889831543
0.07815432548522949
0.06577420234680176
0.05630683898925781
0.041932106018066406
0.027382612228393555
0.11297392845153809
0.08868050575256348
0.07447028160095215
0.059777259826660156
0.05186963081359863
0.039934635162353516
0.030494213104248047
0.08922576904296875
0.07697868347167969
0.07115411758422852
0.05639195442199707
0.0419008731842041
0.026638031005859375
0.11222600936889648
0.08923816680908203
0.07477402687072754
0.06028938293457031
0.045870304107666016
0.05072355270385742
0.03657269477844238
0.1015164852142334
0.08359193801879883
0.0690605640411377
0.05676746368408203
0.04137921333312988
0.02712845802307129
0.10444283485412598
0.08302950859069824
0.08521676063537598
0.07103157043457031
0.056406259536743164
0.04221940040588379
0.02815723419189453
0.08982396125793457
0.08106184005737305
0.06658029556274414
0.05238151550292969
0.04890799522399902
0.036128997802734375
0.10352206230163574
0.09331393241882324
0.0790414810180664
0.06483602523803711
0.05041027069091797
0.0350494384765625
0.02631235122680664
0.09801936149597168
0.0773918628692627
0.0779876708984375
0.0635523796081543
0.04891467094421387
0.034559011459350586
0.11671328544616699
0.0920114517211914
0.07761526107788086
0.06313657760620117
0.048627376556396484
0.03420233726501465
0.03043818473815918
0.0965414047241211
0.08475852012634277
0.0698702335357666
0.059454917907714844
0.04501652717590332
0.031012773513793945
0.028730154037475586
0.09525346755981445
0.08486413955688477
0.07332634925842285
0.059134721755981445
0.04446816444396973
0.03808164596557617
0.1073460578918457
0.0830390453338623
0.07064628601074219
0.06148982048034668
0.047359466552734375
0.02610039710998535
0.10890483856201172
0.08555936813354492
0.07054615020751953
0.06386852264404297
0.04955863952636719
0.04064583778381348
0.02550649642944336
0.09176158905029297
0.08150529861450195
0.07341456413269043
0.06477594375610352
0.05208086967468262
0.03781294822692871
0.10536694526672363
0.09848833084106445
0.08763575553894043
0.07339859008789062
0.05889558792114258
0.04466605186462402
0.03028273582458496
0.08927607536315918
0.08071231842041016
0.06613016128540039
0.05161404609680176
0.050100088119506836
0.03840804100036621
0.10950636863708496
