0.10534548759460449
0.09486103057861328
0.09181571006774902
0.07687211036682129
0.0623781681060791
0.04843258857727051
0.10358858108520508
0.07918548583984375
0.0713815689086914
0.05646395683288574
0.05100822448730469
0.03610539436340332
0.10411500930786133
0.08546614646911621
0.0744180679321289
0.06992888450622559
0.061743736267089844
0.04764080047607422
0.03309035301208496
0.09750962257385254
0.08470821380615234
0.07743406295776367
0.06305336952209473
0.04550623893737793
0.036710500717163086
0.1056973934173584
0.08325433731079102
0.07247710227966309
0.06281208992004395
0.0491480827331543
0.03484225273132324
0.10639429092407227
0.08446073532104492
0.07367515563964844
0.07056927680969238
0.05634474754333496
0.04151558876037598
0.10709166526794434
0.08384847640991211
0.0842580795288086
0.0752267837524414
0.0576632022857666
0.044034719467163086
0.10445094108581543
0.10105395317077637
0.08702588081359863
0.07279610633850098
0.06641578674316406
0.05419492721557617
0.12168669700622559
0.07977032661437988
0.057585954666137695
0.04290270805358887
0.03326559066772461
0.027286529541015625
0.091461181640625
0.09470105171203613
0.0804746150970459
0.06615161895751953
0.05157828330993652
0.03728461265563965
0.10429167747497559
0.08232283592224121
0.07027554512023926
0.07212448120117188
0.05891108512878418
0.04456067085266113
0.029397964477539062
0.08862733840942383
0.09728002548217773
0.08363533020019531
0.0692298412322998
0.05926942825317383
0.041222572326660156
0.1002511978149414
0.08582758903503418
0.07088088989257812
0.05722475051879883
0.04279017448425293
0.027972698211669922
0.09923481941223145
0.10752439498901367
0.11033821105957031
0.09991335868835449
0.08521127700805664
0.07103443145751953
0.05619335174560547
0.09466290473937988
0.09003567695617676
0.0811452865600586
0.06537842750549316
0.10799431800842285
0.0951993465423584
0.08141613006591797
0.06739377975463867
0.058405399322509766
0.04330945014953613
0.03664851188659668
0.10656309127807617
0.08757662773132324
0.07350993156433105
0.05909228324890137
0.04442858695983887
0.03502392768859863
0.10399532318115234
0.08459067344665527
0.07719230651855469
0.06799054145812988
0.06271147727966309
0.05115985870361328
0.037200212478637695
0.0881505012512207
0.0765070915222168
0.06096768379211426
0.052573204040527344
0.03905296325683594
0.025298595428466797
0.09510564804077148
0.08129334449768066
0.06877875328063965
0.06430220603942871
0.0501401424407959
0.03503012657165527
0.020874738693237305
0.09461498260498047
0.08177661895751953
0.06386661529541016
0.059662580490112305
0.04667520523071289
0.03207230567932129
0.12309384346008301
0.10228109359741211
0.08415436744689941
0.06627726554870605
0.05116868019104004
0.036149024963378906
0.0941312313079834
0.07941770553588867
0.07239985466003418
0.06647706031799316
0.05217909812927246
0.036977291107177734
0.09086179733276367
0.07847857475280762
0.07683253288269043
0.06273674964904785
0.047600507736206055
0.033410072326660156
0.10295867919921875
0.08877444267272949
0.07581901550292969
0.06173539161682129
0.04724621772766113
0.03369855880737305
0.09915924072265625
0.08539152145385742
0.07142496109008789
0.06139945983886719
0.046605587005615234
0.029032230377197266
0.10035181045532227
0.08465862274169922
0.08054828643798828
0.06553864479064941
0.051225900650024414
0.030591249465942383
0.11593413352966309
0.09301614761352539
0.07812094688415527
0.06896233558654785
0.05915641784667969
0.044870615005493164
0.030520915985107422
0.09814929962158203
0.08979320526123047
0.07470440864562988
0.06042075157165527
0.045237064361572266
0.030820369720458984
0.10425806045532227
0.08102631568908691
0.08412981033325195
0.06958365440368652
0.055086374282836914
0.04113578796386719
0.10601186752319336
0.09095072746276855
0.07676839828491211
0.07047057151794434
0.0564730167388916
0.04257988929748535
0.02763986587524414
0.10026907920837402
0.08028531074523926
0.06804013252258301
0.05889463424682617
0.029620885848999023
0.10474252700805664
0.0846109390258789
0.0708017349243164
0.07148528099060059
0.04388236999511719
0.030269622802734375
0.09716176986694336
0.08983540534973145
0.08075737953186035
0.07029390335083008
0.05615568161010742
0.04442596435546875
0.1070864200592041
0.0950312614440918
0.08325862884521484
0.07105445861816406
0.05882573127746582
0.053728342056274414
0.04408717155456543
0.10872030258178711
0.10649514198303223
0.09015512466430664
0.07558274269104004
0.057854413986206055
0.029944658279418945
0.08992624282836914
0.09539055824279785
0.08461499214172363
0.06364274024963379
0.04964447021484375
0.03441762924194336
0.09985208511352539
0.08911252021789551
0.07471561431884766
0.06029820442199707
0.04419827461242676
0.029976367950439453
0.11984658241271973
0.09910249710083008
0.08429932594299316
0.0694892406463623
0.05550646781921387
0.06030535697937012
0.10449910163879395
0.08052754402160645
0.0748131275177002
0.07367324829101562
0.059683799743652344
0.04470968246459961
0.1051642894744873
0.08458352088928223
0.09084773063659668
0.07590866088867188
0.06179475784301758
0.04733586311340332
0.1062171459197998
0.07577037811279297
0.06371355056762695
0.05591702461242676
0.05671977996826172
0.04240584373474121
0.09591269493103027
0.08098030090332031
0.08018946647644043
0.06738638877868652
0.04519081115722656
0.03167223930358887
0.09100985527038574
0.08880853652954102
0.07442498207092285
0.06050825119018555
0.053084611892700195
0.04150962829589844
0.1067190170288086
0.1095895767211914
0.09701919555664062
0.08211922645568848
0.06831693649291992
0.053647756576538086
0.03543257713317871
0.08870124816894531
0.08719825744628906
0.06936144828796387
0.05523538589477539
0.04078388214111328
0.0263824462890625
0.0969233512878418
0.08480954170227051
0.08030986785888672
0.06602668762207031
0.051459550857543945
0.03389477729797363
0.11725354194641113
0.09633946418762207
0.08222174644470215
0.07170391082763672
0.058263301849365234
0.04395008087158203
0.11335420608520508
0.09671998023986816
0.0752871036529541
0.06019711494445801
0.04525160789489746
0.030255556106567383
0.12082958221435547
0.1167595386505127
0.09599709510803223
0.07725143432617188
0.06225776672363281
0.04731249809265137
0.09564018249511719
0.0696873664855957
0.06385278701782227
0.04878592491149902
0.03361010551452637
0.10753917694091797
0.08531975746154785
0.08327865600585938
0.06908106803894043
0.05094575881958008
0.03243231773376465
0.11121511459350586
0.0803220272064209
0.0655214786529541
0.03530716896057129
0.11537957191467285
0.09937548637390137
0.08513212203979492
0.0709991455078125
0.05663013458251953
0.057179927825927734
0.04838848114013672
0.10738015174865723
0.10902118682861328
0.09401607513427734
0.07954072952270508
0.06473016738891602
0.049726247787475586
0.040370941162109375
0.11273765563964844
0.09523916244506836
0.07823991775512695
0.07982158660888672
0.04747939109802246
0.029527664184570312
0.12086248397827148
0.10094118118286133
0.08694219589233398
0.07302045822143555
0.05901598930358887
0.044708251953125
0.03243899345397949
0.0927438735961914
0.08762741088867188
0.06997418403625488
0.05578875541687012
0.04082655906677246
0.026337385177612305
0.0880739688873291
0.08196711540222168
0.06676578521728516
0.06752538681030273
0.05081033706665039
0.03598785400390625
0.09759140014648438
0.08965468406677246
0.07568168640136719
0.06076788902282715
0.045769691467285156
0.03341174125671387
0.022189617156982422
0.09507465362548828
0.07592082023620605
0.0690150260925293
0.058763742446899414
0.05378222465515137
0.04137468338012695
0.10389018058776855
0.0803983211517334
0.06675910949707031
0.054795265197753906
0.054535627365112305
0.043074846267700195
0.11305093765258789
0.10501408576965332
0.09106159210205078
0.07689023017883301
0.06290149688720703
0.048741817474365234
0.04203629493713379
0.027780771255493164
0.09377646446228027
0.08021807670593262
0.06604909896850586
0.05151677131652832
0.03811788558959961
0.025757551193237305
0.095245361328125
0.08454322814941406
0.07003521919250488
0.055594682693481445
0.051466941833496094
0.04058480262756348
0.11369585990905762
0.09622621536254883
0.06438255310058594
0.04986429214477539
0.035683393478393555
0.10730409622192383
0.08292794227600098
0.07086324691772461
0.0734410285949707
0.0673820972442627
0.056437015533447266
0.041518449783325195
0.10636377334594727
0.08644556999206543
0.07247376441955566
0.057955265045166016
0.04823780059814453
0.04089236259460449
0.025855302810668945
0.0956733226776123
0.08388686180114746
0.06961941719055176
0.05325460433959961
0.05085921287536621
0.03618884086608887
0.10576319694519043
0.08597493171691895
0.08991622924804688
0.06762886047363281
0.05246567726135254
0.03805851936340332
0.1003870964050293
0.07882118225097656
0.07694578170776367
0.062033891677856445
0.04705238342285156
0.03291511535644531
0.11327528953552246
0.0873727798461914
0.07330751419067383
0.059392690658569336
0.059921979904174805
0.04837155342102051
0.0340266227722168
0.08880043029785156
0.07602596282958984
0.06395077705383301
0.05457282066345215
0.03818368911743164
0.023602962493896484
0.0995934009552002
0.08588528633117676
0.08190083503723145
0.06768798828125
0.053313493728637695
0.03896641731262207
0.03304243087768555
0.09691357612609863
0.08289170265197754
0.06837606430053711
0.05567622184753418
0.04627823829650879
0.024626970291137695
0.10159707069396973
0.08168625831604004
0.06965351104736328
0.05609703063964844
0.04193758964538574
0.040205955505371094
0.11288332939147949
0.08734560012817383
0.0733792781829834
0.05877566337585449
0.053128719329833984
0.03911161422729492
0.028461694717407227
0.08973073959350586
0.08989787101745605
0.07464098930358887
0.060227155685424805
0.0434262752532959
0.025081157684326172
0.10478663444519043
0.08709096908569336
0.07237529754638672
0.05742335319519043
0.043387413024902344
0.0423583984375
0.1066443920135498
0.08272624015808105
0.07378077507019043
0.059213876724243164
0.05790305137634277
0.035623788833618164
0.1025383472442627
0.09803342819213867
0.08373665809631348
0.06616497039794922
0.05253148078918457
0.037069082260131836
0.11026978492736816
0.0964815616607666
0.08215117454528809
0.0710597038269043
0.05570220947265625
0.045226097106933594
0.03566718101501465
0.10658979415893555
0.08545064926147461
0.07171392440795898
0.05285334587097168
0.030774831771850586
0.10705280303955078
0.0885472297668457
0.07790374755859375
0.06697750091552734
0.05255556106567383
0.03811073303222656
0.023085594177246094
0.09810328483581543
0.08233308792114258
0.07439517974853516
0.05983924865722656
0.045660972595214844
0.031235694885253906
0.11041784286499023
0.09656691551208496
0.08262252807617188
0.07491946220397949
0.06055474281311035
0.049791812896728516
0.040435791015625
0.10583353042602539
0.09564352035522461
0.08106207847595215
0.0663604736328125
0.05143427848815918
0.03702068328857422
0.02267765998840332
0.09443426132202148
0.08314633369445801
0.06890487670898438
0.05832076072692871
0.05776691436767578
0.043039798736572266
0.11036086082458496
0.09308242797851562
0.0857400894165039
0.0706472396850586
0.05556368827819824
0.0510404109954834
0.036194562911987305
0.10268282890319824
0.08392691612243652
0.07956337928771973
0.06425619125366211
0.04948759078979492
0.03569531440734863
0.021744728088378906
0.08809161186218262
0.07602715492248535
0.06745195388793945
0.057160377502441406
0.04300880432128906
0.028030872344970703
0.10382461547851562
0.08113670349121094
0.07924413681030273
0.06453657150268555
0.05011868476867676
0.03608083724975586
0.10473871231079102
0.08546996116638184
0.08123064041137695
0.06711840629577637
0.05300164222717285
0.03970003128051758
0.10736870765686035
0.08103704452514648
0.06789183616638184
0.055361032485961914
0.04989886283874512
0.03702354431152344
0.11190366744995117
0.09121322631835938
0.08323192596435547
0.06887960433959961
0.05448007583618164
0.03350424766540527
0.10672426223754883
0.08275270462036133
0.0702505111694336
0.06470894813537598
0.050137996673583984
0.035880327224731445
0.022354841232299805
0.09684467315673828
0.08357930183410645
0.06963038444519043
0.06449651718139648
0.04269123077392578
0.028736114501953125
0.10178112983703613
0.0850226879119873
0.07074356079101562
0.07344174385070801
0.058998823165893555
0.04401683807373047
0.029839038848876953
0.09399604797363281
0.08249640464782715
0.07545709609985352
0.06129026412963867
0.04629254341125488
0.04027843475341797
0.10698127746582031
0.08135390281677246
0.06916022300720215
0.06370210647583008
0.048807382583618164
0.034255266189575195
0.1082921028137207
0.09888792037963867
0.08441305160522461
0.08393073081970215
0.06904006004333496
0.05457925796508789
0.04029440879821777
0.10900163650512695
0.11916780471801758
0.10302877426147461
0.08872866630554199
0.07364439964294434
0.05953240394592285
0.04488372802734375
0.10702204704284668
0.08275508880615234
0.06865715980529785
0.051857948303222656
0.04989123344421387
0.03537392616271973
0.10554671287536621
0.084503173828125
0.08206510543823242
0.0663919448852539
0.05209493637084961
0.037558794021606445
0.10659408569335938
0.09075641632080078
0.0801689624786377
0.06540036201477051
0.0577702522277832
0.04766225814819336
0.03338980674743652
0.09129905700683594
0.08707928657531738
0.07325243949890137
0.058707237243652344
0.05206608772277832
0.038411855697631836
0.10567975044250488
0.08900237083435059
0.07426166534423828
0.06033754348754883
0.04611802101135254
0.03347325325012207
0.027147531509399414
0.10157561302185059
0.0833425521850586
0.06539154052734375
0.05334591865539551
0.04088735580444336
0.025037765502929688
0.09501886367797852
0.08330869674682617
0.06780385971069336
0.06453657150268555
0.05014371871948242
0.03534269332885742
0.10731077194213867
0.09929490089416504
0.08435201644897461
0.1673262119293213
0.15543198585510254
0.14122390747070312
0.1321110725402832
0.12395906448364258
0.10883951187133789
0.09462547302246094
0.08022165298461914
0.06591320037841797
0.14211797714233398
0.13446354866027832
0.12077140808105469
0.09520936012268066
0.08006644248962402
0.06876754760742188
0.0573577880859375
0.04300332069396973
0.02821207046508789
0.0856163501739502
0.07164168357849121
0.06356954574584961
0.049593210220336914
0.04267096519470215
0.028469324111938477
0.10210680961608887
0.16519689559936523
0.1563868522644043
0.1428389549255371
0.12921953201293945
0.11207318305969238
0.10154128074645996
0.08676958084106445
0.07250785827636719
0.13499164581298828
0.12102675437927246
0.09136819839477539
0.08216619491577148
0.06880331039428711
0.05446314811706543
0.03950667381286621
0.030979394912719727
0.10978841781616211
0.08785390853881836
0.069671630859375
0.05583906173706055
0.047928571701049805
0.03401780128479004
0.10904908180236816
0.20619535446166992
0.1878197193145752
0.1744384765625
0.16068387031555176
0.14584612846374512
0.12792158126831055
0.10942316055297852
0.0951225757598877
0.08089256286621094
0.05783414840698242
0.10977959632873535
0.10067391395568848
0.0777578353881836
0.0644388198852539
0.055379629135131836
0.038144826889038086
0.023962974548339844
0.08869194984436035
0.18021249771118164
0.17031311988830566
0.16007280349731445
0.17703557014465332
0.16226768493652344
0.14736580848693848
0.13403010368347168
0.12173342704772949
0.10736227035522461
0.09448051452636719
0.07979011535644531
0.06471633911132812
0.20714044570922852
0.17422246932983398
0.16025662422180176
0.1586322784423828
0.14627766609191895
0.13217759132385254
0.11730337142944336
0.10253024101257324
0.0847482681274414
0.15255951881408691
0.13842105865478516
0.1393296718597412
0.09192204475402832
0.07793951034545898
0.0668172836303711
0.053655147552490234
0.04007267951965332
0.09397006034851074
0.1772444248199463
0.16877007484436035
0.15375232696533203
0.14510154724121094
0.13942527770996094
0.12467288970947266
0.11060452461242676
0.09636402130126953
0.08175444602966309
0.06749916076660156
0.0532536506652832
0.223160982131958
0.24647927284240723
0.23001956939697266
0.20900797843933105
0.1948404312133789
0.1774125099182129
0.16292786598205566
0.1476728916168213
0.13342690467834473
0.11907672882080078
0.10478782653808594
0.15476512908935547
0.1522228717803955
0.13863825798034668
0.12491941452026367
0.08089160919189453
0.06063199043273926
0.04993629455566406
0.03537940979003906
0.10797572135925293
0.19495272636413574
0.18359065055847168
0.16922450065612793
0.1926708221435547
0.18175101280212402
0.16838526725769043
0.154524564743042
0.1384270191192627
0.12347650527954102
0.1094512939453125
0.09499406814575195
0.07962703704833984
0.22346758842468262
0.23115324974060059
0.1932535171508789
0.17924284934997559
0.1653127670288086
0.15066099166870117
0.12125635147094727
0.10707283020019531
0.09251165390014648
0.16078639030456543
0.14632248878479004
0.13863110542297363
0.120758056640625
0.11006927490234375
0.08817219734191895
0.07403755187988281
0.06294655799865723
0.04764437675476074
0.04593253135681152
0.10626363754272461
0.17831206321716309
0.16419386863708496
0.15047883987426758
0.1661701202392578
0.151045560836792
0.13618922233581543
0.1222233772277832
0.10792255401611328
0.09366106986999512
0.07914066314697266
0.22703218460083008
0.22436022758483887
0.1934950351715088
0.17927980422973633
0.16436338424682617
0.15036821365356445
0.13539767265319824
0.12525677680969238
0.12002253532409668
0.10611557960510254
0.16238713264465332
0.15053725242614746
0.13851118087768555
0.12565374374389648
0.11717963218688965
0.09566831588745117
0.08072328567504883
0.06672859191894531
0.05274248123168945
0.03768730163574219
0.09766674041748047
0.07675409317016602
0.06411266326904297
0.03356051445007324
0.10722088813781738
0.08640384674072266
0.1700754165649414
0.1619431972503662
0.14809870719909668
0.14554810523986816
0.12758541107177734
0.1076192855834961
0.09267616271972656
0.09081840515136719
0.1396334171295166
0.1273362636566162
0.1190481185913086
0.10468053817749023
0.0830683708190918
0.08692169189453125
0.07108807563781738
0.05061912536621094
0.03649616241455078
0.09674644470214844
0.07287454605102539
0.06168627738952637
0.05292081832885742
0.038410186767578125
0.024140596389770508
0.10007047653198242
0.08567452430725098
0.07140016555786133
0.05710172653198242
0.042844533920288086
0.0343477725982666
0.13243341445922852
0.11619019508361816
0.10334944725036621
0.08916497230529785
0.07474470138549805
0.05961465835571289
0.04471850395202637
0.1047823429107666
0.08090567588806152
0.08235836029052734
0.06734037399291992
0.05310964584350586
0.03768324851989746
0.1175847053527832
0.10337400436401367
0.09306788444519043
0.07873940467834473
0.05992627143859863
0.045177459716796875
0.0309603214263916
0.09223604202270508
0.07719278335571289
0.06051516532897949
0.0460660457611084
0.04082918167114258
0.02948737144470215
0.09666299819946289
0.09414339065551758
0.08249950408935547
0.06808924674987793
0.053856611251831055
0.0393071174621582
0.02508687973022461
0.09565210342407227
0.08356189727783203
0.07138800621032715
0.06034040451049805
0.04636836051940918
0.031323909759521484
0.1085512638092041
0.0985252857208252
0.08834314346313477
0.07814288139343262
0.06470513343811035
0.051225900650024414
0.053054094314575195
0.0392606258392334
0.0957174301147461
0.08257889747619629
0.08145785331726074
0.06633400917053223
0.052069664001464844
0.03740096092224121
0.08956623077392578
0.0704338550567627
0.06199932098388672
0.05159497261047363
0.05148911476135254
0.03819775581359863
0.09862661361694336
0.09810709953308105
0.08322429656982422
0.06866240501403809
0.054088592529296875
0.04316592216491699
0.10640430450439453
0.08968400955200195
0.08131194114685059
0.06668305397033691
0.052660226821899414
0.03821682929992676
0.10617542266845703
0.09453678131103516
0.07746744155883789
0.06407546997070312
0.05777406692504883
0.051378726959228516
0.03873848915100098
0.08636879920959473
0.07890057563781738
0.06085777282714844
0.04704546928405762
0.031447649002075195
0.1036520004272461
0.10062646865844727
0.08778500556945801
0.07465672492980957
0.060265302658081055
0.045836448669433594
0.03139972686767578
0.10111236572265625
0.08993816375732422
0.07564973831176758
0.06138944625854492
0.04741549491882324
0.03240156173706055
0.02210521697998047
0.10126924514770508
0.09099245071411133
0.07969045639038086
0.06489133834838867
0.050432682037353516
0.03571128845214844
0.10712170600891113
0.08978867530822754
0.08172726631164551
0.06712841987609863
0.06389927864074707
0.05113101005554199
0.037638187408447266
0.0970163345336914
0.0904536247253418
0.0844573974609375
0.06717514991760254
0.04836583137512207
0.034458160400390625
0.08977365493774414
0.07724118232727051
0.06276917457580566
0.06040596961975098
0.04662752151489258
0.032146453857421875
0.11297082901000977
0.0900564193725586
0.06020975112915039
0.0456085205078125
0.02789306640625
0.10524225234985352
0.09778380393981934
0.0828697681427002
0.06490802764892578
0.050347089767456055
0.035753726959228516
0.10501813888549805
0.09168577194213867
0.07703042030334473
0.06135821342468262
0.04700279235839844
0.03945493698120117
0.030861854553222656
0.09367990493774414
0.08321022987365723
0.07256937026977539
0.057906150817871094
0.04357123374938965
0.028853416442871094
0.10721611976623535
0.08254599571228027
0.06897234916687012
0.05456805229187012
0.040903568267822266
0.026596784591674805
0.10278677940368652
0.08178210258483887
0.07330513000488281
0.05583000183105469
0.05102396011352539
0.0383601188659668
0.1072988510131836
0.09858894348144531
0.09031820297241211
0.07608914375305176
0.06146955490112305
0.04665088653564453
0.03357744216918945
0.10486483573913574
0.08747029304504395
0.08048748970031738
0.0665125846862793
0.04673266410827637
0.0318140983581543
0.09948086738586426
0.08265161514282227
0.0714113712310791
0.07068133354187012
0.049874067306518555
0.03536224365234375
0.10600018501281738
0.08828067779541016
0.07324457168579102
0.05890917778015137
0.044875144958496094
0.03206276893615723
0.019989967346191406
0.0896902084350586
0.0798943042755127
0.07892417907714844
0.06453442573547363
0.050193071365356445
0.03503251075744629
0.10281872749328613
0.10536408424377441
0.09206843376159668
0.07779812812805176
0.06296968460083008
0.04528045654296875
0.12313961982727051
0.09992623329162598
0.08612680435180664
0.07242035865783691
0.0573115348815918
0.04269099235534668
0.10889267921447754
0.09767484664916992
0.08289694786071777
0.0752866268157959
0.06452703475952148
0.05058789253234863
0.03563570976257324
0.10827445983886719
0.08571481704711914
0.07208919525146484
0.05378007888793945
0.03901267051696777
0.020186185836791992
0.09759187698364258
0.08671712875366211
0.07945036888122559
0.06531786918640137
0.05140876770019531
0.03698468208312988
0.0229189395904541
0.09792399406433105
0.08298778533935547
0.07768630981445312
0.054949283599853516
0.04030919075012207
0.11046028137207031
0.09424328804016113
0.0802450180053711
0.06297802925109863
0.04781150817871094
0.03336286544799805
0.10160231590270996
0.08092594146728516
0.06803035736083984
0.06729888916015625
0.0531160831451416
0.03780055046081543
0.10669326782226562
0.09277129173278809
0.09104728698730469
0.07640886306762695
0.06214118003845215
0.047673940658569336
0.04306626319885254
0.10703563690185547
0.0965423583984375
0.08078455924987793
0.0723123550415039
0.06494283676147461
0.05013585090637207
0.03564786911010742
0.1103978157043457
0.0918116569519043
0.07330846786499023
0.06574130058288574
0.051308393478393555
0.04069924354553223
0.026243209838867188
0.10307574272155762
0.09350419044494629
0.0794985294342041
0.06520485877990723
0.050840139389038086
0.03620767593383789
0.10896492004394531
0.08077883720397949
0.07033038139343262
0.05620074272155762
0.041390180587768555
0.03161358833312988
0.11620783805847168
0.10103368759155273
0.08826041221618652
0.07413721084594727
0.06045651435852051
0.046982526779174805
0.03256106376647949
0.0906381607055664
0.07678341865539551
0.06463050842285156
0.056610107421875
0.04273200035095215
0.03739333152770996
0.1059567928314209
0.08771705627441406
0.07905888557434082
0.0717017650604248
0.053287506103515625
0.03885817527770996
0.03450918197631836
0.09521818161010742
0.0793144702911377
0.06962180137634277
0.05794668197631836
0.04362177848815918
0.028719186782836914
0.09459614753723145
0.08002090454101562
0.06250762939453125
0.04407501220703125
0.03475475311279297
0.02053356170654297
0.10924816131591797
0.09578514099121094
0.08159756660461426
0.06719398498535156
0.053209781646728516
0.03941011428833008
0.02533578872680664
0.09805727005004883
0.05942964553833008
0.04437994956970215
0.02840280532836914
0.10554003715515137
0.09031271934509277
0.07982301712036133
0.06550240516662598
0.051043033599853516
0.049604177474975586
0.035581350326538086
0.10037016868591309
0.08231687545776367
0.06798815727233887
0.07757067680358887
0.06852507591247559
0.05442404747009277
0.10806655883789062
0.09605789184570312
0.0825045108795166
0.07507491111755371
0.060245513916015625
0.04667401313781738
0.034441232681274414
0.10973954200744629
0.08549785614013672
0.08598065376281738
0.07205533981323242
0.05808424949645996
0.04449319839477539
0.03020024299621582
0.09876537322998047
0.08590126037597656
0.07160496711730957
0.0633394718170166
0.04864788055419922
0.026582002639770508
0.10093331336975098
0.08432531356811523
0.07320857048034668
0.058522701263427734
0.040651798248291016
0.027278423309326172
0.10856413841247559
0.08399009704589844
0.08854842185974121
0.07358431816101074
0.05636334419250488
0.042000770568847656
0.029649972915649414
0.09688162803649902
0.08465313911437988
0.08040356636047363
0.06585550308227539
0.051522254943847656
0.03661775588989258
0.11054825782775879
0.09578943252563477
0.08179426193237305
0.06782150268554688
0.04639148712158203
0.031625986099243164
0.028461694717407227
0.09354782104492188
0.0837714672088623
0.07283735275268555
0.05829310417175293
0.043299198150634766
0.03368258476257324
0.11062288284301758
0.09279537200927734
0.08353996276855469
0.07246088981628418
0.043726444244384766
0.028980016708374023
0.1048588752746582
0.08643817901611328
0.07219219207763672
0.06512117385864258
0.04981660842895508
0.03540468215942383
0.10946822166442871
0.09934520721435547
0.08422493934631348
0.06950902938842773
0.06452274322509766
0.05148792266845703
0.03801727294921875
0.10145926475524902
0.08310556411743164
0.0788719654083252
0.06500530242919922
0.05080556869506836
0.03693199157714844
0.10982394218444824
0.09572720527648926
0.10171341896057129
0.08730840682983398
0.07264328002929688
0.05844831466674805
0.044905662536621094
0.10841488838195801
0.09487247467041016
0.08652973175048828
0.07199382781982422
0.0643453598022461
0.05397677421569824
0.04159188270568848
0.12711262702941895
0.09915590286254883
0.08303380012512207
0.06890249252319336
0.051216840744018555
0.03697395324707031
0.09914040565490723
0.08524560928344727
0.06501913070678711
0.06931281089782715
0.05159568786621094
0.03735089302062988
0.10312151908874512
0.08152174949645996
0.06893682479858398
0.06461787223815918
0.04945969581604004
0.0343935489654541
0.10519075393676758
0.10013151168823242
0.08595108985900879
0.07136750221252441
0.05723762512207031
0.039305686950683594
0.09688234329223633
0.0953969955444336
0.09032702445983887
0.07687735557556152
0.06232810020446777
0.04836106300354004
0.03394508361816406
0.08908581733703613
0.09088015556335449
0.07889294624328613
0.06452512741088867
0.04959392547607422
0.03548622131347656
0.10724425315856934
0.08708739280700684
0.07259559631347656
0.05749964714050293
0.05599641799926758
0.04246830940246582
0.10984063148498535
0.09524750709533691
0.0816648006439209
0.08221197128295898
0.0672149658203125
0.052321434020996094
0.0382847785949707
0.10479068756103516
0.08591318130493164
0.07454419136047363
0.05986618995666504
0.04559469223022461
0.03134727478027344
0.1089475154876709
0.08495521545410156
0.07091522216796875
0.062091827392578125
0.02411675453186035
0.09977364540100098
0.0869603157043457
0.07253026962280273
0.05910158157348633
0.05343341827392578
0.03949928283691406
0.02512502670288086
0.09851574897766113
0.09388470649719238
0.07941842079162598
0.0641779899597168
0.04981517791748047
0.03531932830810547
0.10842013359069824
0.09475040435791016
0.08396196365356445
0.08236837387084961
0.06769680976867676
0.05301523208618164
0.03782939910888672
0.10574698448181152
0.08073282241821289
0.0744936466217041
0.05922842025756836
0.04801058769226074
0.03364419937133789
0.12437033653259277
0.10744261741638184
0.09260368347167969
0.07866072654724121
0.06439614295959473
0.04945254325866699
0.0343785285949707
0.10383248329162598
0.10850763320922852
0.09078168869018555
0.07387733459472656
0.06045699119567871
0.09064149856567383
0.08179664611816406
0.07059025764465332
0.05655407905578613
0.038717031478881836
0.03177022933959961
0.09989547729492188
0.07697677612304688
0.056824684143066406
0.04395771026611328
0.031899213790893555
0.02982783317565918
0.09115314483642578
0.0838625431060791
0.06892013549804688
0.05498528480529785
0.04102587699890137
0.0318906307220459
0.10473203659057617
0.08510255813598633
0.07087373733520508
0.07623100280761719
0.05879020690917969
0.044841766357421875
0.1088254451751709
0.09702706336975098
0.09303450584411621
0.08040761947631836
0.06826400756835938
0.053465843200683594
0.04528474807739258
0.10706067085266113
0.0910346508026123
0.0783236026763916
0.06035757064819336
0.04587602615356445
0.031463623046875
0.10276007652282715
0.08149456977844238
0.07346272468566895
0.06360769271850586
0.05402827262878418
0.039992332458496094
0.025444984436035156
0.09605050086975098
0.08092474937438965
0.06681418418884277
0.06097245216369629
0.046154022216796875
0.03162503242492676
0.11256194114685059
0.10197877883911133
0.08703231811523438
0.07195186614990234
0.05709195137023926
0.04501914978027344
0.030815839767456055
0.09585261344909668
0.08036065101623535
0.075286865234375
0.06106877326965332
0.04695630073547363
0.03206491470336914
0.09756851196289062
0.08831214904785156
0.07375717163085938
0.05935478210449219
0.0451509952545166
0.04584074020385742
0.03286552429199219
0.1009974479675293
0.08755326271057129
0.08025598526000977
0.07666015625
0.0620882511138916
0.0476841926574707
0.11597371101379395
0.08558535575866699
0.07063746452331543
0.05660200119018555
0.04275083541870117
0.02561783790588379
0.10228610038757324
0.08573269844055176
0.07404017448425293
0.05902266502380371
0.0459134578704834
0.03615236282348633
0.021982192993164062
0.0902853012084961
0.08625245094299316
0.07570362091064453
0.061125755310058594
0.046482086181640625
0.0328221321105957
0.11316800117492676
0.08803486824035645
0.07381987571716309
0.05875372886657715
0.044480085372924805
0.03197312355041504
0.10617208480834961
0.0949556827545166
0.08091354370117188
0.0831146240234375
0.06955504417419434
0.05537605285644531
0.04083061218261719
0.11087584495544434
0.09148097038269043
0.07374286651611328
0.0496978759765625
0.03471064567565918
0.10799288749694824
0.11162257194519043
0.10070490837097168
0.08736753463745117
0.0708920955657959
0.05618572235107422
0.04191017150878906
0.11170315742492676
0.10098147392272949
0.08939385414123535
0.0741415023803711
0.05938458442687988
0.051416873931884766
0.04230976104736328
0.10731697082519531
0.10152125358581543
0.08559608459472656
0.07102108001708984
0.0535736083984375
0.043932437896728516
0.028862953186035156
0.10836935043334961
0.09868979454040527
0.08340263366699219
0.06608772277832031
0.05130505561828613
0.037056684494018555
0.10732436180114746
0.0862886905670166
0.07217955589294434
0.05515789985656738
0.049672603607177734
0.03974270820617676
0.10882353782653809
0.09571218490600586
0.09311223030090332
0.08281373977661133
0.06865191459655762
0.047838687896728516
0.033377885818481445
0.0884256362915039
0.07693004608154297
0.06450462341308594
0.05570077896118164
0.05183768272399902
0.037336111068725586
0.1054220199584961
0.08530235290527344
0.0710599422454834
0.06410741806030273
0.050140380859375
0.03580307960510254
0.020855188369750977
0.08799457550048828
0.07939529418945312
0.06471967697143555
0.051130056381225586
0.03966236114501953
0.03342938423156738
0.10584855079650879
0.08466029167175293
0.0777425765991211
0.06731247901916504
0.053006887435913086
0.0350041389465332
0.10764169692993164
0.1113119125366211
0.09336066246032715
0.07532310485839844
0.05739641189575195
0.039293766021728516
0.025322437286376953
0.08824896812438965
0.07938194274902344
0.06839156150817871
0.06067323684692383
0.04645037651062012
0.0285186767578125
0.09037995338439941
0.09291529655456543
0.07871317863464355
0.06417989730834961
0.049301862716674805
0.03461003303527832
0.10686564445495605
0.08512735366821289
0.06763386726379395
0.06664443016052246
0.05640220642089844
0.03931117057800293
0.09074544906616211
0.07927346229553223
0.06763505935668945
0.07516622543334961
0.06123638153076172
0.04724287986755371
0.032944679260253906
0.0948946475982666
0.08009886741638184
0.06489396095275879
0.05058455467224121
0.036839962005615234
0.018381357192993164
0.1042470932006836
0.08941841125488281
0.09297823905944824
0.07845211029052734
0.06392264366149902
0.04991412162780762
0.10532188415527344
0.0894477367401123
0.07855939865112305
0.06438398361206055
0.06342363357543945
0.049398183822631836
0.03542804718017578
0.08992743492126465
0.08653426170349121
0.0722813606262207
0.05806159973144531
0.04384326934814453
0.02545309066772461
0.10158538818359375
0.08491349220275879
0.07079339027404785
0.05764126777648926
0.054927825927734375
0.04009532928466797
0.08983969688415527
0.07717776298522949
0.07068324089050293
0.056291818618774414
0.05140089988708496
0.037091732025146484
0.10535573959350586
0.0859074592590332
0.0719144344329834
0.05772995948791504
0.055471181869506836
0.043387413024902344
0.10732841491699219
0.10496044158935547
0.09101986885070801
0.07700681686401367
0.0627143383026123
0.04869818687438965
0.03433990478515625
0.03384089469909668
0.08556914329528809
0.0764927864074707
0.06887245178222656
0.05455970764160156
0.040390968322753906
0.034810543060302734
0.0911703109741211
0.08163237571716309
0.06718778610229492
0.06073331832885742
0.0525822639465332
0.03815317153930664
0.1079096794128418
0.10338878631591797
0.09054279327392578
0.0761559009552002
0.06198382377624512
0.047522544860839844
0.033869028091430664
0.09891390800476074
0.08399772644042969
0.0697014331817627
0.06646370887756348
0.051511287689208984
0.03807783126831055
0.023613929748535156
0.09725594520568848
0.0900266170501709
0.07583308219909668
0.061266183853149414
0.04331707954406738
0.02908611297607422
0.10753464698791504
0.08528375625610352
0.07079744338989258
0.05818057060241699
0.04922151565551758
0.021726608276367188
0.09675240516662598
0.08020377159118652
0.07484602928161621
0.0661919116973877
0.06098461151123047
0.047594547271728516
0.10071587562561035
0.08035039901733398
0.0808560848236084
0.06778836250305176
0.05362868309020996
0.03960609436035156
0.10359835624694824
0.08292841911315918
0.07529783248901367
0.07193326950073242
0.0587158203125
0.037116289138793945
0.11507701873779297
0.09015059471130371
0.07588505744934082
0.06160593032836914
0.046712636947631836
0.04122781753540039
0.026454687118530273
0.09493708610534668
0.0801095962524414
0.06798243522644043
0.06695437431335449
0.05213165283203125
0.03768491744995117
0.10744118690490723
0.09997940063476562
0.08605384826660156
0.07225799560546875
0.06007885932922363
0.05758070945739746
0.04290962219238281
0.028946399688720703
0.09588742256164551
0.08382701873779297
0.07305479049682617
0.05911087989807129
0.05076766014099121
0.03818964958190918
0.10796499252319336
0.11208653450012207
0.09786581993103027
0.08376121520996094
0.06926488876342773
0.051805734634399414
0.03429985046386719
0.08912348747253418
0.08089923858642578
0.07080197334289551
0.05663013458251953
0.04259300231933594
0.027657032012939453
0.09853577613830566
0.08371257781982422
0.0823361873626709
0.06834602355957031
0.053588151931762695
0.039095401763916016
0.024919748306274414
0.09476447105407715
0.08258485794067383
0.07125973701477051
0.05606842041015625
0.04183316230773926
0.10704493522644043
0.08449006080627441
0.07476139068603516
0.05994129180908203
0.04563546180725098
0.03604722023010254
0.021906375885009766
0.09532761573791504
0.08008408546447754
0.07458209991455078
0.06027698516845703
0.04633355140686035
0.03189229965209961
0.10045242309570312
0.08454394340515137
0.07029891014099121
0.05566978454589844
0.04046988487243652
0.027446269989013672
0.09015703201293945
0.07840943336486816
0.0802462100982666
0.06579899787902832
0.051412343978881836
0.03873181343078613
0.10850667953491211
0.08421158790588379
0.07510590553283691
0.06141328811645508
0.04684257507324219
0.04487872123718262
0.04115152359008789
0.08728551864624023
0.07801342010498047
0.0635519027709961
0.0646367073059082
0.05080127716064453
0.0369112491607666
0.10447168350219727
0.08413958549499512
0.0655975341796875
0.0503537654876709
0.03272509574890137
0.11562442779541016
0.09830355644226074
0.08377861976623535
0.07632207870483398
0.06430840492248535
0.049652099609375
0.03608250617980957
0.03186964988708496
0.08813858032226562
0.07791256904602051
0.06713604927062988
0.061006784439086914
0.04707002639770508
0.03326988220214844
0.0876922607421875
0.07389330863952637
0.05995774269104004
0.04879188537597656
0.041022539138793945
0.11139464378356934
0.09430384635925293
0.08043575286865234
0.06732845306396484
0.053348541259765625
0.040882110595703125
0.0388331413269043
0.10223197937011719
0.09713196754455566
0.0830230712890625
0.0679624080657959
0.05581259727478027
0.043669700622558594
0.028818845748901367
0.09999465942382812
0.08301997184753418
0.08436918258666992
0.07105708122253418
0.056656837463378906
0.04302334785461426
0.10882830619812012
0.09888052940368652
0.09082412719726562
0.0891883373260498
0.07528257369995117
0.06258344650268555
0.04770612716674805
0.033185482025146484
0.0940542221069336
0.08756566047668457
0.0820457935333252
0.06869316101074219
0.05473661422729492
0.03728342056274414
0.1040194034576416
0.08489418029785156
0.07088041305541992
0.06707572937011719
0.05312323570251465
0.0391840934753418
0.02523183822631836
0.0975651741027832
0.08455085754394531
0.07056689262390137
0.055321693420410156
0.0413362979888916
0.041135549545288086
0.02799677848815918
0.0874021053314209
0.07783102989196777
0.06522440910339355
0.05662798881530762
0.04155778884887695
0.023981571197509766
0.09798836708068848
0.08448433876037598
0.07598686218261719
0.058432579040527344
0.04423236846923828
0.029793262481689453
0.09066629409790039
0.0824887752532959
0.07564258575439453
0.06560254096984863
0.050618886947631836
0.033679962158203125
0.10399770736694336
0.08570170402526855
0.08222079277038574
0.06826138496398926
0.05405926704406738
0.039947509765625
0.10863018035888672
0.08431315422058105
0.07450985908508301
0.07258152961730957
0.05925941467285156
0.04666471481323242
0.10727214813232422
0.10234355926513672
0.08740758895874023
0.07217812538146973
0.05779099464416504
0.04218244552612305
0.03477191925048828
0.10281586647033691
0.08719062805175781
0.07214474678039551
0.0579984188079834
0.05561017990112305
0.04156994819641113
0.11437439918518066
0.08678793907165527
0.068206787109375
0.0577998161315918
0.04413723945617676
0.04093217849731445
0.10734796524047852
0.09464073181152344
0.08065629005432129
0.07741737365722656
0.06279468536376953
0.048192501068115234
0.04049277305603027
0.10556936264038086
0.08287954330444336
0.06862282752990723
0.055153846740722656
0.04200577735900879
0.03338003158569336
0.10329723358154297
0.08332633972167969
0.07333135604858398
0.061712026596069336
0.04396867752075195
0.029687881469726562
0.11073589324951172
0.09214615821838379
0.0782167911529541
0.07224607467651367
0.05877351760864258
0.04809999465942383
0.035794734954833984
0.10422348976135254
0.08456277847290039
0.07648491859436035
0.06583452224731445
0.05160093307495117
0.03766226768493652
0.1092216968536377
0.101104736328125
0.09592366218566895
0.08091211318969727
0.06656670570373535
0.05206799507141113
0.038565874099731445
0.10806632041931152
0.07984423637390137
0.07718181610107422
0.06285524368286133
0.04855608940124512
0.1275336742401123
0.09678959846496582
0.08663272857666016
0.0765223503112793
0.0623476505279541
0.04750490188598633
0.035592079162597656
0.11102819442749023
0.09174704551696777
0.0932774543762207
0.0786900520324707
0.0641791820526123
0.049813270568847656
0.03437614440917969
0.09256958961486816
0.08421611785888672
0.06167006492614746
0.047263383865356445
0.03238630294799805
0.01828908920288086
0.09103012084960938
0.07888102531433105
0.07101011276245117
0.06076455116271973
0.05072760581970215
0.043193817138671875
0.10805296897888184
0.10173201560974121
0.08779168128967285
0.0732431411743164
0.059274911880493164
0.05634808540344238
0.04909157752990723
0.037537336349487305
0.09558629989624023
0.07878947257995605
0.07111692428588867
0.06008172035217285
0.04517173767089844
0.030076265335083008
0.12066221237182617
0.09381103515625
0.07883334159851074
0.06387734413146973
0.048926353454589844
0.03098273277282715
0.1018211841583252
0.08117008209228516
0.07348895072937012
0.059517621994018555
0.04459238052368164
0.025124311447143555
0.09755468368530273
0.08179497718811035
0.0744025707244873
0.06780409812927246
0.05635952949523926
0.04471230506896973
0.11274576187133789
0.08974003791809082
0.07576107978820801
0.05980968475341797
0.04586219787597656
0.032588958740234375
0.02425360679626465
0.09465146064758301
0.07831954956054688
0.0656287670135498
0.05297136306762695
0.0410151481628418
0.028538942337036133
0.10652995109558105
0.08668136596679688
0.07928347587585449
0.06399273872375488
0.04976391792297363
0.040132761001586914
0.03155064582824707
0.09731292724609375
0.08806443214416504
0.07408785820007324
0.059739112854003906
0.054389238357543945
0.0399777889251709
0.024921655654907227
0.09411001205444336
0.08870816230773926
0.07475852966308594
0.06035256385803223
0.04537653923034668
0.025621414184570312
0.08693361282348633
0.07477355003356934
0.07262730598449707
0.05869174003601074
0.04141497611999512
0.02704453468322754
0.09809231758117676
0.08824610710144043
0.07703566551208496
0.06335234642028809
0.049742937088012695
0.04168391227722168
0.02939319610595703
0.08955121040344238
0.07633733749389648
0.06206178665161133
0.05288863182067871
0.03509378433227539
0.10800647735595703
0.09653115272521973
0.08506059646606445
0.07289552688598633
0.062058210372924805
0.0478513240814209
0.034096479415893555
0.020784378051757812
0.10472774505615234
0.09445476531982422
0.08086466789245605
0.06256437301635742
0.04859018325805664
0.03414440155029297
0.09189152717590332
0.0789644718170166
0.06711292266845703
0.053125619888305664
0.039424896240234375
0.02615642547607422
0.10414528846740723
0.08480525016784668
0.07068419456481934
0.05791616439819336
0.05328679084777832
0.10938596725463867
0.09680461883544922
0.08528518676757812
0.07509589195251465
0.07169675827026367
0.05154109001159668
0.036940813064575195
0.10215878486633301
0.08011078834533691
0.06504440307617188
0.05597066879272461
0.05322551727294922
0.04073071479797363
0.10444951057434082
0.0815114974975586
0.07529544830322266
0.07685136795043945
0.0658559799194336
0.051459312438964844
0.03742361068725586
0.09473133087158203
0.0838158130645752
0.06877756118774414
0.06168842315673828
0.06564140319824219
0.0524446964263916
0.10303926467895508
0.07805776596069336
0.08709192276000977
0.07346153259277344
0.058544158935546875
0.04351091384887695
0.10751748085021973
0.08685660362243652
0.06603455543518066
0.0519871711730957
0.0428929328918457
0.032291412353515625
0.10404229164123535
0.08765149116516113
0.07690739631652832
0.06265854835510254
0.04844021797180176
0.0334932804107666
0.029098033905029297
0.09141945838928223
0.09685635566711426
0.0834662914276123
0.06878209114074707
0.054831504821777344
0.039789676666259766
0.09177160263061523
0.08467364311218262
0.07015252113342285
0.05513715744018555
0.04046821594238281
0.036266326904296875
0.10579752922058105
0.09068107604980469
0.07559919357299805
0.061248064041137695
0.04715895652770996
0.03462505340576172
0.02937006950378418
0.0963892936706543
0.08117270469665527
0.06644153594970703
0.060724496841430664
0.04657697677612305
0.03223752975463867
0.10544180870056152
0.08496308326721191
0.07337784767150879
0.05899977684020996
0.044666290283203125
0.03426671028137207
0.028349637985229492
0.08978462219238281
0.09030342102050781
0.07187747955322266
0.05820608139038086
0.04392743110656738
0.029036283493041992
0.1003561019897461
0.08198213577270508
0.08364105224609375
0.06184124946594238
0.047400474548339844
0.032991647720336914
0.10662674903869629
0.08378839492797852
0.06978511810302734
0.057183027267456055
0.056973934173583984
0.04177737236022949
0.027565479278564453
0.09396982192993164
0.07911181449890137
0.07018876075744629
0.058921098709106445
0.051506996154785156
0.04048776626586914
0.10798978805541992
0.08236026763916016
0.0703880786895752
0.05811452865600586
0.052323341369628906
0.037886619567871094
0.024234294891357422
0.0929570198059082
0.08167219161987305
0.07082462310791016
0.0524594783782959
0.03844451904296875
0.027608633041381836
0.09122705459594727
0.08101654052734375
0.07383871078491211
0.05913901329040527
0.044728994369506836
0.031165599822998047
0.10294604301452637
0.09903526306152344
0.08512353897094727
0.07014846801757812
0.0558629035949707
0.04122662544250488
0.029010772705078125
0.09739279747009277
0.0838468074798584
0.0653228759765625
0.06566858291625977
0.05319547653198242
0.039472103118896484
0.10672831535339355
0.08437943458557129
0.0779263973236084
0.06435728073120117
0.049726009368896484
0.03178095817565918
0.11177682876586914
0.09770679473876953
0.09091043472290039
0.07619929313659668
0.061623573303222656
0.04757571220397949
0.032776594161987305
0.10525178909301758
0.08316493034362793
0.07309746742248535
0.058922767639160156
0.05180239677429199
0.03951859474182129
0.10446333885192871
0.08065342903137207
0.06824707984924316
0.05528402328491211
0.043112993240356445
0.0326840877532959
0.09054803848266602
0.07835912704467773
0.07304739952087402
0.05805659294128418
0.04354739189147949
0.029152870178222656
0.1071474552154541
0.08214569091796875
0.07645869255065918
0.0733642578125
0.05918693542480469
0.044905900955200195
0.028928518295288086
0.10617613792419434
0.09139823913574219
0.07771468162536621
0.06287884712219238
0.048319339752197266
0.03411388397216797
0.10417366027832031
0.1007387638092041
0.08701872825622559
0.07260394096374512
0.05841231346130371
0.043679237365722656
0.10750246047973633
0.08243346214294434
0.07745718955993652
0.06300520896911621
0.04855632781982422
0.03337287902832031
0.10876846313476562
0.08369898796081543
0.06885385513305664
0.07353329658508301
0.05935168266296387
0.0450899600982666
0.1038055419921875
0.0838460922241211
0.06852436065673828
0.06761860847473145
0.05346202850341797
0.03962254524230957
0.025338411331176758
0.09726786613464355
0.08758425712585449
0.07314372062683105
0.059441566467285156
0.04527163505554199
0.044303178787231445
0.030094623565673828
0.08848857879638672
0.07940554618835449
0.06156206130981445
0.04687070846557617
0.04149460792541504
0.03143644332885742
0.09874820709228516
0.08750557899475098
0.07357645034790039
0.05868124961853027
0.044384002685546875
0.027057170867919922
0.09043025970458984
0.08152937889099121
0.06681561470031738
0.05186939239501953
0.03782224655151367
0.1086890697479248
0.08755683898925781
0.08621859550476074
0.07627224922180176
0.061129093170166016
0.0428617000579834
0.10914874076843262
0.09866738319396973
0.10050320625305176
0.08568072319030762
0.07181072235107422
0.057616472244262695
0.04366278648376465
0.10910868644714355
0.10281085968017578
0.08645820617675781
0.07196879386901855
0.05749392509460449
0.05527496337890625
0.043290138244628906
0.10765814781188965
0.10035562515258789
0.08631682395935059
0.07140851020812988
0.05689120292663574
0.10578179359436035
0.08714747428894043
0.07297062873840332
0.06292390823364258
0.04834151268005371
0.03443455696105957
0.01871490478515625
0.08827853202819824
0.08665251731872559
0.07277631759643555
0.05840706825256348
0.043785810470581055
0.039153099060058594
0.10627031326293945
0.084808349609375
0.07066917419433594
0.06884503364562988
0.054850101470947266
0.040285348892211914
0.1098027229309082
0.09939169883728027
0.08480501174926758
0.07410907745361328
0.0718379020690918
0.05199003219604492
0.038657188415527344
0.10158562660217285
0.08472728729248047
0.07065939903259277
0.07238531112670898
0.05844569206237793
0.04447793960571289
0.03052067756652832
0.09783601760864258
0.10172271728515625
0.0877070426940918
0.07347774505615234
0.06160330772399902
0.04795026779174805
0.10600543022155762
0.08813118934631348
0.07412123680114746
0.06004834175109863
0.04556775093078613
0.03159332275390625
0.1072227954864502
0.1091468334197998
0.09521865844726562
0.08073258399963379
0.07050967216491699
0.056073904037475586
0.04242372512817383
0.028133869171142578
0.09759020805358887
0.0786600112915039
0.0778038501739502
0.0641026496887207
0.04985356330871582
0.03567075729370117
0.10380387306213379
0.09230899810791016
0.08360624313354492
0.06940984725952148
0.05458831787109375
0.041809797286987305
0.10906672477722168
0.12695980072021484
0.11266088485717773
0.09882426261901855
0.08098554611206055
0.06595158576965332
0.0591120719909668
0.10828495025634766
0.08156752586364746
0.06673526763916016
0.06269311904907227
0.0485537052154541
0.03465867042541504
0.09693408012390137
0.0798802375793457
0.07628488540649414
0.08254885673522949
0.06455016136169434
0.04918241500854492
0.09087753295898438
0.07646465301513672
0.07011985778808594
0.054839134216308594
0.040468692779541016
0.025580406188964844
0.10660982131958008
0.08761262893676758
0.07257461547851562
0.05818057060241699
0.048738718032836914
0.041558265686035156
0.11334013938903809
0.10715937614440918
0.09021902084350586
0.07597112655639648
0.061609506607055664
0.04726290702819824
0.03311896324157715
0.10989165306091309
0.0836191177368164
0.07329225540161133
0.0692892074584961
0.054215431213378906
0.03952360153198242
0.1062922477722168
0.08257889747619629
0.08379602432250977
0.061585426330566406
0.04705357551574707
0.032839298248291016
0.09028840065002441
0.08765959739685059
0.07361364364624023
0.05889487266540527
0.040764570236206055
0.026560068130493164
0.09966444969177246
0.09740757942199707
0.07932877540588379
0.060974836349487305
0.04630422592163086
0.03131461143493652
0.10146713256835938
0.08214521408081055
0.07680773735046387
0.06209206581115723
0.044023752212524414
0.028760194778442383
0.10472774505615234
0.09867620468139648
0.08550715446472168
0.07104086875915527
0.05735135078430176
0.038889169692993164
0.10281658172607422
0.09405159950256348
0.08000683784484863
0.06562495231628418
0.050788164138793945
0.03765296936035156
0.11023354530334473
0.08930826187133789
0.07844281196594238
0.06429815292358398
0.03092503547668457
0.10706901550292969
0.09067845344543457
0.08077597618103027
0.06631135940551758
0.05132746696472168
0.0357213020324707
0.041383981704711914
0.0988762378692627
0.0784296989440918
0.0799715518951416
0.07145190238952637
0.05787038803100586
0.03811764717102051
0.09544205665588379
0.08769869804382324
0.07250022888183594
0.07344794273376465
0.06094479560852051
0.04627203941345215
0.10555696487426758
0.08483123779296875
0.07414865493774414
0.07633137702941895
0.06182265281677246
0.04770517349243164
0.032772064208984375
0.09637808799743652
0.09943771362304688
0.09201574325561523
0.07778787612915039
0.06361865997314453
0.048932552337646484
0.03465104103088379
0.08947062492370605
0.07922101020812988
0.06510114669799805
0.06180977821350098
0.046533823013305664
0.03224968910217285
0.10216903686523438
0.10319113731384277
0.08891868591308594
0.07468271255493164
0.060546159744262695
0.04617881774902344
0.030673503875732422
0.09851455688476562
0.08171200752258301
0.06980276107788086
0.042877197265625
0.033766984939575195
0.10966300964355469
0.0824887752532959
0.07066941261291504
0.06163787841796875
0.04738259315490723
0.033815860748291016
0.02495098114013672
0.09308791160583496
0.08456873893737793
0.06922411918640137
0.05240607261657715
0.03703188896179199
0.03377342224121094
0.10551857948303223
0.08262181282043457
0.06822896003723145
0.056342124938964844
0.04685688018798828
0.0389711856842041
0.10898923873901367
0.08542537689208984
0.07171130180358887
0.060065269470214844
0.04577159881591797
0.027906417846679688
0.10620689392089844
0.08245372772216797
0.0740818977355957
0.0773153305053711
0.05966496467590332
0.045705318450927734
0.0904686450958252
0.07766270637512207
0.08124637603759766
0.06685376167297363
0.05210161209106445
0.03709816932678223
0.10480976104736328
0.08398270606994629
0.07489180564880371
0.059961557388305664
0.057830095291137695
0.04364466667175293
0.028819799423217773
0.08599305152893066
0.09760761260986328
0.08309602737426758
0.06947660446166992
0.05551791191101074
0.0412294864654541
0.1057593822479248
0.08476424217224121
0.08198118209838867
0.07396245002746582
0.061521291732788086
0.047843217849731445
0.11334776878356934
0.09596753120422363
0.08810925483703613
0.07384252548217773
0.05950117111206055
0.04113316535949707
0.11742019653320312
0.0918130874633789
0.07161808013916016
0.0579683780670166
0.05748462677001953
0.04395627975463867
0.10614752769470215
0.08472871780395508
0.06986451148986816
0.056679725646972656
0.04386138916015625
0.03515791893005371
0.09097409248352051
0.07103848457336426
0.058950185775756836
0.05292844772338867
0.03575539588928223
0.022170305252075195
0.1089627742767334
0.09534358978271484
0.08034205436706543
0.06541037559509277
0.050505876541137695
0.036512136459350586
0.11580491065979004
0.09461379051208496
0.0798792839050293
0.06498956680297852
0.052759647369384766
0.03885936737060547
0.08956551551818848
0.08046960830688477
0.06916046142578125
0.06195545196533203
0.05137896537780762
0.03886818885803223
0.1044003963470459
0.08392667770385742
0.06993627548217773
0.0565485954284668
0.045530080795288086
0.02775859832763672
0.09041976928710938
0.07849979400634766
0.06673502922058105
0.07005071640014648
0.056231021881103516
0.04148387908935547
0.1057443618774414
0.08195877075195312
0.07275915145874023
0.05848526954650879
0.04495859146118164
0.04042387008666992
0.10771775245666504
0.1105806827545166
0.0980231761932373
0.0836801528930664
0.06871819496154785
0.05496501922607422
0.0350031852722168
0.0881955623626709
0.07964897155761719
0.06550025939941406
0.05076861381530762
0.02119898796081543
0.10029983520507812
0.08457279205322266
0.08473587036132812
0.07024645805358887
0.0558013916015625
0.034615278244018555
0.1266322135925293
0.10495233535766602
0.0899655818939209
0.07547211647033691
0.06059670448303223
0.046376943588256836
0.03186345100402832
0.08986306190490723
0.07984113693237305
0.06542015075683594
0.06437039375305176
0.0499567985534668
0.0346531867980957
0.1034395694732666
0.08297371864318848
0.06989336013793945
0.0643162727355957
0.049918174743652344
0.035637855529785156
0.10673642158508301
0.09257006645202637
0.08322787284851074
0.06882715225219727
0.06452751159667969
0.046919822692871094
0.028778791427612305
0.10676836967468262
0.0858469009399414
0.0712883472442627
0.05689072608947754
0.051596879959106445
0.03885149955749512
0.11011338233947754
0.08709597587585449
0.08749771118164062
0.07320880889892578
0.05965065956115723
0.04604673385620117
0.11405634880065918
0.10602331161499023
0.09290838241577148
0.07856512069702148
0.06459689140319824
0.05080580711364746
0.03576231002807617
0.10719156265258789
0.08537173271179199
0.07694292068481445
0.05920243263244629
0.06106257438659668
0.046421051025390625
0.03212451934814453
0.09554505348205566
0.0832977294921875
0.08186149597167969
0.06356167793273926
0.049271583557128906
0.03525185585021973
0.10098147392272949
0.08484554290771484
0.07729983329772949
0.06331181526184082
0.04884672164916992
0.03478074073791504
0.0286099910736084
0.08787202835083008
0.0935666561126709
0.07950735092163086
0.06167912483215332
0.047389984130859375
0.0329587459564209
0.10433411598205566
0.08444499969482422
0.07498478889465332
0.06461691856384277
0.053995609283447266
0.04906010627746582
0.036524295806884766
0.0974891185760498
0.07995796203613281
0.07290196418762207
0.0644989013671875
0.046555519104003906
0.03220105171203613
0.09045219421386719
0.0758821964263916
0.06296324729919434
0.04964327812194824
0.04597806930541992
0.030855417251586914
0.09738039970397949
0.08647704124450684
0.06649374961853027
0.05252552032470703
0.0380859375
0.02122020721435547
0.09007525444030762
0.09176278114318848
0.0812535285949707
0.06626152992248535
0.049463748931884766
0.0341949462890625
0.09970712661743164
0.08554291725158691
0.0721132755279541
0.06203484535217285
0.04464602470397949
0.03786349296569824
0.10872173309326172
0.10641646385192871
0.09175682067871094
0.07748270034790039
0.039765119552612305
0.02588796615600586
0.09723591804504395
0.0851740837097168
0.0746772289276123
0.0573732852935791
0.04359602928161621
0.03000020980834961
0.10743498802185059
0.0986945629119873
0.09772896766662598
0.08846616744995117
0.0745697021484375
0.04714703559875488
0.03237605094909668
0.09588813781738281
0.08323383331298828
0.0710606575012207
0.06938910484313965
0.05513787269592285
0.03992581367492676
0.11079597473144531
0.09909343719482422
0.0828399658203125
0.06866097450256348
0.05480551719665527
0.03983759880065918
0.10875606536865234
0.09287571907043457
0.08504223823547363
0.0746004581451416
0.06850719451904297
0.05456686019897461
0.03462529182434082
0.10161662101745605
0.09403395652770996
0.07979846000671387
0.06548547744750977
0.05096745491027832
0.035904645919799805
0.10584330558776855
0.08614277839660645
0.07637405395507812
0.0767214298248291
0.06393671035766602
0.04948091506958008
0.03545713424682617
0.08786153793334961
0.07573127746582031
0.06699109077453613
0.05237627029418945
0.039357662200927734
0.030939579010009766
0.09024953842163086
0.07361221313476562
0.0648958683013916
0.05380582809448242
0.039688825607299805
0.02499866485595703
0.10131120681762695
0.0944066047668457
0.09282255172729492
0.07834696769714355
0.06406855583190918
0.04955577850341797
0.03520536422729492
0.10027289390563965
0.08195090293884277
0.0767371654510498
0.062070369720458984
0.047475337982177734
0.04220938682556152
0.10572147369384766
0.08227801322937012
0.07692146301269531
0.06216311454772949
0.04685068130493164
0.02866506576538086
0.10301470756530762
0.08049798011779785
0.07056617736816406
0.059288978576660156
0.054779052734375
0.044092655181884766
0.10628390312194824
0.08974289894104004
0.07535195350646973
0.06554818153381348
0.05165290832519531
0.03701591491699219
0.02829265594482422
0.11051058769226074
0.10109472274780273
0.08717775344848633
0.07319855690002441
0.05628323554992676
0.04648923873901367
0.1013028621673584
0.07789182662963867
0.06532859802246094
0.052405357360839844
0.04697275161743164
0.032874107360839844
0.0992424488067627
0.0956869125366211
0.0806119441986084
0.06562519073486328
0.05157947540283203
0.03751373291015625
0.10607504844665527
0.09184384346008301
0.07728695869445801
0.07807445526123047
0.06039690971374512
0.03908395767211914
0.10626482963562012
0.08189702033996582
0.0691072940826416
0.06572628021240234
0.05154561996459961
0.03400993347167969
0.10742473602294922
0.08755207061767578
0.06908941268920898
0.05485057830810547
0.040879249572753906
0.03170919418334961
0.09231901168823242
0.07778620719909668
0.07001352310180664
0.05568861961364746
0.04109907150268555
0.026522397994995117
0.10176491737365723
0.08217167854309082
0.0701761245727539
0.058409690856933594
0.04622602462768555
0.10712432861328125
0.0922844409942627
0.07924199104309082
0.07861661911010742
0.06693816184997559
0.04843592643737793
0.03416109085083008
0.10172033309936523
0.0858926773071289
0.07496929168701172
0.072052001953125
0.05840110778808594
0.040442466735839844
0.10645532608032227
0.08697175979614258
0.06763267517089844
0.05846834182739258
0.043639183044433594
0.029931306838989258
0.10521864891052246
0.08715581893920898
0.07285213470458984
0.058713674545288086
0.047980546951293945
0.03533172607421875
0.029181241989135742
0.0972747802734375
0.0795128345489502
0.0722813606262207
0.05802464485168457
0.04810047149658203
0.03898310661315918
0.02517414093017578
0.09723377227783203
0.0802919864654541
0.06616783142089844
0.057054996490478516
0.050658464431762695
0.03621721267700195
0.1084897518157959
0.08516883850097656
0.07282900810241699
0.06000089645385742
0.0478513240814209
0.03795599937438965
0.028220415115356445
0.09668636322021484
0.07905220985412598
0.07114195823669434
0.056976318359375
0.05187249183654785
0.05395841598510742
0.10663747787475586
0.08006429672241211
0.04588747024536133
0.03679656982421875
0.019755125045776367
0.09940290451049805
0.08557820320129395
0.07944083213806152
0.06535625457763672
0.05041980743408203
0.04447650909423828
0.107635498046875
0.0777888298034668
0.06488704681396484
0.0629265308380127
0.04983329772949219
0.0364072322845459
0.10552215576171875
0.08863282203674316
0.07499074935913086
0.06072258949279785
0.039383888244628906
0.02626657485961914
0.10721921920776367
0.10311651229858398
0.08851981163024902
0.07442522048950195
0.05998682975769043
0.04529094696044922
0.03000664710998535
0.10535883903503418
0.1009988784790039
0.08701896667480469
0.07304930686950684
0.05903506278991699
0.04507637023925781
0.03012537956237793
0.09226655960083008
0.08101344108581543
0.07842898368835449
0.06442952156066895
0.05059647560119629
0.03633570671081543
0.10658526420593262
0.08388066291809082
0.0756995677947998
0.0681142807006836
0.05368185043334961
0.03665471076965332
0.02307748794555664
0.08845162391662598
0.0880734920501709
0.07303547859191895
0.05856609344482422
0.04480791091918945
0.030635356903076172
0.10234451293945312
0.0957479476928711
0.08400559425354004
0.06971883773803711
0.05540728569030762
0.0413973331451416
0.02603912353515625
0.09513330459594727
0.08339595794677734
0.07348108291625977
0.05905294418334961
0.04561114311218262
0.02975940704345703
0.10676217079162598
0.09744000434875488
0.08332395553588867
0.06527876853942871
0.05076146125793457
0.03328442573547363
0.018982648849487305
0.09112238883972168
0.0767049789428711
0.0634925365447998
0.06461191177368164
0.05034303665161133
0.03248953819274902
0.10216331481933594
0.09859752655029297
0.08507108688354492
0.06561064720153809
0.050481319427490234
0.0361323356628418
0.10754561424255371
0.08588242530822754
0.07172203063964844
0.05879855155944824
0.061266422271728516
0.047049522399902344
0.032468557357788086
0.0903632640838623
0.07835865020751953
0.07344341278076172
0.06364703178405762
0.049269676208496094
0.034596920013427734
0.10998106002807617
0.08707022666931152
0.0760946273803711
0.06920981407165527
0.05480074882507324
0.0406496524810791
0.11090755462646484
0.08901333808898926
0.07479262351989746
0.060663461685180664
0.0456233024597168
0.04207897186279297
0.03232288360595703
0.08870482444763184
0.0832219123840332
0.06908607482910156
0.05441713333129883
0.04023313522338867
0.027065515518188477
0.10551214218139648
0.09639906883239746
0.08330225944519043
0.0689229965209961
0.05447793006896973
0.039292097091674805
0.10761833190917969
0.09492254257202148
0.08685851097106934
0.07204508781433105
0.05860590934753418
0.053449392318725586
0.03958702087402344
0.025477886199951172
0.09601521492004395
0.07710623741149902
0.06604933738708496
0.05111122131347656
0.03666424751281738
0.030409574508666992
0.10017967224121094
0.08168387413024902
0.07108759880065918
0.05711507797241211
0.04120159149169922
0.035835981369018555
0.021860599517822266
0.10911035537719727
0.09108805656433105
0.07616376876831055
0.06127572059631348
0.04513430595397949
0.030303239822387695
0.10407733917236328
0.08140826225280762
0.06860947608947754
0.07201480865478516
0.05784320831298828
0.04352688789367676
0.02901935577392578
0.08916115760803223
0.09697318077087402
0.08275365829467773
0.06933736801147461
0.0544285774230957
0.03644561767578125
0.10384726524353027
0.08090472221374512
0.06809854507446289
0.056036949157714844
0.04303789138793945
0.03400540351867676
0.10757112503051758
0.10890603065490723
0.0943598747253418
0.09860658645629883
0.08610725402832031
0.07224154472351074
0.10772562026977539
0.07434725761413574
0.05761528015136719
0.04541754722595215
0.040584564208984375
0.03432488441467285
0.09380865097045898
0.08978581428527832
0.07980775833129883
0.06541800498962402
0.05109524726867676
0.03638792037963867
0.1062614917755127
0.09208965301513672
0.09690690040588379
0.08258390426635742
0.06837654113769531
0.05326676368713379
0.03855729103088379
0.10955405235290527
0.09637045860290527
0.07826924324035645
0.056810855865478516
0.0419774055480957
0.029383420944213867
0.10284829139709473
0.08592367172241211
0.0717918872833252
0.06799960136413574
0.05636906623840332
0.04117417335510254
0.026149749755859375
0.0883338451385498
0.07947564125061035
0.07125711441040039
0.057066917419433594
0.04306173324584961
0.02819967269897461
0.1035776138305664
0.08299708366394043
0.07400846481323242
0.0624697208404541
0.058109283447265625
0.04566001892089844
0.03452944755554199
0.09732174873352051
0.08172869682312012
0.07379603385925293
0.062161922454833984
0.047435760498046875
0.032881975173950195
0.1024160385131836
0.08182621002197266
0.08108139038085938
0.06314349174499512
0.042473554611206055
0.02758049964904785
0.12000679969787598
0.10313105583190918
0.08934879302978516
0.0759725570678711
0.060961008071899414
0.04659414291381836
0.03201413154602051
0.10530376434326172
0.09130024909973145
0.0767359733581543
0.06245231628417969
0.04782724380493164
0.03292036056518555
0.12243223190307617
0.10272336006164551
0.08772826194763184
0.07001948356628418
0.05182194709777832
0.03923296928405762
0.10474014282226562
0.08279919624328613
0.06969189643859863
0.06741452217102051
0.05404019355773926
0.039891719818115234
0.10599970817565918
0.09161186218261719
0.0897834300994873
0.07454085350036621
0.06082749366760254
0.046625614166259766
0.11333346366882324
0.11026382446289062
0.09614753723144531
0.0827481746673584
0.06494903564453125
0.04630708694458008
0.031239748001098633
0.09805536270141602
0.08080387115478516
0.06794238090515137
0.06398367881774902
0.05498361587524414
0.03771090507507324
0.10292339324951172
0.08165216445922852
0.07236123085021973
0.05886507034301758
0.04498624801635742
0.03466653823852539
0.020062685012817383
0.0885322093963623
0.07997751235961914
0.07419991493225098
0.0523374080657959
0.03766584396362305
0.023773670196533203
0.09752249717712402
0.0881052017211914
0.07413363456726074
0.0665135383605957
0.04660344123840332
0.03246116638183594
0.1067664623260498
0.08548760414123535
0.07138371467590332
0.058309078216552734
0.05241227149963379
0.043376922607421875
0.028969287872314453
0.10295367240905762
0.08894181251525879
0.0775759220123291
0.06493973731994629
0.049785614013671875
0.03565049171447754
0.10640501976013184
0.08588027954101562
0.07525157928466797
0.06090283393859863
0.0421142578125
0.027462005615234375
0.10593748092651367
0.08580946922302246
0.07580065727233887
0.06077289581298828
0.04591941833496094
0.027970552444458008
0.10346388816833496
0.08185100555419922
0.08369731903076172
0.0634467601776123
0.048525333404541016
0.033807992935180664
0.1013338565826416
0.0906515121459961
0.07555532455444336
0.06100773811340332
0.04639172554016113
0.03210735321044922
0.022147655487060547
0.07778739929199219
0.06919145584106445
0.06262612342834473
0.047940969467163086
0.03331351280212402
0.10854315757751465
0.09715557098388672
0.08245015144348145
0.07536077499389648
0.0543522834777832
0.03974723815917969
0.02991509437561035
0.1002800464630127
0.09493660926818848
0.0810096263885498
0.06930255889892578
0.05512666702270508
0.040863752365112305
0.11726760864257812
0.09758114814758301
0.08306097984313965
0.06770873069763184
0.05304741859436035
0.0417933464050293
0.03419137001037598
0.10928940773010254
0.09193158149719238
0.07726812362670898
0.06297540664672852
0.04864501953125
0.03447246551513672
0.01972794532775879
0.09175777435302734
0.08103680610656738
0.06686544418334961
0.06302905082702637
0.0489201545715332
0.031279563903808594
0.10022735595703125
0.08605003356933594
0.0812218189239502
0.06616449356079102
0.05119609832763672
0.03689694404602051
0.022580623626708984
0.0880429744720459
0.07938241958618164
0.06879329681396484
0.054502010345458984
0.040231943130493164
0.01944112777709961
0.09680843353271484
0.0846714973449707
0.0707697868347168
0.07300472259521484
0.05906248092651367
0.04431724548339844
0.030292987823486328
0.09593486785888672
0.08405399322509766
0.06970834732055664
0.0587611198425293
0.047035932540893555
0.018837928771972656
0.09353470802307129
0.0820763111114502
0.06990671157836914
0.06720590591430664
0.053327083587646484
0.039206743240356445
0.024745702743530273
0.08797645568847656
0.0965278148651123
0.08848690986633301
0.07454466819763184
0.0596463680267334
0.04464125633239746
0.10302901268005371
0.08997178077697754
0.08524608612060547
0.07262563705444336
0.06061863899230957
0.045641422271728516
0.10597419738769531
0.08688855171203613
0.07262253761291504
0.061330318450927734
0.030425071716308594
0.10504293441772461
0.08150887489318848
0.07068109512329102
0.056520700454711914
0.04225325584411621
0.035013437271118164
0.10477185249328613
0.08395814895629883
0.06873083114624023
0.07030010223388672
0.05589127540588379
0.040978431701660156
0.026633501052856445
0.09589338302612305
0.0864095687866211
0.07227873802185059
0.057776689529418945
0.04014420509338379
0.02542734146118164
0.09338116645812988
0.08243179321289062
0.0748131275177002
0.060735225677490234
0.04631853103637695
0.03188681602478027
0.10672521591186523
0.08640766143798828
0.07868289947509766
0.06675577163696289
0.05235457420349121
0.03837227821350098
0.12807726860046387
0.10431623458862305
0.09028124809265137
0.07579779624938965
0.06147313117980957
0.04653596878051758
0.032097816467285156
0.08892965316772461
0.07702803611755371
0.07146525382995605
0.05634903907775879
0.041854143142700195
0.027660369873046875
0.10828065872192383
0.09379386901855469
0.0917055606842041
0.07756662368774414
0.0632624626159668
0.04929304122924805
0.03478837013244629
0.0879058837890625
0.09340286254882812
0.08091545104980469
0.06747078895568848
0.0525355339050293
0.031391143798828125
0.09918904304504395
0.08990311622619629
0.07579684257507324
0.06062817573547363
0.0459437370300293
0.03183436393737793
0.028635501861572266
0.10012078285217285
0.08318781852722168
0.07864522933959961
0.06446528434753418
0.04979348182678223
0.03535819053649902
0.02110886573791504
0.10743284225463867
0.09643030166625977
0.08252596855163574
0.06838393211364746
0.054208993911743164
0.0398716926574707
0.10789656639099121
0.09859323501586914
0.0840451717376709
0.0691218376159668
0.05487251281738281
0.0379328727722168
0.11122298240661621
0.09056258201599121
0.0765225887298584
0.06201434135437012
0.0471644401550293
0.03272652626037598
0.022730588912963867
0.08796548843383789
0.07964730262756348
0.07176661491394043
0.054331064224243164
0.03988242149353027
0.025486230850219727
0.0901639461517334
0.08076071739196777
0.03595590591430664
0.027053117752075195
0.1094200611114502
0.09462881088256836
0.07647323608398438
0.058594465255737305
0.040871381759643555
0.02302074432373047
0.10375094413757324
0.10037994384765625
0.08617663383483887
0.07233643531799316
0.05772256851196289
0.04314136505126953
0.028604507446289062
0.08853983879089355
0.08555960655212402
0.07137036323547363
0.05661296844482422
0.04159808158874512
0.0275118350982666
0.1031949520111084
0.09763813018798828
0.08364439010620117
0.06915473937988281
0.05563783645629883
0.04116368293762207
0.11797285079956055
0.08529138565063477
0.07130765914916992
0.05733537673950195
0.05666351318359375
0.04417300224304199
0.10866999626159668
0.09564638137817383
0.0836033821105957
0.07443952560424805
0.060003042221069336
0.04625749588012695
0.04196619987487793
0.11301779747009277
0.09216094017028809
0.08134961128234863
0.06729841232299805
0.05310416221618652
0.04835939407348633
0.028638124465942383
0.08854913711547852
0.08018898963928223
0.0693967342376709
0.05538296699523926
0.04099082946777344
0.03188467025756836
0.1163794994354248
0.09090280532836914
0.07664299011230469
0.06996965408325195
0.055789947509765625
0.041335344314575195
0.027050495147705078
0.10440468788146973
0.08731770515441895
0.07267880439758301
0.05784273147583008
0.04349112510681152
0.04308676719665527
0.10926151275634766
0.10216212272644043
0.08851265907287598
0.07409858703613281
0.059587955474853516
0.04583907127380371
0.034595489501953125
0.11102890968322754
0.10575437545776367
0.09763789176940918
0.08432579040527344
0.06949162483215332
0.055303335189819336
0.03818821907043457
0.0898585319519043
0.07681393623352051
0.06788063049316406
0.05007195472717285
0.0401914119720459
0.026266813278198242
0.09027862548828125
0.0805666446685791
0.06721758842468262
0.05721688270568848
0.03908371925354004
0.024179458618164062
0.09787225723266602
0.08563399314880371
0.07473182678222656
0.06038689613342285
0.0398709774017334
0.03036332130432129
0.10927033424377441
0.09238386154174805
0.07523655891418457
0.06140732765197754
0.05235743522644043
0.038399457931518555
0.10715317726135254
0.09399819374084473
0.08357071876525879
0.07591056823730469
0.06424808502197266
0.04778552055358887
0.03460121154785156
0.09790325164794922
0.08292841911315918
0.06875920295715332
0.06505656242370605
0.05733990669250488
0.04434037208557129
0.031096458435058594
0.09537649154663086
0.08319616317749023
0.0679783821105957
0.0507199764251709
0.0398104190826416
0.025380849838256836
0.10066819190979004
0.085479736328125
0.07134652137756348
0.06435441970825195
0.054402828216552734
0.04022622108459473
0.025716304779052734
0.08985161781311035
0.09615659713745117
0.08111381530761719
0.06630873680114746
0.05063223838806152
0.03628087043762207
0.08978867530822754
0.0778958797454834
0.06891274452209473
0.06167006492614746
0.047438621520996094
0.030001163482666016
0.08060097694396973
0.0679025650024414
0.07030987739562988
0.05401611328125
0.03968930244445801
0.11069202423095703
0.08585119247436523
0.0879206657409668
0.07983279228210449
0.0657646656036377
0.05149245262145996
0.037236928939819336
0.08839774131774902
0.08045578002929688
0.0696563720703125
0.05697131156921387
0.043004751205444336
0.029100894927978516
0.10570120811462402
0.09914350509643555
0.0837247371673584
0.06946587562561035
0.05512094497680664
0.027019262313842773
0.09031987190246582
0.08555412292480469
0.07131457328796387
0.0572504997253418
0.04259014129638672
0.029845714569091797
0.09081435203552246
0.09262275695800781
0.07769632339477539
0.059799909591674805
0.04620957374572754
0.032172441482543945
0.11461973190307617
0.0984501838684082
0.08394312858581543
0.06958341598510742
0.052086591720581055
0.03769421577453613
0.10705256462097168
0.09576034545898438
0.07834410667419434
0.06417417526245117
0.04926729202270508
0.03712582588195801
0.02808856964111328
0.09274983406066895
0.0782783031463623
0.06717944145202637
0.052800655364990234
0.03827381134033203
0.029224634170532227
0.10454726219177246
0.08886432647705078
0.07536864280700684
0.06101036071777344
0.04632377624511719
0.04211115837097168
0.028605222702026367
0.08872532844543457
0.07985162734985352
0.07188940048217773
0.05745220184326172
0.04317283630371094
0.02788567543029785
0.10803818702697754
0.08716320991516113
0.07241415977478027
0.06130671501159668
0.046958208084106445
0.03199005126953125
0.031761884689331055
0.10012292861938477
0.0841524600982666
0.0701444149017334
0.058309316635131836
0.045586347579956055
0.043570518493652344
0.11443734169006348
0.09584712982177734
0.08301115036010742
0.06827092170715332
0.05364060401916504
0.03860926628112793
0.10838890075683594
0.09840583801269531
0.08330678939819336
0.06863546371459961
0.05755496025085449
0.05411672592163086
0.03575634956359863
0.09238266944885254
0.08072018623352051
0.0741264820098877
0.06071162223815918
0.03265571594238281
0.10303378105163574
0.08817601203918457
0.07715296745300293
0.06598877906799316
0.052282094955444336
0.03706002235412598
0.022823810577392578
0.09034371376037598
0.0932474136352539
0.07902145385742188
0.06461405754089355
0.05054211616516113
0.03658342361450195
0.10306954383850098
0.08503913879394531
0.07388973236083984
0.05942678451538086
0.04535627365112305
0.04105877876281738
0.027162551879882812
0.08835506439208984
0.08007407188415527
0.06539654731750488
0.05106353759765625
0.0392155647277832
0.02715158462524414
0.09428763389587402
0.0863034725189209
0.07185244560241699
0.05382513999938965
0.039398193359375
0.030989408493041992
0.09023380279541016
0.08501219749450684
0.0832817554473877
0.06827402114868164
0.054320335388183594
0.04085564613342285
0.10663819313049316
0.08883309364318848
0.07461833953857422
0.060134172439575195
0.05315113067626953
0.038537025451660156
0.024008512496948242
0.09532785415649414
0.09385395050048828
0.07585906982421875
0.06193423271179199
0.04723477363586426
0.02988457679748535
0.10145425796508789
0.0825960636138916
0.08112025260925293
0.059716224670410156
0.04526996612548828
0.030976533889770508
0.10377335548400879
0.08284163475036621
0.08028292655944824
0.07236671447753906
0.05824470520019531
0.043712615966796875
0.029081344604492188
0.09217572212219238
0.0782022476196289
0.06492733955383301
0.06132793426513672
0.04676103591918945
0.032335519790649414
0.10427260398864746
0.08441543579101562
0.07313919067382812
0.0578768253326416
0.04358172416687012
0.030937910079956055
0.01819920539855957
0.08856344223022461
0.07946896553039551
0.06842875480651855
0.05366110801696777
0.0391993522644043
0.03538155555725098
0.10749483108520508
0.09895014762878418
0.08814668655395508
0.07366657257080078
0.0527801513671875
0.03832221031188965
0.10344958305358887
0.08251190185546875
0.07697153091430664
0.06561708450317383
0.05110359191894531
0.03660392761230469
0.02158188819885254
0.09046792984008789
0.07712745666503906
0.07654809951782227
0.06187796592712402
0.047501564025878906
0.03310346603393555
0.1041719913482666
0.08804440498352051
0.07374882698059082
0.0585024356842041
0.04438948631286621
0.03464794158935547
0.020190715789794922
0.1047525405883789
0.0888223648071289
0.07410788536071777
0.05649876594543457
0.041420698165893555
0.027111053466796875
0.10529398918151855
0.08939933776855469
0.07523202896118164
0.057434797286987305
0.039186954498291016
0.03632497787475586
0.10171079635620117
0.08265042304992676
0.061180830001831055
0.06008315086364746
0.04677629470825195
0.034088134765625
0.09946489334106445
0.08892035484313965
0.08324384689331055
0.06878042221069336
0.05501246452331543
0.04007983207702637
0.024971723556518555
0.09983611106872559
0.0827171802520752
0.06774425506591797
0.06735968589782715
0.05297279357910156
0.038735389709472656
0.02434515953063965
0.08911275863647461
0.07718539237976074
0.07967638969421387
0.0660862922668457
0.05220913887023926
0.038149118423461914
0.10533738136291504
0.10455465316772461
0.0897972583770752
0.07542538642883301
0.060761451721191406
0.04636025428771973
0.03179335594177246
0.08863186836242676
0.0918426513671875
0.08199334144592285
0.06769919395446777
0.053299903869628906
0.038604021072387695
0.10564613342285156
0.0827326774597168
0.08053040504455566
0.07394170761108398
0.06145000457763672
0.04680514335632324
0.03235220909118652
0.09833335876464844
0.08480691909790039
0.06988906860351562
0.06633210182189941
0.05394148826599121
0.039600372314453125
0.10624051094055176
0.081298828125
0.07566714286804199
0.06870555877685547
0.05480623245239258
0.04086041450500488
0.03554129600524902
0.1016697883605957
0.08653712272644043
0.07232046127319336
0.05801200866699219
0.04356527328491211
0.029059410095214844
0.10613751411437988
0.08642959594726562
0.08131027221679688
0.07427573204040527
0.052154541015625
0.03783082962036133
0.0234525203704834
0.08887124061584473
0.08025121688842773
0.07235074043273926
0.05760693550109863
0.043222665786743164
0.028334856033325195
0.10445523262023926
0.08512687683105469
0.08510470390319824
0.07186579704284668
0.058512210845947266
0.0449678897857666
0.030431032180786133
0.10619521141052246
0.09290719032287598
0.07843136787414551
0.06366109848022461
0.049169063568115234
0.0339055061340332
0.10757160186767578
0.10771703720092773
0.09325838088989258
0.07877254486083984
0.06435203552246094
0.05001068115234375
0.03613400459289551
0.09642791748046875
0.08999872207641602
0.07547545433044434
0.05520367622375488
0.039809226989746094
0.0255584716796875
0.10163259506225586
0.08515048027038574
0.07411503791809082
0.05993056297302246
0.04530644416809082
0.03907632827758789
0.027233123779296875
0.08887624740600586
0.0796809196472168
0.07512569427490234
0.060632944107055664
0.04526257514953613
0.030524492263793945
0.10925006866455078
0.08636927604675293
0.07208967208862305
0.061364173889160156
0.050339698791503906
0.04441332817077637
0.031575679779052734
0.0952146053314209
0.0911104679107666
0.0814828872680664
0.06704568862915039
0.052407264709472656
0.03805088996887207
0.10446596145629883
0.0823829174041748
0.07017350196838379
0.0606844425201416
0.04945564270019531
0.035027503967285156
0.020711183547973633
0.10031008720397949
0.08276963233947754
0.07126498222351074
0.05701851844787598
0.04629683494567871
0.031838178634643555
0.0210573673248291
0.09807515144348145
0.0856637954711914
0.07413768768310547
0.06300640106201172
0.04834866523742676
0.03382372856140137
0.10457468032836914
0.08522915840148926
0.07099390029907227
0.06853985786437988
0.05440497398376465
0.03267312049865723
0.10339188575744629
0.09505200386047363
0.0800466537475586
0.06553959846496582
0.05121755599975586
0.03684735298156738
0.03141665458679199
0.08873629570007324
0.08046483993530273
0.06598329544067383
0.051931142807006836
0.04985499382019043
0.03558754920959473
0.10426473617553711
0.09531998634338379
0.0807652473449707
0.06652307510375977
0.052021026611328125
0.04435086250305176
0.030991792678833008
0.08818602561950684
0.09415698051452637
0.07956838607788086
0.06436371803283691
0.050011396408081055
0.03577470779418945
0.10363173484802246
0.08565807342529297
