0.09698915481567383
0.08887839317321777
0.06989860534667969
0.05984306335449219
0.05849051475524902
0.044560909271240234
0.10377645492553711
0.08312797546386719
0.0729680061340332
0.05804777145385742
0.04406881332397461
0.03426933288574219
0.10683178901672363
0.08296465873718262
0.07348275184631348
0.06947493553161621
0.055884599685668945
0.04176807403564453
0.027217626571655273
0.09777021408081055
0.08506464958190918
0.07085609436035156
0.05743598937988281
0.045194387435913086
0.031161785125732422
0.10530972480773926
0.09317851066589355
0.07889890670776367
0.060880184173583984
0.047209978103637695
0.03290200233459473
0.10184025764465332
0.08555364608764648
0.07141709327697754
0.06513261795043945
0.055779457092285156
0.043399810791015625
0.10681796073913574
0.10137248039245605
0.08476138114929199
0.07099103927612305
0.05302906036376953
0.03909468650817871
0.1046147346496582
0.09366917610168457
0.07964038848876953
0.0812997817993164
0.0668642520904541
0.05202221870422363
0.1194758415222168
0.07755231857299805
0.05536770820617676
0.053061723709106445
0.038683414459228516
0.023804903030395508
0.09558963775634766
0.0795753002166748
0.06868839263916016
0.0632638931274414
0.04869699478149414
0.03440427780151367
0.11627674102783203
0.0916738510131836
0.07737183570861816
0.0630955696105957
0.04854536056518555
0.03418755531311035
0.031113147735595703
0.08948993682861328
0.07681775093078613
0.08312034606933594
0.06872224807739258
0.05477404594421387
0.036720991134643555
0.08594226837158203
0.0900721549987793
0.07513546943664551
0.06148052215576172
0.047045230865478516
0.03222990036010742
0.09770894050598145
0.08733463287353516
0.08287525177001953
0.06783103942871094
0.05310940742492676
0.07287263870239258
0.05893683433532715
0.0977485179901123
0.08600115776062012
0.07202792167663574
0.05626487731933594
0.10774779319763184
0.09847068786621094
0.08607959747314453
0.07018065452575684
0.05559372901916504
0.05856776237487793
0.045809030532836914
0.11205053329467773
0.08848190307617188
0.07441234588623047
0.05999159812927246
0.0488896369934082
0.03075551986694336
0.10421514511108398
0.10055971145629883
0.08636999130249023
0.07178902626037598
0.057654619216918945
0.0433351993560791
0.02937006950378418
0.08932685852050781
0.08008837699890137
0.06574869155883789
0.04806709289550781
0.029992103576660156
0.021175146102905273
0.09386301040649414
0.08146977424621582
0.07631850242614746
0.07555460929870605
0.06293702125549316
0.047823429107666016
0.03364872932434082
0.09429359436035156
0.09594607353210449
0.07803511619567871
0.06286311149597168
0.04784250259399414
0.03323101997375488
0.1014859676361084
0.08494949340820312
0.0824270248413086
0.06455612182617188
0.049448490142822266
0.034429073333740234
0.09272456169128418
0.07801985740661621
0.07252979278564453
0.05814838409423828
0.04384422302246094
0.028641939163208008
0.09619736671447754
0.08163332939147949
0.06724834442138672
0.05397820472717285
0.05455970764160156
0.04037880897521973
0.08331990242004395
0.06854772567749023
0.06358122825622559
0.0494992733001709
0.03501391410827637
0.03241991996765137
0.10363912582397461
0.08570623397827148
0.0717320442199707
0.06504082679748535
0.04683542251586914
0.02925395965576172
0.10008716583251953
0.08499860763549805
0.07395577430725098
0.06257486343383789
0.048270225524902344
0.027637004852294922
0.11290979385375977
0.08999061584472656
0.07509136199951172
0.0608677864074707
0.05084943771362305
0.04547929763793945
0.031133413314819336
0.09960746765136719
0.07970285415649414
0.07746767997741699
0.06318402290344238
0.04799079895019531
0.03356814384460449
0.12279701232910156
0.09863018989562988
0.08453226089477539
0.06997823715209961
0.05663919448852539
0.043550968170166016
0.10619711875915527
0.08816814422607422
0.08774924278259277
0.08574175834655762
0.07173752784729004
0.05783987045288086
0.04289650917053223
0.09954953193664551
0.0837256908416748
0.06929945945739746
0.05909156799316406
0.026406288146972656
0.10895037651062012
0.08718132972717285
0.06806564331054688
0.06896066665649414
0.04135704040527344
0.02779245376586914
0.09000444412231445
0.08504033088684082
0.07000994682312012
0.056107282638549805
0.04114651679992676
0.03496813774108887
0.10988855361938477
0.10168004035949707
0.08773350715637207
0.07363772392272949
0.059530019760131836
0.05654621124267578
0.0422365665435791
0.10967659950256348
0.09387040138244629
0.07943391799926758
0.06490921974182129
0.047078609466552734
0.0287477970123291
0.09552788734436035
0.08095097541809082
0.06702446937561035
0.050884246826171875
0.036889076232910156
0.02998042106628418
0.11926889419555664
0.10302877426147461
0.08503580093383789
0.07060527801513672
0.054502010345458984
0.04027748107910156
0.134993314743042
0.11296987533569336
0.09809374809265137
0.08327078819274902
0.06929397583007812
0.053389787673950195
0.10564684867858887
0.08086824417114258
0.06673431396484375
0.06796383857727051
0.05399441719055176
0.03902578353881836
0.1128075122833252
0.10525178909301758
0.09994721412658691
0.08501124382019043
0.07089781761169434
0.05643439292907715
0.11379146575927734
0.09515023231506348
0.0804135799407959
0.06547141075134277
0.0509791374206543
0.036670684814453125
0.08668851852416992
0.08054757118225098
0.06558704376220703
0.05187368392944336
0.029673099517822266
0.021947145462036133
0.09067368507385254
0.09612536430358887
0.08173179626464844
0.06780767440795898
0.0532071590423584
0.038732051849365234
0.1102752685546875
0.10042762756347656
0.08575296401977539
0.08342528343200684
0.06962943077087402
0.054960012435913086
0.03674459457397461
0.09509825706481934
0.08736991882324219
0.06952714920043945
0.055399179458618164
0.04095172882080078
0.026563644409179688
0.11685323715209961
0.09893536567687988
0.08445501327514648
0.07016444206237793
0.05559563636779785
0.03802847862243652
0.10681414604187012
0.0928351879119873
0.0787198543548584
0.07807493209838867
0.06465363502502441
0.05034232139587402
0.11356282234191895
0.08000755310058594
0.06077933311462402
0.060861825942993164
0.045957088470458984
0.03096318244934082
0.12253952026367188
0.11237692832946777
0.09696197509765625
0.07821941375732422
0.06322240829467773
0.04827690124511719
0.09601759910583496
0.06711769104003906
0.054782867431640625
0.04158759117126465
0.03892827033996582
0.11339902877807617
0.1013803482055664
0.08771419525146484
0.07350683212280273
0.05536937713623047
0.03685450553894043
0.10906529426574707
0.08242177963256836
0.07801103591918945
0.04448294639587402
0.11743640899658203
0.0930335521697998
0.0878591537475586
0.07373285293579102
0.05936002731323242
0.04478788375854492
0.03577709197998047
0.1107778549194336
0.12823724746704102
0.11325573921203613
0.09878301620483398
0.08511590957641602
0.07013058662414551
0.055706024169921875
0.11458492279052734
0.10151529312133789
0.08855676651000977
0.07449007034301758
0.04214787483215332
0.032854557037353516
0.09802031517028809
0.08254528045654297
0.06855320930480957
0.0590972900390625
0.05660605430603027
0.042319297790527344
0.02762317657470703
0.09799456596374512
0.08206868171691895
0.09945416450500488
0.08528470993041992
0.07033514976501465
0.05726170539855957
0.0908510684967041
0.10065865516662598
0.08546018600463867
0.07064986228942871
0.053902626037597656
0.04053020477294922
0.09817337989807129
0.08147549629211426
0.07975411415100098
0.07542252540588379
0.060495615005493164
0.046591758728027344
0.03271150588989258
0.09485578536987305
0.08495211601257324
0.07013773918151855
0.0552065372467041
0.04062366485595703
0.03201007843017578
0.10277605056762695
0.07928085327148438
0.08231401443481445
0.06837177276611328
0.05436062812805176
0.0402371883392334
0.10931515693664551
0.1193840503692627
0.10543131828308105
0.09126019477844238
0.07727241516113281
0.06311154365539551
0.048842430114746094
0.03457498550415039
0.09151005744934082
0.08112740516662598
0.06696295738220215
0.05243110656738281
0.03821444511413574
0.022234439849853516
0.09977960586547852
0.08574914932250977
0.07993054389953613
0.06949210166931152
0.05454850196838379
0.0403897762298584
0.10860586166381836
0.08654308319091797
0.054700613021850586
0.05662846565246582
0.04250931739807129
0.10691213607788086
0.08682775497436523
0.07712173461914062
0.06329965591430664
0.05478239059448242
0.041098833084106445
0.041466712951660156
0.0983283519744873
0.08818387985229492
0.07422018051147461
0.06327390670776367
0.048978567123413086
0.03440546989440918
0.01936054229736328
0.09342765808105469
0.08736181259155273
0.07309341430664062
0.05564403533935547
0.041881561279296875
0.03843331336975098
0.11162829399108887
0.09221124649047852
0.07811760902404785
0.06384897232055664
0.054433584213256836
0.040859222412109375
0.1011807918548584
0.08537912368774414
0.07118034362792969
0.05625295639038086
0.04126906394958496
0.02844071388244629
0.10835933685302734
0.08547830581665039
0.09047055244445801
0.07656097412109375
0.06225752830505371
0.04725933074951172
0.03290677070617676
0.09412765502929688
0.08613181114196777
0.0718851089477539
0.05702924728393555
0.04063820838928223
0.026057720184326172
0.11140918731689453
0.09347867965698242
0.07915925979614258
0.06493759155273438
0.053853750228881836
0.039513587951660156
0.025121212005615234
0.09735393524169922
0.08669018745422363
0.07939291000366211
0.06550312042236328
0.05090785026550293
0.029247045516967773
0.10383176803588867
0.0819082260131836
0.0697791576385498
0.053066253662109375
0.05217885971069336
0.04064822196960449
0.10806775093078613
0.08606433868408203
0.07864236831665039
0.0708460807800293
0.05692768096923828
0.04290008544921875
0.028929471969604492
0.09398269653320312
0.08345675468444824
0.06820011138916016
0.05379199981689453
0.0370028018951416
0.02945232391357422
0.1033926010131836
0.08569192886352539
0.07097506523132324
0.05628061294555664
0.04677748680114746
0.041266441345214844
0.11832308769226074
0.0924539566040039
0.0783545970916748
0.06378173828125
0.05079460144042969
0.032233238220214844
0.12070345878601074
0.09977865219116211
0.08547306060791016
0.0679006576538086
0.05426669120788574
0.0388028621673584
0.10776543617248535
0.09546375274658203
0.08434414863586426
0.0699622631072998
0.05459260940551758
0.0526280403137207
0.03854680061340332
0.11967825889587402
0.09367990493774414
0.07993960380554199
0.05506420135498047
0.0361783504486084
0.10628223419189453
0.09558343887329102
0.08503317832946777
0.07085561752319336
0.056424856185913086
0.041976213455200195
0.02695012092590332
0.1066739559173584
0.0857706069946289
0.07146286964416504
0.056899070739746094
0.04628705978393555
0.03929543495178223
0.12497806549072266
0.10769891738891602
0.09374308586120605
0.07946443557739258
0.06509160995483398
0.051094770431518555
0.03654837608337402
0.10675430297851562
0.08584856986999512
0.08796381950378418
0.07326817512512207
0.058342695236206055
0.043929338455200195
0.029590368270874023
0.09739255905151367
0.08046460151672363
0.07140183448791504
0.056397199630737305
0.053795576095581055
0.0390625
0.11538314819335938
0.09810090065002441
0.08357524871826172
0.06847381591796875
0.05338859558105469
0.04342174530029297
0.02857828140258789
0.1048738956451416
0.08424139022827148
0.07287788391113281
0.05756521224975586
0.04279470443725586
0.033293724060058594
0.019351482391357422
0.09062027931213379
0.07948112487792969
0.06511974334716797
0.05159163475036621
0.04354453086853027
0.028571367263793945
0.10269594192504883
0.0881192684173584
0.08671236038208008
0.07200241088867188
0.05758261680603027
0.04354262351989746
0.10489797592163086
0.08575129508972168
0.07806587219238281
0.0711822509765625
0.05888700485229492
0.046209096908569336
0.10870766639709473
0.09996867179870605
0.08535337448120117
0.07097959518432617
0.05285310745239258
0.038572072982788086
0.10510396957397461
0.08523416519165039
0.07078909873962402
0.06510686874389648
0.05072498321533203
0.032700300216674805
0.1036221981048584
0.08527636528015137
0.07125067710876465
0.06138777732849121
0.050385475158691406
0.036135196685791016
0.026064157485961914
0.09791278839111328
0.08775734901428223
0.07785367965698242
0.06357741355895996
0.04176974296569824
0.027823209762573242
0.10620355606079102
0.08687806129455566
0.0726020336151123
0.061454057693481445
0.04701495170593262
0.041512489318847656
0.030561208724975586
0.09656429290771484
0.08264517784118652
0.06850838661193848
0.05918526649475098
0.04419374465942383
0.03389787673950195
0.10656189918518066
0.0844581127166748
0.07018303871154785
0.060461997985839844
0.04555630683898926
0.034920692443847656
0.1107025146484375
0.0965116024017334
0.09392452239990234
0.0794062614440918
0.06450629234313965
0.05010628700256348
0.03583407402038574
0.11127710342407227
0.09793424606323242
0.0866546630859375
0.08277273178100586
0.06770205497741699
0.05359077453613281
0.042742013931274414
0.10796666145324707
0.08300042152404785
0.07207822799682617
0.05408477783203125
0.04027986526489258
0.038398027420043945
0.12221193313598633
0.09625792503356934
0.0821235179901123
0.06410360336303711
0.04974961280822754
0.0413055419921875
0.10548877716064453
0.08820033073425293
0.07983517646789551
0.06506752967834473
0.06164288520812988
0.04776334762573242
0.03348398208618164
0.08897066116333008
0.07648515701293945
0.08084273338317871
0.06630396842956543
0.052701711654663086
0.03796076774597168
0.11166501045227051
0.08920001983642578
0.08092045783996582
0.07297253608703613
0.05875825881958008
0.04501628875732422
0.030885696411132812
0.09947848320007324
0.09578728675842285
0.07784366607666016
0.06358766555786133
0.049132347106933594
0.03135991096496582
0.10613775253295898
0.09011459350585938
0.07460188865661621
0.07019615173339844
0.05603790283203125
0.04136061668395996
0.10758805274963379
0.10474658012390137
0.09151983261108398
0.16973543167114258
0.16906976699829102
0.15487003326416016
0.14136791229248047
0.1269543170928955
0.11183953285217285
0.1048743724822998
0.09463715553283691
0.08033299446105957
0.14041423797607422
0.12940025329589844
0.11570620536804199
0.09108710289001465
0.07788801193237305
0.06524538993835449
0.052733421325683594
0.0433657169342041
0.028580904006958008
0.08491086959838867
0.07521629333496094
0.06147146224975586
0.05140972137451172
0.03756523132324219
0.0271761417388916
0.10440278053283691
0.16736817359924316
0.15660500526428223
0.14305591583251953
0.12938141822814941
0.11873006820678711
0.10798096656799316
0.0894310474395752
0.07515645027160645
0.13310027122497559
0.1260087490081787
0.0963592529296875
0.08223438262939453
0.0688638687133789
0.05779075622558594
0.042833566665649414
0.03053140640258789
0.09822702407836914
0.08616828918457031
0.06799578666687012
0.054164886474609375
0.04590964317321777
0.03200221061706543
0.1074228286743164
0.17926263809204102
0.16090631484985352
0.15150690078735352
0.13707304000854492
0.12209510803222656
0.10416913032531738
0.0865488052368164
0.07410931587219238
0.06509041786193848
0.05213761329650879
0.11296987533569336
0.10133600234985352
0.07841682434082031
0.0645592212677002
0.062166690826416016
0.04493117332458496
0.03026103973388672
0.08898210525512695
0.18154525756835938
0.16746234893798828
0.15328145027160645
0.14562726020812988
0.13085389137268066
0.1164407730102539
0.1089317798614502
0.09457921981811523
0.0801999568939209
0.06731462478637695
0.08605527877807617
0.07219099998474121
0.21005535125732422
0.17480683326721191
0.16083240509033203
0.1501011848449707
0.13210177421569824
0.11824202537536621
0.11463713645935059
0.09983968734741211
0.08202147483825684
0.148453950881958
0.13663125038146973
0.12471628189086914
0.09707403182983398
0.08307147026062012
0.05992579460144043
0.04585862159729004
0.033904314041137695
0.10200142860412598
0.178391695022583
0.17251324653625488
0.15749335289001465
0.17293095588684082
0.15758490562438965
0.1428213119506836
0.12874174118041992
0.11449170112609863
0.09987878799438477
0.08561968803405762
0.0711667537689209
0.2282423973083496
0.2144603729248047
0.19762253761291504
0.18455147743225098
0.17039060592651367
0.15296339988708496
0.13847947120666504
0.1311335563659668
0.12329983711242676
0.10895919799804688
0.09467244148254395
0.1543722152709961
0.1427748203277588
0.13126754760742188
0.13559842109680176
0.09157538414001465
0.07131505012512207
0.05702614784240723
0.04245924949645996
0.10766124725341797
0.1978006362915039
0.18080902099609375
0.16860032081604004
0.15636920928955078
0.14738225936889648
0.13320374488830566
0.11962747573852539
0.11224484443664551
0.0973045825958252
0.08305048942565918
0.06858944892883301
0.05782628059387207
0.2298426628112793
0.22968840599060059
0.19950056076049805
0.1872880458831787
0.17336344718933105
0.15871095657348633
0.1293046474456787
0.11512017250061035
0.10055875778198242
0.15650439262390137
0.14449071884155273
0.1388537883758545
0.1243600845336914
0.11030387878417969
0.08839869499206543
0.07425904273986816
0.059999942779541016
0.049735069274902344
0.04271388053894043
0.10686016082763672
0.17458438873291016
0.16957402229309082
0.15537166595458984
0.14087510108947754
0.12574529647827148
0.11509203910827637
0.10113382339477539
0.1015474796295166
0.08729410171508789
0.07277560234069824
0.22170042991638184
0.2096877098083496
0.18551850318908691
0.1713109016418457
0.1882948875427246
0.17432069778442383
0.15935659408569336
0.14542770385742188
0.1314678192138672
0.1204071044921875
0.16460728645324707
0.16464591026306152
0.16014885902404785
0.15677309036254883
0.142411470413208
0.10457754135131836
0.08962798118591309
0.07565140724182129
0.06167244911193848
0.04662036895751953
0.09818649291992188
0.07324004173278809
0.07100486755371094
0.03614616394042969
0.10641098022460938
0.09015583992004395
0.1710371971130371
0.15902996063232422
0.16895103454589844
0.15097498893737793
0.13299059867858887
0.11301970481872559
0.0980844497680664
0.07931637763977051
0.14053106307983398
0.13092994689941406
0.12718939781188965
0.11281800270080566
0.09033036231994629
0.07579636573791504
0.059923410415649414
0.03945469856262207
0.026523351669311523
0.09720230102539062
0.0776364803314209
0.0629277229309082
0.048804283142089844
0.05160403251647949
0.03696084022521973
0.10051918029785156
0.07941055297851562
0.07053613662719727
0.05624675750732422
0.04583740234375
0.03582477569580078
0.10739541053771973
0.0952906608581543
0.08440232276916504
0.0702211856842041
0.05564165115356445
0.044672489166259766
0.02978229522705078
0.10523033142089844
0.08106875419616699
0.07219815254211426
0.07163476943969727
0.05771684646606445
0.04232001304626465
0.10995244979858398
0.09553146362304688
0.09644651412963867
0.08211469650268555
0.06330132484436035
0.04855227470397949
0.03433537483215332
0.08835697174072266
0.07885122299194336
0.06140923500061035
0.046961307525634766
0.03252673149108887
0.025912761688232422
0.09763360023498535
0.08129215240478516
0.06907153129577637
0.056616783142089844
0.047667503356933594
0.04459095001220703
0.030376195907592773
0.09505844116210938
0.08711862564086914
0.07173395156860352
0.0573430061340332
0.043363332748413086
0.03978586196899414
0.11542367935180664
0.10488128662109375
0.0944674015045166
0.0803077220916748
0.06685614585876465
0.05337238311767578
0.03825783729553223
0.02405834197998047
0.09662866592407227
0.08596515655517578
0.07149553298950195
0.05635571479797363
0.04208993911743164
0.027411222457885742
0.09345698356628418
0.07154321670532227
0.06220722198486328
0.0478212833404541
0.05156826972961426
0.03779935836791992
0.10333418846130371
0.08340263366699219
0.07077312469482422
0.05817556381225586
0.04561638832092285
0.031768083572387695
0.10663628578186035
0.08693075180053711
0.07193326950073242
0.05729818344116211
0.05452609062194824
0.04008984565734863
0.10865306854248047
0.09485912322998047
0.0927743911743164
0.08392691612243652
0.06803536415100098
0.05295610427856445
0.03879880905151367
0.08715152740478516
0.0791776180267334
0.06502437591552734
0.05408835411071777
0.038735151290893555
0.10411715507507324
0.0862736701965332
0.0752415657043457
0.06089186668395996
0.0464932918548584
0.04004025459289551
0.025617122650146484
0.0994558334350586
0.08457684516906738
0.07721734046936035
0.06296586990356445
0.04899334907531738
0.03397846221923828
0.019754648208618164
0.09423255920410156
0.10005593299865723
0.08595442771911621
0.07114982604980469
0.056688785552978516
0.04196524620056152
0.10697007179260254
0.0928795337677002
0.08597040176391602
0.07448339462280273
0.05977153778076172
0.045053958892822266
0.03064894676208496
0.09790658950805664
0.08434200286865234
0.0731821060180664
0.05590105056762695
0.037093162536621094
0.0282132625579834
0.09841036796569824
0.08019495010375977
0.06571650505065918
0.05080366134643555
0.03702259063720703
0.024374961853027344
0.10476231575012207
0.08519172668457031
0.058885812759399414
0.04777789115905762
0.030071496963500977
0.10619401931762695
0.08810639381408691
0.07948780059814453
0.061527252197265625
0.046967506408691406
0.03237485885620117
0.1054837703704834
0.08536291122436523
0.07071042060852051
0.05922245979309082
0.04487752914428711
0.0308072566986084
0.01850724220275879
0.0992896556854248
0.08334898948669434
0.06582450866699219
0.06609559059143066
0.05387163162231445
0.0396883487701416
0.10962200164794922
0.08495521545410156
0.07901120185852051
0.06460738182067871
0.04655814170837402
0.0322418212890625
0.1031486988067627
0.10149335861206055
0.08734583854675293
0.06985998153686523
0.05620884895324707
0.04214787483215332
0.10749483108520508
0.09883546829223633
0.08424782752990723
0.07079792022705078
0.06431365013122559
0.04950428009033203
0.03213357925415039
0.11125707626342773
0.08773136138916016
0.0725255012512207
0.058542728424072266
0.046912431716918945
0.034224510192871094
0.10152268409729004
0.0998222827911377
0.08639407157897949
0.0718533992767334
0.05103611946105957
0.03652191162109375
0.1211240291595459
0.09950089454650879
0.08446335792541504
0.07012701034545898
0.0560917854309082
0.04161357879638672
0.027628183364868164
0.08823943138122559
0.08679819107055664
0.07201862335205078
0.057622432708740234
0.04328584671020508
0.028134822845458984
0.11223292350769043
0.08933043479919434
0.07602906227111816
0.0617520809173584
0.04691934585571289
0.04469037055969238
0.10885882377624512
0.08184552192687988
0.06875324249267578
0.05690431594848633
0.04427146911621094
0.04107308387756348
0.10912179946899414
0.11720967292785645
0.10029196739196777
0.08675479888916016
0.06934642791748047
0.05539965629577637
0.040445804595947266
0.10640287399291992
0.0775303840637207
0.08342599868774414
0.06512141227722168
0.05034995079040527
0.031519412994384766
0.09953522682189941
0.0851602554321289
0.07113862037658691
0.05701279640197754
0.04310798645019531
0.036679983139038086
0.022623300552368164
0.09331727027893066
0.08093905448913574
0.06790447235107422
0.05046868324279785
0.035834550857543945
0.11271810531616211
0.10171651840209961
0.08771634101867676
0.06311392784118652
0.04794430732727051
0.033504486083984375
0.10138630867004395
0.08399081230163574
0.0792233943939209
0.06436014175415039
0.050171852111816406
0.03485703468322754
0.10699224472045898
0.0993204116821289
0.09679651260375977
0.08215641975402832
0.06789016723632812
0.05342435836791992
0.0388188362121582
0.11331367492675781
0.09985828399658203
0.08183479309082031
0.06891107559204102
0.05655550956726074
0.0571136474609375
0.04388785362243652
0.10649919509887695
0.09320306777954102
0.07470583915710449
0.062218666076660156
0.05001378059387207
0.04085111618041992
0.026396512985229492
0.12092471122741699
0.09700775146484375
0.08299374580383301
0.0686941146850586
0.05431818962097168
0.04227805137634277
0.1100301742553711
0.08462929725646973
0.07085394859313965
0.05671501159667969
0.041892290115356445
0.02785968780517578
0.10567998886108398
0.09189724922180176
0.07764911651611328
0.0698692798614502
0.05619478225708008
0.04272103309631348
0.02829909324645996
0.08969259262084961
0.080413818359375
0.06961345672607422
0.0592341423034668
0.045350074768066406
0.0316157341003418
0.11501717567443848
0.09402728080749512
0.0796976089477539
0.08027815818786621
0.061861515045166016
0.047426700592041016
0.03387141227722168
0.11327362060546875
0.09797215461730957
0.07967495918273926
0.061463117599487305
0.047127723693847656
0.03222227096557617
0.091583251953125
0.07828211784362793
0.06423449516296387
0.04581022262573242
0.03206491470336914
0.02765512466430664
0.10164856910705566
0.08472561836242676
0.07398271560668945
0.05958724021911621
0.0497133731842041
0.03592371940612793
0.025354862213134766
0.10014581680297852
0.059763431549072266
0.05158686637878418
0.030595064163208008
0.11295437812805176
0.09076929092407227
0.07655739784240723
0.07723546028137207
0.06278157234191895
0.04811525344848633
0.034084320068359375
0.10011768341064453
0.07934308052062988
0.0768125057220459
0.08103537559509277
0.06710052490234375
0.05299568176269531
0.1078639030456543
0.09355401992797852
0.08646607398986816
0.07630062103271484
0.06146883964538574
0.04705047607421875
0.038794517517089844
0.1064765453338623
0.08019542694091797
0.06760430335998535
0.055909156799316406
0.04719948768615723
0.03361916542053223
0.02292799949645996
0.09756135940551758
0.08432698249816895
0.07967019081115723
0.06486320495605469
0.05016207695007324
0.02809429168701172
0.10604524612426758
0.08443236351013184
0.07001113891601562
0.07052135467529297
0.05335402488708496
0.038971662521362305
0.10569143295288086
0.09131979942321777
0.0773928165435791
0.06242108345031738
0.04520153999328613
0.03268098831176758
0.022148609161376953
0.09615898132324219
0.08491110801696777
0.07095193862915039
0.056398868560791016
0.04207873344421387
0.03318619728088379
0.1089627742767334
0.08769011497497559
0.08238649368286133
0.06842398643493652
0.0469975471496582
0.032228708267211914
0.01847243309020996
0.09906554222106934
0.1008613109588623
0.086639404296875
0.07208466529846191
0.05708646774291992
0.04183316230773926
0.11139988899230957
0.09357047080993652
0.08395648002624512
0.07964658737182617
0.05091261863708496
0.03616142272949219
0.11082792282104492
0.08613204956054688
0.07188582420349121
0.06195688247680664
0.04663968086242676
0.04174399375915527
0.1092069149017334
0.08647322654724121
0.0735936164855957
0.07420015335083008
0.05963778495788574
0.044892311096191406
0.031217575073242188
0.10096240043640137
0.08024859428405762
0.07124590873718262
0.06058168411254883
0.046388864517211914
0.0325169563293457
0.11042666435241699
0.11109709739685059
0.09694385528564453
0.08253288269042969
0.06786799430847168
0.05367422103881836
0.040132761001586914
0.10791397094726562
0.09499144554138184
0.08979511260986328
0.07526016235351562
0.06054425239562988
0.05169939994812012
0.038123130798339844
0.10677981376647949
0.09807872772216797
0.08104801177978516
0.06675910949707031
0.049069881439208984
0.03483009338378906
0.1129143238067627
0.09385156631469727
0.0736234188079834
0.059068918228149414
0.04138803482055664
0.027167320251464844
0.10243773460388184
0.08509421348571777
0.07424640655517578
0.05931878089904785
0.04414010047912598
0.0387110710144043
0.10488152503967285
0.0967869758605957
0.08260703086853027
0.0680239200592041
0.05389285087585449
0.03596329689025879
0.10145092010498047
0.08779597282409668
0.08047056198120117
0.0662386417388916
0.05486702919006348
0.04091000556945801
0.02649664878845215
0.08869099617004395
0.0794224739074707
0.0768272876739502
0.062459707260131836
0.047528743743896484
0.033422231674194336
0.10401415824890137
0.09499311447143555
0.08050012588500977
0.06540250778198242
0.05069875717163086
0.0360720157623291
0.11814212799072266
0.09946608543395996
0.0858762264251709
0.07145071029663086
0.06040048599243164
0.051812171936035156
0.0377810001373291
0.10282135009765625
0.08295655250549316
0.06847095489501953
0.05456280708312988
0.050560951232910156
0.03632164001464844
0.10979890823364258
0.08580493927001953
0.07166242599487305
0.058998823165893555
0.019572973251342773
0.09901618957519531
0.08404016494750977
0.0750589370727539
0.06413412094116211
0.05598616600036621
0.04205131530761719
0.027676820755004883
0.10140442848205566
0.08407902717590332
0.06961560249328613
0.055268287658691406
0.04600858688354492
0.037238359451293945
0.10776352882385254
0.0983436107635498
0.0910029411315918
0.07662773132324219
0.061949968338012695
0.04726767539978027
0.03208327293395996
0.10962677001953125
0.0970008373260498
0.08234882354736328
0.06707525253295898
0.052695512771606445
0.03831911087036133
0.11083126068115234
0.10620331764221191
0.13652539253234863
0.1401207447052002
0.12586569786071777
0.1265103816986084
0.1160728931427002
0.10352349281311035
0.10801458358764648
0.09026622772216797
0.06970834732055664
0.05636119842529297
0.08969640731811523
0.07875895500183105
0.06575727462768555
0.05862236022949219
0.04081463813781738
0.031945228576660156
0.09878015518188477
0.08627748489379883
0.06426000595092773
0.04941964149475098
0.03546428680419922
0.020635366439819336
0.09003520011901855
0.08081173896789551
0.06919407844543457
0.058733224868774414
0.04478168487548828
0.03008580207824707
0.11250853538513184
0.08759951591491699
0.07336568832397461
0.06277346611022949
0.05477738380432129
0.04082894325256348
0.12159323692321777
0.12106680870056152
0.10499262809753418
0.0923309326171875
0.08017182350158691
0.06536579132080078
0.0514988899230957
0.10781192779541016
0.08871841430664062
0.07826638221740723
0.06346392631530762
0.06739211082458496
0.0464324951171875
0.10298657417297363
0.09767937660217285
0.09249448776245117
0.07851314544677734
0.06403565406799316
0.04999232292175293
0.035445213317871094
0.09934782981872559
0.10158658027648926
0.09284710884094238
0.07986760139465332
0.06645607948303223
0.05204153060913086
0.10383224487304688
0.08101463317871094
0.09142851829528809
0.07635378837585449
0.06149554252624512
0.05081367492675781
0.036640167236328125
0.10355210304260254
0.08751368522644043
0.06604957580566406
0.05111503601074219
0.03699779510498047
0.022107362747192383
0.09989690780639648
0.08481001853942871
0.08853888511657715
0.0741419792175293
0.059937238693237305
0.04903435707092285
0.03428149223327637
0.09762191772460938
0.08375859260559082
0.07140016555786133
0.06310653686523438
0.04854321479797363
0.03982377052307129
0.10765838623046875
0.0793604850769043
0.07475519180297852
0.06072521209716797
0.046874046325683594
0.029741287231445312
0.10628962516784668
0.10426568984985352
0.08958029747009277
0.07455253601074219
0.06144452095031738
0.04672718048095703
0.032547950744628906
0.09143972396850586
0.07683634757995605
0.06757187843322754
0.06482243537902832
0.0501861572265625
0.03652548789978027
0.1054987907409668
0.08531379699707031
0.0711057186126709
0.05681276321411133
0.051483154296875
0.03726816177368164
0.10895633697509766
0.1019291877746582
0.08788681030273438
0.073455810546875
0.0598905086517334
0.04570889472961426
0.03131890296936035
0.10628581047058105
0.07967424392700195
0.06747841835021973
0.0434412956237793
0.03235578536987305
0.11438584327697754
0.10295820236206055
0.0887598991394043
0.07439303398132324
0.057914018630981445
0.05646324157714844
0.04291844367980957
0.11719083786010742
0.10597753524780273
0.09102630615234375
0.0757608413696289
0.06099653244018555
0.0581049919128418
0.044254302978515625
0.10756421089172363
0.09845423698425293
0.08899474143981934
0.07442784309387207
0.05697989463806152
0.04298257827758789
0.027906417846679688
0.10691118240356445
0.0839231014251709
0.07522082328796387
0.05791759490966797
0.0431361198425293
0.03665614128112793
0.11143255233764648
0.08675622940063477
0.07264018058776855
0.05859208106994629
0.04738354682922363
0.03672218322753906
0.10725855827331543
0.09607696533203125
0.08215165138244629
0.0711362361907959
0.056976318359375
0.04648613929748535
0.033754587173461914
0.08868074417114258
0.07709074020385742
0.06774258613586426
0.05375838279724121
0.04332685470581055
0.03215193748474121
0.11190295219421387
0.08697009086608887
0.0727229118347168
0.058202505111694336
0.04903149604797363
0.03470325469970703
0.028392314910888672
0.08912515640258789
0.0766592025756836
0.0672461986541748
0.056037187576293945
0.042618751525878906
0.02831435203552246
0.1062018871307373
0.08487558364868164
0.07416558265686035
0.05999755859375
0.045687198638916016
0.02955460548400879
0.1129922866821289
0.1011967658996582
0.09018778800964355
0.07216572761535645
0.05424761772155762
0.036173105239868164
0.025541305541992188
0.0895395278930664
0.07970261573791504
0.07192349433898926
0.06094932556152344
0.04672598838806152
0.028794527053833008
0.09084057807922363
0.08438467979431152
0.07018375396728516
0.05565047264099121
0.040772199630737305
0.027406692504882812
0.1056215763092041
0.08530545234680176
0.06781291961669922
0.058516740798950195
0.05408835411071777
0.03618431091308594
0.09092068672180176
0.08274292945861816
0.06877613067626953
0.06438279151916504
0.05046415328979492
0.041347503662109375
0.027062654495239258
0.08995366096496582
0.07515954971313477
0.07266664505004883
0.058364152908325195
0.04446697235107422
0.024055957794189453
0.10283970832824707
0.09259700775146484
0.08261418342590332
0.06808710098266602
0.0535585880279541
0.03955507278442383
0.10631394386291504
0.09614682197570801
0.08692550659179688
0.07274866104125977
0.05867743492126465
0.04445648193359375
0.030210256576538086
0.08853840827941895
0.07985806465148926
0.06885266304016113
0.05463981628417969
0.04042315483093262
0.03313088417053223
0.10440516471862793
0.09997057914733887
0.08585143089294434
0.07137823104858398
0.05055546760559082
0.035677194595336914
0.1037607192993164
0.09752750396728516
0.08601617813110352
0.07162356376647949
0.056708574295043945
0.042386770248413086
0.10497021675109863
0.09433150291442871
0.08034181594848633
0.06615638732910156
0.052129507064819336
0.040780067443847656
0.11704826354980469
0.10247230529785156
0.08852219581604004
0.0745086669921875
0.06022167205810547
0.05048871040344238
0.03556418418884277
0.03191542625427246
0.08641719818115234
0.07982063293457031
0.0658257007598877
0.051506996154785156
0.04068112373352051
0.02666759490966797
0.0950615406036377
0.08099889755249023
0.06658387184143066
0.054030418395996094
0.05032682418823242
0.035900115966796875
0.10690641403198242
0.08406615257263184
0.0753929615020752
0.06100654602050781
0.054143667221069336
0.039691925048828125
0.026039600372314453
0.09945368766784668
0.0813596248626709
0.06907510757446289
0.05651664733886719
0.043408870697021484
0.03844189643859863
0.023984432220458984
0.09610915184020996
0.08380937576293945
0.0696113109588623
0.05911540985107422
0.05137157440185547
0.038231611251831055
0.10545039176940918
0.0856480598449707
0.07458758354187012
0.06064343452453613
0.05482149124145508
0.028684377670288086
0.09541630744934082
0.08946776390075684
0.07185244560241699
0.058115243911743164
0.057718515396118164
0.04637289047241211
0.09997010231018066
0.0776982307434082
0.07121014595031738
0.05728554725646973
0.043118953704833984
0.02909541130065918
0.10906624794006348
0.08601832389831543
0.07288360595703125
0.05950355529785156
0.05065655708312988
0.03166079521179199
0.12875723838806152
0.10382771492004395
0.08956480026245117
0.07527780532836914
0.06037282943725586
0.04559612274169922
0.030811548233032227
0.09642195701599121
0.08407258987426758
0.06987738609313965
0.062334299087524414
0.04751181602478027
0.0330662727355957
0.10764575004577637
0.10022807121276855
0.11152124404907227
0.09664273262023926
0.08239054679870605
0.06721973419189453
0.052539825439453125
0.0385746955871582
0.10146403312683105
0.0928502082824707
0.0788576602935791
0.06490373611450195
0.05073881149291992
0.03655648231506348
0.1219022274017334
0.11132431030273438
0.09648442268371582
0.08237361907958984
0.06787657737731934
0.05041646957397461
0.03291010856628418
0.09532618522644043
0.08101963996887207
0.06766891479492188
0.05478978157043457
0.04275321960449219
0.027935504913330078
0.101318359375
0.09074020385742188
0.07649111747741699
0.06249523162841797
0.04773688316345215
0.03324413299560547
0.019068002700805664
0.09693574905395508
0.08283424377441406
0.06827425956726074
0.06305813789367676
0.04882693290710449
0.10631847381591797
0.08470726013183594
0.07160234451293945
0.05870485305786133
0.058213233947753906
0.0436708927154541
0.02952742576599121
0.09068512916564941
0.07585692405700684
0.06974959373474121
0.055442094802856445
0.04149770736694336
0.032816171646118164
0.09992265701293945
0.08476042747497559
0.07053756713867188
0.055908203125
0.040708065032958984
0.031401872634887695
0.09249353408813477
0.08441019058227539
0.07011270523071289
0.06363677978515625
0.049256324768066406
0.03455519676208496
0.10761475563049316
0.09041881561279297
0.07549190521240234
0.06179094314575195
0.053936004638671875
0.046178340911865234
0.038454294204711914
0.08747220039367676
0.09167599678039551
0.08229804039001465
0.07355284690856934
0.05970621109008789
0.0457913875579834
0.1090550422668457
0.09760284423828125
0.07998394966125488
0.06474041938781738
0.04710650444030762
0.1123654842376709
0.09716296195983887
0.0826411247253418
0.06987690925598145
0.07082486152648926
0.06258726119995117
0.05065464973449707
0.036846160888671875
0.08677244186401367
0.07817983627319336
0.06368589401245117
0.05358743667602539
0.05320429801940918
0.039409637451171875
0.0900869369506836
0.07420730590820312
0.06823396682739258
0.057209014892578125
0.043348073959350586
0.11094284057617188
0.09139609336853027
0.07951498031616211
0.0641777515411377
0.0599827766418457
0.047102928161621094
0.03057551383972168
0.10245656967163086
0.08116555213928223
0.07266688346862793
0.061232566833496094
0.049091339111328125
0.03695034980773926
0.02280712127685547
0.10157370567321777
0.10079693794250488
0.08685874938964844
0.072662353515625
0.05770993232727051
0.04342174530029297
0.11356282234191895
0.09900307655334473
0.08407306671142578
0.07689380645751953
0.0629892349243164
0.05402708053588867
0.03915882110595703
0.024647951126098633
0.10302495956420898
0.08408379554748535
0.08327865600585938
0.06992530822753906
0.055968284606933594
0.03851485252380371
0.10897159576416016
0.08409690856933594
0.07052278518676758
0.05875849723815918
0.0659029483795166
0.05196738243103027
0.03801298141479492
0.09861564636230469
0.07891273498535156
0.07009434700012207
0.0548548698425293
0.048135995864868164
0.04022407531738281
0.027083158493041992
0.09352922439575195
0.08101868629455566
0.06612753868103027
0.05005025863647461
0.037009239196777344
0.02476978302001953
0.0981755256652832
0.08190727233886719
0.0794975757598877
0.061946868896484375
0.04774785041809082
0.033309221267700195
0.09111332893371582
0.07978034019470215
0.07520365715026855
0.05730175971984863
0.04230690002441406
0.03371119499206543
0.10307812690734863
0.08504366874694824
0.06710410118103027
0.05805230140686035
0.04385781288146973
0.03435039520263672
0.10963153839111328
0.08167457580566406
0.08550143241882324
0.0732877254486084
0.059752702713012695
0.046193838119506836
0.11052799224853516
0.09974360466003418
0.08480477333068848
0.06957411766052246
0.05709218978881836
0.04236268997192383
0.028747081756591797
0.10305213928222656
0.0840141773223877
0.06896829605102539
0.058582305908203125
0.050147294998168945
0.035794973373413086
0.10815191268920898
0.0827798843383789
0.06949067115783691
0.06255483627319336
0.04889321327209473
0.03437352180480957
0.10770535469055176
0.10119485855102539
0.08720850944519043
0.07326984405517578
0.058640480041503906
0.04403829574584961
0.030818700790405273
0.11075043678283691
0.08250045776367188
0.0682377815246582
0.0665733814239502
0.051679372787475586
0.038083553314208984
0.10224294662475586
0.08896660804748535
0.07417607307434082
0.05924701690673828
0.041495561599731445
0.028798341751098633
0.10930395126342773
0.09072756767272949
0.08484935760498047
0.07057929039001465
0.057097434997558594
0.04634833335876465
0.0316774845123291
0.10524559020996094
0.08488607406616211
0.07009220123291016
0.07024073600769043
0.05600762367248535
0.042069196701049805
0.12453079223632812
0.11578178405761719
0.09778618812561035
0.0827639102935791
0.06841540336608887
0.053914785385131836
0.04040980339050293
0.10894465446472168
0.07996726036071777
0.06778812408447266
0.05523252487182617
0.05356764793395996
0.12429547309875488
0.09848308563232422
0.10653138160705566
0.09391546249389648
0.07973670959472656
0.06489014625549316
0.047607421875
0.10947585105895996
0.0902252197265625
0.08062028884887695
0.06603264808654785
0.055303335189819336
0.04094839096069336
0.03518962860107422
0.08874249458312988
0.07838726043701172
0.05914878845214844
0.04475235939025879
0.029877185821533203
0.026166200637817383
0.0914769172668457
0.07906174659729004
0.06737804412841797
0.06714701652526855
0.05282711982727051
0.03811955451965332
0.10672402381896973
0.10205268859863281
0.11871886253356934
0.10508346557617188
0.09140801429748535
0.07766199111938477
0.06339836120605469
0.04931235313415527
0.1005859375
0.0816497802734375
0.06766033172607422
0.0585939884185791
0.04368472099304199
0.028939008712768555
0.1056070327758789
0.09831500053405762
0.0859062671661377
0.07096123695373535
0.0560154914855957
0.03807711601257324
0.09958171844482422
0.08135247230529785
0.06565475463867188
0.06127667427062988
0.0463566780090332
0.026887893676757812
0.09726357460021973
0.0853431224822998
0.08531641960144043
0.06527924537658691
0.061966657638549805
0.0485379695892334
0.1062471866607666
0.08520865440368652
0.07123184204101562
0.06838464736938477
0.05828285217285156
0.0443568229675293
0.03365659713745117
0.09573602676391602
0.07847285270690918
0.07249140739440918
0.061696767807006836
0.047919273376464844
0.033570289611816406
0.10528755187988281
0.0856924057006836
0.071685791015625
0.057547569274902344
0.04509544372558594
0.04079031944274902
0.029480934143066406
0.09777998924255371
0.08492660522460938
0.07777905464172363
0.06343698501586914
0.0491335391998291
0.03471493721008301
0.022709369659423828
0.09440827369689941
0.08099985122680664
0.08481216430664062
0.07040596008300781
0.05542612075805664
0.03353238105773926
0.09964275360107422
0.08553409576416016
0.07059979438781738
0.05665707588195801
0.03937888145446777
0.02500772476196289
0.10254240036010742
0.08561372756958008
0.07120704650878906
0.06130385398864746
0.04770016670227051
0.044611454010009766
0.033298492431640625
0.08841085433959961
0.0735321044921875
0.07332658767700195
0.05470848083496094
0.03690600395202637
0.10770988464355469
0.10636377334594727
0.09285521507263184
0.08191990852355957
0.06765174865722656
0.053436279296875
0.03968048095703125
0.025439977645874023
0.08891916275024414
0.07786917686462402
0.07091808319091797
0.052626848220825195
0.038655757904052734
0.024221420288085938
0.09264850616455078
0.0825200080871582
0.0673065185546875
0.05331134796142578
0.051953792572021484
0.039727210998535156
0.1033482551574707
0.08942985534667969
0.0753030776977539
0.06080818176269531
0.04686403274536133
0.1082313060760498
0.10052037239074707
0.0900564193725586
0.0740804672241211
0.07103800773620605
0.05089402198791504
0.03629755973815918
0.10462141036987305
0.08065152168273926
0.06966471672058105
0.055441856384277344
0.04053330421447754
0.027634620666503906
0.11659431457519531
0.09177780151367188
0.07662010192871094
0.0655062198638916
0.06158256530761719
0.0467371940612793
0.03265237808227539
0.09571599960327148
0.0809316635131836
0.0730736255645752
0.06306982040405273
0.0480954647064209
0.05115103721618652
0.1032407283782959
0.08271670341491699
0.07583904266357422
0.06081509590148926
0.04589414596557617
0.030881404876708984
0.10611271858215332
0.08544540405273438
0.06463146209716797
0.05492043495178223
0.05322575569152832
0.03943490982055664
0.10498666763305664
0.1041414737701416
0.09023833274841309
0.0759897232055664
0.06178545951843262
0.046845436096191406
0.03087019920349121
0.08795523643493652
0.08184933662414551
0.0667879581451416
0.05210065841674805
0.038079261779785156
0.03287529945373535
0.09114623069763184
0.07847380638122559
0.06591629981994629
0.06284546852111816
0.05149984359741211
0.03914499282836914
0.10786819458007812
0.08711814880371094
0.07203340530395508
0.0627584457397461
0.0486752986907959
0.0386662483215332
0.023955583572387695
0.0968472957611084
0.08451676368713379
0.06978464126586914
0.058580636978149414
0.044234514236450195
0.02978038787841797
0.10562634468078613
0.08216404914855957
0.07577896118164062
0.061405181884765625
0.05041193962097168
0.04278445243835449
0.028885841369628906
0.09413456916809082
0.07948136329650879
0.06470918655395508
0.05104780197143555
0.04589056968688965
0.031007051467895508
0.10136795043945312
0.09931373596191406
0.08508515357971191
0.0632777214050293
0.04883623123168945
0.034424543380737305
0.11252903938293457
0.08968901634216309
0.07487773895263672
0.05987048149108887
0.04512453079223633
0.03188514709472656
0.01969623565673828
0.09610533714294434
0.07930898666381836
0.08034873008728027
0.06590723991394043
0.05156087875366211
0.03780102729797363
0.10778045654296875
0.09127020835876465
0.07724237442016602
0.07493972778320312
0.06061744689941406
0.04617166519165039
0.0325164794921875
0.08897161483764648
0.07921004295349121
0.06816816329956055
0.049802541732788086
0.04847431182861328
0.033817291259765625
0.0906977653503418
0.08124804496765137
0.07018446922302246
0.05942511558532715
0.055068016052246094
0.04182100296020508
0.10844707489013672
0.08559656143188477
0.07167840003967285
0.07088327407836914
0.05660653114318848
0.04197192192077637
0.027852296829223633
0.09939169883728027
0.0807657241821289
0.07747840881347656
0.06324148178100586
0.05075955390930176
0.03703570365905762
0.12261700630187988
0.09479999542236328
0.0814521312713623
0.06787419319152832
0.05324077606201172
0.035294532775878906
0.10749554634094238
0.11607623100280762
0.10201358795166016
0.08393740653991699
0.0693504810333252
0.055299997329711914
0.04049992561340332
0.10547423362731934
0.09999728202819824
0.08578872680664062
0.07160282135009766
0.05648493766784668
0.04216122627258301
0.10489583015441895
0.0866549015045166
0.0827181339263916
0.06780695915222168
0.04691171646118164
0.03274393081665039
0.09244036674499512
0.08466243743896484
0.07032370567321777
0.06760692596435547
0.05437588691711426
0.03997445106506348
0.10574722290039062
0.08231973648071289
0.0765533447265625
0.061782121658325195
0.047598838806152344
0.03331804275512695
0.02806854248046875
0.09139752388000488
0.07662272453308105
0.08303380012512207
0.06842207908630371
0.05386972427368164
0.03966069221496582
0.11081671714782715
0.0889272689819336
0.07433032989501953
0.05991005897521973
0.04571962356567383
0.03184247016906738
0.10639452934265137
0.0825800895690918
0.08125138282775879
0.06679940223693848
0.052350521087646484
0.03716731071472168
0.1092071533203125
0.08088564872741699
0.06801891326904297
0.0605931282043457
0.057839393615722656
0.04358530044555664
0.10579514503479004
0.09889721870422363
0.08890461921691895
0.07448291778564453
0.06031513214111328
0.046472787857055664
0.03218674659729004
0.09681940078735352
0.08086705207824707
0.07813000679016113
0.06442999839782715
0.05025839805603027
0.036020517349243164
0.02180647850036621
0.08878207206726074
0.0795738697052002
0.06173110008239746
0.04703927040100098
0.03242158889770508
0.022258281707763672
0.09390497207641602
0.07943439483642578
0.06369686126708984
0.0539097785949707
0.043184757232666016
0.025867700576782227
0.09503388404846191
0.08095788955688477
0.059621572494506836
0.04387831687927246
0.03768777847290039
0.10917019844055176
0.0842885971069336
0.07332587242126465
0.077728271484375
0.06369280815124512
0.04576873779296875
0.1083838939666748
0.11145257949829102
0.09497904777526855
0.08014249801635742
0.06626653671264648
0.0520632266998291
0.03810310363769531
0.10801219940185547
0.09947609901428223
0.10262465476989746
0.08814048767089844
0.07365942001342773
0.05866360664367676
0.04441547393798828
0.10739684104919434
0.09450054168701172
0.08401608467102051
0.06911444664001465
0.05459856986999512
0.1036677360534668
0.08441042900085449
0.07518887519836426
0.07917141914367676
0.06458473205566406
0.05007767677307129
0.03248429298400879
0.08919763565063477
0.07694673538208008
0.0718998908996582
0.05753684043884277
0.04291558265686035
0.029039859771728516
0.10468125343322754
0.09563350677490234
0.08505129814147949
0.0700380802154541
0.05603504180908203
0.04146933555603027
0.10943078994750977
0.10323333740234375
0.09249162673950195
0.07828235626220703
0.06405329704284668
0.04349517822265625
0.028980493545532227
0.10030865669250488
0.08139276504516602
0.07383036613464355
0.07273173332214355
0.058791160583496094
0.04482316970825195
0.03086566925048828
0.09629273414611816
0.08199906349182129
0.06799006462097168
0.0602269172668457
0.04582500457763672
0.03626894950866699
0.10641908645629883
0.0885472297668457
0.07453298568725586
0.06045961380004883
0.04595947265625
0.03197956085205078
0.10999560356140137
0.09926342964172363
0.08533382415771484
0.07193470001220703
0.06299543380737305
0.05808448791503906
0.044440269470214844
0.030150890350341797
0.09630417823791504
0.08489513397216797
0.07087016105651855
0.0647737979888916
0.05651211738586426
0.042334794998168945
0.10694694519042969
0.08344817161560059
0.08307266235351562
0.06886434555053711
0.054039716720581055
0.03981614112854004
0.10841560363769531
0.0991678237915039
0.08992743492126465
0.07608842849731445
0.06204342842102051
0.04700779914855957
0.0290679931640625
0.12785959243774414
0.10555601119995117
0.09072375297546387
0.07747030258178711
0.06330728530883789
0.04938530921936035
0.09778857231140137
0.07928061485290527
0.08686423301696777
0.0726311206817627
0.05463814735412598
0.03931474685668945
0.09115386009216309
0.07967233657836914
0.06454610824584961
0.0535893440246582
0.03922915458679199
0.029500722885131836
0.10294961929321289
0.08592081069946289
0.07087993621826172
0.0647439956665039
0.050340890884399414
0.03610563278198242
0.10935854911804199
0.10186958312988281
0.08494162559509277
0.08482146263122559
0.06695342063903809
0.05260586738586426
0.0450899600982666
0.11443901062011719
0.08831357955932617
0.07424283027648926
0.05989360809326172
0.05457711219787598
0.03989148139953613
0.10832023620605469
0.08952045440673828
0.08452200889587402
0.06231069564819336
0.047779083251953125
0.03356432914733887
0.09074521064758301
0.08118653297424316
0.06714105606079102
0.053598642349243164
0.0406489372253418
0.03371143341064453
0.10018086433410645
0.09194135665893555
0.0738821029663086
0.05553102493286133
0.04411959648132324
0.029139280319213867
0.10160493850708008
0.08545279502868652
0.08741164207458496
0.07270073890686035
0.0546422004699707
0.03938794136047363
0.1079568862915039
0.08524656295776367
0.07089638710021973
0.05701875686645508
0.045504093170166016
0.03255486488342285
0.1083676815032959
0.09088969230651855
0.08465695381164551
0.07028365135192871
0.055448293685913086
0.03790760040283203
0.10570979118347168
0.08802986145019531
0.08665847778320312
0.07252240180969238
0.04204225540161133
0.10759735107421875
0.08729219436645508
0.0795135498046875
0.06505608558654785
0.06897163391113281
0.05192065238952637
0.03710007667541504
0.09793210029602051
0.08376693725585938
0.06993746757507324
0.05633091926574707
0.042205095291137695
0.023393630981445312
0.09334635734558105
0.08244156837463379
0.07053112983703613
0.056243181228637695
0.041971683502197266
0.028568267822265625
0.11836767196655273
0.09627747535705566
0.0821235179901123
0.06793212890625
0.05280351638793945
0.038680076599121094
0.023747682571411133
0.10402512550354004
0.09068822860717773
0.0811011791229248
0.07239341735839844
0.05824685096740723
0.043721914291381836
0.029459714889526367
0.08814811706542969
0.07951712608337402
0.07240128517150879
0.058150529861450195
0.042867422103881836
0.028584003448486328
0.10163044929504395
0.08576440811157227
0.07149386405944824
0.05839371681213379
0.04625201225280762
0.044114112854003906
0.02862262725830078
0.09776139259338379
0.08555936813354492
0.07131791114807129
0.05189681053161621
0.03741264343261719
0.1091310977935791
0.09567475318908691
0.08156776428222656
0.06705617904663086
0.05279374122619629
0.047389984130859375
0.03384280204772949
0.09370970726013184
0.08149504661560059
0.06615114212036133
0.05030465126037598
0.040342092514038086
0.026182889938354492
0.10429167747497559
0.08182430267333984
0.07642316818237305
0.06203722953796387
0.048378705978393555
0.033887386322021484
0.10525965690612793
0.07980680465698242
0.06833863258361816
0.06193113327026367
0.047638654708862305
0.029775142669677734
0.11404156684875488
0.0891275405883789
0.08420944213867188
0.07058119773864746
0.052928924560546875
0.03897547721862793
0.09090065956115723
0.08098673820495605
0.06687235832214355
0.056484222412109375
0.05070376396179199
0.03884625434875488
0.10617780685424805
0.08719348907470703
0.07607412338256836
0.06444001197814941
0.06578803062438965
0.05159735679626465
0.03676438331604004
0.09861230850219727
0.08426237106323242
0.06974482536315918
0.05612492561340332
0.042166709899902344
0.027876615524291992
0.10827493667602539
0.08238077163696289
0.06892991065979004
0.05619478225708008
0.044086456298828125
0.03668546676635742
0.11135172843933105
0.09034585952758789
0.07230210304260254
0.06081867218017578
0.04648137092590332
0.03982257843017578
0.1084449291229248
0.08613872528076172
0.06594991683959961
0.06136775016784668
0.0462498664855957
0.03197884559631348
0.10449337959289551
0.08156466484069824
0.06887006759643555
0.06384038925170898
0.049178361892700195
0.031440019607543945
0.08989405632019043
0.07117199897766113
0.06230449676513672
0.04769444465637207
0.04020261764526367
0.03188657760620117
0.09697914123535156
0.0916445255279541
0.09307289123535156
0.07814431190490723
0.06322741508483887
0.04922890663146973
0.11703991889953613
0.08419418334960938
0.07830333709716797
0.06342124938964844
0.0518646240234375
0.037964582443237305
0.09173917770385742
0.08066678047180176
0.06933379173278809
0.0551149845123291
0.05002784729003906
0.03645014762878418
0.10294699668884277
0.0812220573425293
0.0693826675415039
0.06010699272155762
0.045644521713256836
0.02786421775817871
0.09493613243103027
0.08388233184814453
0.07904219627380371
0.07089924812316895
0.0570833683013916
0.04234051704406738
0.10414004325866699
0.08498883247375488
0.07671070098876953
0.06243538856506348
0.048445701599121094
0.030913352966308594
0.10887861251831055
0.09913897514343262
0.08733201026916504
0.07299280166625977
0.058034420013427734
0.044280290603637695
0.024715423583984375
0.08908891677856445
0.07680320739746094
0.07257652282714844
0.05784296989440918
0.028273582458496094
0.10050320625305176
0.08790183067321777
0.07347655296325684
0.05964946746826172
0.056064605712890625
0.03838968276977539
0.11148953437805176
0.08976006507873535
0.08726215362548828
0.07277631759643555
0.05790209770202637
0.04368281364440918
0.030950546264648438
0.09096527099609375
0.07704401016235352
0.07151293754577637
0.06769442558288574
0.054265499114990234
0.038968801498413086
0.10396409034729004
0.08595705032348633
0.07084131240844727
0.06084752082824707
0.057129859924316406
0.043569087982177734
0.10696983337402344
0.09558296203613281
0.08094644546508789
0.07986783981323242
0.0655672550201416
0.04795384407043457
0.02981257438659668
0.09944534301757812
0.08405113220214844
0.0729529857635498
0.06718134880065918
0.05225014686584473
0.037787437438964844
0.1121826171875
0.08733844757080078
0.08832716941833496
0.07326793670654297
0.05892515182495117
0.0446779727935791
0.11001110076904297
0.1071465015411377
0.09022212028503418
0.08014965057373047
0.0661766529083252
0.052422523498535156
0.03737378120422363
0.10558080673217773
0.08873414993286133
0.08159255981445312
0.06958961486816406
0.055478572845458984
0.04083108901977539
0.026534318923950195
0.09845137596130371
0.08053374290466309
0.07903885841369629
0.060739755630493164
0.04644584655761719
0.032416343688964844
0.10120654106140137
0.08193325996398926
0.06997919082641602
0.05789542198181152
0.05178093910217285
0.03772425651550293
0.02310013771057129
0.09029316902160645
0.07977700233459473
0.07956242561340332
0.06173348426818848
0.04744362831115723
0.03301191329956055
0.10067582130432129
0.08641672134399414
0.08283805847167969
0.06927251815795898
0.05518198013305664
0.046486616134643555
0.03293585777282715
0.09915733337402344
0.07866287231445312
0.06465268135070801
0.05552482604980469
0.03758049011230469
0.03249764442443848
0.09657168388366699
0.07926487922668457
0.06426644325256348
0.05985593795776367
0.044765472412109375
0.029633522033691406
0.09080243110656738
0.08155012130737305
0.06156420707702637
0.048534393310546875
0.046869516372680664
0.03414011001586914
0.09102392196655273
0.0788578987121582
0.08304572105407715
0.0680534839630127
0.051255226135253906
0.03598642349243164
0.09939289093017578
0.0857393741607666
0.07555985450744629
0.06118655204772949
0.0437922477722168
0.04316210746765137
0.10826230049133301
0.10656571388244629
0.09190011024475098
0.07762503623962402
0.03991389274597168
0.026037216186523438
0.09749078750610352
0.08907485008239746
0.07506656646728516
0.057755470275878906
0.05019640922546387
0.03525876998901367
0.1071469783782959
0.09575963020324707
0.08320307731628418
0.07094740867614746
0.07576298713684082
0.048346519470214844
0.03357648849487305
0.10099172592163086
0.08303999900817871
0.06766510009765625
0.0697166919708252
0.0554654598236084
0.04025387763977051
0.10939192771911621
0.09630107879638672
0.0835568904876709
0.0693824291229248
0.055527448654174805
0.04056048393249512
0.12474656105041504
0.1073150634765625
0.09319734573364258
0.07890152931213379
0.06863951683044434
0.05468559265136719
0.034744977951049805
0.10109519958496094
0.08196496963500977
0.06772899627685547
0.05749368667602539
0.04935812950134277
0.03430676460266113
0.1082448959350586
0.08298420906066895
0.07938718795776367
0.06985306739807129
0.05480599403381348
0.04034543037414551
0.02632427215576172
0.08810138702392578
0.0759122371673584
0.07032179832458496
0.05570578575134277
0.041877031326293945
0.026794910430908203
0.09002566337585449
0.0766763687133789
0.06237196922302246
0.052161455154418945
0.052217960357666016
0.04187750816345215
0.10953402519226074
0.0885782241821289
0.07348299026489258
0.07391715049743652
0.05964803695678711
0.04513692855834961
0.030787229537963867
0.1092841625213623
0.09632492065429688
0.08692765235900879
0.07228922843933105
0.05770063400268555
0.045865535736083984
0.10592365264892578
0.08259248733520508
0.06853795051574707
0.06871485710144043
0.05754852294921875
0.03936147689819336
0.1052398681640625
0.08080267906188965
0.09054684638977051
0.07602453231811523
0.058923959732055664
0.04406476020812988
0.10588645935058594
0.09011697769165039
0.07572412490844727
0.061994075775146484
0.04809975624084473
0.039998531341552734
0.041342973709106445
0.12777423858642578
0.11087250709533691
0.096923828125
0.0829324722290039
0.06600642204284668
0.05106806755065918
0.10220623016357422
0.07806873321533203
0.06173229217529297
0.051325082778930664
0.033841848373413086
0.02079319953918457
0.09763383865356445
0.07920360565185547
0.06951332092285156
0.05453944206237793
0.04111433029174805
0.037592172622680664
0.1130216121673584
0.09571504592895508
0.07855463027954102
0.07282114028930664
0.05842900276184082
0.03712296485900879
0.10880827903747559
0.09731435775756836
0.08221983909606934
0.06744885444641113
0.053260087966918945
0.03572368621826172
0.1060326099395752
0.08444595336914062
0.07237648963928223
0.05814385414123535
0.044173240661621094
0.025244712829589844
0.09384608268737793
0.07621979713439941
0.0661306381225586
0.051808834075927734
0.04447603225708008
0.029907941818237305
0.1020195484161377
0.08961701393127441
0.07461047172546387
0.060582876205444336
0.04636669158935547
0.10760688781738281
0.0955049991607666
0.08058619499206543
0.07411360740661621
0.07055401802062988
0.052051544189453125
0.03777647018432617
0.10391879081726074
0.08606314659118652
0.07184290885925293
0.057790517807006836
0.04413270950317383
0.033467769622802734
0.10701680183410645
0.08714628219604492
0.07837772369384766
0.06475830078125
0.049921274185180664
0.02921462059020996
0.10232949256896973
0.08560562133789062
0.07496380805969238
0.0769500732421875
0.06524419784545898
0.05068230628967285
0.036196231842041016
0.0995950698852539
0.08306097984313965
0.06931734085083008
0.06099581718444824
0.04603719711303711
0.04577302932739258
0.03663229942321777
0.09575819969177246
0.08211731910705566
0.08520030975341797
0.07122421264648438
0.057176828384399414
0.04277658462524414
0.11007475852966309
0.0954580307006836
0.08070564270019531
0.0658719539642334
0.05472683906555176
0.03970932960510254
0.02539539337158203
0.09751677513122559
0.08702778816223145
0.08074593544006348
0.07773447036743164
0.06318259239196777
0.049269914627075195
0.11193227767944336
0.08324933052062988
0.060663700103759766
0.04598808288574219
0.028949737548828125
0.09985804557800293
0.09472799301147461
0.08077692985534668
0.06253266334533691
0.048752546310424805
0.04601621627807617
0.10425281524658203
0.08026647567749023
0.06615972518920898
0.06301140785217285
0.049924373626708984
0.037425994873046875
0.10512566566467285
0.09273386001586914
0.08277750015258789
0.06851577758789062
0.04717683792114258
0.03289437294006348
0.1033787727355957
0.08246684074401855
0.0698699951171875
0.06112551689147949
0.04669904708862305
0.03255939483642578
0.019243478775024414
0.10042047500610352
0.08348512649536133
0.06950187683105469
0.059319496154785156
0.05765175819396973
0.04539799690246582
0.030918598175048828
0.08950304985046387
0.07984757423400879
0.06568145751953125
0.06767845153808594
0.05384969711303711
0.03958868980407715
0.10611295700073242
0.08691215515136719
0.07673215866088867
0.06245684623718262
0.04801678657531738
0.044914960861206055
0.033330440521240234
0.09668278694152832
0.07944130897521973
0.07602453231811523
0.06257462501525879
0.04986691474914551
0.03623628616333008
0.10280179977416992
0.09240603446960449
0.08589649200439453
0.0716099739074707
0.05729842185974121
0.04328799247741699
0.027930021286010742
0.09473586082458496
0.07986974716186523
0.07264471054077148
0.06499075889587402
0.05155634880065918
0.033896684646606445
0.11162400245666504
0.09070897102355957
0.07658529281616211
0.07236313819885254
0.05784916877746582
0.04037117958068848
0.025847673416137695
0.09039092063903809
0.07672715187072754
0.06700301170349121
0.05328178405761719
0.045943498611450195
0.028100967407226562
0.10075592994689941
0.08330225944519043
0.08640718460083008
0.06695365905761719
0.05182480812072754
0.03747367858886719
0.10840606689453125
0.08322954177856445
0.07118749618530273
0.06216740608215332
0.0509641170501709
0.04638266563415527
0.032859086990356445
0.09127593040466309
0.07937908172607422
0.06454706192016602
0.053846120834350586
0.04293632507324219
0.02827143669128418
0.11317563056945801
0.09617257118225098
0.08170533180236816
0.06745672225952148
0.05304098129272461
0.03888988494873047
0.1161339282989502
0.08926725387573242
0.07504034042358398
0.06091046333312988
0.04586958885192871
0.04779219627380371
0.03369450569152832
0.0889284610748291
0.08029317855834961
0.07288765907287598
0.05823254585266113
0.0526883602142334
0.03821110725402832
0.10498785972595215
0.09446501731872559
0.07963395118713379
0.06525444984436035
0.05080914497375488
0.03562355041503906
0.10734891891479492
0.09512186050415039
0.0833580493927002
0.07073140144348145
0.07487273216247559
0.060648202896118164
0.04677629470825195
0.032659292221069336
0.09756636619567871
0.07765340805053711
0.07179713249206543
0.06345462799072266
0.05322575569152832
0.04545402526855469
0.10041117668151855
0.07897758483886719
0.08342862129211426
0.07646799087524414
0.06056070327758789
0.04859757423400879
0.03461265563964844
0.09596037864685059
0.09607982635498047
0.0811617374420166
0.06627511978149414
0.05013227462768555
0.03529930114746094
0.11582636833190918
0.09097075462341309
0.0761260986328125
0.06154751777648926
0.04736781120300293
0.0330500602722168
0.02545332908630371
0.0878744125366211
0.07645058631896973
0.06453704833984375
0.05701637268066406
0.04211878776550293
0.03701138496398926
0.103179931640625
0.08414912223815918
0.07271122932434082
0.06525540351867676
0.05021357536315918
0.03580474853515625
0.11030769348144531
0.09890031814575195
0.08940410614013672
0.10233449935913086
0.07289886474609375
0.05902719497680664
0.10854697227478027
0.07457208633422852
0.05774188041687012
0.04559183120727539
0.040767669677734375
0.026271820068359375
0.09473752975463867
0.08325648307800293
0.07235503196716309
0.05796480178833008
0.04364204406738281
0.0396726131439209
0.11029410362243652
0.09586286544799805
0.08123373985290527
0.06721138954162598
0.06507444381713867
0.049974918365478516
0.03526926040649414
0.11402344703674316
0.09481430053710938
0.07671284675598145
0.05524778366088867
0.04041147232055664
0.02606368064880371
0.10127854347229004
0.08435201644897461
0.08361124992370605
0.06923723220825195
0.05505013465881348
0.039847373962402344
0.024821758270263672
0.09091448783874512
0.07985830307006836
0.06498980522155762
0.05125904083251953
0.04585719108581543
0.03100299835205078
0.10696578025817871
0.08382296562194824
0.07103896141052246
0.06135082244873047
0.05478715896606445
0.04760289192199707
0.0332951545715332
0.09806632995605469
0.08548426628112793
0.08049249649047852
0.06286215782165527
0.04812788963317871
0.033573150634765625
0.10221600532531738
0.08848237991333008
0.07327723503112793
0.05534172058105469
0.0346837043762207
0.02138805389404297
0.09846210479736328
0.08817720413208008
0.08028650283813477
0.06905412673950195
0.05404257774353027
0.03967881202697754
0.0251007080078125
0.10606050491333008
0.09485912322998047
0.08030009269714355
0.06601381301879883
0.05138587951660156
0.036477088928222656
0.10390257835388184
0.10066342353820801
0.08692431449890137
0.06922125816345215
0.051024436950683594
0.038436174392700195
0.10611748695373535
0.09664654731750488
0.08151507377624512
0.06681132316589355
0.052326202392578125
0.038170814514160156
0.10928797721862793
0.09726309776306152
0.08997368812561035
0.07473230361938477
0.06101822853088379
0.046816110610961914
0.11102294921875
0.09337067604064941
0.08057475090026855
0.09034395217895508
0.07260584831237793
0.05814790725708008
0.04309725761413574
0.10477399826049805
0.08870840072631836
0.07377409934997559
0.06003570556640625
0.04288363456726074
0.029566287994384766
0.1035308837890625
0.10394740104675293
0.08957982063293457
0.07653450965881348
0.06233668327331543
0.04711103439331055
0.032494306564331055
0.0909433364868164
0.07671761512756348
0.06913542747497559
0.047273874282836914
0.0404815673828125
0.0265960693359375
0.10657978057861328
0.09190559387207031
0.07793641090393066
0.06383728981018066
0.043931007385253906
0.029792308807373047
0.11101031303405762
0.08615660667419434
0.07204318046569824
0.06168937683105469
0.05423426628112793
0.039806365966796875
0.025391340255737305
0.09328460693359375
0.07926726341247559
0.06470775604248047
0.06583237648010254
0.05067849159240723
0.0365445613861084
0.10382461547851562
0.0827796459197998
0.07077145576477051
0.06503129005432129
0.04625391960144043
0.030398130416870117
0.11115574836730957
0.08605551719665527
0.06953597068786621
0.05908799171447754
0.05376791954040527
0.035836219787597656
0.10565400123596191
0.08201193809509277
0.08504295349121094
0.06215620040893555
0.047229766845703125
0.03251194953918457
0.10016775131225586
0.08162856101989746
0.08156800270080566
0.06702446937561035
0.052403926849365234
0.040334463119506836
0.026674747467041016
0.07801270484924316
0.0664224624633789
0.07623648643493652
0.06158804893493652
0.046974897384643555
0.12087893486022949
0.1038351058959961
0.08912348747253418
0.07447004318237305
0.05724787712097168
0.04265403747558594
0.028632164001464844
0.09974384307861328
0.07975268363952637
0.0679631233215332
0.07280492782592773
0.05862712860107422
0.04436230659484863
0.1125650405883789
0.0928652286529541
0.07833456993103027
0.06743931770324707
0.05278921127319336
0.05195045471191406
0.03885030746459961
0.10298728942871094
0.0809938907623291
0.06836867332458496
0.05923914909362793
0.044914960861206055
0.031234025955200195
0.018479108810424805
0.08893775939941406
0.07970690727233887
0.06882929801940918
0.05769038200378418
0.04643106460571289
0.028798580169677734
0.09884977340698242
0.08350944519042969
0.08411598205566406
0.06905794143676758
0.054087162017822266
0.039788246154785156
0.025470733642578125
0.09093761444091797
0.08637166023254395
0.07571530342102051
0.06142282485961914
0.047148942947387695
0.024811744689941406
0.0973813533782959
0.08490514755249023
0.08423328399658203
0.07131648063659668
0.057375192642211914
0.042630672454833984
0.028606176376342773
0.09689879417419434
0.0807809829711914
0.07540488243103027
0.06737542152404785
0.05225801467895508
0.024052858352661133
0.09456467628479004
0.10010480880737305
0.08946847915649414
0.07500743865966797
0.06112051010131836
0.04699826240539551
0.03253626823425293
0.08821439743041992
0.07620453834533691
0.07019734382629395
0.07175683975219727
0.056867361068725586
0.041863203048706055
0.11178946495056152
0.09288334846496582
0.07796621322631836
0.06672859191894531
0.05265021324157715
0.03766465187072754
0.13153719902038574
0.10364079475402832
0.0893697738647461
0.07556414604187012
0.041516780853271484
0.10562992095947266
0.07843494415283203
0.07312440872192383
0.06502008438110352
0.05244255065917969
0.03848624229431152
0.10503506660461426
0.08738827705383301
0.07216024398803711
0.058266639709472656
0.04384970664978027
0.03050065040588379
0.018097877502441406
0.08918571472167969
0.08982229232788086
0.07568764686584473
0.06118345260620117
0.043532609939575195
0.028812170028686523
0.09042549133300781
0.08509254455566406
0.07073807716369629
0.056650400161743164
0.04223060607910156
0.029245853424072266
0.10841155052185059
0.09889698028564453
0.08442044258117676
0.0694727897644043
0.05506277084350586
0.041078805923461914
0.10399985313415527
0.08903765678405762
0.07500863075256348
0.060526371002197266
0.0462033748626709
0.04331636428833008
0.028886079788208008
0.08951663970947266
0.07717776298522949
0.06830573081970215
0.05318903923034668
0.03914999961853027
0.026918411254882812
0.10451579093933105
0.08238649368286133
0.0725393295288086
0.05805563926696777
0.05174875259399414
0.03728652000427246
0.02268695831298828
0.09681463241577148
0.08281207084655762
0.0683448314666748
0.06444931030273438
0.049517154693603516
0.02837371826171875
0.09854698181152344
0.1045842170715332
0.09047532081604004
0.07530450820922852
0.06061840057373047
0.0457766056060791
0.031436920166015625
0.10068941116333008
0.09626078605651855
0.08204507827758789
0.06785416603088379
0.05317950248718262
0.038743019104003906
0.02449202537536621
0.09138965606689453
0.08722257614135742
0.07285809516906738
0.058712005615234375
0.04453754425048828
0.030043363571166992
0.10882687568664551
0.09009742736816406
0.0755472183227539
0.0606231689453125
0.04636335372924805
0.0338749885559082
0.10652470588684082
0.0914146900177002
0.08927083015441895
0.07475972175598145
0.05655932426452637
0.04211306571960449
0.0279083251953125
0.08909726142883301
0.07979822158813477
0.06868338584899902
0.05124783515930176
0.03679990768432617
0.023903369903564453
0.09319376945495605
0.08125996589660645
0.03645443916320801
0.02991318702697754
0.10531067848205566
0.08902931213378906
0.07412481307983398
0.05625629425048828
0.04834556579589844
0.03317379951477051
0.10001993179321289
0.08370804786682129
0.07485604286193848
0.06102180480957031
0.06155705451965332
0.0483553409576416
0.03382372856140137
0.08818888664245605
0.07899808883666992
0.06480789184570312
0.06528401374816895
0.05026078224182129
0.03616523742675781
0.10355496406555176
0.10379934310913086
0.09065437316894531
0.0764305591583252
0.06291890144348145
0.0484466552734375
0.11194300651550293
0.09379124641418457
0.07981204986572266
0.06583499908447266
0.05186653137207031
0.037918806076049805
0.10813784599304199
0.09853076934814453
0.08447432518005371
0.07455253601074219
0.06689977645874023
0.05268549919128418
0.0350804328918457
0.10642814636230469
0.09093379974365234
0.07683944702148438
0.06715607643127441
0.05296730995178223
0.04615068435668945
0.028661012649536133
0.08877682685852051
0.07748794555664062
0.06546354293823242
0.05332469940185547
0.05343270301818848
0.039731502532958984
0.10852575302124023
0.09615206718444824
0.0818946361541748
0.06687378883361816
0.05268549919128418
0.03822898864746094
0.02394580841064453
0.09593915939331055
0.0868220329284668
0.07939791679382324
0.06456542015075684
0.05021166801452637
0.04010629653930664
0.1077413558959961
0.09588742256164551
0.08545804023742676
0.08004117012023926
0.0655360221862793
0.051787614822387695
0.04392743110656738
0.1075599193572998
0.0944831371307373
0.08407282829284668
0.06972718238830566
0.05488920211791992
0.05438566207885742
0.03728032112121582
0.09337210655212402
0.08261513710021973
0.06838607788085938
0.05057239532470703
0.04032754898071289
0.026402711868286133
0.0899655818939209
0.07783031463623047
0.07349014282226562
0.05554986000061035
0.03740811347961426
0.022501230239868164
0.10381722450256348
0.08910417556762695
0.07496190071105957
0.06939244270324707
0.04888200759887695
0.034589529037475586
0.10394930839538574
0.0830678939819336
0.06807661056518555
0.06461977958679199
0.05594587326049805
0.042185068130493164
0.10916256904602051
0.09069538116455078
0.08243203163146973
0.08023309707641602
0.06599211692810059
0.04836606979370117
0.03435373306274414
0.09768342971801758
0.08020973205566406
0.07151603698730469
0.05621910095214844
0.04950308799743652
0.0357515811920166
0.021776437759399414
0.09949707984924316
0.08303523063659668
0.0678105354309082
0.05085468292236328
0.039914608001708984
0.025486230850219727
0.10322713851928711
0.10144305229187012
0.08730769157409668
0.07279038429260254
0.058707237243652344
0.04452061653137207
0.03000926971435547
0.10470342636108398
0.09422636032104492
0.08036422729492188
0.06556177139282227
0.04988598823547363
0.035535573959350586
0.09166979789733887
0.07805156707763672
0.07631778717041016
0.06455540657043457
0.0503232479095459
0.0328831672668457
0.08444809913635254
0.06542158126831055
0.05729413032531738
0.04100346565246582
0.03177785873413086
0.10509967803955078
0.08430147171020508
0.07480072975158691
0.06093549728393555
0.04686403274536133
0.04289865493774414
0.028651714324951172
0.08886575698852539
0.07342290878295898
0.07763934135437012
0.059676408767700195
0.04570317268371582
0.03179740905761719
0.10036444664001465
0.08447003364562988
0.0812981128692627
0.0670464038848877
0.052704811096191406
0.02461075782775879
0.09000635147094727
0.08917403221130371
0.08171200752258301
0.06765365600585938
0.052993059158325195
0.03890419006347656
0.0904383659362793
0.08099222183227539
0.06926512718200684
0.05137825012207031
0.037784576416015625
0.025105714797973633
0.1029963493347168
0.08277535438537598
0.0770101547241211
0.07059025764465332
0.053099870681762695
0.03870725631713867
0.10728645324707031
0.09313488006591797
0.08436441421508789
0.07019639015197754
0.05528998374938965
0.04124712944030762
0.026841163635253906
0.08898043632507324
0.0824439525604248
0.0746457576751709
0.06026911735534668
0.045317888259887695
0.031060457229614258
0.10475301742553711
0.0890798568725586
0.07558345794677734
0.06121397018432617
0.0465235710144043
0.04222846031188965
0.027046918869018555
0.09144210815429688
0.08345890045166016
0.06908559799194336
0.05464792251586914
0.043508052825927734
0.03368568420410156
0.10674357414245605
0.08885049819946289
0.07752418518066406
0.06313800811767578
0.04877781867980957
0.03380751609802246
0.018477201461791992
0.09477519989013672
0.09447979927062988
0.07965660095214844
0.06418561935424805
0.04920077323913574
0.03464341163635254
0.10771584510803223
0.09698343276977539
0.08152985572814941
0.06678628921508789
0.052156925201416016
0.03712892532348633
0.10829877853393555
0.09539556503295898
0.08029651641845703
0.06688976287841797
0.06742596626281738
0.0533747673034668
0.0348508358001709
0.08803653717041016
0.07862043380737305
0.07636499404907227
0.06171679496765137
0.03287458419799805
0.10654234886169434
0.09581518173217773
0.08141708374023438
0.06700277328491211
0.05328869819641113
0.040924072265625
0.026694059371948242
0.09471464157104492
0.08740091323852539
0.07317614555358887
0.05876874923706055
0.04469776153564453
0.030739784240722656
0.10553741455078125
0.08566474914550781
0.0777275562286377
0.06326985359191895
0.04920077323913574
0.0345613956451416
0.02065587043762207
0.08942723274230957
0.07698583602905273
0.06230950355529785
0.06109285354614258
0.040555715560913086
0.02619028091430664
0.09138607978820801
0.08181381225585938
0.06736493110656738
0.05049300193786621
0.04104876518249512
0.026545286178588867
0.09046316146850586
0.09816241264343262
0.08374810218811035
0.06873440742492676
0.05478024482727051
0.04131746292114258
0.1120448112487793
0.09215474128723145
0.07793521881103516
0.06344842910766602
0.0490269660949707
0.03440523147583008
0.026409626007080078
0.09658217430114746
0.08912324905395508
0.07112812995910645
0.05720376968383789
0.04250478744506836
0.025155305862426758
0.10397577285766602
0.08641314506530762
0.07963442802429199
0.058233022689819336
0.04378819465637207
0.02949690818786621
0.10632967948913574
0.08299994468688965
0.07412219047546387
0.06577014923095703
0.05164957046508789
0.03711986541748047
0.022490501403808594
0.08870744705200195
0.08035492897033691
0.0725247859954834
0.05786466598510742
0.0432889461517334
0.02886033058166504
0.10667848587036133
0.08791589736938477
0.07349371910095215
0.05822277069091797
0.04392242431640625
0.0343019962310791
0.027654170989990234
0.08813190460205078
0.07976055145263672
0.06870698928833008
0.05393838882446289
0.039476871490478516
0.03455710411071777
0.1228179931640625
0.09956717491149902
0.08512687683105469
0.07063961029052734
0.04975295066833496
0.03529548645019531
0.10437893867492676
0.08266925811767578
0.07053112983703613
0.06754612922668457
0.05303001403808594
0.038527488708496094
0.023502588272094727
0.0896003246307373
0.08039283752441406
0.06543517112731934
0.05205512046813965
0.0504908561706543
0.036100149154663086
0.10436606407165527
0.0849761962890625
0.07068085670471191
0.06591534614562988
0.05180764198303223
0.037400007247924805
0.022936105728149414
0.09521889686584473
0.09021377563476562
0.07550477981567383
0.057893991470336914
0.042815208435058594
0.03362226486206055
0.1078345775604248
0.09022688865661621
0.08025288581848145
0.06246304512023926
0.04421067237854004
0.035425424575805664
0.10283398628234863
0.09224915504455566
0.07077884674072266
0.05660581588745117
0.0423579216003418
0.027831077575683594
0.10243606567382812
0.08585643768310547
0.07785439491271973
0.06338977813720703
0.05701088905334473
0.042085886001586914
0.026978254318237305
0.09822368621826172
0.08413386344909668
0.07273101806640625
0.058286190032958984
0.05449223518371582
0.04026150703430176
0.025871753692626953
0.08967447280883789
0.09517931938171387
0.08132719993591309
0.06691241264343262
0.052402496337890625
0.037586212158203125
0.10392451286315918
0.08238387107849121
0.07616186141967773
0.06498026847839355
0.058890581130981445
0.04541587829589844
0.03214144706726074
0.08981060981750488
0.08318829536437988
0.06882333755493164
0.05452442169189453
0.04012560844421387
0.034833669662475586
0.10599589347839355
0.08941292762756348
0.07842564582824707
0.06451559066772461
0.05019950866699219
0.03554725646972656
0.021094083786010742
0.09952092170715332
0.08176326751708984
0.07012343406677246
0.058823347091674805
0.04731273651123047
0.032855987548828125
0.10765337944030762
0.0962531566619873
0.08194160461425781
0.06797122955322266
0.05406594276428223
0.040114402770996094
0.02614617347717285
0.09805512428283691
0.08160567283630371
0.07081079483032227
0.05965828895568848
0.045221805572509766
0.030715465545654297
0.10576725006103516
0.08662724494934082
0.07492327690124512
0.06315302848815918
0.046053171157836914
0.031736135482788086
0.02429819107055664
0.09160280227661133
0.08050799369812012
0.08095502853393555
0.0662088394165039
0.05182337760925293
0.03693509101867676
0.10425138473510742
0.08243894577026367
0.07367253303527832
0.05898404121398926
0.05126762390136719
0.03687644004821777
0.021749496459960938
0.08848237991333008
0.07627606391906738
0.07072806358337402
0.05596661567687988
0.04147672653198242
0.026214599609375
0.10404229164123535
0.09235215187072754
0.0778954029083252
0.06341147422790527
0.04899263381958008
0.034651756286621094
0.02036595344543457
0.09697079658508301
0.08383440971374512
0.08446431159973145
0.06419587135314941
0.048799753189086914
0.034546852111816406
0.10747408866882324
0.08864641189575195
0.08676433563232422
0.0744171142578125
0.06136298179626465
0.0473940372467041
0.03347301483154297
0.09184527397155762
0.0871577262878418
0.07756471633911133
0.06307387351989746
0.047704219818115234
0.032967567443847656
0.1034705638885498
0.08555006980895996
0.07803750038146973
0.06689643859863281
0.0524752140045166
0.03711295127868652
0.02292943000793457
0.09824419021606445
0.07720184326171875
0.07904267311096191
0.06727337837219238
0.052640676498413086
0.038285255432128906
0.10987067222595215
0.0918283462524414
0.08073949813842773
0.07085609436035156
0.057767629623413086
0.043338775634765625
0.0290224552154541
0.09578061103820801
0.08740019798278809
0.07251310348510742
0.0582578182220459
0.04380989074707031
0.04224538803100586
0.02800917625427246
0.1002950668334961
0.08435273170471191
0.06961178779602051
0.059084177017211914
0.044423818588256836
0.03924369812011719
0.1055300235748291
0.08537912368774414
0.07112908363342285
0.060888051986694336
0.05271720886230469
0.032712697982788086
0.10310792922973633
0.09994649887084961
0.08958077430725098
0.07507801055908203
0.06075572967529297
0.04638385772705078
0.031228065490722656
0.08981204032897949
0.07757306098937988
0.06843018531799316
0.05349993705749512
0.04601740837097168
0.03175044059753418
0.1054697036743164
0.09242868423461914
0.08096122741699219
0.06672525405883789
0.052223920822143555
0.03799557685852051
0.023613691329956055
0.09093809127807617
0.07993507385253906
0.06850457191467285
0.05330634117126465
0.0389552116394043
0.036306142807006836
0.10409808158874512
0.08236265182495117
