0.10708117485046387
0.09213614463806152
0.07314562797546387
0.05820178985595703
0.05373978614807129
0.03981304168701172
0.10902619361877441
0.09653186798095703
0.08254814147949219
0.06762170791625977
0.05364274978637695
0.03872275352478027
0.11186432838439941
0.08799934387207031
0.07354116439819336
0.05922198295593262
0.04746294021606445
0.03525853157043457
0.028212785720825195
0.09951353073120117
0.0981602668762207
0.08630895614624023
0.07192754745483398
0.05438041687011719
0.04033946990966797
0.1135411262512207
0.08568596839904785
0.07139730453491211
0.05338335037231445
0.04110598564147949
0.03594470024108887
0.1205453872680664
0.10074186325073242
0.08660531044006348
0.07279086112976074
0.058559417724609375
0.04372882843017578
0.10997366905212402
0.10364007949829102
0.08702921867370605
0.0732576847076416
0.05529475212097168
0.042298078536987305
0.10977482795715332
0.09285378456115723
0.0834803581237793
0.07338595390319824
0.058965444564819336
0.04413866996765137
0.11914205551147461
0.07721900939941406
0.060042381286621094
0.052654266357421875
0.03827500343322754
0.03152942657470703
0.0951535701751709
0.07913780212402344
0.06629490852355957
0.06296253204345703
0.04839682579040527
0.034104108810424805
0.10931396484375
0.08471226692199707
0.07176756858825684
0.059453487396240234
0.06077384948730469
0.04642343521118164
0.03125953674316406
0.09090256690979004
0.0830838680267334
0.07421350479125977
0.059815406799316406
0.05093097686767578
0.04180741310119629
0.08686995506286621
0.07854676246643066
0.07040143013000488
0.05675315856933594
0.04231834411621094
0.027497291564941406
0.11947202682495117
0.10156130790710449
0.09682559967041016
0.08178138732910156
0.0670628547668457
0.05287289619445801
0.03803658485412598
0.10399651527404785
0.09295129776000977
0.07895851135253906
0.0631864070892334
0.10941815376281738
0.10701775550842285
0.09102964401245117
0.07512187957763672
0.060532569885253906
0.0454251766204834
0.030676603317260742
0.11047530174255371
0.0836038589477539
0.07054615020751953
0.06135439872741699
0.04669642448425293
0.036461830139160156
0.10892653465270996
0.09044814109802246
0.0762627124786377
0.06167197227478027
0.04753613471984863
0.04237198829650879
0.035329341888427734
0.09759807586669922
0.08270049095153809
0.06479763984680176
0.04710268974304199
0.038849830627441406
0.028949499130249023
0.10670089721679688
0.09178805351257324
0.07684636116027832
0.06261348724365234
0.04843282699584961
0.033318519592285156
0.030758380889892578
0.09617972373962402
0.08035898208618164
0.0781257152557373
0.06296730041503906
0.04794502258300781
0.03333306312561035
0.10335874557495117
0.08664989471435547
0.0797574520111084
0.06188845634460449
0.04678225517272949
0.03176426887512207
0.09451532363891602
0.08305668830871582
0.07633185386657715
0.06195068359375
0.04764676094055176
0.03244423866271973
0.10598182678222656
0.09141898155212402
0.07703328132629395
0.06292939186096191
0.04779458045959473
0.033603668212890625
0.08521819114685059
0.0772697925567627
0.06387901306152344
0.0497896671295166
0.035300493240356445
0.0335996150970459
0.10272693634033203
0.08834481239318848
0.07437467575073242
0.0597686767578125
0.04322242736816406
0.03089118003845215
0.10478663444519043
0.08385705947875977
0.07076120376586914
0.07014179229736328
0.05583381652832031
0.035199880599975586
0.1328122615814209
0.11394095420837402
0.09904742240905762
0.08481860160827637
0.0708918571472168
0.05658674240112305
0.04222869873046875
0.0981142520904541
0.09218978881835938
0.07709383964538574
0.06280207633972168
0.047612667083740234
0.033202409744262695
0.11298251152038574
0.08713245391845703
0.07302165031433105
0.05846905708312988
0.04892468452453613
0.03498125076293945
0.11098051071166992
0.11092782020568848
0.09675073623657227
0.08241868019104004
0.06840777397155762
0.054509639739990234
0.03956770896911621
0.10056781768798828
0.08932876586914062
0.07779765129089355
0.06317687034606934
0.030483722686767578
0.10840296745300293
0.08985042572021484
0.0899360179901123
0.07742547988891602
0.049799203872680664
0.03618216514587402
0.09452462196350098
0.0838005542755127
0.07235527038574219
0.06247234344482422
0.0475153923034668
0.03550386428833008
0.10917520523071289
0.11368298530578613
0.09973740577697754
0.08564186096191406
0.07153487205505371
0.05672168731689453
0.0424041748046875
0.13117647171020508
0.11018848419189453
0.09243559837341309
0.07443451881408691
0.05658531188964844
0.028668642044067383
0.09507489204406738
0.0841670036315918
0.07387065887451172
0.06126856803894043
0.0472722053527832
0.03204536437988281
0.10355472564697266
0.0846564769744873
0.06839251518249512
0.05602717399597168
0.04185295104980469
0.029616832733154297
0.1335744857788086
0.11107182502746582
0.09942889213562012
0.08757257461547852
0.07577395439147949
0.06171584129333496
0.11363339424133301
0.10030078887939453
0.0861673355102539
0.07133054733276367
0.05733942985534668
0.042375802993774414
0.13540935516357422
0.10750770568847656
0.0925743579864502
0.08661937713623047
0.07250547409057617
0.05803966522216797
0.11153244972229004
0.09275174140930176
0.09017133712768555
0.07665371894836426
0.06258940696716309
0.04827547073364258
0.09764933586120605
0.08272099494934082
0.06775283813476562
0.06231236457824707
0.04011940956115723
0.02660226821899414
0.11444306373596191
0.10034298896789551
0.08594107627868652
0.07201504707336426
0.057413339614868164
0.04293346405029297
0.11173343658447266
0.09826278686523438
0.0835874080657959
0.06867742538452148
0.06393098831176758
0.049272775650024414
0.031058788299560547
0.09414100646972656
0.07963776588439941
0.07468438148498535
0.06055903434753418
0.046102285385131836
0.03169536590576172
0.10845136642456055
0.09665822982788086
0.08218622207641602
0.06789588928222656
0.05332827568054199
0.03576231002807617
0.10973215103149414
0.09098577499389648
0.08327746391296387
0.08194470405578613
0.07239055633544922
0.05808258056640625
0.11944246292114258
0.0902860164642334
0.06898736953735352
0.053961992263793945
0.03902149200439453
0.024036645889282227
0.12162017822265625
0.1172935962677002
0.09981203079223633
0.08107352256774902
0.06607556343078613
0.05112862586975098
0.09706664085388184
0.07202696800231934
0.05773472785949707
0.04754900932312012
0.03238201141357422
0.11210989952087402
0.09282851219177246
0.0834953784942627
0.06929755210876465
0.0511622428894043
0.0341486930847168
0.11729669570922852
0.08640193939208984
0.07159113883972168
0.04688072204589844
0.11977458000183105
0.09526276588439941
0.09389066696166992
0.07977104187011719
0.06549477577209473
0.05094146728515625
0.04134678840637207
0.12594866752624512
0.1117408275604248
0.09672856330871582
0.08225274085998535
0.06744241714477539
0.052439212799072266
0.047059059143066406
0.11761212348937988
0.10011458396911621
0.08310914039611816
0.06903290748596191
0.038253068923950195
0.030388832092285156
0.09890103340148926
0.08122968673706055
0.07649946212768555
0.06258916854858398
0.048587799072265625
0.03428363800048828
0.02052760124206543
0.1004486083984375
0.0845186710357666
0.06690573692321777
0.07635283470153809
0.06499004364013672
0.05051398277282715
0.08974742889404297
0.08043670654296875
0.07700490951538086
0.06978845596313477
0.05483889579772949
0.04001426696777344
0.11254453659057617
0.09360909461975098
0.07962560653686523
0.06471085548400879
0.04970979690551758
0.03575730323791504
0.03762531280517578
0.10489344596862793
0.08379364013671875
0.06896686553955078
0.05915975570678711
0.052002668380737305
0.039063215255737305
0.1016697883605957
0.08353257179260254
0.08194637298583984
0.06800055503845215
0.053989410400390625
0.03986668586730957
0.11867141723632812
0.10425806045532227
0.09030032157897949
0.07612824440002441
0.06214022636413574
0.05568242073059082
0.04143381118774414
0.027167081832885742
0.09107780456542969
0.0806882381439209
0.07767915725708008
0.06315302848815918
0.04872250556945801
0.03081345558166504
0.0950157642364502
0.08429312705993652
0.06978535652160645
0.055344581604003906
0.052068233489990234
0.03791618347167969
0.11579442024230957
0.08984065055847168
0.05799150466918945
0.04347538948059082
0.03892111778259277
0.1219179630279541
0.10083532333374023
0.09719634056091309
0.0833730697631836
0.06977176666259766
0.060562849044799805
0.046363115310668945
0.10347867012023926
0.09789752960205078
0.08393263816833496
0.0694131851196289
0.05511045455932617
0.040537118911743164
0.025492191314697266
0.09918785095214844
0.08324551582336426
0.07353043556213379
0.05609130859375
0.0528717041015625
0.03919410705566406
0.11841797828674316
0.09451127052307129
0.08043193817138672
0.05814695358276367
0.043007850646972656
0.03878164291381836
0.10243988037109375
0.08053159713745117
0.07155919075012207
0.05663895606994629
0.05080127716064453
0.03903532028198242
0.11671972274780273
0.09081912040710449
0.08403325080871582
0.07528853416442871
0.060991525650024414
0.04599165916442871
0.03163886070251465
0.09332776069641113
0.08529090881347656
0.07455086708068848
0.05640912055969238
0.040012359619140625
0.025432586669921875
0.10642433166503906
0.09203648567199707
0.09089493751525879
0.07804155349731445
0.06366920471191406
0.04931902885437012
0.034921884536743164
0.11207962036132812
0.09315347671508789
0.07863116264343262
0.06473517417907715
0.0501406192779541
0.028480052947998047
0.11258673667907715
0.09065794944763184
0.07649922370910645
0.06607818603515625
0.05191326141357422
0.03727531433105469
0.10736560821533203
0.08416199684143066
0.07888317108154297
0.07104253768920898
0.05712318420410156
0.04309558868408203
0.03257322311401367
0.09292483329772949
0.07893085479736328
0.07860326766967773
0.06419563293457031
0.047394514083862305
0.029048681259155273
0.09907412528991699
0.08343076705932617
0.07394909858703613
0.06240534782409668
0.047820329666137695
0.03392386436462402
0.10814547538757324
0.08736038208007812
0.07326650619506836
0.0594635009765625
0.048508405685424805
0.02616262435913086
0.10579562187194824
0.09150934219360352
0.07721543312072754
0.06337642669677734
0.04975771903991699
0.03429675102233887
0.10886168479919434
0.10092020034790039
0.08658885955810547
0.07220172882080078
0.06909728050231934
0.05455183982849121
0.040460824966430664
0.1270442008972168
0.10104680061340332
0.08730316162109375
0.059534549713134766
0.0374448299407959
0.11087250709533691
0.08795022964477539
0.0747675895690918
0.07219362258911133
0.057771921157836914
0.04332447052001953
0.02830958366394043
0.10885047912597656
0.08794903755187988
0.07364177703857422
0.059078216552734375
0.04490017890930176
0.0390927791595459
0.1316392421722412
0.11435794830322266
0.10040068626403809
0.08612060546875
0.07174444198608398
0.05774736404418945
0.04320049285888672
0.11413049697875977
0.09152936935424805
0.07694864273071289
0.06224775314331055
0.056204795837402344
0.04180026054382324
0.027458906173706055
0.09939074516296387
0.08569884300231934
0.07145404815673828
0.05646347999572754
0.05237388610839844
0.03764057159423828
0.11131763458251953
0.11554384231567383
0.10102367401123047
0.0859229564666748
0.07083773612976074
0.05604243278503418
0.041188716888427734
0.10711812973022461
0.08648443222045898
0.07175087928771973
0.05643510818481445
0.0435330867767334
0.04133200645446777
0.029195785522460938
0.10093092918395996
0.08603858947753906
0.07166719436645508
0.05730843544006348
0.047370195388793945
0.032393455505371094
0.10785555839538574
0.08395862579345703
0.07373714447021484
0.05902719497680664
0.0450892448425293
0.03299403190612793
0.1136620044708252
0.08867645263671875
0.07410335540771484
0.059984683990478516
0.05840754508972168
0.04511404037475586
0.1125025749206543
0.08362793922424316
0.08289670944213867
0.06852340698242188
0.05039811134338379
0.0361177921295166
0.1087944507598877
0.08450460433959961
0.07138824462890625
0.05900311470031738
0.05034756660461426
0.029407262802124023
0.11537909507751465
0.0914003849029541
0.08627605438232422
0.07174491882324219
0.05716347694396973
0.04290580749511719
0.029378414154052734
0.10846066474914551
0.09869074821472168
0.08473587036132812
0.07045245170593262
0.04863786697387695
0.03467679023742676
0.1039588451385498
0.08680391311645508
0.0760965347290039
0.06856822967529297
0.054121971130371094
0.03913760185241699
0.027191877365112305
0.09606552124023438
0.08136248588562012
0.0692129135131836
0.07187461853027344
0.05687832832336426
0.04182839393615723
0.10755515098571777
0.1016836166381836
0.08740592002868652
0.07294988632202148
0.058037519454956055
0.04347848892211914
0.11237263679504395
0.09817934036254883
0.0884084701538086
0.08548855781555176
0.07059621810913086
0.056134700775146484
0.041849374771118164
0.11072993278503418
0.10293912887573242
0.10056924819946289
0.08627009391784668
0.07118630409240723
0.05707097053527832
0.04242229461669922
0.10896039009094238
0.08134245872497559
0.07735037803649902
0.059355974197387695
0.0455470085144043
0.03102397918701172
0.12140846252441406
0.10226941108703613
0.08813977241516113
0.07012033462524414
0.055765390396118164
0.04122614860534668
0.10999321937561035
0.09651637077331543
0.08278250694274902
0.0680077075958252
0.053534746170043945
0.040846824645996094
0.028537511825561523
0.0932319164276123
0.08214926719665527
0.06832528114318848
0.053781747817993164
0.050810813903808594
0.03607583045959473
0.1175394058227539
0.10259842872619629
0.08785605430603027
0.07392621040344238
0.059705495834350586
0.04596304893493652
0.031832218170166016
0.10167551040649414
0.09087634086608887
0.07293081283569336
0.05867290496826172
0.044217586517333984
0.03759050369262695
0.11477351188659668
0.09874773025512695
0.08323431015014648
0.06907844543457031
0.05467700958251953
0.03987693786621094
0.12001848220825195
0.10606956481933594
0.09111762046813965
0.16869425773620605
0.18157124519348145
0.16736221313476562
0.1538524627685547
0.139418363571167
0.12428927421569824
0.11007165908813477
0.09566569328308105
0.08135747909545898
0.14237093925476074
0.1347346305847168
0.12104272842407227
0.09548068046569824
0.0803375244140625
0.06979632377624512
0.0553591251373291
0.04156208038330078
0.03946828842163086
0.08921146392822266
0.0810384750366211
0.06729507446289062
0.053308725357055664
0.04489469528198242
0.030693769454956055
0.1071329116821289
0.16686725616455078
0.16144990921020508
0.1479034423828125
0.13022899627685547
0.11307859420776367
0.10303640365600586
0.09099650382995605
0.08130216598510742
0.15058493614196777
0.13662028312683105
0.10696148872375488
0.0928342342376709
0.07946133613586426
0.06164860725402832
0.046682119369506836
0.034377336502075195
0.10700249671936035
0.0991666316986084
0.08099031448364258
0.06715631484985352
0.05206441879272461
0.038144826889038086
0.10951685905456543
0.18926644325256348
0.1692817211151123
0.15138483047485352
0.1369466781616211
0.12197446823120117
0.11108756065368652
0.09259986877441406
0.07829976081848145
0.06407284736633301
0.057221412658691406
0.1117546558380127
0.0992579460144043
0.08830881118774414
0.08284854888916016
0.06908416748046875
0.05184507369995117
0.03717350959777832
0.09095954895019531
0.17844057083129883
0.1707601547241211
0.17966079711914062
0.1654963493347168
0.15071535110473633
0.13581156730651855
0.1198587417602539
0.10937881469726562
0.09500908851623535
0.08212852478027344
0.06745076179504395
0.052374839782714844
0.21237897872924805
0.17362117767333984
0.16423296928405762
0.14959716796875
0.1405484676361084
0.12636923789978027
0.11145377159118652
0.10216999053955078
0.08905482292175293
0.149993896484375
0.14188122749328613
0.1456294059753418
0.09816861152648926
0.08416056632995605
0.06101512908935547
0.04694843292236328
0.03288578987121582
0.10136699676513672
0.18255281448364258
0.16802358627319336
0.16753029823303223
0.16517162322998047
0.15423178672790527
0.13947749137878418
0.1253972053527832
0.11114859580993652
0.09653639793395996
0.08227729797363281
0.0678253173828125
0.23114371299743652
0.2173631191253662
0.20052576065063477
0.17950940132141113
0.16700029373168945
0.15146327018737793
0.1610116958618164
0.1474452018737793
0.13385224342346191
0.11950826644897461
0.10522007942199707
0.16230535507202148
0.14818572998046875
0.13459563255310059
0.1314690113067627
0.0985114574432373
0.07856106758117676
0.06427836418151855
0.049712181091308594
0.11339068412780762
0.19710707664489746
0.1857161521911621
0.17134547233581543
0.17193126678466797
0.15694928169250488
0.14276361465454102
0.1287245750427246
0.13233280181884766
0.11738967895507812
0.1031336784362793
0.08867049217224121
0.0733029842376709
0.22757387161254883
0.2133486270904541
0.1754443645477295
0.16328930854797363
0.16208982467651367
0.14745163917541504
0.11804842948913574
0.1038672924041748
0.08930730819702148
0.18858051300048828
0.17529535293579102
0.16102170944213867
0.14313650131225586
0.12907028198242188
0.1071624755859375
0.09302067756652832
0.07875347137451172
0.06344079971313477
0.04894256591796875
0.11031365394592285
0.1954500675201416
0.1813361644744873
0.1671276092529297
0.1526327133178711
0.13750410079956055
0.12265133857727051
0.1175527572631836
0.10326027870178223
0.08899855613708496
0.0744788646697998
0.22698116302490234
0.21207785606384277
0.18296337127685547
0.20241546630859375
0.1961040496826172
0.18211960792541504
0.16715455055236816
0.15323519706726074
0.13927817344665527
0.12636256217956543
0.16712713241577148
0.1670093536376953
0.16199493408203125
0.15491557121276855
0.1405477523803711
0.10272455215454102
0.08778023719787598
0.07378530502319336
0.059798479080200195
0.04474377632141113
0.09933090209960938
0.09234476089477539
0.07472038269042969
0.039839744567871094
0.11609172821044922
0.09265947341918945
0.17505764961242676
0.16485142707824707
0.15100431442260742
0.1376781463623047
0.11970996856689453
0.09993243217468262
0.10773658752441406
0.09086084365844727
0.16864347457885742
0.16231775283813477
0.1479341983795166
0.13355469703674316
0.11168050765991211
0.09715127944946289
0.08127689361572266
0.060799360275268555
0.04665565490722656
0.10238051414489746
0.07647228240966797
0.06348943710327148
0.05055499076843262
0.03827500343322754
0.03366732597351074
0.10459303855895996
0.08499670028686523
0.0707240104675293
0.0564272403717041
0.04795956611633301
0.04188275337219238
0.11881375312805176
0.10093951225280762
0.08680319786071777
0.07261443138122559
0.05803489685058594
0.05750632286071777
0.04328322410583496
0.10920238494873047
0.08649897575378418
0.07925939559936523
0.06424427032470703
0.05001521110534668
0.03459024429321289
0.1095132827758789
0.09762740135192871
0.08686470985412598
0.07253122329711914
0.05371809005737305
0.046529531478881836
0.038465261459350586
0.09645295143127441
0.08486819267272949
0.06385970115661621
0.049402713775634766
0.03496551513671875
0.02452993392944336
0.10478901863098145
0.0867776870727539
0.07228684425354004
0.061189889907836914
0.05024266242980957
0.03570222854614258
0.021483659744262695
0.09900617599487305
0.09529566764831543
0.08339786529541016
0.06901192665100098
0.05503225326538086
0.039983510971069336
0.10928034782409668
0.10463190078735352
0.10080242156982422
0.08663797378540039
0.07318592071533203
0.059697866439819336
0.04457998275756836
0.030267715454101562
0.10057330131530762
0.09539151191711426
0.08093500137329102
0.06580185890197754
0.05155587196350098
0.036875247955322266
0.09389734268188477
0.07560062408447266
0.06137681007385254
0.056838274002075195
0.042661428451538086
0.028060197830200195
0.1257014274597168
0.10576748847961426
0.09081864356994629
0.0762336254119873
0.06163144111633301
0.04572033882141113
0.10830140113830566
0.08863258361816406
0.07363247871398926
0.05899524688720703
0.044971466064453125
0.03823518753051758
0.10826301574707031
0.09315109252929688
0.07837748527526855
0.08029413223266602
0.06440401077270508
0.04932212829589844
0.0351712703704834
0.09152960777282715
0.0818326473236084
0.06380033493041992
0.04889345169067383
0.04056048393249512
0.11138367652893066
0.08860397338867188
0.09112834930419922
0.07677912712097168
0.062380075454711914
0.04795098304748535
0.033513545989990234
0.10081982612609863
0.08287715911865234
0.06975722312927246
0.05742621421813965
0.04913020133972168
0.0428311824798584
0.030406713485717773
0.09916067123413086
0.08269786834716797
0.0856025218963623
0.07079720497131348
0.05633664131164551
0.04161262512207031
0.11157703399658203
0.0920720100402832
0.08326268196105957
0.07961416244506836
0.062055349349975586
0.04732823371887207
0.03292131423950195
0.0989830493927002
0.0860440731048584
0.07156705856323242
0.0615696907043457
0.042769432067871094
0.028864145278930664
0.09803915023803711
0.07982492446899414
0.06534600257873535
0.050431251525878906
0.04449057579040527
0.03209972381591797
0.10714077949523926
0.09121942520141602
0.0613861083984375
0.04678750038146973
0.029074668884277344
0.11384248733520508
0.09046506881713867
0.07198977470397949
0.06572484970092773
0.05116915702819824
0.036577701568603516
0.1065828800201416
0.08341026306152344
0.07102298736572266
0.07584929466247559
0.06176495552062988
0.04711008071899414
0.03294110298156738
0.10164570808410645
0.08570575714111328
0.06818222999572754
0.05734133720397949
0.04714632034301758
0.03469443321228027
0.10824894905090332
0.08357763290405273
0.06742167472839355
0.06317472457885742
0.045136213302612305
0.030822038650512695
0.11975669860839844
0.09844398498535156
0.08553051948547363
0.06805062294006348
0.0537109375
0.03948163986206055
0.12158203125
0.11872577667236328
0.10413718223571777
0.08990073204040527
0.07528042793273926
0.060460805892944336
0.04308366775512695
0.11033391952514648
0.10244226455688477
0.0872349739074707
0.07325100898742676
0.053468942642211914
0.03854846954345703
0.11102724075317383
0.09946441650390625
0.08603739738464355
0.07149648666381836
0.050679922103881836
0.03616619110107422
0.10638022422790527
0.0868082046508789
0.07176971435546875
0.061238765716552734
0.04721546173095703
0.03347206115722656
0.02144765853881836
0.09335708618164062
0.07925057411193848
0.08026266098022461
0.06695795059204102
0.052622079849243164
0.03746175765991211
0.12480616569519043
0.10672998428344727
0.09343338012695312
0.07915663719177246
0.06431794166564941
0.04662680625915527
0.12363719940185547
0.09478068351745605
0.07955765724182129
0.06584548950195312
0.050737619400024414
0.0361175537109375
0.1141207218170166
0.10049724578857422
0.08834505081176758
0.08457612991333008
0.06717419624328613
0.053228139877319336
0.03827476501464844
0.10853290557861328
0.0828855037689209
0.0692594051361084
0.050951480865478516
0.051549673080444336
0.03382563591003418
0.11265683174133301
0.09827947616577148
0.08425474166870117
0.0701148509979248
0.056204795837402344
0.04177975654602051
0.027713775634765625
0.0951378345489502
0.08591294288635254
0.07079458236694336
0.05938076972961426
0.04548978805541992
0.11864495277404785
0.10349392890930176
0.08950543403625488
0.06491231918334961
0.05359601974487305
0.03915762901306152
0.10601091384887695
0.08298206329345703
0.08191680908203125
0.06705355644226074
0.052864789962768555
0.03754925727844238
0.1090550422668457
0.1047673225402832
0.09392094612121582
0.08304524421691895
0.06878423690795898
0.05431771278381348
0.03971147537231445
0.1092674732208252
0.11431193351745605
0.09629416465759277
0.08230090141296387
0.06802892684936523
0.05321502685546875
0.0387270450592041
0.11071276664733887
0.09213638305664062
0.07879233360290527
0.06540584564208984
0.0621953010559082
0.050034284591674805
0.035573720932006836
0.10822343826293945
0.1029350757598877
0.08977055549621582
0.07589173316955566
0.06152200698852539
0.04688858985900879
0.11171865463256836
0.0830070972442627
0.0768120288848877
0.06872057914733887
0.053903818130493164
0.038907527923583984
0.13073015213012695
0.10489010810852051
0.09063386917114258
0.07650589942932129
0.06282448768615723
0.04934883117675781
0.034928083419799805
0.09080862998962402
0.08550620079040527
0.07111477851867676
0.06327033042907715
0.04938244819641113
0.03564620018005371
0.11113452911376953
0.11049246788024902
0.09616613388061523
0.08207035064697266
0.06364583969116211
0.0492095947265625
0.03565359115600586
0.09958839416503906
0.08166074752807617
0.07464456558227539
0.05644083023071289
0.04210638999938965
0.027202129364013672
0.09252357482910156
0.08009457588195801
0.06629705429077148
0.047878265380859375
0.0341343879699707
0.02655959129333496
0.10168623924255371
0.0879507064819336
0.0737600326538086
0.07632064819335938
0.06234002113342285
0.048539161682128906
0.034462928771972656
0.10252070426940918
0.06226634979248047
0.05094408988952637
0.029949426651000977
0.10759329795837402
0.10250520706176758
0.08829474449157715
0.07396411895751953
0.059502601623535156
0.04483389854431152
0.03080272674560547
0.10200285911560059
0.09444427490234375
0.08011388778686523
0.06566929817199707
0.05179119110107422
0.0376889705657959
0.1240224838256836
0.10637640953063965
0.09242987632751465
0.0783228874206543
0.06348514556884766
0.04907679557800293
0.036255598068237305
0.11023306846618652
0.08908247947692871
0.0884091854095459
0.07493400573730469
0.06096816062927246
0.0473780632019043
0.03308534622192383
0.09658956527709961
0.08254003524780273
0.07036709785461426
0.0662386417388916
0.051544189453125
0.029478073120117188
0.10245323181152344
0.09582376480102539
0.0814061164855957
0.06670975685119629
0.04883575439453125
0.03402543067932129
0.11886334419250488
0.09424614906311035
0.08031272888183594
0.06871342658996582
0.05149960517883301
0.03714323043823242
0.0276949405670166
0.10001397132873535
0.08370137214660645
0.06974387168884277
0.05890154838562012
0.04457688331604004
0.038600921630859375
0.13040637969970703
0.10912418365478516
0.095123291015625
0.0811607837677002
0.05973196029663086
0.04496049880981445
0.03027200698852539
0.10127592086791992
0.08633613586425781
0.07210803031921387
0.05755329132080078
0.05154299736022949
0.0363001823425293
0.12857818603515625
0.11171102523803711
0.09873843193054199
0.08426499366760254
0.05552029609680176
0.04076838493347168
0.10700440406799316
0.08467793464660645
0.07642412185668945
0.061113834381103516
0.04675459861755371
0.0422213077545166
0.1139686107635498
0.08890223503112793
0.09054136276245117
0.07581710815429688
0.06124711036682129
0.046500444412231445
0.03282475471496582
0.10204625129699707
0.08175015449523926
0.07944440841674805
0.07096242904663086
0.058023929595947266
0.04432344436645508
0.11729788780212402
0.11523270606994629
0.10193181037902832
0.08752775192260742
0.07286286354064941
0.05866885185241699
0.04512619972229004
0.11206626892089844
0.09718990325927734
0.09897255897521973
0.08443522453308105
0.06971955299377441
0.052498817443847656
0.038915395736694336
0.10796141624450684
0.08165788650512695
0.06656265258789062
0.06331562995910645
0.04563283920288086
0.03139138221740723
0.10050344467163086
0.08728933334350586
0.07084226608276367
0.07151651382446289
0.05381917953491211
0.04179811477661133
0.10474228858947754
0.08732295036315918
0.07632279396057129
0.06139087677001953
0.04621601104736328
0.0420074462890625
0.10686850547790527
0.09261488914489746
0.07844877243041992
0.06387186050415039
0.05753922462463379
0.04071378707885742
0.09852409362792969
0.08724784851074219
0.0731954574584961
0.07329416275024414
0.058747291564941406
0.04478120803833008
0.030366182327270508
0.10718202590942383
0.09282159805297852
0.07851362228393555
0.06413888931274414
0.04921126365661621
0.035103797912597656
0.11778712272644043
0.10095643997192383
0.08646035194396973
0.07136178016662598
0.05665755271911621
0.04203009605407715
0.11330604553222656
0.09462833404541016
0.08219504356384277
0.0869913101196289
0.07259416580200195
0.05770707130432129
0.04366898536682129
0.10739445686340332
0.08520078659057617
0.07071733474731445
0.05603337287902832
0.04941511154174805
0.03840947151184082
0.10898447036743164
0.08499383926391602
0.0724785327911377
0.06371092796325684
0.022498369216918945
0.10632133483886719
0.08966708183288574
0.07523989677429199
0.060848236083984375
0.04794907569885254
0.04413723945617676
0.029769420623779297
0.10051679611206055
0.08247852325439453
0.07323217391967773
0.06139349937438965
0.04703855514526367
0.03254127502441406
0.12124252319335938
0.11450791358947754
0.10043835639953613
0.08605194091796875
0.07136988639831543
0.056684255599975586
0.04149508476257324
0.10617756843566895
0.09851384162902832
0.0838618278503418
0.0685873031616211
0.05420684814453125
0.03982996940612793
0.11544585227966309
0.0985252857208252
0.1540086269378662
0.15577912330627441
0.1415395736694336
0.1317589282989502
0.11690115928649902
0.1440105438232422
0.11287856101989746
0.10252547264099121
0.08284997940063477
0.06577754020690918
0.0929410457611084
0.08467578887939453
0.07423138618469238
0.07406926155090332
0.05635213851928711
0.04244661331176758
0.12057089805603027
0.09764218330383301
0.07561206817626953
0.06076788902282715
0.04705238342285156
0.032227516174316406
0.09466409683227539
0.07975363731384277
0.07823896408081055
0.0710594654083252
0.05908370018005371
0.04560256004333496
0.11229562759399414
0.08737969398498535
0.09520936012268066
0.0812828540802002
0.06385183334350586
0.04990220069885254
0.11203646659851074
0.0957484245300293
0.08166813850402832
0.07434558868408203
0.07251715660095215
0.05774688720703125
0.043927907943725586
0.11138200759887695
0.09038901329040527
0.07955574989318848
0.06158781051635742
0.06398820877075195
0.04259896278381348
0.13438940048217773
0.11042499542236328
0.09647417068481445
0.08247995376586914
0.06799912452697754
0.0539548397064209
0.03940558433532715
0.09915328025817871
0.08337712287902832
0.06926226615905762
0.05852770805358887
0.06298422813415527
0.05037569999694824
0.10849618911743164
0.08305478096008301
0.06956911087036133
0.06472229957580566
0.04987382888793945
0.03780412673950195
0.023605823516845703
0.11473989486694336
0.09732317924499512
0.07585310935974121
0.060915470123291016
0.046796560287475586
0.03190445899963379
0.11233210563659668
0.09918570518493652
0.08463144302368164
0.07022929191589355
0.056024789810180664
0.041466474533081055
0.02670741081237793
0.10237479209899902
0.09739112854003906
0.09748339653015137
0.08400225639343262
0.0695338249206543
0.055206298828125
0.10953688621520996
0.08476686477661133
0.06981921195983887
0.05933666229248047
0.045493364334106445
0.028362512588500977
0.10325002670288086
0.09794878959655762
0.08327817916870117
0.0682518482208252
0.055140018463134766
0.04042387008666992
0.026247024536132812
0.09319233894348145
0.08180093765258789
0.06763768196105957
0.05314159393310547
0.04027223587036133
0.028846263885498047
0.12718749046325684
0.10234570503234863
0.08841729164123535
0.0733489990234375
0.059073448181152344
0.044851064682006836
0.10825681686401367
0.09700798988342285
0.08296561241149902
0.07256722450256348
0.05901169776916504
0.04845237731933594
0.03390860557556152
0.12552547454833984
0.09679222106933594
0.07905077934265137
0.05500388145446777
0.040016889572143555
0.11297369003295898
0.09830045700073242
0.10179877281188965
0.08743739128112793
0.07095527648925781
0.05624747276306152
0.04197216033935547
0.11652350425720215
0.10193300247192383
0.08697652816772461
0.0752110481262207
0.0604557991027832
0.0498805046081543
0.040045738220214844
0.12444281578063965
0.10989069938659668
0.09395813941955566
0.07938098907470703
0.061934709548950195
0.04794192314147949
0.03286623954772949
0.11921024322509766
0.10008597373962402
0.08502388000488281
0.06771445274353027
0.0529322624206543
0.03868389129638672
0.11014533042907715
0.09566688537597656
0.08156013488769531
0.06353044509887695
0.048979997634887695
0.04160165786743164
0.11190223693847656
0.09180378913879395
0.08898448944091797
0.07736682891845703
0.06320595741271973
0.04239344596862793
0.027933835983276367
0.09054136276245117
0.08164095878601074
0.06719779968261719
0.05698895454406738
0.05008053779602051
0.038399457931518555
0.12642359733581543
0.10148859024047852
0.08724021911621094
0.07271695137023926
0.05874013900756836
0.04439997673034668
0.029448509216308594
0.10872220993041992
0.09463691711425781
0.07995247840881348
0.0654151439666748
0.051985740661621094
0.03767848014831543
0.12107300758361816
0.09506893157958984
0.08086657524108887
0.06669259071350098
0.05238080024719238
0.034377336502075195
0.1119387149810791
0.1106414794921875
0.09269189834594727
0.07465434074401855
0.05672788619995117
0.03862595558166504
0.02465510368347168
0.09322714805603027
0.08183884620666504
0.07474231719970703
0.05991554260253906
0.045685768127441406
0.027754783630371094
0.0948495864868164
0.07991814613342285
0.06714653968811035
0.0638418197631836
0.048967599868774414
0.034272193908691406
0.10937714576721191
0.08451151847839355
0.0822305679321289
0.06873250007629395
0.05377697944641113
0.035863399505615234
0.09968876838684082
0.08556771278381348
0.07159900665283203
0.05767989158630371
0.049681901931762695
0.04865264892578125
0.035628557205200195
0.09453320503234863
0.08323168754577637
0.06803393363952637
0.053724050521850586
0.03982901573181152
0.028728485107421875
0.10582327842712402
0.09099078178405762
0.08118414878845215
0.07002687454223633
0.05550336837768555
0.04149603843688965
0.11021780967712402
0.09193134307861328
0.08105254173278809
0.06687760353088379
0.05280733108520508
0.03859114646911621
0.024348735809326172
0.09310626983642578
0.0788726806640625
0.06926560401916504
0.06171274185180664
0.0512082576751709
0.03565812110900879
0.12161898612976074
0.10378885269165039
0.08966970443725586
0.0751962661743164
0.054373741149902344
0.03949594497680664
0.09560298919677734
0.0890038013458252
0.08640074729919434
0.0720071792602539
0.05709099769592285
0.04276895523071289
0.11329793930053711
0.0848383903503418
0.07954144477844238
0.07252979278564453
0.05850577354431152
0.043691396713256836
0.11899375915527344
0.10442209243774414
0.09047269821166992
0.07645940780639648
0.07419466972351074
0.060185909271240234
0.04525184631347656
0.030070781707763672
0.09038972854614258
0.07571840286254883
0.06327939033508301
0.050957679748535156
0.05103492736816406
0.037027835845947266
0.09499096870422363
0.08090972900390625
0.07129740715026855
0.05683732032775879
0.046141624450683594
0.031714677810668945
0.11419391632080078
0.0893709659576416
0.07528972625732422
0.06801319122314453
0.05386042594909668
0.03940892219543457
0.028715133666992188
0.11295938491821289
0.09304261207580566
0.07874083518981934
0.06426310539245605
0.04930424690246582
0.04726362228393555
0.03308296203613281
0.09696292877197266
0.0921335220336914
0.07793927192687988
0.0633707046508789
0.052596330642700195
0.03866004943847656
0.11000728607177734
0.08453226089477539
0.0749664306640625
0.061022281646728516
0.04739046096801758
0.02170252799987793
0.10600423812866211
0.08797168731689453
0.07035088539123535
0.052967071533203125
0.05873227119445801
0.04382061958312988
0.11839103698730469
0.09439373016357422
0.07945585250854492
0.06552386283874512
0.05135750770568848
0.03733325004577637
0.10811924934387207
0.08507323265075684
0.07692790031433105
0.062497615814208984
0.06072115898132324
0.03833818435668945
0.1057124137878418
0.08646059036254883
0.0722048282623291
0.06566834449768066
0.05373072624206543
0.04155421257019043
0.026779651641845703
0.10153436660766602
0.0857541561126709
0.07155370712280273
0.05699038505554199
0.04405403137207031
0.03696107864379883
0.10956430435180664
0.10658478736877441
0.10659480094909668
0.09171819686889648
0.08010745048522949
0.06494379043579102
0.05026507377624512
0.03630185127258301
0.10078763961791992
0.08299541473388672
0.06900596618652344
0.05857229232788086
0.04441642761230469
0.036595821380615234
0.11424708366394043
0.10566496849060059
0.09082698822021484
0.07671761512756348
0.06222224235534668
0.044764041900634766
0.027259349822998047
0.09441304206848145
0.0801076889038086
0.08538269996643066
0.07390403747558594
0.060405731201171875
0.039243221282958984
0.10388040542602539
0.08648681640625
0.07223844528198242
0.0582430362701416
0.056085824966430664
0.04160332679748535
0.027429580688476562
0.10581183433532715
0.0888824462890625
0.07431721687316895
0.059119224548339844
0.04488325119018555
0.11016035079956055
0.09017777442932129
0.07526230812072754
0.06043243408203125
0.04699587821960449
0.03785514831542969
0.0324559211730957
0.09325695037841797
0.07801127433776855
0.07981657981872559
0.06550931930541992
0.051564931869506836
0.03712272644042969
0.1080169677734375
0.08715963363647461
0.06961774826049805
0.05498170852661133
0.04123950004577637
0.036524295806884766
0.10125398635864258
0.09099459648132324
0.07670044898986816
0.06225156784057617
0.04787755012512207
0.03317856788635254
0.1102604866027832
0.08952450752258301
0.09233689308166504
0.07864618301391602
0.06358718872070312
0.04971957206726074
0.041655540466308594
0.08934473991394043
0.08073878288269043
0.06627655029296875
0.06688857078552246
0.05305886268615723
0.0391538143157959
0.10861682891845703
0.08350372314453125
0.06653547286987305
0.05595803260803223
0.04567289352416992
0.11423945426940918
0.10905718803405762
0.09453892707824707
0.08042454719543457
0.06841158866882324
0.05887413024902344
0.04531097412109375
0.03149604797363281
0.09201812744140625
0.08071517944335938
0.06623172760009766
0.051314592361450195
0.039437294006347656
0.037613868713378906
0.08933496475219727
0.08001852035522461
0.07245445251464844
0.05661320686340332
0.04161190986633301
0.11505508422851562
0.0935826301574707
0.09511137008666992
0.07788419723510742
0.06389784812927246
0.05095958709716797
0.03441357612609863
0.10427355766296387
0.1012868881225586
0.08717751502990723
0.07211685180664062
0.0599668025970459
0.04782581329345703
0.0329747200012207
0.10327696800231934
0.08234906196594238
0.07659244537353516
0.06780600547790527
0.05286097526550293
0.038575172424316406
0.11246275901794434
0.09789896011352539
0.08816933631896973
0.07312345504760742
0.07241630554199219
0.05972599983215332
0.04484844207763672
0.030327320098876953
0.09898495674133301
0.0974888801574707
0.08354067802429199
0.07018303871154785
0.05622577667236328
0.038771867752075195
0.10911822319030762
0.08783578872680664
0.07381772994995117
0.0729529857635498
0.059004783630371094
0.045069217681884766
0.031119346618652344
0.12419867515563965
0.10272860527038574
0.08873796463012695
0.07349133491516113
0.05950212478637695
0.04534006118774414
0.032192230224609375
0.09284496307373047
0.0803368091583252
0.06683683395385742
0.06350302696228027
0.04842114448547363
0.03083324432373047
0.10274505615234375
0.09718918800354004
0.08230304718017578
0.0647425651550293
0.05054163932800293
0.0361027717590332
0.09311699867248535
0.08136153221130371
0.07641839981079102
0.05851483345031738
0.043517351150512695
0.026574134826660156
0.1236412525177002
0.10180068016052246
0.08386087417602539
0.06991171836853027
0.05572009086608887
0.04161572456359863
0.11565351486206055
0.08737945556640625
0.07329416275024414
0.05896639823913574
0.047153472900390625
0.035538434982299805
0.11238217353820801
0.10154294967651367
0.09966039657592773
0.08443713188171387
0.07005071640014648
0.04925966262817383
0.03563404083251953
0.10484147071838379
0.0820167064666748
0.08448123931884766
0.07033920288085938
0.05565810203552246
0.04129767417907715
0.11910057067871094
0.09151339530944824
0.07293200492858887
0.05890011787414551
0.045227766036987305
0.03099822998046875
0.12923002243041992
0.11364030838012695
0.1001136302947998
0.08633708953857422
0.07171273231506348
0.05710935592651367
0.043787240982055664
0.1273038387298584
0.09934520721435547
0.08508729934692383
0.07055473327636719
0.05565190315246582
0.042052268981933594
0.10197067260742188
0.0875236988067627
0.0818014144897461
0.06688070297241211
0.049130916595458984
0.03484988212585449
0.12559080123901367
0.10699963569641113
0.09306645393371582
0.07878994941711426
0.0653069019317627
0.051360130310058594
0.0366816520690918
0.10635590553283691
0.08328819274902344
0.07073140144348145
0.06551289558410645
0.051280975341796875
0.03734469413757324
0.11403989791870117
0.10036730766296387
0.0907590389251709
0.07574748992919922
0.061402082443237305
0.04690408706665039
0.03741788864135742
0.11609172821044922
0.08528780937194824
0.07102179527282715
0.056688785552978516
0.044080495834350586
0.12826061248779297
0.11308932304382324
0.0987544059753418
0.08499383926391602
0.07601475715637207
0.061188697814941406
0.043913841247558594
0.1086733341217041
0.09789347648620605
0.08307576179504395
0.07159805297851562
0.05709505081176758
0.04273080825805664
0.0373690128326416
0.09253525733947754
0.07753467559814453
0.056174278259277344
0.05680680274963379
0.04193568229675293
0.027833223342895508
0.09263181686401367
0.08074259757995605
0.06888246536254883
0.05688786506652832
0.05266833305358887
0.04227399826049805
0.11486077308654785
0.11748099327087402
0.10598540306091309
0.09398317337036133
0.08180570602416992
0.06789088249206543
0.05351901054382324
0.03942537307739258
0.10760045051574707
0.09323763847351074
0.0792539119720459
0.06426286697387695
0.04934048652648926
0.03424358367919922
0.10675811767578125
0.09779238700866699
0.08282065391540527
0.06786417961120605
0.05291247367858887
0.03496837615966797
0.10522079467773438
0.08429121971130371
0.07494664192199707
0.06097269058227539
0.04604601860046387
0.026579618453979492
0.10229253768920898
0.08436250686645508
0.0941157341003418
0.07407593727111816
0.06299877166748047
0.04919004440307617
0.11439895629882812
0.0913686752319336
0.09083867073059082
0.07489299774169922
0.060930728912353516
0.04699301719665527
0.03252673149108887
0.10313606262207031
0.08420324325561523
0.06956171989440918
0.05510449409484863
0.05392265319824219
0.04135632514953613
0.10767602920532227
0.10405945777893066
0.09005379676818848
0.07630014419555664
0.062067508697509766
0.04827404022216797
0.034043312072753906
0.10166239738464355
0.09871268272399902
0.08473443984985352
0.07038497924804688
0.05608057975769043
0.04166102409362793
0.026604652404785156
0.1037135124206543
0.10255861282348633
0.08860921859741211
0.07419848442077637
0.06032967567443848
0.03973579406738281
0.10275411605834961
0.08483552932739258
0.06989693641662598
0.055954933166503906
0.03867793083190918
0.0243074893951416
0.10100698471069336
0.10375308990478516
0.08935284614562988
0.07566070556640625
0.062048912048339844
0.047789573669433594
0.03350710868835449
0.09318065643310547
0.0895833969116211
0.07535028457641602
0.05673074722290039
0.03892779350280762
0.11224508285522461
0.09868311882019043
0.09970498085021973
0.08230090141296387
0.06802487373352051
0.053807973861694336
0.04005146026611328
0.025810718536376953
0.09373879432678223
0.07967782020568848
0.06609630584716797
0.06141328811645508
0.04744887351989746
0.0330047607421875
0.0999443531036377
0.08170461654663086
0.06648540496826172
0.052490949630737305
0.040344953536987305
0.043097734451293945
0.10785698890686035
0.08397555351257324
0.08405518531799316
0.06956648826599121
0.055622100830078125
0.11007428169250488
0.10581088066101074
0.09187960624694824
0.07589483261108398
0.06854462623596191
0.04840230941772461
0.03381013870239258
0.10974645614624023
0.08284139633178711
0.06777286529541016
0.06868577003479004
0.05377054214477539
0.03935527801513672
0.10854959487915039
0.08365416526794434
0.06989431381225586
0.06087946891784668
0.0636591911315918
0.04881644248962402
0.03473186492919922
0.10013031959533691
0.08310341835021973
0.09144997596740723
0.0774834156036377
0.06248593330383301
0.04854846000671387
0.10953235626220703
0.08495950698852539
0.07140922546386719
0.05637049674987793
0.05906844139099121
0.04486823081970215
0.10578703880310059
0.09080219268798828
0.06998372077941895
0.055925846099853516
0.04196310043334961
0.03450942039489746
0.12266135215759277
0.10468196868896484
0.09077787399291992
0.0765230655670166
0.06230354309082031
0.04735517501831055
0.03136849403381348
0.09556937217712402
0.08405160903930664
0.0689852237701416
0.05429577827453613
0.040274858474731445
0.025979280471801758
0.09236025810241699
0.07994246482849121
0.08096885681152344
0.06596136093139648
0.051291704177856445
0.037340641021728516
0.11509394645690918
0.08996939659118652
0.07487273216247559
0.06052374839782715
0.04855966567993164
0.04965949058532715
0.03576946258544922
0.09787964820861816
0.08656167984008789
0.07183218002319336
0.057436466217041016
0.043085336685180664
0.04076695442199707
0.11050772666931152
0.08758187294006348
0.07266664505004883
0.05828261375427246
0.04540085792541504
0.03905510902404785
0.025157690048217773
0.10108637809753418
0.08643436431884766
0.06800270080566406
0.05433297157287598
0.04005765914916992
0.025167465209960938
0.1024627685546875
0.09009122848510742
0.0758659839630127
0.05406069755554199
0.03962111473083496
0.031508445739746094
0.10757923126220703
0.08876252174377441
0.07396745681762695
0.05905771255493164
0.05774998664855957
0.042554378509521484
0.028342723846435547
0.11316037178039551
0.09624052047729492
0.08183860778808594
0.06738924980163574
0.05304145812988281
0.03928089141845703
0.11199641227722168
0.08417105674743652
0.07510972023010254
0.06075739860534668
0.04718375205993652
0.0415959358215332
0.02794957160949707
0.10332298278808594
0.08885526657104492
0.07458758354187012
0.056214094161987305
0.04219841957092285
0.027535438537597656
0.0944528579711914
0.08030390739440918
0.06696224212646484
0.057955265045166016
0.050455570220947266
0.036893367767333984
0.11788129806518555
0.10064244270324707
0.08673214912414551
0.07175731658935547
0.05747175216674805
0.042835235595703125
0.02871394157409668
0.10212135314941406
0.08679080009460449
0.0682682991027832
0.05402517318725586
0.0464177131652832
0.032706499099731445
0.11835765838623047
0.09054350852966309
0.07719755172729492
0.06702613830566406
0.05240225791931152
0.03445720672607422
0.11548113822937012
0.10141563415527344
0.08736133575439453
0.06929636001586914
0.06859016418457031
0.055518150329589844
0.04146909713745117
0.1252131462097168
0.09698128700256348
0.08276772499084473
0.06858134269714355
0.053464412689208984
0.03914189338684082
0.10590076446533203
0.08857059478759766
0.07403564453125
0.06269717216491699
0.04181218147277832
0.02764725685119629
0.0984959602355957
0.09673643112182617
0.0823976993560791
0.06740093231201172
0.05289006233215332
0.03848147392272949
0.1104886531829834
0.10102462768554688
0.08658742904663086
0.0718076229095459
0.05762314796447754
0.04334092140197754
0.027364253997802734
0.09354877471923828
0.07877349853515625
0.07867002487182617
0.0638425350189209
0.049285888671875
0.03973746299743652
0.10907697677612305
0.09812617301940918
0.08352828025817871
0.0691061019897461
0.05491447448730469
0.04018139839172363
0.10817503929138184
0.10059809684753418
0.08646035194396973
0.07200217247009277
0.057552337646484375
0.04236888885498047
0.11308908462524414
0.08718514442443848
0.08711123466491699
0.0728914737701416
0.058702707290649414
0.044440269470214844
0.10525846481323242
0.08244705200195312
0.07239294052124023
0.05797266960144043
0.05640769004821777
0.04257535934448242
0.028291702270507812
0.09868860244750977
0.09251022338867188
0.0780789852142334
0.06437277793884277
0.050200700759887695
0.04150819778442383
0.027299880981445312
0.1054539680480957
0.09016752243041992
0.07232332229614258
0.05763077735900879
0.043012142181396484
0.02803945541381836
0.0957794189453125
0.08131146430969238
0.07504653930664062
0.06550145149230957
0.05168938636779785
0.03489112854003906
0.09489178657531738
0.08083033561706543
0.06081366539001465
0.05321073532104492
0.04145407676696777
0.11349248886108398
0.09125375747680664
0.07726073265075684
0.0640707015991211
0.05109858512878418
0.03510785102844238
0.11263060569763184
0.10132288932800293
0.08485150337219238
0.07968997955322266
0.0694739818572998
0.05527949333190918
0.04475760459899902
0.1128091812133789
0.10219049453735352
0.0858454704284668
0.07811713218688965
0.06364989280700684
0.04866147041320801
0.03783106803894043
0.11122775077819824
0.09649991989135742
0.08246326446533203
0.06755542755126953
0.058286428451538086
0.10833263397216797
0.10277676582336426
0.08860063552856445
0.07433605194091797
0.05974531173706055
0.0452418327331543
0.0276486873626709
0.09667849540710449
0.08257651329040527
0.06869339942932129
0.05433201789855957
0.0447850227355957
0.030919551849365234
0.10933995246887207
0.09085750579833984
0.08669233322143555
0.07167792320251465
0.05767464637756348
0.043111324310302734
0.11397528648376465
0.11260294914245605
0.09801459312438965
0.08379721641540527
0.06956624984741211
0.04900765419006348
0.03448939323425293
0.10589075088500977
0.08735489845275879
0.0893700122833252
0.07446146011352539
0.06051373481750488
0.04654526710510254
0.03258776664733887
0.09824347496032715
0.08959436416625977
0.08005762100219727
0.07247447967529297
0.058075666427612305
0.04364490509033203
0.11046099662780762
0.08412384986877441
0.07011151313781738
0.05603909492492676
0.05322527885437012
0.041892051696777344
0.10942268371582031
0.10113072395324707
0.09051156044006348
0.07602953910827637
0.06183028221130371
0.048274993896484375
0.0405580997467041
0.0262753963470459
0.09805774688720703
0.08360457420349121
0.06958150863647461
0.0640568733215332
0.05583524703979492
0.04262590408325195
0.10839724540710449
0.08489465713500977
0.07820439338684082
0.0640103816986084
0.04920029640197754
0.034981727600097656
0.11959290504455566
0.10313224792480469
0.08887338638305664
0.07506060600280762
0.058774709701538086
0.07281875610351562
0.06204700469970703
0.11126971244812012
0.08455491065979004
0.06972408294677734
0.05567646026611328
0.052643537521362305
0.043442487716674805
0.09828352928161621
0.09628438949584961
0.09853219985961914
0.0850822925567627
0.06891846656799316
0.05355668067932129
0.09878110885620117
0.08240509033203125
0.0672607421875
0.05197262763977051
0.04297661781311035
0.028107404708862305
0.10427737236022949
0.08810853958129883
0.07307004928588867
0.0671086311340332
0.0526885986328125
0.03843235969543457
0.11444854736328125
0.1006157398223877
0.08952617645263672
0.07884383201599121
0.060933589935302734
0.04657411575317383
0.04982805252075195
0.11266636848449707
0.08670735359191895
0.07263851165771484
0.058290719985961914
0.05289578437805176
0.04162406921386719
0.12134027481079102
0.09248232841491699
0.07826066017150879
0.056043386459350586
0.041512250900268555
0.027298688888549805
0.09509563446044922
0.08017587661743164
0.08105015754699707
0.06633305549621582
0.04820990562438965
0.034013986587524414
0.10436105728149414
0.08443689346313477
0.08314967155456543
0.0648036003112793
0.05012679100036621
0.03513693809509277
0.11320710182189941
0.09129047393798828
0.07690048217773438
0.06217527389526367
0.044106245040893555
0.0292966365814209
0.12044024467468262
0.09452152252197266
0.08016252517700195
0.0656900405883789
0.0520017147064209
0.03354001045227051
0.12691640853881836
0.10407733917236328
0.09002566337585449
0.07564282417297363
0.06080508232116699
0.04326486587524414
0.1044459342956543
0.09227418899536133
0.07824826240539551
0.06409716606140137
0.03071904182434082
0.11703109741210938
0.10935068130493164
0.09528875350952148
0.08080887794494629
0.06581711769104004
0.04875659942626953
0.03393411636352539
0.10293292999267578
0.09386563301086426
0.08003687858581543
0.06643056869506836
0.052304744720458984
0.032418251037597656
0.09584307670593262
0.08489012718200684
0.06968879699707031
0.05539560317993164
0.04262423515319824
0.02985072135925293
0.13049912452697754
0.10460972785949707
0.09044766426086426
0.07625389099121094
0.06112408638000488
0.046999454498291016
0.03206634521484375
0.09960126876831055
0.08653020858764648
0.07325506210327148
0.05902218818664551
0.04649043083190918
0.042923927307128906
0.03453493118286133
0.09257149696350098
0.07852673530578613
0.06931543350219727
0.05859851837158203
0.04332232475280762
0.029044151306152344
0.10561919212341309
0.10622787475585938
0.09195280075073242
0.07771611213684082
0.06357836723327637
0.0492100715637207
0.033704280853271484
0.0990748405456543
0.0971670150756836
0.08292102813720703
0.053822994232177734
0.03933119773864746
0.11307644844055176
0.0877840518951416
0.08057332038879395
0.0660696029663086
0.05180525779724121
0.036917924880981445
0.022685527801513672
0.09578776359558105
0.08006954193115234
0.0700371265411377
0.06601119041442871
0.0506443977355957
0.03647661209106445
0.11088800430297852
0.08798480033874512
0.07207536697387695
0.06855988502502441
0.0549006462097168
0.040409088134765625
0.10913705825805664
0.08561897277832031
0.07190465927124023
0.05686831474304199
0.047507524490356445
0.029645681381225586
0.10658001899719238
0.10417032241821289
0.09060096740722656
0.07696032524108887
0.05930590629577637
0.048996925354003906
0.09206604957580566
0.0793614387512207
0.07032585144042969
0.055925846099853516
0.05072617530822754
0.035721540451049805
0.10994720458984375
0.08618330955505371
0.07651615142822266
0.06158852577209473
0.05616307258605957
0.053362131118774414
0.03902935981750488
0.09781861305236816
0.08346986770629883
0.06895303726196289
0.05533432960510254
0.04137754440307617
0.042157649993896484
0.11673307418823242
0.09083795547485352
0.07567906379699707
0.06088852882385254
0.04691481590270996
0.042562007904052734
0.10708904266357422
0.10025596618652344
0.08222031593322754
0.06710410118103027
0.05275774002075195
0.034390926361083984
0.10760951042175293
0.08820176124572754
0.08532166481018066
0.07167768478393555
0.056539058685302734
0.042260169982910156
0.12618184089660645
0.10047793388366699
0.08560657501220703
0.07156944274902344
0.05689072608947754
0.039133310317993164
0.09762263298034668
0.07627630233764648
0.062006235122680664
0.047592878341674805
0.03220868110656738
0.020371675491333008
0.09894919395446777
0.08490395545959473
0.07262539863586426
0.06735587120056152
0.05245661735534668
0.03846597671508789
0.11296534538269043
0.09496188163757324
0.08367085456848145
0.06878495216369629
0.05117058753967285
0.04068922996520996
0.09404110908508301
0.07964229583740234
0.0702354907989502
0.05601811408996582
0.05359649658203125
0.04053664207458496
0.10467410087585449
0.08599591255187988
0.07888412475585938
0.06580877304077148
0.051344871520996094
0.03356361389160156
0.1163020133972168
0.10196566581726074
0.08790922164916992
0.07368254661560059
0.05985379219055176
0.04510831832885742
0.1153116226196289
0.0906980037689209
0.07975196838378906
0.06548023223876953
0.05150461196899414
0.03397703170776367
0.11254739761352539
0.09520983695983887
0.08133816719055176
0.07536983489990234
0.060419559478759766
0.04666423797607422
0.0267181396484375
0.0965585708618164
0.08231139183044434
0.06490898132324219
0.05623149871826172
0.026668548583984375
0.10524320602416992
0.09032773971557617
0.07590389251708984
0.06140756607055664
0.05668139457702637
0.03550124168395996
0.1098930835723877
0.08808183670043945
0.07309842109680176
0.05860757827758789
0.04855680465698242
0.03434610366821289
0.03201460838317871
0.09325766563415527
0.07920432090759277
0.07306098937988281
0.058638572692871094
0.044220685958862305
0.038166046142578125
0.10501432418823242
0.0877542495727539
0.07937479019165039
0.06512594223022461
0.050719261169433594
0.0364377498626709
0.12660741806030273
0.11253881454467773
0.0979001522064209
0.08349204063415527
0.0691826343536377
0.05156755447387695
0.03342485427856445
0.10400176048278809
0.09716629981994629
0.08261609077453613
0.06821227073669434
0.05327177047729492
0.03880810737609863
0.1269233226776123
0.09875178337097168
0.08447098731994629
0.06940436363220215
0.05506086349487305
0.040813446044921875
0.1205441951751709
0.10612297058105469
0.08919167518615723
0.07481241226196289
0.064697265625
0.054625511169433594
0.04390358924865723
0.11073493957519531
0.0878911018371582
0.0747838020324707
0.0659339427947998
0.05946540832519531
0.04482626914978027
0.03052973747253418
0.09753060340881348
0.08180499076843262
0.06975007057189941
0.05736541748046875
0.05315089225769043
0.039128780364990234
0.10308051109313965
0.10169076919555664
0.08769989013671875
0.07370352745056152
0.05923724174499512
0.04517006874084473
0.030543804168701172
0.1030266284942627
0.08898234367370605
0.0737762451171875
0.05594205856323242
0.041655778884887695
0.027225732803344727
0.10938239097595215
0.10274219512939453
0.08855009078979492
0.07498002052307129
0.06089186668395996
0.04920458793640137
0.0356593132019043
0.09593439102172852
0.07764124870300293
0.06555700302124023
0.06121683120727539
0.04327106475830078
0.028916120529174805
0.09258222579956055
0.08066439628601074
0.0755009651184082
0.060292959213256836
0.04519796371459961
0.030065059661865234
0.09484529495239258
0.095001220703125
0.07501578330993652
0.06104636192321777
0.046605587005615234
0.02973794937133789
0.09498739242553711
0.09527015686035156
0.08094620704650879
0.0659480094909668
0.04915118217468262
0.03388261795043945
0.11030030250549316
0.0952458381652832
0.08181953430175781
0.06743931770324707
0.05004405975341797
0.03545999526977539
0.11668753623962402
0.09874224662780762
0.0840754508972168
0.06981229782104492
0.03374314308166504
0.021709918975830078
0.10593962669372559
0.08802914619445801
0.07401561737060547
0.05670452117919922
0.05057954788208008
0.03750491142272949
0.10900163650512695
0.1038827896118164
0.08934736251831055
0.07908344268798828
0.06837916374206543
0.04341292381286621
0.0318143367767334
0.10058403015136719
0.09992241859436035
0.08511924743652344
0.07121109962463379
0.05695319175720215
0.04174065589904785
0.11119604110717773
0.09461307525634766
0.07836151123046875
0.06418037414550781
0.05032491683959961
0.03535866737365723
0.1097404956817627
0.09857344627380371
0.08446359634399414
0.07487940788269043
0.060039520263671875
0.04676675796508789
0.04442167282104492
0.11870431900024414
0.0953378677368164
0.08110213279724121
0.06678938865661621
0.05227041244506836
0.03720808029174805
0.11497354507446289
0.08969640731811523
0.07532405853271484
0.07331514358520508
0.05826759338378906
0.04380607604980469
0.029783010482788086
0.10982942581176758
0.09732294082641602
0.08331942558288574
0.06870341300964355
0.05488014221191406
0.03980207443237305
0.09193944931030273
0.08745312690734863
0.07320594787597656
0.0684213638305664
0.054303646087646484
0.03961038589477539
0.12729334831237793
0.10774660110473633
0.09264969825744629
0.07816648483276367
0.06388640403747559
0.0493772029876709
0.035027265548706055
0.11854743957519531
0.10702943801879883
0.0930640697479248
0.07840466499328613
0.06381678581237793
0.05156540870666504
0.11907172203063965
0.0901648998260498
0.07610630989074707
0.061336517333984375
0.05173850059509277
0.039987802505493164
0.10448408126831055
0.0820455551147461
0.06878328323364258
0.07669472694396973
0.05961179733276367
0.04473376274108887
0.11023163795471191
0.08538436889648438
0.07674288749694824
0.0744321346282959
0.06055402755737305
0.048308610916137695
0.03311777114868164
0.10686898231506348
0.08695149421691895
0.07300233840942383
0.05903124809265137
0.06484770774841309
0.04991722106933594
0.10346841812133789
0.07981514930725098
0.07231974601745605
0.06837987899780273
0.050893545150756836
0.036774396896362305
0.09995388984680176
0.0810086727142334
0.07115459442138672
0.056185245513916016
0.05391383171081543
0.04130387306213379
0.11599612236022949
0.09869050979614258
0.08152985572814941
0.0673210620880127
0.060430288314819336
0.0391232967376709
0.10860395431518555
0.0872042179107666
0.07210898399353027
0.06844758987426758
0.05426430702209473
0.0367276668548584
0.10787606239318848
0.08635878562927246
0.06789779663085938
0.06868696212768555
0.05472207069396973
0.03579354286193848
0.10775494575500488
0.09566974639892578
0.08100128173828125
0.06666922569274902
0.0520777702331543
0.03750157356262207
0.11127495765686035
0.08870410919189453
0.07369256019592285
0.07055091857910156
0.05815267562866211
0.12275886535644531
0.10590624809265137
0.09099984169006348
0.08031249046325684
0.06822967529296875
0.0497283935546875
0.035454511642456055
0.12591814994812012
0.10246133804321289
0.0882406234741211
0.0741877555847168
0.060529232025146484
0.04257011413574219
0.11389517784118652
0.08953571319580078
0.0772697925567627
0.06785035133361816
0.053020477294921875
0.03231525421142578
0.11726593971252441
0.0984642505645752
0.08415937423706055
0.07001924514770508
0.0578923225402832
0.04332327842712402
0.028836727142333984
0.12898969650268555
0.11157107353210449
0.09781551361083984
0.08355236053466797
0.06857943534851074
0.05417037010192871
0.04032087326049805
0.09531784057617188
0.08397603034973145
0.06903505325317383
0.05528998374938965
0.04297685623168945
0.035256385803222656
0.11462640762329102
0.09045600891113281
0.07570195198059082
0.06817269325256348
0.053835391998291016
0.03880715370178223
0.024492979049682617
0.10681009292602539
0.0858910083770752
0.0708000659942627
0.06590485572814941
0.051329851150512695
0.03738546371459961
0.10814332962036133
0.08171606063842773
0.06690478324890137
0.052216291427612305
0.03516817092895508
0.11367106437683105
0.10113859176635742
0.08717751502990723
0.07806921005249023
0.06313157081604004
0.048178911209106445
0.10615372657775879
0.08586621284484863
0.0717616081237793
0.05767011642456055
0.0425410270690918
0.028705596923828125
0.1275312900543213
0.10332751274108887
0.08968234062194824
0.07541322708129883
0.054075002670288086
0.03979134559631348
0.10794377326965332
0.08430862426757812
0.08239960670471191
0.06831002235412598
0.05387401580810547
0.039177656173706055
0.023897886276245117
0.09910058975219727
0.08216190338134766
0.08652615547180176
0.07256460189819336
0.058550357818603516
0.04459238052368164
0.02963852882385254
0.0906975269317627
0.07843899726867676
0.06941509246826172
0.06191515922546387
0.04808950424194336
0.03383016586303711
0.1107025146484375
0.08924603462219238
0.0792391300201416
0.06496644020080566
0.05052614212036133
0.03391766548156738
0.03045487403869629
0.09003853797912598
0.07829618453979492
0.06647062301635742
0.05200695991516113
0.03824901580810547
0.02501988410949707
0.10986185073852539
0.08794260025024414
0.07344698905944824
0.06274294853210449
0.05955100059509277
0.046462059020996094
0.03234219551086426
0.1168980598449707
0.09940361976623535
0.0860745906829834
0.07163643836975098
0.058191537857055664
0.04052853584289551
0.10837054252624512
0.09610939025878906
0.08199119567871094
0.06708049774169922
0.05257225036621094
0.035094261169433594
0.020570039749145508
0.0937643051147461
0.07934808731079102
0.0782017707824707
0.06447720527648926
0.050200462341308594
0.03234720230102539
0.10267257690429688
0.08465385437011719
0.08271503448486328
0.06326150894165039
0.048131704330444336
0.03378105163574219
0.11059403419494629
0.08522772789001465
0.0876762866973877
0.07333183288574219
0.058869123458862305
0.04464459419250488
0.03006577491760254
0.09004092216491699
0.0803980827331543
0.06556534767150879
0.06214118003845215
0.04776334762573242
0.033089399337768555
0.10465645790100098
0.08740496635437012
0.07983660697937012
0.06559491157531738
0.051180362701416016
0.03703045845031738
0.1124718189239502
0.10569119453430176
0.091461181640625
0.07732963562011719
0.06228756904602051
0.0481419563293457
0.033608198165893555
0.09081029891967773
0.07909440994262695
0.06696701049804688
0.0636284351348877
0.04918313026428223
0.03408646583557129
0.11938285827636719
0.09385991096496582
0.07902264595031738
0.06463813781738281
0.050193071365356445
0.035010337829589844
0.11253166198730469
0.09757018089294434
0.0848848819732666
0.0794365406036377
0.0655367374420166
0.06254315376281738
0.04867720603942871
0.0345611572265625
0.09645295143127441
0.0787968635559082
0.07313823699951172
0.05820655822753906
0.0437619686126709
0.03903770446777344
0.1049199104309082
0.08096981048583984
0.08045721054077148
0.06648874282836914
0.050577402114868164
0.03861808776855469
0.02463507652282715
0.11114621162414551
0.09312653541564941
0.07820391654968262
0.06331729888916016
0.04717445373535156
0.03234267234802246
0.10567641258239746
0.08299469947814941
0.07643365859985352
0.06186103820800781
0.04768204689025879
0.03336644172668457
0.028107643127441406
0.10068917274475098
0.08659529685974121
0.07237029075622559
0.06386327743530273
0.04896974563598633
0.0309906005859375
0.11760687828063965
0.09369373321533203
0.07870745658874512
0.06458187103271484
0.04953265190124512
0.03512239456176758
0.16135430335998535
0.15590381622314453
0.141340970993042
0.1266002655029297
0.09714984893798828
0.08327198028564453
0.11751341819763184
0.08020544052124023
0.06113433837890625
0.06402754783630371
0.04843640327453613
0.033936262130737305
0.1052854061126709
0.09255695343017578
0.07840204238891602
0.06400203704833984
0.04967665672302246
0.03496718406677246
0.1275653839111328
0.11007046699523926
0.09543299674987793
0.0811011791229248
0.06689286231994629
0.05178260803222656
0.037078142166137695
0.10942673683166504
0.08613944053649902
0.0680391788482666
0.04657459259033203
0.03698110580444336
0.02264571189880371
0.11652135848999023
0.0995945930480957
0.08546161651611328
0.07107996940612793
0.05689215660095215
0.04168868064880371
0.026662349700927734
0.09286355972290039
0.07868123054504395
0.06809329986572266
0.05390310287475586
0.04682111740112305
0.037758827209472656
0.10554933547973633
0.0846107006072998
0.07238507270812988
0.07236671447753906
0.06301331520080566
0.04889798164367676
0.03457832336425781
0.10234594345092773
0.08439373970031738
0.07159876823425293
0.053971052169799805
0.04318666458129883
0.03561663627624512
0.110137939453125
0.0871732234954834
0.07196640968322754
0.05444526672363281
0.043442487716674805
0.029917001724243164
0.09964728355407715
0.08659601211547852
0.08715438842773438
0.07412266731262207
0.059111595153808594
0.04474472999572754
0.030166149139404297
0.09658622741699219
0.08258342742919922
0.06801891326904297
0.053734540939331055
0.04383397102355957
0.03563356399536133
0.1057898998260498
0.08424139022827148
0.08309578895568848
0.06539440155029297
0.04719805717468262
0.034609079360961914
0.10997843742370605
0.08541369438171387
0.06751632690429688
0.061795711517333984
0.047319650650024414
0.033167123794555664
0.12006926536560059
0.09903860092163086
0.09057116508483887
0.07613873481750488
0.06243109703063965
0.04822945594787598
0.12733078002929688
0.11324286460876465
0.09912919998168945
0.08573293685913086
0.06793689727783203
0.04929947853088379
0.034235477447509766
0.10312247276306152
0.08320045471191406
0.08263516426086426
0.06891059875488281
0.05176043510437012
0.034015655517578125
0.10462141036987305
0.08982539176940918
0.08163285255432129
0.07225179672241211
0.05801200866699219
0.042783260345458984
0.02816915512084961
0.09321260452270508
0.08301639556884766
0.06910276412963867
0.04723334312438965
0.04349780082702637
0.029610633850097656
0.09911584854125977
0.08635067939758301
0.07927775382995605
0.0651862621307373
0.04527115821838379
0.031130552291870117
0.10702681541442871
0.09066605567932129
0.0877230167388916
0.07332253456115723
0.05885457992553711
0.0444180965423584
0.030001163482666016
0.09247660636901855
0.08484506607055664
0.07029271125793457
0.05575871467590332
0.04059767723083496
0.036005258560180664
0.12302565574645996
0.10529470443725586
0.0912470817565918
0.0769040584564209
0.058121442794799805
0.04227614402770996
0.11010909080505371
0.08500981330871582
0.08064770698547363
0.06561684608459473
0.05076241493225098
0.032813072204589844
0.10772204399108887
0.09417295455932617
0.07958245277404785
0.05669069290161133
0.041764259338378906
0.027047395706176758
0.1142740249633789
0.09327864646911621
0.07817196846008301
0.06362056732177734
0.04900360107421875
0.04457592964172363
0.03180336952209473
0.08040666580200195
0.06809496879577637
0.05978989601135254
0.04926037788391113
0.04073309898376465
0.11018848419189453
0.11690235137939453
0.10219693183898926
0.08754420280456543
0.0665283203125
0.05192446708679199
0.03790163993835449
0.10160183906555176
0.08121418952941895
0.06942462921142578
0.06425690650939941
0.056432247161865234
0.04356050491333008
0.1266038417816162
0.1069037914276123
0.09237265586853027
0.07700943946838379
0.06234478950500488
0.047650814056396484
0.03324460983276367
0.10711503028869629
0.08321642875671387
0.08829593658447266
0.07400727272033691
0.059673309326171875
0.045499324798583984
0.030753135681152344
0.09002375602722168
0.07810354232788086
0.06922316551208496
0.0664372444152832
0.05269122123718262
0.03505706787109375
0.10333585739135742
0.09200024604797363
0.07716774940490723
0.062103271484375
0.04713273048400879
0.040074825286865234
0.032269954681396484
0.09952402114868164
0.0852971076965332
0.08131027221679688
0.0670173168182373
0.052742958068847656
0.03040456771850586
0.10433268547058105
0.09734559059143066
0.08556580543518066
0.07081818580627441
0.056868553161621094
0.04212212562561035
0.028096675872802734
0.11327648162841797
0.09534955024719238
0.08099651336669922
0.06606507301330566
0.050940513610839844
0.022736072540283203
0.09846258163452148
0.08777880668640137
0.08829116821289062
0.07480335235595703
0.060922861099243164
0.04680180549621582
0.03233981132507324
0.11138701438903809
0.09699201583862305
0.08259940147399902
0.06866765022277832
0.05380678176879883
0.038828372955322266
0.10811543464660645
0.08908557891845703
0.07823395729064941
0.06316471099853516
0.04908037185668945
0.038771629333496094
0.11428618431091309
0.09276700019836426
0.07850217819213867
0.0646965503692627
0.03697538375854492
0.10655689239501953
0.07998394966125488
0.07779955863952637
0.06363677978515625
0.04936861991882324
0.0342860221862793
0.1097254753112793
0.08662939071655273
0.07140278816223145
0.0575108528137207
0.05413484573364258
0.0392305850982666
0.024886131286621094
0.0928807258605957
0.07552862167358398
0.06265854835510254
0.050034284591674805
0.04200029373168945
0.03097081184387207
0.09222412109375
0.0835883617401123
0.07826995849609375
0.06419014930725098
0.04977226257324219
0.03533935546875
0.10503077507019043
0.0869605541229248
0.07932829856872559
0.06438970565795898
0.049977779388427734
0.035994529724121094
0.10594797134399414
0.0909109115600586
0.07688593864440918
0.06240439414978027
0.048081159591674805
0.042452335357666016
0.03138327598571777
0.1031639575958252
0.08915853500366211
0.07500696182250977
0.06232619285583496
0.04783773422241211
0.033643484115600586
0.10545015335083008
0.09849405288696289
0.08622980117797852
0.0717465877532959
0.057431697845458984
0.04295206069946289
0.028357982635498047
0.09276485443115234
0.07876300811767578
0.06568360328674316
0.06412005424499512
0.049187421798706055
0.02804398536682129
0.10925674438476562
0.10026741027832031
0.08616042137145996
0.07099056243896484
0.056305646896362305
0.041464805603027344
0.02712392807006836
0.09653091430664062
0.09130477905273438
0.0770878791809082
0.0628962516784668
0.04822134971618652
0.03378438949584961
0.019535303115844727
0.09064865112304688
0.07870793342590332
0.07320833206176758
0.06567955017089844
0.05411171913146973
0.04000115394592285
0.11025619506835938
0.08817458152770996
0.0871894359588623
0.07227277755737305
0.0580136775970459
0.04106402397155762
0.10836338996887207
0.10026240348815918
0.08283066749572754
0.06831526756286621
0.05011558532714844
0.03567218780517578
0.0214693546295166
0.0928642749786377
0.07883596420288086
0.08057475090026855
0.06467676162719727
0.05023050308227539
0.03583335876464844
0.09835171699523926
0.08351612091064453
0.03870201110839844
0.025035858154296875
0.10944366455078125
0.08820319175720215
0.07409954071044922
0.059350013732910156
0.04163813591003418
0.02379012107849121
0.10468196868896484
0.08902096748352051
0.07800650596618652
0.06417417526245117
0.049561500549316406
0.03572201728820801
0.02307295799255371
0.09000396728515625
0.08068180084228516
0.07000398635864258
0.055254459381103516
0.040225982666015625
0.03054523468017578
0.12244772911071777
0.10125398635864258
0.08956432342529297
0.07508039474487305
0.061563730239868164
0.0470890998840332
0.11601734161376953
0.08333373069763184
0.07067298889160156
0.0586237907409668
0.05257415771484375
0.04201245307922363
0.1251368522644043
0.1108245849609375
0.09676575660705566
0.08234453201293945
0.07149839401245117
0.05727982521057129
0.03967142105102539
0.10817432403564453
0.09942817687988281
0.09662652015686035
0.08315682411193848
0.06896734237670898
0.05450558662414551
0.03306698799133301
0.10002851486206055
0.08604788780212402
0.07196521759033203
0.06521034240722656
0.050824880599975586
0.03672909736633301
0.10738182067871094
0.09063482284545898
0.08651423454284668
0.07149910926818848
0.05731058120727539
0.042853593826293945
0.02856755256652832
0.09971261024475098
0.09328770637512207
0.07865786552429199
0.06382083892822266
0.049468040466308594
0.0353245735168457
0.12848639488220215
0.1111609935760498
0.0975041389465332
0.08308768272399902
0.0685739517211914
0.0548245906829834
0.04038047790527344
0.10935378074645996
0.09623026847839355
0.08568620681762695
0.07449722290039062
0.05966520309448242
0.04925370216369629
0.03732013702392578
0.0927119255065918
0.07874011993408203
0.06608772277832031
0.062088966369628906
0.04919743537902832
0.03619027137756348
0.09468436241149902
0.07982826232910156
0.06803178787231445
0.05541658401489258
0.0427556037902832
0.03048872947692871
0.11540961265563965
0.09747552871704102
0.0833275318145752
0.06898641586303711
0.048470497131347656
0.034177303314208984
0.10621404647827148
0.0890955924987793
0.07195258140563965
0.058103322982788086
0.04653525352478027
0.0325779914855957
0.11547541618347168
0.10342645645141602
0.0894937515258789
0.0721595287322998
0.05694127082824707
0.04909038543701172
0.0356600284576416
0.10885834693908691
0.09225296974182129
0.07808494567871094
0.06278038024902344
0.04860520362854004
0.034826040267944336
0.020844221115112305
0.10567569732666016
0.0926198959350586
0.07740139961242676
0.055947303771972656
0.04155421257019043
0.02711629867553711
0.11402320861816406
0.09409165382385254
0.07994842529296875
0.0654301643371582
0.0513460636138916
0.037158966064453125
0.022646665573120117
0.11024641990661621
0.09528493881225586
0.08023643493652344
0.06542778015136719
0.049752235412597656
0.03540205955505371
0.09389328956604004
0.07989645004272461
0.06705760955810547
0.06172919273376465
0.04749631881713867
0.030057191848754883
0.08625507354736328
0.06722807884216309
0.05481219291687012
0.05068850517272949
0.038900136947631836
0.11028480529785156
0.08544301986694336
0.09664654731750488
0.08435344696044922
0.07028412818908691
0.05601143836975098
0.04175543785095215
0.09302783012390137
0.07962751388549805
0.06485199928283691
0.05422019958496094
0.04025578498840332
0.0263521671295166
0.1168363094329834
0.09784960746765137
0.08242416381835938
0.06816530227661133
0.05382061004638672
0.025719165802001953
0.09512186050415039
0.09173226356506348
0.07749366760253906
0.0634300708770752
0.04876971244812012
0.03468179702758789
0.09224820137023926
0.08269834518432617
0.0711514949798584
0.05326080322265625
0.04279041290283203
0.03136086463928223
0.10775208473205566
0.0848536491394043
0.07153606414794922
0.062447309494018555
0.04496049880981445
0.03085780143737793
0.11831402778625488
0.10786175727844238
0.09084320068359375
0.07776880264282227
0.0628671646118164
0.048824310302734375
0.03441762924194336
0.0994119644165039
0.08494043350219727
0.07058906555175781
0.05620455741882324
0.05034661293029785
0.036756038665771484
0.12114906311035156
0.10330820083618164
0.08981013298034668
0.07544136047363281
0.06074953079223633
0.04631400108337402
0.031126022338867188
0.09320378303527832
0.0856022834777832
0.0745081901550293
0.06573843955993652
0.05465078353881836
0.03957962989807129
0.1115412712097168
0.10315418243408203
0.08841681480407715
0.07402825355529785
0.0668799877166748
0.05191659927368164
0.03658628463745117
0.10140800476074219
0.08544659614562988
0.0730738639831543
0.07346367835998535
0.05849909782409668
0.0439453125
0.11158537864685059
0.08460497856140137
0.07039308547973633
0.05754590034484863
0.05605149269104004
0.04199552536010742
0.11229586601257324
0.09803056716918945
0.0829317569732666
0.06826066970825195
0.05592203140258789
0.048776865005493164
0.031488895416259766
0.09258651733398438
0.09050822257995605
0.07620978355407715
0.06155657768249512
0.03271484375
0.10812497138977051
0.0874018669128418
0.08360624313354492
0.076690673828125
0.06298232078552246
0.04775881767272949
0.03352093696594238
0.10005784034729004
0.08601927757263184
0.07178854942321777
0.060633182525634766
0.04657125473022461
0.03261518478393555
0.1141042709350586
0.09114551544189453
0.07661962509155273
0.07446765899658203
0.06147909164428711
0.0468442440032959
0.03293728828430176
0.09052157402038574
0.08186554908752441
0.07043290138244629
0.05610823631286621
0.034603118896484375
0.020235300064086914
0.0984032154083252
0.08416175842285156
0.06970739364624023
0.06330275535583496
0.05022144317626953
0.033185482025146484
0.09234786033630371
0.09296107292175293
0.07854938507080078
0.0635368824005127
0.049584150314331055
0.03612041473388672
0.11557221412658691
0.09572362899780273
0.08150506019592285
0.06701850891113281
0.0525968074798584
0.03797197341918945
0.023440122604370117
0.09745621681213379
0.08116817474365234
0.0650784969329834
0.0632469654083252
0.048553466796875
0.031203031539916992
0.10930824279785156
0.09723639488220215
0.08358407020568848
0.062174081802368164
0.047727108001708984
0.03343319892883301
0.10855984687805176
0.0913095474243164
0.07711148262023926
0.062438011169433594
0.04831218719482422
0.03779244422912598
0.03224992752075195
0.1069796085357666
0.09299492835998535
0.07859563827514648
0.06392860412597656
0.049352169036865234
0.03492426872253418
0.10583257675170898
0.08949089050292969
0.07507038116455078
0.05980253219604492
0.04550433158874512
0.04169130325317383
0.028098106384277344
0.09283828735351562
0.08208155632019043
0.06770133972167969
0.05292797088623047
0.04028797149658203
0.03491616249084473
0.10834646224975586
0.0850982666015625
0.0820305347442627
0.0675501823425293
0.04666423797607422
0.03220701217651367
0.1179513931274414
0.10180449485778809
0.08765411376953125
0.0732109546661377
0.058686017990112305
0.04418301582336426
0.02915811538696289
0.10020756721496582
0.08626651763916016
0.07129836082458496
0.05662131309509277
0.04224371910095215
0.028415918350219727
0.12484025955200195
0.10337305068969727
0.08927583694458008
0.07403421401977539
0.059920549392700195
0.04551219940185547
0.031047821044921875
0.10859274864196777
0.09266066551208496
0.07794547080993652
0.06033492088317871
0.045256853103637695
0.030940771102905273
0.10970664024353027
0.08476781845092773
0.08037328720092773
0.06258463859558105
0.04433178901672363
0.029323339462280273
0.10681366920471191
0.09149003028869629
0.07002019882202148
0.05584979057312012
0.04160261154174805
0.027079105377197266
0.11114048957824707
0.1041862964630127
0.09004807472229004
0.07558178901672363
0.061812639236450195
0.04687976837158203
0.03177142143249512
0.10005307197570801
0.08621072769165039
0.07124567031860352
0.05679965019226074
0.04714846611022949
0.041495323181152344
0.02921891212463379
0.09073519706726074
0.08852791786193848
0.07413268089294434
0.05971479415893555
0.04520606994628906
0.03039383888244629
0.10856127738952637
0.08438777923583984
0.08341598510742188
0.06905102729797363
0.05438876152038574
0.039972782135009766
0.030261993408203125
0.10574603080749512
0.09146523475646973
0.07709264755249023
0.06279301643371582
0.04839372634887695
0.03369879722595215
0.11003708839416504
0.0886528491973877
0.07436728477478027
0.06045174598693848
0.05779623985290527
0.04314994812011719
0.028696537017822266
0.10192108154296875
0.09059882164001465
0.07568049430847168
0.06117677688598633
0.04680061340332031
0.03233695030212402
0.13133478164672852
0.10606169700622559
0.09174227714538574
0.07777023315429688
0.06386137008666992
0.04990887641906738
0.03593802452087402
0.10265135765075684
0.0807499885559082
0.06786918640136719
0.05538058280944824
0.04608011245727539
0.03158283233642578
0.10770082473754883
0.09763026237487793
0.08401322364807129
0.07035994529724121
0.04823637008666992
0.03391289710998535
0.02529120445251465
0.10928106307983398
0.09521794319152832
0.08080053329467773
0.06604766845703125
0.05166149139404297
0.03677177429199219
0.10601353645324707
0.10032248497009277
0.08611583709716797
0.07142019271850586
0.056902170181274414
0.04250454902648926
0.027376890182495117
0.09320521354675293
0.08195090293884277
0.08109831809997559
0.06635808944702148
0.05186915397644043
0.03660297393798828
0.12298893928527832
0.10784292221069336
0.0933842658996582
0.07889842987060547
0.06447815895080566
0.050134897232055664
0.03583717346191406
0.09799504280090332
0.08228230476379395
0.0695798397064209
0.054372549057006836
0.04937624931335449
0.035390377044677734
0.11297416687011719
0.09096860885620117
0.07671833038330078
0.06252694129943848
0.060742855072021484
0.046563148498535156
0.0325016975402832
0.10979747772216797
0.09565353393554688
0.08116936683654785
0.06666970252990723
0.05129814147949219
0.036559343338012695
0.10454010963439941
0.08399200439453125
0.07151484489440918
0.07247638702392578
0.05917096138000488
0.04381585121154785
0.02962517738342285
0.09715151786804199
0.07824945449829102
0.07497215270996094
0.06257295608520508
0.04794144630432129
0.03358602523803711
0.10942339897155762
0.08472323417663574
0.07157135009765625
0.0590972900390625
0.046251535415649414
0.03968501091003418
0.028851747512817383
0.1006922721862793
0.08314967155456543
0.06929659843444824
0.057033538818359375
0.04446983337402344
0.03987526893615723
0.030449390411376953
0.09911990165710449
0.09664154052734375
0.08190774917602539
0.06771087646484375
0.05304312705993652
0.038515329360961914
0.10940957069396973
0.08453559875488281
0.08085203170776367
0.06650900840759277
0.0523676872253418
0.030636072158813477
0.10787415504455566
0.0911562442779541
0.07615137100219727
0.061644554138183594
0.05567359924316406
0.04131054878234863
0.026154518127441406
0.0938410758972168
0.0832209587097168
0.0687401294708252
0.0538022518157959
0.04415702819824219
0.0361790657043457
0.10926938056945801
0.08470726013183594
0.08603906631469727
0.07180309295654297
0.05730080604553223
0.04307198524475098
0.02868962287902832
0.09300756454467773
0.09212517738342285
0.08051276206970215
0.06531429290771484
0.050962209701538086
0.036726951599121094
0.10839319229125977
0.08477210998535156
