0.09722542762756348
0.09015822410583496
0.07117605209350586
0.05623602867126465
0.04864048957824707
0.04770994186401367
0.11025881767272949
0.08717513084411621
0.07319092750549316
0.05826449394226074
0.04428410530090332
0.03057694435119629
0.10663127899169922
0.08643364906311035
0.07198238372802734
0.07628965377807617
0.06269645690917969
0.04857778549194336
0.0340266227722168
0.11111879348754883
0.09181737899780273
0.07760214805603027
0.06321382522583008
0.04566502571105957
0.03683876991271973
0.11180853843688965
0.09084677696228027
0.0792856216430664
0.06127333641052246
0.04760265350341797
0.033293962478637695
0.10272073745727539
0.08620858192443848
0.07207036018371582
0.06589913368225098
0.051676273345947266
0.03684878349304199
0.10818696022033691
0.08489751815795898
0.07053923606872559
0.06371378898620605
0.04575991630554199
0.032113075256347656
0.1054391860961914
0.09842610359191895
0.09559988975524902
0.08311653137207031
0.06867122650146484
0.0538332462310791
0.12321305274963379
0.08129596710205078
0.062278032302856445
0.05189967155456543
0.0375218391418457
0.022644519805908203
0.10262680053710938
0.08664965629577637
0.07243156433105469
0.05811285972595215
0.05047917366027832
0.0361936092376709
0.10710000991821289
0.09610629081726074
0.08180952072143555
0.06753849983215332
0.05298566818237305
0.038626909255981445
0.02346205711364746
0.09161591529846191
0.0951991081237793
0.08921051025390625
0.07568979263305664
0.06174612045288086
0.043701887130737305
0.08813858032226562
0.07764196395874023
0.06270527839660645
0.049560546875
0.036993980407714844
0.02743673324584961
0.10083150863647461
0.09997272491455078
0.09102702140808105
0.07600021362304688
0.0612795352935791
0.04707908630371094
0.03223299980163574
0.10072493553161621
0.08064627647399902
0.06664657592773438
0.0647439956665039
0.11353063583374023
0.09873247146606445
0.08274102210998535
0.08957719802856445
0.07499384880065918
0.059886932373046875
0.045139312744140625
0.1149282455444336
0.08805322647094727
0.0739898681640625
0.05957198143005371
0.04490494728088379
0.028206586837768555
0.1298842430114746
0.10591435432434082
0.09172272682189941
0.07712936401367188
0.06299042701721191
0.048670291900634766
0.034703731536865234
0.09469842910766602
0.07979989051818848
0.06189584732055664
0.049703359603881836
0.03163337707519531
0.01792168617248535
0.10370779037475586
0.0887596607208252
0.07381081581115723
0.05957150459289551
0.05593991279602051
0.040825843811035156
0.026650667190551758
0.09517931938171387
0.08287239074707031
0.06865310668945312
0.05700826644897461
0.041996002197265625
0.027387619018554688
0.10410761833190918
0.08291125297546387
0.0780172348022461
0.06660747528076172
0.052030324935913086
0.03742623329162598
0.09571695327758789
0.08444809913635254
0.07042837142944336
0.056043386459350586
0.04174089431762695
0.036835670471191406
0.09142899513244629
0.0826723575592041
0.06829071044921875
0.05456852912902832
0.04155755043029785
0.029206514358520508
0.08318972587585449
0.08761739730834961
0.07551360130310059
0.06177020072937012
0.0472865104675293
0.033739328384399414
0.1037449836730957
0.0893559455871582
0.0786440372467041
0.06405496597290039
0.04584813117980957
0.028270244598388672
0.10951805114746094
0.0885918140411377
0.07420873641967773
0.05918598175048828
0.044882774353027344
0.03605198860168457
0.10825610160827637
0.10886812210083008
0.09794330596923828
0.08372116088867188
0.06979537010192871
0.05549120903015137
0.041135549545288086
0.10357666015625
0.0966038703918457
0.08150458335876465
0.06721043586730957
0.05201435089111328
0.03759193420410156
0.10695052146911621
0.08875560760498047
0.07465481758117676
0.06010174751281738
0.04560065269470215
0.039044857025146484
0.11193704605102539
0.09131526947021484
0.07712650299072266
0.07643365859985352
0.06248784065246582
0.0485987663269043
0.03365921974182129
0.09956932067871094
0.08117008209228516
0.0800788402557373
0.0654599666595459
0.032767534255981445
0.1064598560333252
0.09161615371704102
0.07250595092773438
0.05880570411682129
0.0311734676361084
0.019164323806762695
0.09548521041870117
0.08106565475463867
0.06603455543518066
0.057944536209106445
0.05362820625305176
0.041623830795288086
0.10814332962036133
0.09917235374450684
0.09157323837280273
0.0774834156036377
0.06337642669677734
0.052839040756225586
0.0385279655456543
0.10963034629821777
0.09459495544433594
0.0837855339050293
0.07123756408691406
0.053395748138427734
0.02548050880432129
0.09579133987426758
0.08121442794799805
0.06728744506835938
0.04778480529785156
0.04618072509765625
0.030961036682128906
0.10482025146484375
0.08591556549072266
0.06791973114013672
0.05879783630371094
0.05332612991333008
0.040894269943237305
0.11158943176269531
0.09242367744445801
0.0775454044342041
0.06271767616271973
0.048731327056884766
0.03388166427612305
0.10731935501098633
0.08608198165893555
0.07194900512695312
0.05711174011230469
0.04311728477478027
0.04455161094665527
0.11484575271606445
0.0869448184967041
0.07201313972473145
0.058977365493774414
0.0686635971069336
0.062474727630615234
0.1065835952758789
0.08070135116577148
0.07971954345703125
0.07415103912353516
0.05965113639831543
0.0453336238861084
0.08742332458496094
0.08571767807006836
0.07465815544128418
0.06652688980102539
0.04476642608642578
0.03151226043701172
0.09156060218811035
0.08996748924255371
0.07558631896972656
0.06166720390319824
0.04708075523376465
0.03262162208557129
0.10773134231567383
0.09676504135131836
0.0820915699005127
0.07117128372192383
0.05737566947937012
0.050559043884277344
0.03235769271850586
0.09517431259155273
0.08066058158874512
0.06281042098999023
0.05007624626159668
0.04544782638549805
0.03635597229003906
0.10301542282104492
0.09166312217712402
0.07719230651855469
0.06290197372436523
0.048334360122680664
0.030768632888793945
0.10855388641357422
0.09787750244140625
0.08375906944274902
0.06920170783996582
0.05575251579284668
0.047422170639038086
0.16123390197753906
0.1327953338623047
0.11420726776123047
0.09912300109863281
0.08524608612060547
0.07025527954101562
0.11596179008483887
0.10601329803466797
0.0852971076965332
0.06656861305236816
0.05158543586730957
0.036652326583862305
0.10038924217224121
0.06972670555114746
0.055426597595214844
0.04641890525817871
0.03125166893005371
0.10811829566955566
0.0860605239868164
0.09178996086120605
0.07759547233581543
0.05945920944213867
0.045621633529663086
0.11317086219787598
0.0878598690032959
0.07306528091430664
0.0440824031829834
0.11588525772094727
0.0936734676361084
0.09225130081176758
0.08870434761047363
0.08057999610900879
0.06601309776306152
0.05141019821166992
0.13969945907592773
0.1266326904296875
0.11163139343261719
0.09715557098388672
0.08234405517578125
0.06734013557434082
0.05291175842285156
0.11447525024414062
0.09698271751403809
0.07998156547546387
0.0803070068359375
0.047963619232177734
0.030011892318725586
0.09979391098022461
0.08664536476135254
0.07265591621398926
0.05873680114746094
0.04473519325256348
0.036116838455200195
0.021441221237182617
0.10204815864562988
0.08611702919006348
0.06470870971679688
0.07338070869445801
0.05844473838806152
0.04398059844970703
0.08849930763244629
0.07525753974914551
0.06992435455322266
0.055116891860961914
0.03836512565612793
0.032024383544921875
0.11390566825866699
0.10947036743164062
0.09549474716186523
0.08057951927185059
0.06558704376220703
0.05163407325744629
0.03772854804992676
0.09720969200134277
0.0822746753692627
0.06745696067810059
0.05783820152282715
0.04738283157348633
0.040215253829956055
0.10070037841796875
0.07953548431396484
0.08258676528930664
0.06864070892333984
0.05462932586669922
0.04050493240356445
0.1098639965057373
0.10570526123046875
0.09175705909729004
0.08082866668701172
0.06685090065002441
0.05269289016723633
0.03842616081237793
0.024165868759155273
0.09558844566345215
0.08203458786010742
0.06786704063415527
0.05333590507507324
0.04241204261779785
0.031362056732177734
0.09302687644958496
0.0825967788696289
0.06808733940124512
0.05742979049682617
0.050817012786865234
0.04071331024169922
0.1069025993347168
0.09598255157470703
0.06413745880126953
0.04961967468261719
0.035439491271972656
0.10775113105773926
0.08371257781982422
0.07155179977416992
0.06897950172424316
0.05538320541381836
0.046846628189086914
0.03193306922912598
0.1046152114868164
0.08469319343566895
0.07071971893310547
0.06476330757141113
0.050476789474487305
0.03590726852416992
0.020880699157714844
0.09690022468566895
0.0880422592163086
0.08040642738342285
0.06296825408935547
0.049207210540771484
0.034531354904174805
0.11030244827270508
0.08639311790466309
0.07229113578796387
0.05583667755126953
0.04552006721496582
0.031126976013183594
0.10139632225036621
0.08292603492736816
0.0753781795501709
0.06365418434143066
0.048676490783691406
0.03453803062438965
0.12201356887817383
0.09611010551452637
0.08204412460327148
0.06812763214111328
0.05382347106933594
0.03882241249084473
0.024471282958984375
0.09107089042663574
0.08344221115112305
0.06919336318969727
0.05104327201843262
0.03464508056640625
0.024842500686645508
0.0985870361328125
0.08318829536437988
0.0881509780883789
0.07393741607666016
0.059563398361206055
0.04796242713928223
0.033574581146240234
0.09909248352050781
0.08071208000183105
0.06815600395202637
0.05635333061218262
0.05425214767456055
0.03505301475524902
0.10204672813415527
0.08884310722351074
0.07469654083251953
0.05606484413146973
0.04189419746398926
0.041230201721191406
0.11180400848388672
0.08626937866210938
0.08773970603942871
0.07314324378967285
0.05921602249145508
0.04518938064575195
0.032616615295410156
0.09407329559326172
0.0800783634185791
0.06481385231018066
0.05533623695373535
0.04449033737182617
0.026153564453125
0.0980386734008789
0.08262872695922852
0.06989669799804688
0.06364035606384277
0.04905343055725098
0.0351557731628418
0.10876798629760742
0.08350944519042969
0.07133173942565918
0.061928749084472656
0.04917263984680176
0.02683091163635254
0.10204434394836426
0.08990955352783203
0.08426928520202637
0.06670355796813965
0.0530703067779541
0.03760695457458496
0.10792183876037598
0.09628462791442871
0.08195304870605469
0.0686178207397461
0.05510759353637695
0.04266619682312012
0.041442155838012695
0.11522817611694336
0.08923029899597168
0.07548666000366211
0.04772067070007324
0.033090829849243164
0.11584711074829102
0.09956192970275879
0.08557581901550293
0.07138991355895996
0.056957244873046875
0.042508840560913086
0.02748274803161621
0.09862112998962402
0.08326029777526855
0.07206535339355469
0.06135892868041992
0.0471951961517334
0.03277897834777832
0.10895681381225586
0.09539270401000977
0.0941011905670166
0.07982921600341797
0.06545424461364746
0.05145740509033203
0.0369110107421875
0.10868597030639648
0.09934186935424805
0.08476400375366211
0.07006454467773438
0.055140018463134766
0.044295310974121094
0.033670902252197266
0.10046553611755371
0.08681225776672363
0.0725703239440918
0.060825347900390625
0.046289920806884766
0.03155517578125
0.11233830451965332
0.09505581855773926
0.09456086158752441
0.0794668197631836
0.06438875198364258
0.04959607124328613
0.0347447395324707
0.12941670417785645
0.10566496849060059
0.0909280776977539
0.0756077766418457
0.06083822250366211
0.0472712516784668
0.03334760665893555
0.09115290641784668
0.0768592357635498
0.06839418411254883
0.05781126022338867
0.043663740158081055
0.028682470321655273
0.1053016185760498
0.08205318450927734
0.06972193717956543
0.06653237342834473
0.05212259292602539
0.0380861759185791
0.1073906421661377
0.08698725700378418
0.07242369651794434
0.05900716781616211
0.05957746505737305
0.04628586769104004
0.11403512954711914
0.08516335487365723
0.07352590560913086
0.05915427207946777
0.044316768646240234
0.03748512268066406
0.10981512069702148
0.09244489669799805
0.08622336387634277
0.07264089584350586
0.05971956253051758
0.03874969482421875
0.10930705070495605
0.0853273868560791
0.07129597663879395
0.06195402145385742
0.04738187789916992
0.03702545166015625
0.034586191177368164
0.09802651405334473
0.08493852615356445
0.07904839515686035
0.06477165222167969
0.04295825958251953
0.028996944427490234
0.11214351654052734
0.09284305572509766
0.0785677433013916
0.06380057334899902
0.049346923828125
0.03436446189880371
0.020186424255371094
0.11294198036193848
0.09597563743591309
0.08183169364929199
0.0676579475402832
0.05265545845031738
0.03760480880737305
0.10853838920593262
0.08216166496276855
0.08277535438537598
0.06832695007324219
0.05341601371765137
0.038857221603393555
0.11054372787475586
0.09686803817749023
0.08751702308654785
0.0800025463104248
0.06511378288269043
0.05065464973449707
0.03637123107910156
0.13039636611938477
0.12105488777160645
0.10466456413269043
0.09036397933959961
0.07527923583984375
0.061163902282714844
0.046515464782714844
0.10988712310791016
0.08038020133972168
0.07184457778930664
0.0617368221282959
0.052428483963012695
0.03882884979248047
0.10794830322265625
0.08243370056152344
0.07025313377380371
0.062044382095336914
0.04770350456237793
0.03317856788635254
0.1079416275024414
0.0918588638305664
0.08444714546203613
0.06968235969543457
0.05521273612976074
0.04132556915283203
0.027744531631469727
0.09067440032958984
0.07719898223876953
0.07210874557495117
0.06532144546508789
0.05172562599182129
0.036985158920288086
0.10797238349914551
0.09313035011291504
0.07838749885559082
0.06445693969726562
0.05574440956115723
0.04200911521911621
0.02787947654724121
0.0991051197052002
0.08594012260437012
0.0834207534790039
0.0696101188659668
0.055573463439941406
0.037807464599609375
0.11594963073730469
0.1001584529876709
0.08464980125427246
0.07049250602722168
0.0560917854309082
0.041289329528808594
0.10847687721252441
0.10871720314025879
0.09389758110046387
0.16961026191711426
0.15654253959655762
0.14880728721618652
0.13530683517456055
0.12087583541870117
0.10574841499328613
0.09153580665588379
0.07894659042358398
0.07879209518432617
0.14034342765808105
0.12689423561096191
0.11527538299560547
0.09480524063110352
0.08585548400878906
0.07134699821472168
0.05690431594848633
0.042542219161987305
0.03280973434448242
0.09694576263427734
0.08495402336120605
0.0746917724609375
0.061821937561035156
0.047976016998291016
0.03376603126525879
0.10469269752502441
0.17091965675354004
0.15670228004455566
0.14314699172973633
0.13003039360046387
0.11288976669311523
0.0991816520690918
0.08960413932800293
0.07534027099609375
0.13054370880126953
0.11930322647094727
0.09156656265258789
0.07936811447143555
0.06796550750732422
0.0630950927734375
0.04980063438415527
0.04203939437866211
0.10433602333068848
0.08240199089050293
0.06422138214111328
0.05193614959716797
0.040215492248535156
0.03324079513549805
0.10702633857727051
0.1810297966003418
0.1615467071533203
0.1455700397491455
0.13301992416381836
0.12302184104919434
0.1051030158996582
0.08709383010864258
0.07463598251342773
0.07397007942199707
0.052529335021972656
0.11077141761779785
0.09852910041809082
0.09073448181152344
0.07642364501953125
0.06224536895751953
0.04500126838684082
0.030330181121826172
0.09196066856384277
0.19661355018615723
0.19099712371826172
0.1768190860748291
0.162642240524292
0.14787673950195312
0.13299059867858887
0.1170494556427002
0.1027064323425293
0.0883326530456543
0.07544994354248047
0.06076169013977051
0.0639808177947998
0.2100076675415039
0.17170047760009766
0.15981197357177734
0.15482068061828613
0.1368265151977539
0.12264537811279297
0.10773944854736328
0.11095762252807617
0.09317636489868164
0.14861798286437988
0.1612088680267334
0.14704132080078125
0.09957575798034668
0.08556723594665527
0.06242203712463379
0.0483555793762207
0.03429293632507324
0.09457540512084961
0.18027257919311523
0.1664121150970459
0.16355657577514648
0.15023136138916016
0.13488006591796875
0.1201171875
0.10603618621826172
0.09178733825683594
0.0821073055267334
0.08141803741455078
0.06697416305541992
0.22545266151428223
0.21576428413391113
0.20229458808898926
0.18797731399536133
0.17696785926818848
0.15955710411071777
0.14507365226745605
0.12981891632080078
0.11557769775390625
0.10122823715209961
0.08824372291564941
0.1551971435546875
0.14339923858642578
0.13855195045471191
0.12484169006347656
0.08081603050231934
0.060559749603271484
0.05460834503173828
0.04004955291748047
0.11068153381347656
0.19787144660949707
0.18466758728027344
0.17423272132873535
0.16706180572509766
0.16345524787902832
0.14927434921264648
0.13523459434509277
0.11913108825683594
0.10418033599853516
0.08992314338684082
0.07545971870422363
0.06009197235107422
0.22503662109375
0.21514225006103516
0.1772444248199463
0.16323375701904297
0.15058159828186035
0.14490866661071777
0.11551237106323242
0.10133075714111328
0.08677148818969727
0.15735101699829102
0.15500855445861816
0.14713788032531738
0.12925934791564941
0.11519885063171387
0.09330177307128906
0.07916259765625
0.06490516662597656
0.04959559440612793
0.03510022163391113
0.10773682594299316
0.1774604320526123
0.16680502891540527
0.15923666954040527
0.14474987983703613
0.12962055206298828
0.11476469039916992
0.1008000373840332
0.0975189208984375
0.0832669734954834
0.06874942779541016
0.2217397689819336
0.21059012413024902
0.18616700172424316
0.17196345329284668
0.17845368385314941
0.16912627220153809
0.15416288375854492
0.1402292251586914
0.126267671585083
0.11235404014587402
0.16819000244140625
0.15382170677185059
0.13958239555358887
0.15130043029785156
0.13692879676818848
0.09908914566040039
0.08413338661193848
0.07013559341430664
0.056147098541259766
0.04108929634094238
0.09992742538452148
0.07805824279785156
0.06617426872253418
0.04089021682739258
0.11000704765319824
0.08727049827575684
0.17276501655578613
0.163238525390625
0.14938998222351074
0.13617753982543945
0.11820030212402344
0.09894227981567383
0.09624195098876953
0.07748222351074219
0.14070963859558105
0.12824177742004395
0.12704110145568848
0.1126708984375
0.09018301963806152
0.09480595588684082
0.07894039154052734
0.05846905708312988
0.044332265853881836
0.09917092323303223
0.07401108741760254
0.07564926147460938
0.06305313110351562
0.04854440689086914
0.03388714790344238
0.10065841674804688
0.08657169342041016
0.0722956657409668
0.05799603462219238
0.04373812675476074
0.042920827865600586
0.10820388793945312
0.0960390567779541
0.08514046669006348
0.07095718383789062
0.05637788772583008
0.057384490966796875
0.04423046112060547
0.10730648040771484
0.08172273635864258
0.07590579986572266
0.06089043617248535
0.0466611385345459
0.031235694885253906
0.11009573936462402
0.10913872718811035
0.09510660171508789
0.08076667785644531
0.06195187568664551
0.04720258712768555
0.03298497200012207
0.09111475944519043
0.07663416862487793
0.05774688720703125
0.045307159423828125
0.032735347747802734
0.0237271785736084
0.09752941131591797
0.09522628784179688
0.08074069023132324
0.06632375717163086
0.05209016799926758
0.037539005279541016
0.023318052291870117
0.10006880760192871
0.0937800407409668
0.07839512825012207
0.06400418281555176
0.05002427101135254
0.0349881649017334
0.10824179649353027
0.09976577758789062
0.09697604179382324
0.08280777931213379
0.06935429573059082
0.05586838722229004
0.04076123237609863
0.02645254135131836
0.09868931770324707
0.08046793937683105
0.0800621509552002
0.06493163108825684
0.05066370964050293
0.03597831726074219
0.0918889045715332
0.07127571105957031
0.06695270538330078
0.05258750915527344
0.04975008964538574
0.03624248504638672
0.09993696212768555
0.0873417854309082
0.08445549011230469
0.07249188423156738
0.05789899826049805
0.04198956489562988
0.11262154579162598
0.0872952938079834
0.0722968578338623
0.05766153335571289
0.04363894462585449
0.039731502532958984
0.1090853214263916
0.09926033020019531
0.08219385147094727
0.06734180450439453
0.05144834518432617
0.04200458526611328
0.032248497009277344
0.09267950057983398
0.07906603813171387
0.06878519058227539
0.05388689041137695
0.03605937957763672
0.10417437553405762
0.08702635765075684
0.07269096374511719
0.07117700576782227
0.05678606033325195
0.042357683181762695
0.027921438217163086
0.09893798828125
0.08127427101135254
0.0853874683380127
0.0711362361907959
0.057163238525390625
0.04214787483215332
0.027924060821533203
0.09498405456542969
0.09388971328735352
0.07941031455993652
0.06459903717041016
0.05013751983642578
0.035413265228271484
0.1123344898223877
0.10279703140258789
0.08906388282775879
0.07445693016052246
0.05688881874084473
0.0502471923828125
0.03638100624084473
0.09995698928833008
0.08195781707763672
0.08155488967895508
0.06427359580993652
0.04546499252319336
0.03155779838562012
0.09258341789245605
0.07491803169250488
0.062376976013183594
0.0588688850402832
0.04509329795837402
0.030615806579589844
0.10355114936828613
0.09749674797058105
0.0676569938659668
0.053055524826049805
0.0353395938873291
0.10797691345214844
0.08897280693054199
0.07704329490661621
0.06528472900390625
0.050730228424072266
0.03613710403442383
0.10560822486877441
0.086151123046875
0.07149958610534668
0.06961607933044434
0.05526852607727051
0.04060864448547363
0.026415109634399414
0.09475064277648926
0.09474825859069824
0.07722878456115723
0.06255531311035156
0.048218727111816406
0.033499717712402344
0.10642695426940918
0.08212733268737793
0.06973648071289062
0.06605148315429688
0.048009395599365234
0.033693790435791016
0.10494399070739746
0.08610320091247559
0.07196307182312012
0.05830836296081543
0.05022907257080078
0.03600883483886719
0.11002659797668457
0.09629344940185547
0.08695602416992188
0.08676648139953613
0.07393622398376465
0.059123992919921875
0.0417482852935791
0.10790395736694336
0.08142495155334473
0.07668638229370117
0.07224082946777344
0.05246615409851074
0.037546634674072266
0.1018376350402832
0.10008573532104492
0.08665919303894043
0.07211899757385254
0.05130338668823242
0.0367894172668457
0.11040878295898438
0.08553099632263184
0.07048821449279785
0.06046795845031738
0.04643988609313965
0.042911529541015625
0.03048539161682129
0.09117317199707031
0.08090519905090332
0.06612825393676758
0.06645536422729492
0.05339455604553223
0.0388643741607666
0.10589599609375
0.08663725852966309
0.08035159111022949
0.0660865306854248
0.05126023292541504
0.038118600845336914
0.10888910293579102
0.0856935977935791
0.07404017448425293
0.0603334903717041
0.04523038864135742
0.03823566436767578
0.10980653762817383
0.10221600532531738
0.0852968692779541
0.07232093811035156
0.06078958511352539
0.046851158142089844
0.033606767654418945
0.10960769653320312
0.08073735237121582
0.07877898216247559
0.06047487258911133
0.04570364952087402
0.026873350143432617
0.09354376792907715
0.07959747314453125
0.06745195388793945
0.06225275993347168
0.05784273147583008
0.04470086097717285
0.03148007392883301
0.10299086570739746
0.08805465698242188
0.07293081283569336
0.050184011459350586
0.03894448280334473
0.1158440113067627
0.09468507766723633
0.08069109916687012
0.056090593338012695
0.04091596603393555
0.026466846466064453
0.10683107376098633
0.08380126953125
0.07210159301757812
0.06068611145019531
0.05658316612243652
0.041826725006103516
0.10965275764465332
0.0969088077545166
0.08640217781066895
0.0717628002166748
0.057497262954711914
0.0470271110534668
0.03242850303649902
0.1102290153503418
0.10072994232177734
0.08271026611328125
0.0862431526184082
0.07197833061218262
0.05716538429260254
0.04267692565917969
0.11598587036132812
0.09739494323730469
0.07888936996459961
0.06549930572509766
0.0510716438293457
0.04626631736755371
0.03180861473083496
0.12107706069946289
0.10129737854003906
0.08728933334350586
0.07299041748046875
0.05861496925354004
0.04398036003112793
0.11007356643676758
0.08885931968688965
0.08246850967407227
0.06833386421203613
0.05350971221923828
0.03851199150085449
0.1083841323852539
0.08286547660827637
0.07393932342529297
0.05981802940368652
0.05331826210021973
0.03985190391540527
0.025431156158447266
0.0917823314666748
0.0881507396697998
0.08230137825012207
0.0694880485534668
0.055599212646484375
0.04186248779296875
0.11223602294921875
0.10885739326477051
0.09453082084655762
0.08043503761291504
0.062010765075683594
0.047574520111083984
0.034018516540527344
0.09770417213439941
0.08012866973876953
0.07402658462524414
0.05582380294799805
0.04149055480957031
0.02658700942993164
0.09352421760559082
0.07922935485839844
0.07801175117492676
0.0595855712890625
0.045844078063964844
0.031624794006347656
0.09956836700439453
0.08353924751281738
0.08767104148864746
0.07452201843261719
0.06054329872131348
0.04674243927001953
0.03266620635986328
0.10046243667602539
0.0672764778137207
0.05387759208679199
0.03384542465209961
0.1089329719543457
0.09122443199157715
0.09313011169433594
0.07880616188049316
0.06434464454650879
0.04967641830444336
0.03564572334289551
0.10280990600585938
0.09284710884094238
0.09432125091552734
0.0798804759979248
0.06593847274780273
0.05339813232421875
0.1088569164276123
0.09749865531921387
0.0874779224395752
0.07337141036987305
0.07052063941955566
0.058266639709472656
0.0453641414642334
0.10810112953186035
0.08088874816894531
0.07492470741271973
0.07242560386657715
0.06024813652038574
0.04666399955749512
0.03237175941467285
0.09563589096069336
0.08169913291931152
0.07297301292419434
0.058167219161987305
0.043976545333862305
0.03312420845031738
0.10328459739685059
0.0886530876159668
0.07423734664916992
0.06269669532775879
0.04483318328857422
0.030035018920898438
0.1156773567199707
0.09106612205505371
0.07713842391967773
0.06602668762207031
0.0488123893737793
0.037770986557006836
0.03376650810241699
0.09623527526855469
0.09306049346923828
0.0791006088256836
0.0645451545715332
0.050211191177368164
0.03530621528625488
0.10714936256408691
0.09156942367553711
0.07757687568664551
0.06754803657531738
0.05505633354187012
0.040291547775268555
0.025603532791137695
0.1022036075592041
0.08726263046264648
0.07303690910339355
0.05848383903503418
0.04366707801818848
0.03030681610107422
0.11184144020080566
0.10739994049072266
0.09442877769470215
0.0799555778503418
0.05122637748718262
0.03647780418395996
0.11501002311706543
0.09030675888061523
0.07605314254760742
0.06073880195617676
0.05688071250915527
0.04434347152709961
0.11181426048278809
0.0871737003326416
0.07436728477478027
0.061615943908691406
0.05883646011352539
0.044100046157836914
0.0304262638092041
0.10613703727722168
0.0835714340209961
0.08299827575683594
0.06912922859191895
0.05492711067199707
0.04105210304260254
0.1257185935974121
0.1066744327545166
0.0925145149230957
0.07810473442077637
0.06344008445739746
0.049246788024902344
0.03570556640625
0.11617279052734375
0.10130000114440918
0.08734536170959473
0.07280206680297852
0.07150745391845703
0.054296016693115234
0.04071402549743652
0.1152811050415039
0.08658337593078613
0.06954693794250488
0.05525708198547363
0.037566184997558594
0.03596138954162598
0.10828590393066406
0.09858107566833496
0.07835650444030762
0.0637967586517334
0.04608726501464844
0.03653836250305176
0.12656760215759277
0.10265064239501953
0.08765125274658203
0.07271289825439453
0.057532310485839844
0.042456626892089844
0.11096596717834473
0.08288073539733887
0.06869959831237793
0.05881905555725098
0.04469585418701172
0.03895282745361328
0.10223627090454102
0.0853886604309082
0.07133126258850098
0.06859445571899414
0.054046630859375
0.040079593658447266
0.025664329528808594
0.0888824462890625
0.07704329490661621
0.06801247596740723
0.05686330795288086
0.04194045066833496
0.027834415435791016
0.12232089042663574
0.10154318809509277
0.08743166923522949
0.07252836227416992
0.05783820152282715
0.043215036392211914
0.10910415649414062
0.09634208679199219
0.08275699615478516
0.06901884078979492
0.06035208702087402
0.04546666145324707
0.03172039985656738
0.10856246948242188
0.08312630653381348
0.068634033203125
0.05513596534729004
0.045903921127319336
0.03166460990905762
0.10986733436584473
0.08587431907653809
0.08352065086364746
0.07095766067504883
0.029742717742919922
0.11845207214355469
0.10179424285888672
0.08735513687133789
0.07295799255371094
0.058556556701660156
0.04461264610290527
0.030236244201660156
0.10144925117492676
0.0847933292388916
0.07033085823059082
0.05916953086853027
0.048245906829833984
0.03376340866088867
0.12291765213012695
0.10956454277038574
0.09549832344055176
0.0811147689819336
0.06643533706665039
0.05175304412841797
0.03900551795959473
0.10694360733032227
0.09947538375854492
0.08549714088439941
0.07022762298583984
0.0558476448059082
0.0414736270904541
0.11635541915893555
0.1034243106842041
0.08859515190124512
0.07465291023254395
0.060393571853637695
0.046746253967285156
0.06891083717346191
0.14503026008605957
0.11036181449890137
0.09259366989135742
0.07202720642089844
0.06304502487182617
0.09685325622558594
0.08175086975097656
0.07583880424499512
0.06568670272827148
0.05292010307312012
0.04031515121459961
0.09753036499023438
0.09523558616638184
0.07321286201477051
0.059992313385009766
0.046041011810302734
0.03121042251586914
0.09264874458312988
0.07844877243041992
0.0722954273223877
0.05836892127990723
0.04441022872924805
0.029714107513427734
0.10962843894958496
0.0847163200378418
0.07743120193481445
0.07514333724975586
0.05770421028137207
0.04375267028808594
0.10945987701416016
0.0979607105255127
0.08188915252685547
0.08700680732727051
0.07486367225646973
0.0627138614654541
0.04885411262512207
0.10804009437561035
0.09240007400512695
0.07627081871032715
0.06633949279785156
0.05146288871765137
0.03009176254272461
0.10544419288635254
0.08591127395629883
0.07197165489196777
0.07374787330627441
0.05927538871765137
0.04523158073425293
0.03068399429321289
0.09985089302062988
0.08204460144042969
0.0679316520690918
0.05396008491516113
0.04124760627746582
0.045244693756103516
0.10461592674255371
0.09041380882263184
0.0822000503540039
0.06712651252746582
0.05226778984069824
0.04019641876220703
0.02599358558654785
0.09517908096313477
0.09453272819519043
0.07306241989135742
0.05812478065490723
0.044005632400512695
0.029113054275512695
0.1028432846069336
0.08490753173828125
0.07035088539123535
0.057930946350097656
0.05669260025024414
0.042143821716308594
0.02738785743713379
0.10295605659484863
0.09408116340637207
0.08416748046875
0.07458138465881348
0.06004905700683594
0.04564619064331055
0.11337947845458984
0.07962894439697266
0.06467556953430176
0.061563730239868164
0.04772067070007324
0.030590057373046875
0.10683965682983398
0.08585453033447266
0.07117199897766113
0.060874223709106445
0.04777026176452637
0.03706860542297363
0.03036189079284668
0.11135244369506836
0.0967249870300293
0.08255171775817871
0.06796455383300781
0.05331873893737793
0.039658546447753906
0.1075587272644043
0.08614826202392578
0.07555294036865234
0.06884288787841797
0.05457448959350586
0.04035067558288574
0.10720491409301758
0.11171460151672363
0.09768366813659668
0.08489608764648438
0.0713357925415039
0.057151079177856445
0.042595863342285156
0.1071622371673584
0.08026981353759766
0.06803297996520996
0.047403573989868164
0.0324246883392334
0.1109769344329834
0.09672927856445312
0.09111166000366211
0.08004617691040039
0.06358122825622559
0.04888296127319336
0.03461480140686035
0.1086127758026123
0.09658598899841309
0.09114360809326172
0.07588553428649902
0.06112194061279297
0.05283999443054199
0.0384211540222168
0.1132352352142334
0.09868073463439941
0.0827481746673584
0.0724799633026123
0.055037736892700195
0.04149365425109863
0.03577017784118652
0.10999226570129395
0.08386993408203125
0.06857776641845703
0.052712202072143555
0.04635214805603027
0.03211498260498047
0.11770915985107422
0.09303522109985352
0.07892084121704102
0.06090235710144043
0.04635286331176758
0.03193211555480957
0.10803484916687012
0.09350824356079102
0.08289408683776855
0.06865334510803223
0.05448627471923828
0.03779029846191406
0.02879023551940918
0.08954596519470215
0.08080840110778809
0.07769536972045898
0.06371545791625977
0.04948711395263672
0.034978389739990234
0.11402535438537598
0.08909392356872559
0.07484960556030273
0.06034064292907715
0.04636788368225098
0.04620218276977539
0.03186988830566406
0.09088921546936035
0.09194421768188477
0.07958102226257324
0.06505060195922852
0.05162191390991211
0.03731513023376465
0.11405396461486816
0.08804798126220703
0.07384371757507324
0.05967521667480469
0.04612135887145996
0.036897897720336914
0.10818052291870117
0.09880995750427246
0.0808558464050293
0.06660223007202148
0.05177450180053711
0.04487180709838867
0.031672000885009766
0.09418058395385742
0.07962346076965332
0.06536221504211426
0.05887770652770996
0.04465913772583008
0.026736021041870117
0.0926821231842041
0.08529400825500488
0.07109189033508301
0.05655789375305176
0.041678428649902344
0.027943134307861328
0.12210345268249512
0.10113835334777832
0.08364367485046387
0.07013845443725586
0.05518221855163574
0.037268638610839844
0.09168529510498047
0.08381795883178711
0.07380032539367676
0.0598750114440918
0.045934200286865234
0.04216313362121582
0.037497758865356445
0.08936858177185059
0.07488536834716797
0.07356786727905273
0.05926370620727539
0.04536581039428711
0.024955034255981445
0.11175417900085449
0.0969233512878418
0.08271193504333496
0.07351255416870117
0.0608823299407959
0.0514829158782959
0.10636734962463379
0.10532069206237793
0.09177470207214355
0.07792806625366211
0.06386137008666992
0.04964041709899902
0.03539299964904785
0.09109354019165039
0.08373641967773438
0.06948113441467285
0.055260419845581055
0.04970884323120117
0.031325578689575195
0.10435032844543457
0.09298372268676758
0.08912277221679688
0.07465720176696777
0.05383586883544922
0.03895926475524902
0.0978231430053711
0.08265900611877441
0.06843852996826172
0.05498456954956055
0.047281503677368164
0.04117155075073242
0.10765290260314941
0.08312749862670898
0.07320547103881836
0.06346631050109863
0.058698177337646484
0.044225454330444336
0.11336898803710938
0.10223221778869629
0.09824156761169434
0.08423805236816406
0.0699467658996582
0.05593109130859375
0.0410306453704834
0.025867938995361328
0.09094834327697754
0.07945775985717773
0.06546258926391602
0.05114459991455078
0.0380094051361084
0.03456687927246094
0.09595704078674316
0.0818784236907959
0.06742477416992188
0.061310529708862305
0.04678010940551758
0.03692197799682617
0.12211084365844727
0.09728598594665527
0.08320355415344238
0.06880831718444824
0.05463767051696777
0.040177345275878906
0.026523828506469727
0.10124921798706055
0.0849921703338623
0.07729077339172363
0.06282329559326172
0.047863006591796875
0.047445058822631836
0.03298497200012207
0.0959935188293457
0.0879676342010498
0.07376790046691895
0.059195518493652344
0.04123353958129883
0.031055688858032227
0.1243598461151123
0.09887886047363281
0.0843818187713623
0.07042837142944336
0.05638694763183594
0.025883197784423828
0.10175013542175293
0.08370566368103027
0.07571601867675781
0.057917118072509766
0.042955636978149414
0.028028249740600586
0.10008955001831055
0.08859014511108398
0.07366275787353516
0.06622314453125
0.052063703536987305
0.03804135322570801
0.1041557788848877
0.09051179885864258
0.08379173278808594
0.06936454772949219
0.05500149726867676
0.03261399269104004
0.1252765655517578
0.10034775733947754
0.08608126640319824
0.07179498672485352
0.05689120292663574
0.0421147346496582
0.027330398559570312
0.09951972961425781
0.08728742599487305
0.08473825454711914
0.07003641128540039
0.0552067756652832
0.04076242446899414
0.11057066917419434
0.11601018905639648
0.1020822525024414
0.08719706535339355
0.07294487953186035
0.059879302978515625
0.04520726203918457
0.03124380111694336
0.0986776351928711
0.0815732479095459
0.08262872695922852
0.0686802864074707
0.05451512336730957
0.040331125259399414
0.11207866668701172
0.09269285202026367
0.07784676551818848
0.06530189514160156
0.05946755409240723
0.04201650619506836
0.02451181411743164
0.09014058113098145
0.08529233932495117
0.07194685935974121
0.057769775390625
0.04357457160949707
0.03803825378417969
0.10798501968383789
0.08705639839172363
0.0728003978729248
0.05880331993103027
0.05119967460632324
0.03671407699584961
0.02253890037536621
0.0970313549041748
0.08049654960632324
0.07114624977111816
0.0621490478515625
0.04791998863220215
0.1113591194152832
0.08804678916931152
0.07312250137329102
0.07560181617736816
0.061785221099853516
0.047240257263183594
0.03309297561645508
0.09795403480529785
0.08271050453186035
0.06756854057312012
0.05325579643249512
0.03931283950805664
0.03586935997009277
0.1028280258178711
0.09980893135070801
0.08227062225341797
0.06763219833374023
0.05242919921875
0.03810572624206543
0.09126472473144531
0.08213567733764648
0.07097148895263672
0.06011772155761719
0.0501856803894043
0.03549385070800781
0.1080470085144043
0.09828996658325195
0.0833740234375
0.0757451057434082
0.06069135665893555
0.046820878982543945
0.0328829288482666
0.09214043617248535
0.07755136489868164
0.08577132225036621
0.07170867919921875
0.0578618049621582
0.04395318031311035
0.10657978057861328
0.08231115341186523
0.06231069564819336
0.05961036682128906
0.04628181457519531
0.11490011215209961
0.10772085189819336
0.09319663047790527
0.07907509803771973
0.06705355644226074
0.052397727966308594
0.03882741928100586
0.02501225471496582
0.08756422996520996
0.07895350456237793
0.0684518814086914
0.0535283088684082
0.0395815372467041
0.03188061714172363
0.09001803398132324
0.07513260841369629
0.07450723648071289
0.05866575241088867
0.04366564750671387
0.11302065849304199
0.10183596611022949
0.08797335624694824
0.07074236869812012
0.056760311126708984
0.048964500427246094
0.03677487373352051
0.11512398719787598
0.09923219680786133
0.08512210845947266
0.07006406784057617
0.057915687561035156
0.04577374458312988
0.030923843383789062
0.10477042198181152
0.08384537696838379
0.06960487365722656
0.06358861923217773
0.04864501953125
0.03435969352722168
0.13510394096374512
0.12135982513427734
0.10643482208251953
0.09137892723083496
0.07746434211730957
0.06476378440856934
0.04988503456115723
0.03536272048950195
0.09508872032165527
0.07869243621826172
0.07681989669799805
0.06346774101257324
0.04951119422912598
0.0320584774017334
0.10671305656433105
0.10818028450012207
0.09416413307189941
0.08024120330810547
0.06628608703613281
0.052351951599121094
0.039034128189086914
0.10275959968566895
0.08129048347473145
0.07763981819152832
0.06240534782409668
0.04842329025268555
0.03426694869995117
0.02113032341003418
0.09051847457885742
0.08208918571472168
0.06721305847167969
0.05073189735412598
0.0407252311706543
0.023148298263549805
0.10074615478515625
0.09607815742492676
0.0811910629272461
0.0636289119720459
0.049427032470703125
0.03712797164916992
0.09650945663452148
0.10178828239440918
0.08781838417053223
0.06990742683410645
0.054911136627197266
0.03796529769897461
0.1065220832824707
0.08468389511108398
0.08316540718078613
0.06920576095581055
0.055004119873046875
0.040892839431762695
0.10802412033081055
0.08236932754516602
0.07468295097351074
0.06397414207458496
0.04986977577209473
0.03630638122558594
0.12496137619018555
0.11079812049865723
0.09585285186767578
0.08062100410461426
0.06623220443725586
0.045439720153808594
0.03181266784667969
0.10944461822509766
0.08796167373657227
0.07291507720947266
0.05876660346984863
0.04408526420593262
0.03644609451293945
0.10836601257324219
0.08344674110412598
0.0668487548828125
0.058202505111694336
0.044539690017700195
0.03025674819946289
0.10773801803588867
0.09891533851623535
0.08492803573608398
0.07098865509033203
0.05635881423950195
0.04279494285583496
0.03724980354309082
0.12464451789855957
0.09956717491149902
0.08530926704406738
0.07077693939208984
0.05587315559387207
0.042273759841918945
0.11748886108398438
0.0975186824798584
0.08272123336791992
0.06779146194458008
0.05003857612609863
0.03575563430786133
0.1089327335357666
0.0939018726348877
0.08328413963317871
0.07239460945129395
0.05892133712768555
0.04497647285461426
0.030300140380859375
0.1204838752746582
0.09485673904418945
0.08005571365356445
0.0660853385925293
0.051843881607055664
0.03790426254272461
0.12191367149353027
0.108245849609375
0.09024667739868164
0.08415961265563965
0.06981968879699707
0.05532073974609375
0.041817426681518555
0.11104035377502441
0.08372664451599121
0.07618021965026855
0.06185197830200195
0.04755210876464844
0.12427067756652832
0.09604048728942871
0.08759570121765137
0.07384109497070312
0.07224440574645996
0.05995917320251465
0.04268479347229004
0.10770416259765625
0.09085488319396973
0.07799816131591797
0.0652928352355957
0.06923556327819824
0.054876089096069336
0.03943967819213867
0.09069395065307617
0.09205961227416992
0.06951427459716797
0.05510735511779785
0.04022979736328125
0.026127338409423828
0.09650993347167969
0.0821378231048584
0.0680088996887207
0.056014299392700195
0.04781341552734375
0.0331113338470459
0.10944700241088867
0.10293054580688477
0.08899784088134766
0.0744473934173584
0.06047797203063965
0.05690765380859375
0.04253792762756348
0.02843928337097168
0.1047658920288086
0.09755182266235352
0.08681344985961914
0.07182812690734863
0.056905508041381836
0.0418088436126709
0.11475729942321777
0.08789992332458496
0.07662200927734375
0.06167268753051758
0.046721696853637695
0.0287778377532959
0.10666656494140625
0.08572673797607422
0.06772828102111816
0.06955409049987793
0.05463242530822754
0.03516340255737305
0.0999150276184082
0.09152436256408691
0.0779867172241211
0.05794095993041992
0.04344582557678223
0.02950429916381836
0.13027000427246094
0.10806441307067871
0.09408354759216309
0.07813096046447754
0.06416749954223633
0.050229549407958984
0.03576302528381348
0.10413384437561035
0.08519887924194336
0.0705564022064209
0.05609750747680664
0.04230928421020508
0.02918267250061035
0.10829353332519531
0.0887298583984375
0.07472372055053711
0.05942797660827637
0.052646636962890625
0.04276418685913086
0.03289151191711426
0.09981179237365723
0.08230948448181152
0.07022619247436523
0.06122136116027832
0.04692339897155762
0.03597283363342285
0.027952194213867188
0.09659433364868164
0.08588719367980957
0.0719447135925293
0.05858445167541504
0.06134629249572754
0.03984355926513672
0.09615135192871094
0.0782325267791748
0.0632925033569336
0.04934978485107422
0.03554248809814453
0.021178245544433594
0.10214066505432129
0.08521294593811035
0.07080602645874023
0.07057404518127441
0.05697154998779297
0.042713165283203125
0.028430461883544922
0.0939333438873291
0.07982850074768066
0.06876564025878906
0.05014824867248535
0.03234577178955078
0.1136484146118164
0.10009121894836426
0.10393476486206055
0.0878596305847168
0.07358908653259277
0.0593721866607666
0.045615196228027344
0.031373023986816406
0.08681035041809082
0.07526993751525879
0.06684160232543945
0.048551321029663086
0.04798483848571777
0.03355240821838379
0.09261679649353027
0.0768594741821289
0.06364226341247559
0.05479550361633301
0.04110527038574219
0.02683281898498535
0.12003302574157715
0.09614753723144531
0.08201456069946289
0.06751799583435059
0.053572893142700195
0.11046624183654785
0.09765815734863281
0.08623075485229492
0.07267975807189941
0.05984377861022949
0.05342841148376465
0.038835763931274414
0.10732579231262207
0.08041596412658691
0.06914687156677246
0.05870413780212402
0.05498790740966797
0.04216957092285156
0.10679268836975098
0.08859539031982422
0.07343220710754395
0.05861711502075195
0.0565028190612793
0.04166054725646973
0.027575969696044922
0.09754729270935059
0.08560061454772949
0.08923625946044922
0.07527017593383789
0.060272932052612305
0.04633069038391113
0.11364555358886719
0.09880805015563965
0.08527565002441406
0.07024025917053223
0.05881905555725098
0.045307159423828125
0.10656237602233887
0.08644580841064453
0.06562399864196777
0.05555582046508789
0.04518294334411621
0.030983924865722656
0.10504794120788574
0.08567643165588379
0.07505226135253906
0.06080746650695801
0.04659152030944824
0.03281998634338379
0.03156256675720215
0.09048676490783691
0.07943558692932129
0.06437540054321289
0.05046510696411133
0.0383303165435791
0.037238359451293945
0.09305667877197266
0.08234238624572754
0.06782054901123047
0.05325174331665039
0.043837547302246094
0.029900789260864258
0.10876345634460449
0.08803677558898926
0.07294511795043945
0.0673215389251709
0.053241729736328125
0.038893699645996094
0.024170637130737305
0.09874963760375977
0.08549785614013672
0.07076907157897949
0.06476640701293945
0.05042314529418945
0.03597068786621094
0.10846877098083496
0.08590841293334961
0.07099175453186035
0.07376885414123535
0.059441328048706055
0.04464411735534668
0.030738115310668945
0.09205794334411621
0.07830476760864258
0.061852455139160156
0.0499112606048584
0.04879403114318848
0.03464055061340332
0.10346221923828125
0.08287858963012695
0.07055044174194336
0.053830862045288086
0.039399147033691406
0.03592228889465332
0.10383462905883789
0.08332347869873047
0.0783681869506836
0.07328653335571289
0.058547019958496094
0.043343305587768555
0.029130220413208008
0.10996150970458984
0.09530234336853027
0.08090710639953613
0.06645870208740234
0.052110910415649414
0.038350582122802734
0.11002802848815918
0.08599042892456055
0.07514762878417969
0.06402945518493652
0.056437015533447266
0.041999101638793945
0.028345108032226562
0.10119414329528809
0.08672451972961426
0.07245588302612305
0.05408358573913574
0.040088653564453125
0.025429725646972656
0.09527945518493652
0.08112859725952148
0.06656551361083984
0.05705738067626953
0.042661428451538086
0.03382468223571777
0.10864853858947754
0.08579802513122559
0.07188010215759277
0.05834174156188965
0.04582357406616211
0.0365900993347168
0.022478342056274414
0.0997776985168457
0.08497405052185059
0.07841324806213379
0.06417679786682129
0.051695823669433594
0.037972211837768555
0.10769796371459961
0.0856626033782959
0.08374190330505371
0.07017064094543457
0.05553793907165527
0.037590980529785156
0.11003470420837402
0.09981298446655273
0.08575654029846191
0.07176780700683594
0.057192087173461914
0.043691158294677734
0.03408932685852051
0.10627102851867676
0.08453083038330078
0.07876038551330566
0.06457972526550293
0.04946327209472656
0.03514456748962402
0.11912941932678223
0.09324884414672852
0.0787038803100586
0.06378650665283203
0.0428922176361084
0.02872610092163086
0.09905481338500977
0.09345197677612305
0.07911396026611328
0.06411552429199219
0.04960918426513672
0.0371706485748291
0.10866141319274902
0.08609747886657715
0.07798457145690918
0.07616209983825684
0.061983346939086914
0.04770183563232422
0.0317234992980957
0.09134960174560547
0.08428311347961426
0.07060670852661133
0.055773258209228516
0.04453277587890625
0.03033280372619629
0.11037540435791016
0.08864879608154297
0.0826718807220459
0.06825613975524902
0.05406522750854492
0.03933262825012207
0.10887908935546875
0.08323955535888672
0.07120752334594727
0.0659940242767334
0.051552534103393555
0.03637051582336426
0.13354110717773438
0.10350489616394043
0.0886526107788086
0.07442545890808105
0.06023597717285156
0.045972585678100586
0.10424208641052246
0.09131622314453125
0.07599163055419922
0.061563968658447266
0.047395944595336914
0.03355550765991211
0.0192718505859375
0.09971952438354492
0.08376908302307129
0.06932306289672852
0.06339669227600098
0.04923391342163086
0.03499746322631836
0.03159594535827637
0.08894181251525879
0.07704758644104004
0.06600117683410645
0.05131864547729492
0.03670930862426758
0.02174544334411621
0.09694409370422363
0.0824744701385498
0.06491255760192871
0.054518938064575195
0.04374194145202637
0.03129243850708008
0.09112071990966797
0.08260345458984375
0.06793475151062012
0.050393104553222656
0.03633832931518555
0.11111664772033691
0.1011037826538086
0.0871117115020752
0.07322263717651367
0.05807328224182129
0.03980588912963867
0.10841059684753418
0.09609675407409668
0.0821380615234375
0.06949687004089355
0.060755252838134766
0.05243873596191406
0.03848981857299805
0.1140141487121582
0.10663437843322754
0.09028053283691406
0.0757908821105957
0.061309814453125
0.04631400108337402
0.03273725509643555
0.1091160774230957
0.09890484809875488
0.08702802658081055
0.07212448120117188
0.057607412338256836
0.10443878173828125
0.08503174781799316
0.07586407661437988
0.06476545333862305
0.054300546646118164
0.04863858222961426
0.0310516357421875
0.10429763793945312
0.09019827842712402
0.07631134986877441
0.061940670013427734
0.047318220138549805
0.03344440460205078
0.10754680633544922
0.08268857002258301
0.0867462158203125
0.07173299789428711
0.057729482650756836
0.043163299560546875
0.1119546890258789
0.09715819358825684
0.08256959915161133
0.07227158546447754
0.05804729461669922
0.04479575157165527
0.030288219451904297
0.10312747955322266
0.08593106269836426
0.07186675071716309
0.06331324577331543
0.04937267303466797
0.05086946487426758
0.03708600997924805
0.09719228744506836
0.07836365699768066
0.06763768196105957
0.055938720703125
0.05694913864135742
0.0448918342590332
0.1085500717163086
0.08214807510375977
0.07181715965270996
0.057750701904296875
0.053246259689331055
0.0415349006652832
0.13412070274353027
0.1216275691986084
0.1076958179473877
0.09320735931396484
0.07900691032409668
0.0645608901977539
0.05090761184692383
0.036615610122680664
0.10152697563171387
0.08155035972595215
0.06751871109008789
0.05562543869018555
0.046784162521362305
0.03663825988769531
0.12189865112304688
0.09839749336242676
0.08406352996826172
0.06984829902648926
0.0550234317779541
0.04080033302307129
0.11244821548461914
0.10518527030944824
0.09450125694274902
0.08066248893737793
0.06281828880310059
0.04777383804321289
0.02983260154724121
0.10865664482116699
0.08648848533630371
0.07166075706481934
0.05761218070983887
0.048326730728149414
0.03442955017089844
0.12485480308532715
0.1050267219543457
0.09007620811462402
0.08363962173461914
0.06563591957092285
0.05026721954345703
0.09129595756530762
0.09254264831542969
0.07740902900695801
0.06212329864501953
0.047766923904418945
0.03287959098815918
0.1053009033203125
0.0831608772277832
0.08470511436462402
0.07030415534973145
0.05587482452392578
0.04161667823791504
0.11640119552612305
0.1098182201385498
0.09698700904846191
0.08732199668884277
0.06941413879394531
0.05505514144897461
0.04092049598693848
0.1141204833984375
0.08809947967529297
0.08762145042419434
0.07327818870544434
0.058197021484375
0.04350423812866211
0.10873842239379883
0.08357787132263184
0.08466720581054688
0.06245541572570801
0.04792308807373047
0.03370785713195801
0.09301424026489258
0.08222055435180664
0.0714571475982666
0.056742191314697266
0.03861188888549805
0.034635066986083984
0.10194945335388184
0.08280801773071289
0.06690382957458496
0.05391883850097656
0.03925013542175293
0.02793145179748535
0.10413551330566406
0.08614134788513184
0.07175660133361816
0.06138157844543457
0.0471804141998291
0.03192615509033203
0.10778427124023438
0.0823979377746582
0.08276891708374023
0.06830334663391113
0.05461478233337402
0.03615236282348633
0.11788296699523926
0.09504961967468262
0.08100032806396484
0.066619873046875
0.05178427696228027
0.034245967864990234
0.10856461524963379
0.09085869789123535
0.0768423080444336
0.06623625755310059
0.043123722076416016
0.10772156715393066
0.10015153884887695
0.08609223365783691
0.07161259651184082
0.05662274360656738
0.03956317901611328
0.02474236488342285
0.09770393371582031
0.08085966110229492
0.07017922401428223
0.056578636169433594
0.04245400428771973
0.03407859802246094
0.09383845329284668
0.08636832237243652
0.07116913795471191
0.05687737464904785
0.04260706901550293
0.029112815856933594
0.10603499412536621
0.08948421478271484
0.07868647575378418
0.06450462341308594
0.049381256103515625
0.035263776779174805
0.020340442657470703
0.10040855407714844
0.08728241920471191
0.07400631904602051
0.05977368354797363
0.06246638298034668
0.047788143157958984
0.03350663185119629
0.08890795707702637
0.08411407470703125
0.06998634338378906
0.05572628974914551
0.04044747352600098
0.037004709243774414
0.10358881950378418
0.08336901664733887
0.07110714912414551
0.06575846672058105
0.05162930488586426
0.037262678146362305
0.02175736427307129
0.09794163703918457
0.0863492488861084
0.07210564613342285
0.05216717720031738
0.037682533264160156
0.11101627349853516
0.08969879150390625
0.07559680938720703
0.07284355163574219
0.05858564376831055
0.04369664192199707
0.028885602951049805
0.09663677215576172
0.08581185340881348
0.07046723365783691
0.0536494255065918
0.038274526596069336
0.03479170799255371
0.11206579208374023
0.08916616439819336
0.08081650733947754
0.06296157836914062
0.04929828643798828
0.03480815887451172
0.10684609413146973
0.0804135799407959
0.06891989707946777
0.06304192543029785
0.04877305030822754
0.041727542877197266
0.10557818412780762
0.08621788024902344
0.08474230766296387
0.07608294486999512
0.05843305587768555
0.04447460174560547
0.0911099910736084
0.08873915672302246
0.0798330307006836
0.06543278694152832
0.050672292709350586
0.035660743713378906
0.1110219955444336
0.08726048469543457
0.07273721694946289
0.06564831733703613
0.05077362060546875
0.036577463150024414
0.0217440128326416
0.09221029281616211
0.08125638961791992
0.06674551963806152
0.05312657356262207
0.03917121887207031
0.03180336952209473
0.11445498466491699
0.08856058120727539
0.07340025901794434
0.05860710144042969
0.04469704627990723
0.04403281211853027
0.1080482006072998
0.09052062034606934
0.07581806182861328
0.06070971488952637
0.046380043029785156
0.04089975357055664
0.13148975372314453
0.1058800220489502
0.08568310737609863
0.07203125953674316
0.05689096450805664
0.04261136054992676
0.10742974281311035
0.08905196189880371
0.07419085502624512
0.07101845741271973
0.05634927749633789
0.038594961166381836
0.0922844409942627
0.07504749298095703
0.06409716606140137
0.049488067626953125
0.03230547904968262
0.025702238082885742
0.10310864448547363
0.09076952934265137
0.08265447616577148
0.07707834243774414
0.06382369995117188
0.05016803741455078
0.10906648635864258
0.08183813095092773
0.06709885597229004
0.05628633499145508
0.03867602348327637
0.03479480743408203
0.09473586082458496
0.0803365707397461
0.0661921501159668
0.0540311336517334
0.04436969757080078
0.030791044235229492
0.10375380516052246
0.08842587471008301
0.08341145515441895
0.06545782089233398
0.05098867416381836
0.03571772575378418
0.09106922149658203
0.07946205139160156
0.08685660362243652
0.07263660430908203
0.05881023406982422
0.04406261444091797
0.1067650318145752
0.0827932357788086
0.08235716819763184
0.06808209419250488
0.054093122482299805
0.036561012268066406
0.11063265800476074
0.11445236206054688
0.09992766380310059
0.0858316421508789
0.07087588310241699
0.05711936950683594
0.0371556282043457
0.08914375305175781
0.08723187446594238
0.06983780860900879
0.0550997257232666
0.02553105354309082
0.10676836967468262
0.08851218223571777
0.07407927513122559
0.0636293888092041
0.04918861389160156
0.0317225456237793
0.105987548828125
0.09318065643310547
0.08834195137023926
0.07385492324829102
0.058980703353881836
0.044760704040527344
0.03024744987487793
0.08944106101989746
0.07768535614013672
0.07213735580444336
0.0576932430267334
0.043274879455566406
0.027977705001831055
0.10888552665710449
0.08606243133544922
0.07094073295593262
0.06497478485107422
0.050576210021972656
0.04369759559631348
0.13147282600402832
0.11488533020019531
0.10024571418762207
0.08583784103393555
0.07152891159057617
0.053913116455078125
0.03577089309692383
0.10545468330383301
0.08453583717346191
0.06997847557067871
0.056345224380493164
0.051981449127197266
0.04037308692932129
0.11555790901184082
0.09707975387573242
0.08761000633239746
0.07255172729492188
0.05820918083190918
0.04396200180053711
0.12626242637634277
0.11184263229370117
0.09491086006164551
0.08053040504455566
0.07330656051635742
0.05951070785522461
0.044458866119384766
0.10652279853820801
0.08970093727111816
0.07549881935119629
0.05847287178039551
0.05527520179748535
0.042584896087646484
0.03078174591064453
0.09837913513183594
0.08443117141723633
0.07731342315673828
0.059012651443481445
0.044718027114868164
0.030692338943481445
0.10400962829589844
0.09809160232543945
0.08409667015075684
0.0700995922088623
0.055633544921875
0.04156613349914551
0.03201723098754883
0.08897995948791504
0.09025430679321289
0.07505345344543457
0.05721879005432129
0.04292869567871094
0.028498172760009766
0.10269570350646973
0.09100008010864258
0.07680678367614746
0.06323432922363281
0.05383467674255371
0.038907527923583984
0.030499696731567383
0.09490537643432617
0.07682275772094727
0.07780838012695312
0.06389880180358887
0.0459444522857666
0.031587839126586914
0.09154653549194336
0.07671618461608887
0.07908129692077637
0.0638742446899414
0.048777103424072266
0.033644676208496094
0.09290242195129395
0.0791628360748291
0.06447768211364746
0.05051541328430176
0.05018496513366699
0.03476715087890625
0.09104275703430176
0.08274650573730469
0.07173800468444824
0.05674552917480469
0.0399479866027832
0.031774282455444336
0.10209226608276367
0.08664321899414062
0.0732121467590332
0.059592485427856445
0.04410672187805176
0.04006552696228027
0.11415600776672363
0.10333991050720215
0.09195494651794434
0.07768726348876953
0.03997015953063965
0.026093482971191406
0.11056399345397949
0.0954735279083252
0.08146429061889648
0.06415200233459473
0.050373077392578125
0.03542733192443848
0.11308813095092773
0.10578298568725586
0.09525299072265625
0.08111238479614258
0.06721115112304688
0.03978872299194336
0.03246474266052246
0.09686279296875
0.09101390838623047
0.08112883567810059
0.06722283363342285
0.05296611785888672
0.03775429725646973
0.10718941688537598
0.08283233642578125
0.06850957870483398
0.06843161582946777
0.05458402633666992
0.039617300033569336
0.11317586898803711
0.1036369800567627
0.09382033348083496
0.07953500747680664
0.06468367576599121
0.0507199764251709
0.03077530860900879
0.10396242141723633
0.08639168739318848
0.0721595287322998
0.06732392311096191
0.05281329154968262
0.03775143623352051
0.12536859512329102
0.10008931159973145
0.08571553230285645
0.07129144668579102
0.061974287033081055
0.04751849174499512
0.03349447250366211
0.09698343276977539
0.08220148086547852
0.06818723678588867
0.06687736511230469
0.053054094314575195
0.03797125816345215
0.09255838394165039
0.08067512512207031
0.06636881828308105
0.05202770233154297
0.037901878356933594
0.0379338264465332
0.10602760314941406
0.08883404731750488
0.07374310493469238
0.07166934013366699
0.061910152435302734
0.04740452766418457
0.03305506706237793
0.09692740440368652
0.0925760269165039
0.07860612869262695
0.07396531105041504
0.05938267707824707
0.04418802261352539
0.1157379150390625
0.0868384838104248
0.07278203964233398
0.05802321434020996
0.04271340370178223
0.041178226470947266
0.11175847053527832
0.08732390403747559
0.07213521003723145
0.05759692192077637
0.04411435127258301
0.034877777099609375
0.11101984977722168
0.0937802791595459
0.07938766479492188
0.0656425952911377
0.051744699478149414
0.05015873908996582
0.034964799880981445
0.09851217269897461
0.08875250816345215
0.08501577377319336
0.07104134559631348
0.054117679595947266
0.039190053939819336
0.10712194442749023
0.08465790748596191
0.06591272354125977
0.04798078536987305
0.03337597846984863
0.026822328567504883
0.09787845611572266
0.0866544246673584
0.07158374786376953
0.05659770965576172
0.04255509376525879
0.030026912689208984
0.10969209671020508
0.09290742874145508
0.08146476745605469
0.06726384162902832
0.059853315353393555
0.04152679443359375
0.10927057266235352
0.09557366371154785
0.08562135696411133
0.07159566879272461
0.05741143226623535
0.03987431526184082
0.10682058334350586
0.10200905799865723
0.08355331420898438
0.0693202018737793
0.05611300468444824
0.03718709945678711
0.09207487106323242
0.07557916641235352
0.06323909759521484
0.0510251522064209
0.04934501647949219
0.0347752571105957
0.11631917953491211
0.0937662124633789
0.08917927742004395
0.07516765594482422
0.06096935272216797
0.10945677757263184
0.10795807838439941
0.09303736686706543
0.0789182186126709
0.06461238861083984
0.04610252380371094
0.03182673454284668
0.11010336875915527
0.0861814022064209
0.07195472717285156
0.057901620864868164
0.05575370788574219
0.037801265716552734
0.12231111526489258
0.09794735908508301
0.07860040664672852
0.06691908836364746
0.052088022232055664
0.03138160705566406
0.10430002212524414
0.0829782485961914
0.08134984970092773
0.06722521781921387
0.055109262466430664
0.05015206336975098
0.03612875938415527
0.09827876091003418
0.08425760269165039
0.07468557357788086
0.08147644996643066
0.0665125846862793
0.05210590362548828
0.03825712203979492
0.09902620315551758
0.08208155632019043
0.0671393871307373
0.06156611442565918
0.04742026329040527
0.032973527908325195
0.10950326919555664
0.0860745906829834
0.07702040672302246
0.06219363212585449
0.06369638442993164
0.048673391342163086
0.03435850143432617
0.09772348403930664
0.0799555778503418
0.0719757080078125
0.066680908203125
0.05210375785827637
0.038153886795043945
0.10896944999694824
0.08801913261413574
0.06171250343322754
0.047025203704833984
0.029976844787597656
0.10476016998291016
0.08844518661499023
0.07575702667236328
0.06575345993041992
0.054921627044677734
0.04382133483886719
0.11017179489135742
0.0961296558380127
0.08251500129699707
0.06842756271362305
0.053296566009521484
0.03844499588012695
0.1050114631652832
0.0898902416229248
0.07624602317810059
0.06197929382324219
0.040642499923706055
0.0339658260345459
0.10606861114501953
0.08601164817810059
0.07141280174255371
0.06619668006896973
0.051770925521850586
0.0370783805847168
0.021795034408569336
0.09535551071166992
0.08395719528198242
0.07316803932189941
0.05920743942260742
0.04519534111022949
0.03584575653076172
0.020899295806884766
0.10637807846069336
0.09445571899414062
0.08028745651245117
0.06628203392028809
0.05244708061218262
0.038185834884643555
0.10896801948547363
0.08469104766845703
0.07325005531311035
0.07063460350036621
0.0561983585357666
0.0391688346862793
0.02558612823486328
0.09413933753967285
0.07689499855041504
0.061875343322753906
0.06095695495605469
0.04916882514953613
0.03587532043457031
0.11418533325195312
0.09577417373657227
0.08128142356872559
0.06698846817016602
0.05267691612243652
0.03866744041442871
0.023309946060180664
0.09755587577819824
0.08061361312866211
0.07311272621154785
0.0586848258972168
0.04593634605407715
0.03048086166381836
0.10911798477172852
0.09517550468444824
0.08105754852294922
0.06301164627075195
0.04849076271057129
0.04096722602844238
0.029446125030517578
0.09209489822387695
0.07768130302429199
0.07087016105651855
0.05714774131774902
0.04287242889404297
0.03203582763671875
0.10346031188964844
0.09385943412780762
0.0803365707397461
0.06087923049926758
0.04575204849243164
0.0314023494720459
0.10695099830627441
0.0903470516204834
0.07618975639343262
0.06183815002441406
0.050551414489746094
0.03633594512939453
0.022009849548339844
0.10367655754089355
0.09310317039489746
0.07827138900756836
0.0638120174407959
0.04942774772644043
0.03475356101989746
0.1086122989654541
0.08570170402526855
0.07472896575927734
0.06048583984375
0.04607534408569336
0.03332352638244629
0.11626458168029785
0.09267950057983398
0.07845163345336914
0.06432104110717773
0.049283504486083984
0.0351414680480957
0.020925045013427734
0.0940854549407959
0.08012723922729492
0.06949830055236816
0.06641197204589844
0.05196785926818848
0.03687167167663574
0.11313247680664062
0.08761477470397949
0.07277774810791016
0.05840253829956055
0.05297279357910156
0.03779339790344238
0.11015725135803223
0.09938955307006836
0.08533596992492676
0.07132315635681152
0.07204675674438477
0.05782270431518555
0.043950557708740234
0.02983379364013672
0.09542298316955566
0.08254122734069824
0.06396198272705078
0.055029869079589844
0.04059290885925293
0.026137590408325195
0.10113978385925293
0.0828711986541748
0.08138775825500488
0.06741952896118164
0.051508426666259766
0.03954744338989258
0.02556467056274414
0.09781980514526367
0.08417606353759766
0.06926226615905762
0.06730914115905762
0.05117368698120117
0.03634166717529297
0.10640668869018555
0.08221960067749023
0.07593393325805664
0.061362504959106445
0.047183990478515625
0.0328671932220459
0.02776479721069336
0.11115074157714844
0.09893250465393066
0.08471274375915527
0.07129645347595215
0.05638766288757324
0.03840470314025879
0.1052706241607666
0.0849909782409668
0.07001042366027832
0.06813406944274902
0.05309247970581055
0.03868269920349121
0.11333084106445312
0.10046672821044922
0.09627652168273926
0.08153915405273438
0.05208611488342285
0.055438995361328125
0.1112680435180664
0.07856869697570801
0.059508323669433594
0.049956560134887695
0.034354209899902344
0.030243635177612305
0.09656977653503418
0.08103799819946289
0.06897187232971191
0.06856942176818848
0.05427837371826172
0.03961467742919922
0.11002779006958008
0.09596467018127441
0.08133602142333984
0.06776165962219238
0.055344581604003906
0.05441474914550781
0.041967153549194336
0.1140739917755127
0.08722543716430664
0.06911849975585938
0.04766082763671875
0.04421687126159668
0.033075571060180664
0.0974128246307373
0.08289813995361328
0.0769643783569336
0.06960582733154297
0.05542492866516113
0.0402216911315918
0.02519679069519043
0.0888071060180664
0.0801844596862793
0.06531572341918945
0.05498957633972168
0.04459786415100098
0.029746532440185547
0.11579775810241699
0.09265637397766113
0.07846665382385254
0.0637662410736084
0.049607038497924805
0.035486698150634766
0.02865767478942871
0.09789371490478516
0.08627796173095703
0.06889557838439941
0.05165457725524902
0.04247164726257324
0.03837132453918457
0.10307049751281738
0.0893716812133789
0.07416510581970215
0.056223154067993164
0.035559892654418945
0.0323946475982666
0.12060809135437012
0.10199546813964844
0.08768725395202637
0.07367849349975586
0.05866074562072754
0.044295549392700195
0.02971673011779785
0.09123516082763672
0.0842885971069336
0.06972837448120117
0.05544328689575195
0.044039249420166016
0.03666234016418457
0.10675764083862305
0.09333181381225586
0.0848689079284668
0.06716680526733398
0.04896998405456543
0.03638124465942383
0.10814809799194336
0.10051536560058594
0.08536219596862793
0.07065868377685547
0.05617332458496094
0.042017221450805664
0.10931754112243652
0.0845036506652832
0.06912517547607422
0.07109832763671875
0.06357812881469727
0.049379825592041016
0.10827898979187012
0.10010361671447754
0.09734201431274414
0.08394384384155273
0.06614375114440918
0.047505855560302734
0.03243684768676758
0.09919214248657227
0.08513665199279785
0.07407307624816895
0.06034111976623535
0.04319000244140625
0.03008103370666504
0.10558247566223145
0.08555269241333008
0.08055758476257324
0.06705856323242188
0.05281186103820801
0.042194366455078125
0.02898859977722168
0.09089088439941406
0.08123064041137695
0.07115650177001953
0.04929089546203613
0.03461933135986328
0.02185964584350586
0.0998382568359375
0.08884787559509277
0.07487702369689941
0.06077718734741211
0.0408625602722168
0.027751445770263672
0.11369943618774414
0.0956261157989502
0.08152055740356445
0.06711483001708984
0.052648067474365234
0.03821372985839844
0.023798227310180664
0.08887910842895508
0.08680605888366699
0.07227420806884766
0.05774712562561035
0.042589664459228516
0.0284574031829834
0.1061258316040039
0.09833335876464844
0.08425617218017578
0.06990313529968262
0.05112409591674805
0.03808903694152832
0.10809826850891113
0.08379626274108887
0.06929802894592285
0.05967068672180176
0.04869437217712402
0.030756473541259766
0.11199545860290527
0.0882558822631836
0.08050060272216797
0.05761432647705078
0.04268789291381836
0.027970075607299805
0.1054537296295166
0.08446741104125977
0.07582235336303711
0.06128215789794922
0.04666328430175781
0.0323786735534668
0.03031635284423828
0.08096432685852051
0.06714558601379395
0.059151411056518555
0.057460784912109375
0.04473614692687988
0.11111593246459961
0.09821319580078125
0.09431695938110352
0.0897226333618164
0.06872129440307617
0.054120540618896484
0.04012751579284668
0.10057711601257324
0.08395600318908691
0.07359647750854492
0.05879998207092285
0.0446162223815918
0.03564047813415527
0.10985589027404785
0.09385561943054199
0.08268284797668457
0.06733536720275879
0.05267906188964844
0.045388221740722656
0.034529685974121094
0.10319018363952637
0.08166384696960449
0.07860350608825684
0.06737089157104492
0.05506134033203125
0.040894269943237305
0.026149511337280273
0.10342788696289062
0.09359073638916016
0.07941937446594238
0.06501317024230957
0.05229067802429199
0.0350191593170166
0.11073446273803711
0.09280085563659668
0.07795953750610352
0.06289243698120117
0.04792022705078125
0.03362083435058594
0.020294904708862305
0.08914637565612793
0.09544849395751953
0.08159470558166504
0.06729435920715332
0.05301928520202637
0.030683040618896484
0.09910917282104492
0.10029411315917969
0.08638930320739746
0.07163619995117188
0.057686805725097656
0.042940378189086914
0.0289151668548584
0.10234856605529785
0.08442091941833496
0.0700678825378418
0.05609321594238281
0.0428462028503418
0.02214360237121582
0.09652829170227051
0.08290266990661621
0.07057666778564453
0.0580439567565918
0.04611778259277344
0.03701615333557129
0.028201818466186523
0.09698343276977539
0.0825490951538086
0.06812453269958496
0.054178476333618164
0.0590360164642334
0.044037580490112305
0.10887551307678223
0.09746479988098145
0.08255219459533691
0.06747674942016602
0.053392887115478516
0.03840804100036621
0.10686230659484863
0.08437561988830566
0.07318401336669922
0.06899666786193848
0.034960031509399414
0.11098766326904297
0.08212566375732422
0.06808733940124512
0.05816912651062012
0.050201416015625
0.039170026779174805
0.10779595375061035
0.10077214241027832
0.08554530143737793
0.07165241241455078
0.057235002517700195
0.04232192039489746
0.027975797653198242
0.09706377983093262
0.07971000671386719
0.06556916236877441
0.05106496810913086
0.04149603843688965
0.02678370475769043
0.09303474426269531
0.08935546875
0.07500290870666504
0.06091761589050293
0.04649972915649414
0.03207063674926758
0.10888981819152832
0.08539128303527832
0.07091164588928223
0.0608062744140625
0.04640364646911621
0.0328216552734375
0.10660958290100098
0.09624624252319336
0.08984804153442383
0.07537174224853516
0.06104779243469238
0.046111106872558594
0.03167414665222168
0.09129714965820312
0.08086538314819336
0.06672024726867676
0.05551552772521973
0.05037093162536621
0.03709697723388672
0.10950970649719238
0.08559823036193848
0.0706486701965332
0.06855964660644531
0.0589296817779541
0.048277854919433594
0.03403306007385254
0.09378409385681152
0.0831305980682373
0.06867814064025879
0.05426216125488281
0.03932523727416992
0.02921772003173828
0.09839248657226562
0.0839388370513916
0.08782482147216797
0.0726616382598877
0.057976722717285156
0.0431363582611084
0.028795242309570312
0.09763407707214355
0.0841372013092041
0.06992292404174805
0.06850767135620117
0.05384016036987305
0.03940391540527344
0.025152921676635742
0.09778904914855957
0.08368897438049316
0.06931662559509277
0.055170536041259766
0.04123735427856445
0.03462791442871094
0.12747669219970703
0.1027531623840332
0.08820128440856934
0.07327675819396973
0.059015750885009766
0.04206514358520508
0.10737967491149902
0.09247994422912598
0.07821393013000488
0.0637063980102539
0.045508623123168945
0.0442051887512207
0.030914306640625
0.09400367736816406
0.08329534530639648
0.06886124610900879
0.05492520332336426
0.0404815673828125
0.026085853576660156
0.09589433670043945
0.08965110778808594
0.04484415054321289
0.03094625473022461
0.10732269287109375
0.08968925476074219
0.07153606414794922
0.06762123107910156
0.049904584884643555
0.03205442428588867
0.10093998908996582
0.09054422378540039
0.0763406753540039
0.06552648544311523
0.05092334747314453
0.036346435546875
0.030423879623413086
0.08904194831848145
0.08306074142456055
0.06886911392211914
0.054114341735839844
0.04255867004394531
0.0284731388092041
0.1169588565826416
0.09408044815063477
0.08008551597595215
0.06560111045837402
0.05209183692932129
0.03762340545654297
0.13148927688598633
0.09880328178405762
0.08481740951538086
0.07083916664123535
0.056870222091674805
0.0429224967956543
0.11278963088989258
0.09847712516784668
0.08441424369812012
0.07830190658569336
0.07339644432067871
0.059177398681640625
0.04156851768493652
0.10896921157836914
0.09167361259460449
0.09489035606384277
0.08083939552307129
0.06664466857910156
0.05218243598937988
0.030742883682250977
0.10874676704406738
0.09605693817138672
0.08233308792114258
0.06831765174865723
0.0539243221282959
0.03982949256896973
0.10638546943664551
0.08331036567687988
0.07770609855651855
0.06269383430480957
0.048506975173950195
0.034052133560180664
0.0205230712890625
0.09766530990600586
0.08436465263366699
0.07306814193725586
0.05824470520019531
0.043894052505493164
0.04077291488647461
0.11038494110107422
0.09666275978088379
0.09245038032531738
0.08562731742858887
0.07259964942932129
0.05885648727416992
0.04441213607788086
0.11978030204772949
0.10117435455322266
0.08740973472595215
0.07305455207824707
0.06670022010803223
0.05251812934875488
0.03540396690368652
0.09083032608032227
0.09218430519104004
0.07795238494873047
0.0601348876953125
0.046395063400268555
0.03246188163757324
0.09266161918640137
0.08505702018737793
0.07171058654785156
0.05376434326171875
0.03562474250793457
0.021712779998779297
0.11590766906738281
0.09797286987304688
0.08382439613342285
0.06947112083435059
0.04895329475402832
0.03466057777404785
0.10168051719665527
0.08747577667236328
0.07440018653869629
0.06056332588195801
0.04295039176940918
0.03659844398498535
0.12004256248474121
0.10137820243835449
0.08743596076965332
0.0700991153717041
0.05487990379333496
0.037247657775878906
0.031394243240356445
0.1098165512084961
0.10242438316345215
0.08926892280578613
0.07396817207336426
0.05979156494140625
0.04601120948791504
0.0320279598236084
0.09670591354370117
0.09704899787902832
0.08183050155639648
0.06037616729736328
0.04597806930541992
0.03153729438781738
0.10890412330627441
0.08897757530212402
0.07483673095703125
0.06032061576843262
0.0537409782409668
0.0395662784576416
0.025057554244995117
0.09145665168762207
0.0806124210357666
0.06557178497314453
0.05445075035095215
0.03879141807556152
0.024930477142333984
0.09032917022705078
0.0786900520324707
0.06970906257629395
0.05889105796813965
0.044664621353149414
0.02722764015197754
0.0839083194732666
0.06893157958984375
0.07005000114440918
0.05375409126281738
0.039427757263183594
0.1081852912902832
0.09187865257263184
0.07787299156188965
0.06399726867675781
0.06077909469604492
0.04651069641113281
0.03225517272949219
0.08889222145080566
0.07418632507324219
0.07659339904785156
0.05863022804260254
0.04465627670288086
0.030750751495361328
0.10049223899841309
0.09186339378356934
0.07644486427307129
0.06218600273132324
0.04784059524536133
0.01973867416381836
0.09291529655456543
0.08313989639282227
0.06890583038330078
0.062408447265625
0.04775714874267578
0.033670902252197266
0.09320449829101562
0.07863831520080566
0.06870555877685547
0.05081892013549805
0.03782248497009277
0.025684833526611328
0.10386180877685547
0.08981156349182129
0.07851839065551758
0.06416845321655273
0.04667496681213379
0.03228354454040527
0.10986661911010742
0.10320425033569336
0.08257484436035156
0.06840181350708008
0.053496360778808594
0.03945493698120117
0.025316715240478516
0.0890054702758789
0.08005928993225098
0.07711482048034668
0.06273651123046875
0.04778337478637695
0.033524513244628906
0.10684800148010254
0.08356881141662598
0.07512164115905762
0.060760498046875
0.04978656768798828
0.03536248207092285
0.02659916877746582
0.08931541442871094
0.08091139793395996
0.06654143333435059
0.05294036865234375
0.05063009262084961
0.03535866737365723
0.10490965843200684
0.09681916236877441
0.08207130432128906
0.06768345832824707
0.053324222564697266
0.03835272789001465
0.023021459579467773
0.10417342185974121
0.08823013305664062
0.07340192794799805
0.06237363815307617
0.047393798828125
0.04880952835083008
0.1097872257232666
0.0863192081451416
0.07085633277893066
0.06483054161071777
0.05319070816040039
0.038167715072631836
0.1101994514465332
0.09602999687194824
0.09065890312194824
0.07599687576293945
0.06177854537963867
0.046683311462402344
0.027409791946411133
0.09081912040710449
0.0859372615814209
0.0716390609741211
0.056984663009643555
0.02814459800720215
0.10624217987060547
0.0890963077545166
0.07803869247436523
0.06363058090209961
0.049915313720703125
0.04853534698486328
0.035002708435058594
0.0915980339050293
0.07792305946350098
0.0655510425567627
0.05303311347961426
0.04422187805175781
0.03027176856994629
0.10539007186889648
0.08969831466674805
0.0751810073852539
0.06071352958679199
0.04664492607116699
0.03279519081115723
0.02411627769470215
0.09135580062866211
0.08421897888183594
0.06953907012939453
0.05520510673522949
0.03369760513305664
0.019326448440551758
0.09337711334228516
0.08264327049255371
0.08078265190124512
0.06442070007324219
0.05000019073486328
0.032308340072631836
0.09308743476867676
0.0796809196472168
0.07413387298583984
0.0591275691986084
0.04517531394958496
0.03171277046203613
0.10942625999450684
0.08630871772766113
0.08317160606384277
0.06869387626647949
0.054273366928100586
0.03964972496032715
0.025119781494140625
0.1018517017364502
0.08337259292602539
0.068572998046875
0.05465555191040039
0.03995823860168457
0.02693319320678711
0.1073000431060791
0.08973383903503418
0.08417773246765137
0.0627748966217041
0.04832863807678223
0.034035444259643555
0.10483145713806152
0.08365273475646973
0.07780146598815918
0.06313323974609375
0.04900503158569336
0.03447270393371582
0.029844284057617188
0.08971047401428223
0.08442211151123047
0.07003283500671387
0.055368900299072266
0.04079604148864746
0.03469681739807129
0.12626957893371582
0.10150814056396484
0.08707809448242188
0.07180619239807129
0.05750465393066406
0.04302859306335449
0.02828693389892578
0.08905386924743652
0.0837399959564209
0.08050394058227539
0.06573343276977539
0.0512697696685791
0.03627657890319824
0.10939407348632812
0.08614611625671387
0.07170748710632324
0.058492183685302734
0.04274702072143555
0.02830052375793457
0.1063222885131836
0.08647990226745605
0.07232928276062012
0.06500244140625
0.05048370361328125
0.035980939865112305
0.020955562591552734
0.09138631820678711
0.0813441276550293
0.06638503074645996
0.05588245391845703
0.041513681411743164
0.03076481819152832
0.10522270202636719
0.0827016830444336
0.07684636116027832
0.06160736083984375
0.04749560356140137
0.04468870162963867
0.030848979949951172
0.09706997871398926
0.08473443984985352
0.08249163627624512
0.06590414047241211
0.050832271575927734
0.036516427993774414
0.11069655418395996
0.10393810272216797
0.08977007865905762
0.07197046279907227
0.05371499061584473
0.0386962890625
0.10474443435668945
0.0927741527557373
0.0713033676147461
0.05713033676147461
0.042882442474365234
0.02835536003112793
0.10051369667053223
0.08661937713623047
0.07185912132263184
0.058057308197021484
0.04608345031738281
0.03284263610839844
0.026863813400268555
0.09819698333740234
0.08144474029541016
0.0717015266418457
0.06847000122070312
0.054084062576293945
0.03984665870666504
0.02545642852783203
0.08969569206237793
0.09460186958312988
0.08020257949829102
0.06578302383422852
0.05127215385437012
0.03645920753479004
0.10665631294250488
0.08304262161254883
0.07349276542663574
0.07078409194946289
0.05612897872924805
0.04171466827392578
0.02714848518371582
0.09436583518981934
0.08008456230163574
0.06571269035339355
0.062236785888671875
0.047846317291259766
0.03315281867980957
0.11127686500549316
0.10331034660339355
0.0901634693145752
0.07625150680541992
0.06193423271179199
0.04728078842163086
0.03282880783081055
0.10289192199707031
0.08188319206237793
0.07030129432678223
0.05581307411193848
0.04144024848937988
0.038614511489868164
0.12635231018066406
0.10108184814453125
0.08676266670227051
0.07279634475708008
0.058899641036987305
0.04494976997375488
0.030979633331298828
0.09900593757629395
0.0794215202331543
0.07053685188293457
0.05623459815979004
0.04212307929992676
0.0367584228515625
0.11139106750488281
0.08955502510070801
0.07588696479797363
0.0669090747833252
0.05147433280944824
0.037192344665527344
0.022815465927124023
0.09165263175964355
0.07817506790161133
0.0657968521118164
0.05634760856628418
0.04741311073303223
0.03253483772277832
0.1067209243774414
0.08619928359985352
0.08168387413024902
0.06699728965759277
0.052483558654785156
0.03808999061584473
0.022965192794799805
0.09109735488891602
0.08032107353210449
0.0749959945678711
0.060231924057006836
0.04573965072631836
0.030475616455078125
0.10593295097351074
0.09827375411987305
0.08382916450500488
0.0693511962890625
0.05493736267089844
0.0406041145324707
0.026313066482543945
0.09871530532836914
0.08142352104187012
0.08211994171142578
0.06363034248352051
0.04824042320251465
0.033987998962402344
0.10274434089660645
0.10002756118774414
0.0857856273651123
0.0715949535369873
0.05696988105773926
0.042783498764038086
0.028722763061523438
0.08986926078796387
0.0811009407043457
0.0700068473815918
0.05551934242248535
0.04015207290649414
0.026035785675048828
0.11206912994384766
0.08918976783752441
0.07491087913513184
0.06070590019226074
0.04957890510559082
0.034235477447509766
0.020050525665283203
0.10131645202636719
0.0802767276763916
0.06592679023742676
0.05587601661682129
0.0412747859954834
0.02731943130493164
0.10551309585571289
0.08637571334838867
0.07198309898376465
0.061550140380859375
0.05720162391662598
0.04277348518371582
0.0284578800201416
0.11164236068725586
0.09409689903259277
0.07920265197753906
0.06494617462158203
0.050496578216552734
0.03602719306945801
0.021782875061035156
0.09528112411499023
0.08495759963989258
0.07340288162231445
0.05921149253845215
0.04454445838928223
0.030913591384887695
0.1071476936340332
0.09278154373168945
0.07853436470031738
0.06418323516845703
0.05004167556762695
0.028309345245361328
0.10895180702209473
0.09546923637390137
0.08046197891235352
0.06595444679260254
0.05163931846618652
0.041815996170043945
0.026665687561035156
0.09480500221252441
0.08409714698791504
0.07588863372802734
0.06095576286315918
0.04663443565368652
0.03235936164855957
0.10721397399902344
0.08313965797424316
0.07422947883605957
0.05999398231506348
0.045577287673950195
0.03326821327209473
0.031148910522460938
0.10101866722106934
0.08708524703979492
0.07249045372009277
0.05728435516357422
0.04293251037597656
0.028695344924926758
