0.0929257869720459
0.07970380783081055
0.06473636627197266
0.05131244659423828
0.03734469413757324
0.02337169647216797
0.009131669998168945
0.09645891189575195
0.09797477722167969
0.07904672622680664
0.06808829307556152
0.05360722541809082
0.039664268493652344
0.10375285148620605
0.08269953727722168
0.06871676445007324
0.058301448822021484
0.04432845115661621
0.03736138343811035
0.10337185859680176
0.0885002613067627
0.07408666610717773
0.0597689151763916
0.056177616119384766
0.042067766189575195
0.02751755714416504
0.09761929512023926
0.0844719409942627
0.07026290893554688
0.05715155601501465
0.050400495529174805
0.03636741638183594
0.10839629173278809
0.08054518699645996
0.0674736499786377
0.0630037784576416
0.049340009689331055
0.03503274917602539
0.10232234001159668
0.08217549324035645
0.07012343406677246
0.06154894828796387
0.04732847213745117
0.04111742973327637
0.10643386840820312
0.08664917945861816
0.07493281364440918
0.07072138786315918
0.052767276763916016
0.038834333419799805
0.1290881633758545
0.11284232139587402
0.09891057014465332
0.08475112915039062
0.07030200958251953
0.05545806884765625
0.11454296112060547
0.08414006233215332
0.0619657039642334
0.04729413986206055
0.03290891647338867
0.01803135871887207
0.09026861190795898
0.0767831802368164
0.0647273063659668
0.052320003509521484
0.0485837459564209
0.03713250160217285
0.10436534881591797
0.08515071868896484
0.07085704803466797
0.060988664627075195
0.05881214141845703
0.044461727142333984
0.030365467071533203
0.08864855766296387
0.079803466796875
0.08858370780944824
0.07418084144592285
0.06023073196411133
0.0421748161315918
0.08450603485107422
0.07295680046081543
0.0604398250579834
0.051995038986206055
0.04110407829284668
0.02629399299621582
0.0975339412689209
0.08677482604980469
0.09257364273071289
0.07753658294677734
0.06281924247741699
0.04861950874328613
0.03377127647399902
0.1003267765045166
0.09488463401794434
0.08185148239135742
0.0667428970336914
0.11713075637817383
0.10233116149902344
0.08633923530578613
0.07831192016601562
0.06695413589477539
0.05185532569885254
0.0371088981628418
0.10450553894042969
0.08404970169067383
0.07660841941833496
0.06219601631164551
0.047530412673950195
0.029394865036010742
0.10382246971130371
0.08428382873535156
0.07009530067443848
0.06015443801879883
0.046025991439819336
0.05035734176635742
0.037100791931152344
0.08824348449707031
0.07959222793579102
0.06169533729553223
0.04511618614196777
0.028902769088745117
0.025318384170532227
0.0934138298034668
0.08488607406616211
0.07337498664855957
0.05915546417236328
0.04497098922729492
0.03888440132141113
0.0247189998626709
0.09638309478759766
0.08161807060241699
0.0706624984741211
0.0554964542388916
0.04047417640686035
0.0258634090423584
0.10364842414855957
0.08195781707763672
0.06599307060241699
0.05011487007141113
0.040341854095458984
0.025330305099487305
0.09054803848266602
0.08034253120422363
0.08118557929992676
0.06925606727600098
0.055666208267211914
0.0406796932220459
0.09089970588684082
0.08834624290466309
0.0774383544921875
0.06334257125854492
0.04820585250854492
0.03401637077331543
0.08634305000305176
0.07153964042663574
0.058144569396972656
0.05120277404785156
0.04054403305053711
0.02915477752685547
0.09705495834350586
0.08516764640808105
0.07120299339294434
0.06458306312561035
0.05323076248168945
0.03565382957458496
0.10087704658508301
0.08443236351013184
0.07708930969238281
0.06207418441772461
0.047760963439941406
0.03624463081359863
0.1026310920715332
0.0873417854309082
0.07245159149169922
0.05864834785461426
0.0634613037109375
0.0521852970123291
0.03783917427062988
0.09586119651794434
0.09603571891784668
0.08093905448913574
0.06664538383483887
0.05145001411437988
0.03702569007873535
0.10660505294799805
0.08412408828735352
0.08030438423156738
0.0681767463684082
0.05368471145629883
0.041446685791015625
0.10605120658874512
0.09078574180603027
0.0766143798828125
0.0703420639038086
0.056342363357543945
0.042447566986083984
0.027508020401000977
0.0994100570678711
0.08669614791870117
0.07845187187194824
0.06667232513427734
0.03479790687561035
0.1036672592163086
0.09049701690673828
0.07469844818115234
0.06100630760192871
0.03337526321411133
0.030986547470092773
0.08920121192932129
0.08071780204772949
0.06568765640258789
0.053389787673950195
0.04826068878173828
0.0362548828125
0.10939168930053711
0.09487795829772949
0.08970284461975098
0.07561516761779785
0.06515359878540039
0.05447864532470703
0.04754447937011719
0.11133217811584473
0.1079413890838623
0.0901939868927002
0.07219433784484863
0.05434608459472656
0.026430368423461914
0.08998298645019531
0.08104968070983887
0.07074260711669922
0.05309605598449707
0.03910374641418457
0.0238800048828125
0.10729765892028809
0.10300660133361816
0.08533287048339844
0.07090997695922852
0.05480790138244629
0.04058337211608887
0.1175529956817627
0.09170794486999512
0.0768270492553711
0.06199955940246582
0.04801297187805176
0.038980722427368164
0.10416483879089355
0.07724571228027344
0.06577944755554199
0.05762982368469238
0.043651580810546875
0.035250186920166016
0.10474348068237305
0.08097076416015625
0.07546424865722656
0.060532569885253906
0.04642343521118164
0.05263495445251465
0.11280512809753418
0.10056352615356445
0.08581757545471191
0.07087111473083496
0.05635881423950195
0.04205155372619629
0.08634018898010254
0.07648897171020508
0.07616567611694336
0.06246232986450195
0.04026293754577637
0.026746511459350586
0.09265899658203125
0.0927267074584961
0.08142757415771484
0.06751060485839844
0.05291104316711426
0.038433074951171875
0.10651135444641113
0.10187745094299316
0.08720612525939941
0.07229971885681152
0.05849814414978027
0.04383111000061035
0.026091814041137695
0.08823227882385254
0.0836646556854248
0.06581449508666992
0.05167889595031738
0.03722071647644043
0.028903961181640625
0.113128662109375
0.09521293640136719
0.08073282241821289
0.06644129753112793
0.05187511444091797
0.034311532974243164
0.11406660079956055
0.09314465522766113
0.0790257453918457
0.06482148170471191
0.0631411075592041
0.048889875411987305
0.11539745330810547
0.09115386009216309
0.09762048721313477
0.09173464775085449
0.07680630683898926
0.06182384490966797
0.10302042961120605
0.10024118423461914
0.08453798294067383
0.06581878662109375
0.05083060264587402
0.04944729804992676
0.09503746032714844
0.06948733329772949
0.059012651443481445
0.043924808502197266
0.02874612808227539
0.10713791847229004
0.08823513984680176
0.07457590103149414
0.062480926513671875
0.05546832084655762
0.03696107864379883
0.10660696029663086
0.09208393096923828
0.07727766036987305
0.043743133544921875
0.11473250389099121
0.0956873893737793
0.08144426345825195
0.07182574272155762
0.06064248085021973
0.04607987403869629
0.0314793586730957
0.10655331611633301
0.10043215751647949
0.08544397354125977
0.0966637134552002
0.08186149597167969
0.06685805320739746
0.052427053451538086
0.10642743110656738
0.09267449378967285
0.08672547340393066
0.07265686988830566
0.04031205177307129
0.03428030014038086
0.10060596466064453
0.08068609237670898
0.07447576522827148
0.06456136703491211
0.05056619644165039
0.03626585006713867
0.021579265594482422
0.09283566474914551
0.08737683296203613
0.0659635066986084
0.051775217056274414
0.03682303428649902
0.0410618782043457
0.08733224868774414
0.07785606384277344
0.0626530647277832
0.04949522018432617
0.03478670120239258
0.021898984909057617
0.09702062606811523
0.08466553688049316
0.0706939697265625
0.06236886978149414
0.04740500450134277
0.033464908599853516
0.02745842933654785
0.0945272445678711
0.0806427001953125
0.07842302322387695
0.06351375579833984
0.0489351749420166
0.034113407135009766
0.09968400001525879
0.08154940605163574
0.0674583911895752
0.05464339256286621
0.049152374267578125
0.04152870178222656
0.10723543167114258
0.11151885986328125
0.09757375717163086
0.08340263366699219
0.07718396186828613
0.06303000450134277
0.04876208305358887
0.034494876861572266
0.08627104759216309
0.08814334869384766
0.07631564140319824
0.06178903579711914
0.04735875129699707
0.029450178146362305
0.09017300605773926
0.0815725326538086
0.07038331031799316
0.05899548530578613
0.04405546188354492
0.02990865707397461
0.1073141098022461
0.08588957786560059
0.05404806137084961
0.04506993293762207
0.04031515121459961
0.10672283172607422
0.08650541305541992
0.0723714828491211
0.07337212562561035
0.059777259826660156
0.04609060287475586
0.03863525390625
0.09820175170898438
0.08071684837341309
0.08577537536621094
0.07434439659118652
0.06004786491394043
0.04547452926635742
0.030428647994995117
0.09303736686706543
0.09643769264221191
0.08476758003234863
0.06732320785522461
0.053560495376586914
0.03888273239135742
0.10440397262573242
0.08150053024291992
0.0914297103881836
0.07051277160644531
0.05550718307495117
0.04123282432556152
0.11670303344726562
0.09622669219970703
0.08383584022521973
0.06891274452209473
0.05392742156982422
0.039786577224731445
0.10598039627075195
0.08469533920288086
0.07394766807556152
0.06328535079956055
0.04899239540100098
0.03399348258972168
0.019936084747314453
0.09319043159484863
0.07838678359985352
0.07084989547729492
0.056242942810058594
0.042314767837524414
0.031029939651489258
0.1083214282989502
0.09039092063903809
0.07945942878723145
0.06524491310119629
0.05086922645568848
0.036520957946777344
0.022142410278320312
0.09648418426513672
0.08264851570129395
0.06813979148864746
0.055532217025756836
0.04287147521972656
0.027119874954223633
0.10113978385925293
0.08161497116088867
0.07283687591552734
0.05421185493469238
0.04380083084106445
0.0291748046875
0.10518693923950195
0.0887901782989502
0.08734774589538574
0.07276320457458496
0.05883646011352539
0.04480791091918945
0.030837059020996094
0.08787369728088379
0.07635068893432617
0.06350898742675781
0.054438114166259766
0.037644147872924805
0.023070335388183594
0.09775447845458984
0.08470296859741211
0.0733492374420166
0.05840349197387695
0.04381394386291504
0.03477144241333008
0.11131978034973145
0.09912943840026855
0.0850374698638916
0.07245016098022461
0.056389570236206055
0.03403878211975098
0.10280108451843262
0.08247232437133789
0.08625078201293945
0.06868433952331543
0.05505204200744629
0.03958868980407715
0.1085047721862793
0.09236598014831543
0.08343911170959473
0.06905889511108398
0.06108880043029785
0.05330634117126465
0.03922104835510254
0.11487174034118652
0.09613943099975586
0.08240294456481934
0.05463552474975586
0.03255462646484375
0.10768890380859375
0.08849787712097168
0.08928823471069336
0.07686543464660645
0.06244039535522461
0.04799079895019531
0.032964468002319336
0.09786367416381836
0.07932233810424805
0.07026910781860352
0.055715084075927734
0.04520058631896973
0.03078627586364746
0.10660266876220703
0.10439419746398926
0.09044718742370605
0.07616972923278809
0.06479120254516602
0.05080270767211914
0.03625845909118652
0.10562276840209961
0.08537745475769043
0.0742640495300293
0.06287693977355957
0.0479578971862793
0.033545732498168945
0.022962331771850586
0.09449148178100586
0.08289289474487305
0.06864714622497559
0.05489468574523926
0.042258501052856445
0.033695220947265625
0.1064150333404541
0.09136080741882324
0.08231854438781738
0.06722664833068848
0.05270886421203613
0.043115854263305664
0.028273344039916992
0.102508544921875
0.08375334739685059
0.06901907920837402
0.05473208427429199
0.04196500778198242
0.033043622970581055
0.019101619720458984
0.08819055557250977
0.07892513275146484
0.06456446647644043
0.05537676811218262
0.04510498046875
0.03013134002685547
0.10262846946716309
0.0946953296661377
0.08012104034423828
0.06540441513061523
0.05098557472229004
0.03694725036621094
0.1044464111328125
0.08517813682556152
0.07061147689819336
0.061527252197265625
0.0559535026550293
0.04409646987915039
0.11335206031799316
0.0878438949584961
0.07273006439208984
0.058354854583740234
0.04023241996765137
0.026641845703125
0.10755777359008789
0.08661913871765137
0.07217216491699219
0.057814598083496094
0.05237603187561035
0.031412363052368164
0.10785841941833496
0.08738970756530762
0.08060812950134277
0.06910085678100586
0.054528236389160156
0.04026985168457031
0.026743173599243164
0.09536409378051758
0.07968378067016602
0.06808996200561523
0.05616641044616699
0.04019498825073242
0.026244401931762695
0.10907506942749023
0.08614826202392578
0.07541942596435547
0.06065988540649414
0.04620790481567383
0.0387423038482666
0.024571895599365234
0.0938258171081543
0.08229231834411621
0.07145810127258301
0.057292938232421875
0.042337656021118164
0.03640389442443848
0.11091136932373047
0.0841679573059082
0.0698859691619873
0.05655217170715332
0.05486273765563965
0.04156756401062012
0.10902047157287598
0.11208629608154297
0.0976107120513916
0.08309006690979004
0.06819391250610352
0.053734779357910156
0.03945040702819824
0.10841917991638184
0.10085821151733398
0.09404635429382324
0.07976460456848145
0.06469154357910156
0.05058646202087402
0.046685218811035156
0.10763812065124512
0.07935810089111328
0.0753326416015625
0.057344675064086914
0.04353809356689453
0.029021024703979492
0.10500931739807129
0.09083056449890137
0.08200597763061523
0.0639946460723877
0.04964184761047363
0.035103559494018555
0.1051015853881836
0.10405898094177246
0.09032511711120605
0.07555031776428223
0.06107783317565918
0.05114102363586426
0.036867618560791016
0.08794903755187988
0.08259153366088867
0.06876707077026367
0.05422353744506836
0.04062223434448242
0.027541637420654297
0.10604214668273926
0.08529996871948242
0.07055878639221191
0.06739211082458496
0.053179025650024414
0.03943777084350586
0.025307178497314453
0.09662437438964844
0.08401894569396973
0.07334733009338379
0.05910038948059082
0.04465293884277344
0.026891469955444336
0.09382820129394531
0.08305048942565918
0.07097649574279785
0.06743025779724121
0.0530393123626709
0.0382382869720459
0.11368155479431152
0.09973382949829102
0.08478188514709473
0.16675186157226562
0.16181230545043945
0.14760398864746094
0.1340947151184082
0.13874149322509766
0.12361788749694824
0.10940122604370117
0.09499597549438477
0.0806877613067627
0.13752079010009766
0.12597036361694336
0.11747193336486816
0.09191751480102539
0.08096098899841309
0.0697031021118164
0.05526566505432129
0.04090237617492676
0.038855552673339844
0.08390688896179199
0.08155393600463867
0.0678110122680664
0.05382394790649414
0.039972782135009766
0.03248143196105957
0.10157155990600586
0.16488385200500488
0.15616393089294434
0.14261603355407715
0.12594032287597656
0.11382293701171875
0.10653853416442871
0.08799076080322266
0.07372474670410156
0.1321561336517334
0.11819767951965332
0.09420418739318848
0.09242129325866699
0.0790562629699707
0.06124448776245117
0.04627871513366699
0.03397417068481445
0.09848475456237793
0.08894014358520508
0.07390093803405762
0.06008267402648926
0.044999122619628906
0.031087398529052734
0.10653901100158691
0.18369388580322266
0.16369962692260742
0.1457979679107666
0.14201712608337402
0.14344453811645508
0.1255204677581787
0.10702228546142578
0.09272003173828125
0.0784909725189209
0.055420875549316406
0.11029934883117676
0.10036325454711914
0.08070969581604004
0.06639909744262695
0.06902050971984863
0.05178189277648926
0.03711056709289551
0.09267044067382812
0.17635750770568848
0.16472172737121582
0.15278983116149902
0.14146900177001953
0.12893462181091309
0.11951899528503418
0.12639093399047852
0.11969542503356934
0.10533022880554199
0.09245181083679199
0.07777214050292969
0.06272101402282715
0.20698285102844238
0.17403173446655273
0.16005825996398926
0.15372204780578613
0.15039777755737305
0.1362314224243164
0.12131857872009277
0.10927534103393555
0.09147906303405762
0.14842724800109863
0.13974475860595703
0.12558293342590332
0.08240485191345215
0.07154488563537598
0.048409223556518555
0.034345149993896484
0.03277754783630371
0.09959197044372559
0.17719149589538574
0.1720733642578125
0.15705347061157227
0.14371991157531738
0.12836837768554688
0.11864542961120605
0.10779285430908203
0.09355330467224121
0.07894396781921387
0.06569480895996094
0.05313706398010254
0.22284293174743652
0.21431255340576172
0.19748187065124512
0.18429303169250488
0.1701338291168213
0.15270709991455078
0.14482545852661133
0.133256196975708
0.12485814094543457
0.11051774024963379
0.09622955322265625
0.15407085418701172
0.15534186363220215
0.14830541610717773
0.13459277153015137
0.09056496620178223
0.07030487060546875
0.05601978302001953
0.04478287696838379
0.11314105987548828
0.1979074478149414
0.18797564506530762
0.1736125946044922
0.15939664840698242
0.1444108486175537
0.1313774585723877
0.1193392276763916
0.11988067626953125
0.10494685173034668
0.09069299697875977
0.0762326717376709
0.0608675479888916
0.22385025024414062
0.2096102237701416
0.17782807350158691
0.1743464469909668
0.17160677909851074
0.15696024894714355
0.12755489349365234
0.11337041854858398
0.09880757331848145
0.15617609024047852
0.14417123794555664
0.15943551063537598
0.14156842231750488
0.12751007080078125
0.10562682151794434
0.09149765968322754
0.07723784446716309
0.06193113327026367
0.04745984077453613
0.10834455490112305
0.1796865463256836
0.1655712127685547
0.15136218070983887
0.14447593688964844
0.12935304641723633
0.11449813842773438
0.10053348541259766
0.09932494163513184
0.08507204055786133
0.07055473327636719
0.2206571102142334
0.2092580795288086
0.1851487159729004
0.170943021774292
0.15639972686767578
0.14508438110351562
0.13623619079589844
0.12231111526489258
0.10896873474121094
0.10128307342529297
0.1621701717376709
0.1533658504486084
0.14249897003173828
0.12781620025634766
0.11344099044799805
0.08853816986083984
0.07359933853149414
0.05960988998413086
0.045633554458618164
0.0305941104888916
0.11712431907653809
0.09206032752990723
0.07443690299987793
0.03955674171447754
0.10629630088806152
0.08956170082092285
0.16989421844482422
0.16176342964172363
0.1479172706604004
0.1315302848815918
0.11576366424560547
0.10292267799377441
0.10258769989013672
0.0838785171508789
0.1441209316253662
0.13259148597717285
0.1182105541229248
0.1038358211517334
0.0992586612701416
0.08474469184875488
0.07568097114562988
0.05521130561828613
0.045308828353881836
0.09598302841186523
0.07713079452514648
0.06242656707763672
0.06148242950439453
0.046971797943115234
0.03231453895568848
0.10015058517456055
0.08215570449829102
0.07443737983703613
0.06440234184265137
0.050153493881225586
0.035878658294677734
0.13007616996765137
0.11220002174377441
0.09806227684020996
0.08387255668640137
0.0692911148071289
0.05415534973144531
0.0392606258392334
0.1040656566619873
0.08372735977172852
0.07957577705383301
0.07030344009399414
0.05607891082763672
0.04065275192260742
0.10820293426513672
0.09814596176147461
0.08411359786987305
0.06977272033691406
0.05800342559814453
0.043268680572509766
0.03426098823547363
0.08867788314819336
0.07837271690368652
0.060898542404174805
0.0464479923248291
0.032007455825805664
0.023058176040649414
0.09750652313232422
0.09049010276794434
0.07600998878479004
0.06159210205078125
0.04735994338989258
0.03281068801879883
0.019012451171875
0.09470558166503906
0.0898892879486084
0.07451629638671875
0.06013655662536621
0.04615926742553711
0.03111433982849121
0.10700130462646484
0.09823441505432129
0.0842897891998291
0.0858774185180664
0.07243061065673828
0.05894136428833008
0.043822526931762695
0.029511213302612305
0.09921741485595703
0.07729411125183105
0.06406545639038086
0.057592153549194336
0.04827404022216797
0.03599977493286133
0.08961939811706543
0.09013628959655762
0.08139228820800781
0.0674443244934082
0.053269147872924805
0.038665056228637695
0.09869933128356934
0.08620524406433105
0.07126235961914062
0.061127424240112305
0.050116539001464844
0.03422117233276367
0.10871458053588867
0.08955812454223633
0.07456064224243164
0.05992579460144043
0.04590296745300293
0.03145933151245117
0.11874699592590332
0.10118317604064941
0.08410787582397461
0.06925272941589355
0.053366661071777344
0.03829169273376465
0.02548384666442871
0.08681130409240723
0.07519125938415527
0.07594990730285645
0.06103658676147461
0.04320693016052246
0.10294580459594727
0.08582115173339844
0.08615326881408691
0.073272705078125
0.06018567085266113
0.045761823654174805
0.03132510185241699
0.0959770679473877
0.08042335510253906
0.0681920051574707
0.059186697006225586
0.04522252082824707
0.03429388999938965
0.027250289916992188
0.09927034378051758
0.08280754089355469
0.06832313537597656
0.05486607551574707
0.04231452941894531
0.03264641761779785
0.10662460327148438
0.08966612815856934
0.07820606231689453
0.06895184516906738
0.054712772369384766
0.04328274726867676
0.028885364532470703
0.09679579734802246
0.08096575736999512
0.07524251937866211
0.05796480178833008
0.03915810585021973
0.025252580642700195
0.09442281723022461
0.07620811462402344
0.06505370140075684
0.050145864486694336
0.04026460647583008
0.02580118179321289
0.10226893424987793
0.08827424049377441
0.06621432304382324
0.051621198654174805
0.03390669822692871
0.10531044006347656
0.08759808540344238
0.07908773422241211
0.061127662658691406
0.04656815528869629
0.03197598457336426
0.10434865951538086
0.08488082885742188
0.07684707641601562
0.06118130683898926
0.0575559139251709
0.04292035102844238
0.028726577758789062
0.09387707710266113
0.08296370506286621
0.07861590385437012
0.0639495849609375
0.04961419105529785
0.034896135330200195
0.1037144660949707
0.08112835884094238
0.08158516883850098
0.06717967987060547
0.04912877082824707
0.03481101989746094
0.10440397262573242
0.0847938060760498
0.07065010070800781
0.05747818946838379
0.04314613342285156
0.03901052474975586
0.10788321495056152
0.10168814659118652
0.08710050582885742
0.07593250274658203
0.06132102012634277
0.04651355743408203
0.032989501953125
0.10676836967468262
0.09221148490905762
0.07701778411865234
0.06304430961608887
0.04878854751586914
0.03869891166687012
0.09978818893432617
0.0891411304473877
0.07571601867675781
0.06117558479309082
0.05375933647155762
0.039440155029296875
0.1072835922241211
0.0960993766784668
0.0810859203338623
0.0667581558227539
0.05272555351257324
0.03825235366821289
0.029522418975830078
0.08888506889343262
0.07637977600097656
0.07641148567199707
0.062023162841796875
0.04768204689025879
0.032521724700927734
0.10358119010925293
0.08231592178344727
0.08363127708435059
0.07182955741882324
0.05700039863586426
0.039311885833740234
0.11318778991699219
0.08433175086975098
0.06910943984985352
0.06380462646484375
0.05186176300048828
0.03724813461303711
0.1213839054107666
0.10774850845336914
0.09082722663879395
0.07729506492614746
0.07168221473693848
0.058634042739868164
0.04516243934631348
0.10358166694641113
0.07722306251525879
0.08000946044921875
0.06370711326599121
0.04894304275512695
0.03011345863342285
0.09076738357543945
0.0887150764465332
0.0829463005065918
0.06881475448608398
0.05490565299987793
0.0404813289642334
0.026415586471557617
0.09374499320983887
0.08401203155517578
0.06889605522155762
0.04688286781311035
0.03410148620605469
0.11619186401367188
0.08702659606933594
0.07303285598754883
0.04855823516845703
0.03605031967163086
0.034049034118652344
0.10102987289428711
0.08080506324768066
0.06791043281555176
0.06194925308227539
0.04777336120605469
0.03246045112609863
0.10682821273803711
0.10224461555480957
0.08828330039978027
0.0736379623413086
0.0593721866607666
0.044915199279785156
0.030321359634399414
0.10712051391601562
0.09960412979125977
0.08159089088439941
0.07901763916015625
0.06476569175720215
0.04995584487915039
0.03546786308288574
0.10561275482177734
0.09273552894592285
0.07423853874206543
0.06193256378173828
0.05628466606140137
0.04207563400268555
0.02761554718017578
0.10315966606140137
0.09946227073669434
0.08545351028442383
0.07115650177001953
0.05678081512451172
0.04214620590209961
0.10800528526306152
0.09158778190612793
0.07781815528869629
0.06367874145507812
0.04885506629943848
0.033861637115478516
0.11373424530029297
0.08789634704589844
0.07364153861999512
0.05951285362243652
0.04585981369018555
0.041101694107055664
0.026691198348999023
0.11032533645629883
0.09653997421264648
0.0821378231048584
0.06848740577697754
0.05459260940551758
0.04085516929626465
0.1057124137878418
0.09058094024658203
0.08945393562316895
0.07536602020263672
0.056943416595458984
0.04250836372375488
0.028954029083251953
0.10126233100891113
0.08333086967468262
0.06503009796142578
0.04681849479675293
0.03431510925292969
0.024888992309570312
0.09031558036804199
0.09539461135864258
0.0778810977935791
0.0594480037689209
0.045700788497924805
0.03146839141845703
0.09999608993530273
0.0861661434173584
0.08216047286987305
0.0677638053894043
0.05377936363220215
0.03997969627380371
0.02590465545654297
0.1048429012298584
0.06106233596801758
0.04600214958190918
0.028864622116088867
0.10675406455993652
0.09362339973449707
0.08629751205444336
0.0719757080078125
0.06387877464294434
0.04921531677246094
0.035184621810913086
0.10047745704650879
0.07906365394592285
0.07058835029602051
0.056149959564208984
0.04231739044189453
0.030180692672729492
0.10757851600646973
0.09318423271179199
0.0859060287475586
0.07180047035217285
0.0586247444152832
0.05025744438171387
0.042653799057006836
0.10565519332885742
0.07987046241760254
0.08604311943054199
0.07300591468811035
0.05903983116149902
0.04544949531555176
0.031157493591308594
0.09442281723022461
0.09044885635375977
0.07614994049072266
0.06133770942687988
0.04663681983947754
0.024570941925048828
0.10053801536560059
0.08398151397705078
0.07588863372802734
0.06487894058227539
0.04701495170593262
0.03220772743225098
0.10468006134033203
0.08607077598571777
0.07690668106079102
0.06914067268371582
0.05193138122558594
0.03756976127624512
0.03569674491882324
0.09513354301452637
0.08104181289672852
0.08026337623596191
0.06571555137634277
0.05138230323791504
0.03647780418395996
0.10615682601928711
0.09044957160949707
0.07645726203918457
0.07814311981201172
0.05674409866333008
0.041982412338256836
0.027306079864501953
0.09315299987792969
0.08065605163574219
0.0686490535736084
0.05599522590637207
0.05589723587036133
0.04155373573303223
0.10654282569885254
0.0936117172241211
0.08064103126525879
0.07804656028747559
0.04934048652648926
0.03460693359375
0.10509085655212402
0.09328389167785645
0.07903790473937988
0.06372189521789551
0.048393964767456055
0.033966064453125
0.11388063430786133
0.08880066871643066
0.07366347312927246
0.06079530715942383
0.06063580513000488
0.04589533805847168
0.03221917152404785
0.09984874725341797
0.0860443115234375
0.07175135612487793
0.05787777900695801
0.04367661476135254
0.04137825965881348
0.109283447265625
0.09550762176513672
0.08799290657043457
0.07359170913696289
0.0589289665222168
0.04817485809326172
0.03776907920837402
0.10670638084411621
0.11021208763122559
0.09626197814941406
0.08171629905700684
0.0723714828491211
0.05515646934509277
0.041574954986572266
0.10750675201416016
0.08617424964904785
0.06914615631103516
0.05822324752807617
0.040540456771850586
0.026299715042114258
0.10101032257080078
0.08892536163330078
0.07338166236877441
0.05883145332336426
0.04111647605895996
0.026877403259277344
0.10345792770385742
0.08452582359313965
0.06953310966491699
0.05991864204406738
0.05778956413269043
0.043833017349243164
0.10451126098632812
0.07929539680480957
0.07077932357788086
0.0671842098236084
0.05306291580200195
0.03513336181640625
0.09621381759643555
0.08515667915344238
0.08895587921142578
0.07669425010681152
0.06214475631713867
0.04817771911621094
0.03376150131225586
0.08781671524047852
0.08235645294189453
0.07641315460205078
0.06204676628112793
0.04711556434631348
0.03302955627441406
0.10311460494995117
0.08191609382629395
0.08182406425476074
0.06673383712768555
0.0520319938659668
0.037405967712402344
0.10792207717895508
0.09518694877624512
0.0816032886505127
0.06812405586242676
0.05544567108154297
0.04991269111633301
0.04018235206604004
0.1035006046295166
0.07961273193359375
0.07686710357666016
0.06219172477722168
0.04792022705078125
0.033673763275146484
0.10497379302978516
0.08544087409973145
0.07130551338195801
0.05872774124145508
0.02695751190185547
0.09773445129394531
0.08677816390991211
0.07234811782836914
0.0690310001373291
0.05463743209838867
0.04069399833679199
0.026318073272705078
0.09915709495544434
0.09015703201293945
0.07569050788879395
0.06045055389404297
0.046088218688964844
0.03159046173095703
0.10649347305297852
0.10105419158935547
0.09040498733520508
0.07603049278259277
0.061353206634521484
0.04667186737060547
0.03148698806762695
0.10508537292480469
0.09795165061950684
0.08329939842224121
0.0680241584777832
0.05364346504211426
0.03926658630371094
0.10710310935974121
0.09343862533569336
0.1249091625213623
0.11103105545043945
0.09677505493164062
0.08186984062194824
0.06685948371887207
0.10337328910827637
0.10652041435241699
0.0887596607208252
0.06819820404052734
0.058640241622924805
0.09329605102539062
0.08573627471923828
0.08607220649719238
0.07290410995483398
0.05568385124206543
0.0420689582824707
0.09719204902648926
0.07913422584533691
0.05711102485656738
0.04384565353393555
0.031769752502441406
0.022534847259521484
0.0917813777923584
0.08031296730041504
0.06873154640197754
0.054804086685180664
0.04084610939025879
0.03172874450683594
0.1058495044708252
0.0878133773803711
0.08617043495178223
0.07665681838989258
0.06257843971252441
0.04863095283508301
0.10950922966003418
0.09682130813598633
0.08074736595153809
0.07592463493347168
0.06377482414245605
0.04895806312561035
0.03508925437927246
0.10689830780029297
0.09410262107849121
0.0779714584350586
0.059995174407958984
0.05977010726928711
0.03839874267578125
0.13611793518066406
0.1121528148651123
0.09820199012756348
0.08420801162719727
0.06972718238830566
0.05568122863769531
0.04113173484802246
0.0953061580657959
0.09380650520324707
0.0873103141784668
0.07681083679199219
0.06199073791503906
0.04745674133300781
0.10805940628051758
0.08790254592895508
0.08438539505004883
0.06931233406066895
0.05445384979248047
0.04238152503967285
0.028179407119750977
0.09435367584228516
0.07715678215026855
0.05793166160583496
0.044840335845947266
0.03610825538635254
0.021226882934570312
0.09721899032592773
0.08814311027526855
0.07358789443969727
0.05918598175048828
0.044982194900512695
0.04277849197387695
0.03212451934814453
0.09720492362976074
0.08623647689819336
0.07537150382995605
0.07450675964355469
0.06404924392700195
0.05460977554321289
0.1078329086303711
0.08590459823608398
0.07665419578552246
0.06262660026550293
0.04877614974975586
0.031646013259887695
0.10083341598510742
0.09500479698181152
0.08033251762390137
0.06531310081481934
0.05221438407897949
0.03750157356262207
0.02332472801208496
0.08942556381225586
0.07617926597595215
0.06726932525634766
0.052693843841552734
0.04595780372619629
0.03230595588684082
0.10437297821044922
0.08494162559509277
0.08739280700683594
0.07232546806335449
0.05805015563964844
0.04382514953613281
0.10875678062438965
0.09479308128356934
0.08427286148071289
0.06984996795654297
0.05628633499145508
0.05241966247558594
0.03959321975708008
0.10609865188598633
0.07941174507141113
0.07651376724243164
0.0524754524230957
0.03748822212219238
0.10874056816101074
0.11139082908630371
0.09719371795654297
0.08282709121704102
0.0663454532623291
0.05163860321044922
0.03736376762390137
0.10972118377685547
0.09866213798522949
0.08745336532592773
0.07560014724731445
0.06084418296813965
0.04663658142089844
0.032517433166503906
0.10741472244262695
0.10439491271972656
0.09792780876159668
0.08525443077087402
0.0678110122680664
0.05381274223327637
0.03873610496520996
0.10552120208740234
0.08347678184509277
0.0715322494506836
0.05422544479370117
0.039444684982299805
0.026607275009155273
0.1051485538482666
0.08312344551086426
0.0897371768951416
0.07171177864074707
0.05715632438659668
0.042734384536743164
0.10738563537597656
0.0922689437866211
0.08164596557617188
0.06740689277648926
0.06798911094665527
0.04718279838562012
0.03272390365600586
0.08824610710144043
0.08288264274597168
0.06844234466552734
0.05445551872253418
0.040229082107543945
0.038706302642822266
0.10500907897949219
0.09152412414550781
0.0806124210357666
0.06609773635864258
0.05212092399597168
0.045514583587646484
0.03240513801574707
0.08814716339111328
0.07918906211853027
0.0645132064819336
0.05102276802062988
0.053014278411865234
0.03927755355834961
0.11885285377502441
0.09285259246826172
0.07865047454833984
0.07166242599487305
0.0573577880859375
0.03935527801513672
0.10703849792480469
0.09472870826721191
0.08192324638366699
0.06714892387390137
0.04923295974731445
0.03113245964050293
0.025388002395629883
0.08808255195617676
0.0791783332824707
0.07902765274047852
0.06418347358703613
0.04995226860046387
0.032019853591918945
0.0975039005279541
0.09381651878356934
0.07961225509643555
0.06507706642150879
0.050195932388305664
0.038515567779541016
0.10423040390014648
0.08200526237487793
0.06989359855651855
0.05639767646789551
0.05312633514404297
0.03522157669067383
0.09094762802124023
0.08235454559326172
0.07224655151367188
0.07443857192993164
0.06050729751586914
0.046506643295288086
0.03220248222351074
0.0876319408416748
0.075531005859375
0.07706356048583984
0.06407904624938965
0.05018758773803711
0.029776811599731445
0.09725046157836914
0.08241701126098633
0.06820392608642578
0.05374336242675781
0.060624122619628906
0.05102682113647461
0.10538744926452637
0.08598875999450684
0.08466553688049316
0.07048964500427246
0.05641889572143555
0.04219865798950195
0.027953147888183594
0.08808088302612305
0.0827031135559082
0.0684502124786377
0.054230451583862305
0.040015220642089844
0.02327585220336914
0.12190032005310059
0.09976458549499512
0.08563923835754395
0.07116532325744629
0.05034232139587402
0.03546738624572754
0.09314393997192383
0.07798290252685547
0.06544733047485352
0.05808877944946289
0.0526576042175293
0.038347482681274414
0.10597872734069824
0.08169388771057129
0.06770110130310059
0.06666159629821777
0.05591273307800293
0.04110527038574219
0.10822463035583496
0.09511828422546387
0.10234904289245605
0.08834457397460938
0.07405352592468262
0.06003856658935547
0.045104265213012695
0.029923677444458008
0.08560609817504883
0.08268165588378906
0.0784611701965332
0.0641481876373291
0.049978017807006836
0.03595232963562012
0.08966279029846191
0.09144306182861328
0.0769968032836914
0.0625300407409668
0.04799342155456543
0.03355860710144043
0.10698890686035156
0.08664298057556152
0.07256817817687988
0.06244516372680664
0.05159497261047363
0.046582937240600586
0.032938480377197266
0.1233673095703125
0.10402178764343262
0.08972477912902832
0.07524704933166504
0.06028461456298828
0.04685330390930176
0.03239607810974121
0.09521102905273438
0.0804452896118164
0.07157754898071289
0.05701112747192383
0.04595470428466797
0.035507917404174805
0.10509371757507324
0.0822446346282959
0.07329154014587402
0.06563115119934082
0.0569758415222168
0.028130531311035156
0.09506678581237793
0.08355879783630371
0.07536840438842773
0.06280922889709473
0.05236482620239258
0.042062997817993164
0.09918713569641113
0.09292769432067871
0.07799649238586426
0.06406497955322266
0.049903154373168945
0.03588104248046875
0.10444927215576172
0.0981600284576416
0.08503198623657227
0.07059621810913086
0.05623149871826172
0.03384137153625488
0.10931158065795898
0.08438467979431152
0.07012224197387695
0.0734257698059082
0.05852866172790527
0.04375267028808594
0.02896881103515625
0.0942544937133789
0.0829019546508789
0.06870865821838379
0.06827640533447266
0.05345344543457031
0.039006948471069336
0.1076195240020752
0.0997011661529541
0.08979463577270508
0.07491898536682129
0.0647728443145752
0.06284523010253906
0.04817461967468262
0.034211158752441406
0.09640812873840332
0.08028984069824219
0.06952619552612305
0.055581092834472656
0.04844188690185547
0.038045406341552734
0.10637044906616211
0.09222817420959473
0.07738924026489258
0.06453895568847656
0.05490756034851074
0.04115653038024902
0.023659467697143555
0.08894538879394531
0.07727789878845215
0.07737207412719727
0.0632023811340332
0.0490117073059082
0.0278472900390625
0.0986931324005127
0.08688092231750488
0.0726320743560791
0.058637142181396484
0.04388236999511719
0.030914306640625
0.018754243850708008
0.09386944770812988
0.09476399421691895
0.08020186424255371
0.06500124931335449
0.05076313018798828
0.10753607749938965
0.09063911437988281
0.07572245597839355
0.06089282035827637
0.049222707748413086
0.03468179702758789
0.024182558059692383
0.08980131149291992
0.07872366905212402
0.06359028816223145
0.05045890808105469
0.04747724533081055
0.03748440742492676
0.1022794246673584
0.08773493766784668
0.08198952674865723
0.06735801696777344
0.05215620994567871
0.03783369064331055
0.08995723724365234
0.08090996742248535
0.06661415100097656
0.06705904006958008
0.05267930030822754
0.0379788875579834
0.10718393325805664
0.08652305603027344
0.07159733772277832
0.06300115585327148
0.0511012077331543
0.04114556312561035
0.030280113220214844
0.0871133804321289
0.0856635570526123
0.07120037078857422
0.057125091552734375
0.043271541595458984
0.047661781311035156
0.10416293144226074
0.09171867370605469
0.06982994079589844
0.0545811653137207
0.036948204040527344
0.11439085006713867
0.11487007141113281
0.10602569580078125
0.09190988540649414
0.07988739013671875
0.06522917747497559
0.05266261100769043
0.03959178924560547
0.09644103050231934
0.09030628204345703
0.08061695098876953
0.06569695472717285
0.05175161361694336
0.03795051574707031
0.08980250358581543
0.07117795944213867
0.07049131393432617
0.05464959144592285
0.039652109146118164
0.10999488830566406
0.11348605155944824
0.09961724281311035
0.08238339424133301
0.06839632987976074
0.055457115173339844
0.0389094352722168
0.1051027774810791
0.08121013641357422
0.0690770149230957
0.055828094482421875
0.049050092697143555
0.04038667678833008
0.02554488182067871
0.09833502769470215
0.08287525177001953
0.0720374584197998
0.05784916877746582
0.04289984703063965
0.03031778335571289
0.11228251457214355
0.09773063659667969
0.10770297050476074
0.09287595748901367
0.07896733283996582
0.06626725196838379
0.05138850212097168
0.036866188049316406
0.09961724281311035
0.08067607879638672
0.06672120094299316
0.05460405349731445
0.05356860160827637
0.03612256050109863
0.10461688041687012
0.08179163932800293
0.07021260261535645
0.0584867000579834
0.05144762992858887
0.03752565383911133
0.023576974868774414
0.09746670722961426
0.08772850036621094
0.07374453544616699
0.05849766731262207
0.044507741928100586
0.03034663200378418
0.029955148696899414
0.08720564842224121
0.08410525321960449
0.06922221183776855
0.051863908767700195
0.03677654266357422
0.03147435188293457
0.1031336784362793
0.09063172340393066
0.07994294166564941
0.06239008903503418
0.04819059371948242
0.033757925033569336
0.09005093574523926
0.08222746849060059
0.08085107803344727
0.06859660148620605
0.05637621879577637
0.039437055587768555
0.10025453567504883
0.0813136100769043
0.06934285163879395
0.05885791778564453
0.0446622371673584
0.030550718307495117
0.10767340660095215
0.08826470375061035
0.07790350914001465
0.06357288360595703
0.04946613311767578
0.0359187126159668
0.10735416412353516
0.10214805603027344
0.08721661567687988
0.07198739051818848
0.06548070907592773
0.05399441719055176
0.0407102108001709
0.1091775894165039
0.09734630584716797
0.08229851722717285
0.06814932823181152
0.05346822738647461
0.0391085147857666
0.10703325271606445
0.08511018753051758
0.07336616516113281
0.05934596061706543
0.04567694664001465
0.03116130828857422
0.10672855377197266
0.0944204330444336
0.08367133140563965
0.06974220275878906
0.0665750503540039
0.05344986915588379
0.04014325141906738
0.11001801490783691
0.08176970481872559
0.0676889419555664
0.05839943885803223
0.043509483337402344
0.03802895545959473
0.10071420669555664
0.08243823051452637
0.08214855194091797
0.06722760200500488
0.04947638511657715
0.03519415855407715
0.10612058639526367
0.08960819244384766
0.08115482330322266
0.07036995887756348
0.056894779205322266
0.05267524719238281
0.04078984260559082
0.1044001579284668
0.08430790901184082
0.07277774810791016
0.06213951110839844
0.047910451889038086
0.03397226333618164
0.10930848121643066
0.09808611869812012
0.09235906600952148
0.08038020133972168
0.0660398006439209
0.051540374755859375
0.038037776947021484
0.10789656639099121
0.07965731620788574
0.07897686958312988
0.06594371795654297
0.05331993103027344
0.1233818531036377
0.10171627998352051
0.10704803466796875
0.09366345405578613
0.07948493957519531
0.06463837623596191
0.04735565185546875
0.1075439453125
0.08987164497375488
0.07719826698303223
0.06771254539489746
0.05642843246459961
0.04580044746398926
0.03686642646789551
0.08784651756286621
0.07797646522521973
0.05874896049499512
0.05200529098510742
0.03714179992675781
0.023041963577270508
0.09037184715270996
0.07872176170349121
0.07463288307189941
0.060504913330078125
0.04617714881896973
0.035633087158203125
0.10665035247802734
0.09511852264404297
0.08355474472045898
0.07429909706115723
0.06033802032470703
0.05629444122314453
0.04192948341369629
0.02783060073852539
0.09493088722229004
0.0854644775390625
0.07148551940917969
0.07117605209350586
0.056260108947753906
0.04116463661193848
0.10449028015136719
0.09113931655883789
0.07616829872131348
0.06121253967285156
0.04626178741455078
0.028318166732788086
0.1073448657989502
0.08641219139099121
0.06841468811035156
0.0619814395904541
0.04706001281738281
0.02759265899658203
0.09772276878356934
0.10996365547180176
0.09731292724609375
0.0772707462310791
0.0627603530883789
0.0488126277923584
0.10597968101501465
0.0813436508178711
0.07361102104187012
0.061519622802734375
0.04756331443786621
0.03362584114074707
0.027934789657592773
0.09444546699523926
0.08123517036437988
0.06660056114196777
0.06661224365234375
0.052831411361694336
0.03848004341125488
0.10341143608093262
0.08266854286193848
0.08529829978942871
0.07001018524169922
0.05577278137207031
0.04197955131530762
0.027750253677368164
0.09959292411804199
0.08167624473571777
0.07282471656799316
0.05848264694213867
0.0446014404296875
0.038286685943603516
0.025540590286254883
0.09366703033447266
0.0839996337890625
0.0700526237487793
0.06180763244628906
0.05961751937866211
0.03774142265319824
0.08767485618591309
0.07456588745117188
0.06312298774719238
0.06027340888977051
0.04300212860107422
0.02863311767578125
0.09872055053710938
0.08791208267211914
0.07351326942443848
0.059822797775268555
0.046213388442993164
0.03373003005981445
0.024906635284423828
0.08823847770690918
0.07319164276123047
0.06804370880126953
0.04942750930786133
0.03162717819213867
0.10728168487548828
0.09639143943786621
0.0849447250366211
0.06947064399719238
0.06056332588195801
0.04635763168334961
0.03302407264709473
0.020650148391723633
0.08570265769958496
0.07707476615905762
0.08216428756713867
0.06387114524841309
0.049898386001586914
0.03545331954956055
0.09117746353149414
0.0787813663482666
0.0635683536529541
0.06525063514709473
0.05155611038208008
0.03690481185913086
0.10257792472839355
0.08120894432067871
0.07382321357727051
0.05933690071105957
0.05318450927734375
0.10792326927185059
0.09668183326721191
0.08514952659606934
0.07166719436645508
0.06209444999694824
0.04531669616699219
0.03072643280029297
0.10188913345336914
0.08751034736633301
0.07245182991027832
0.06972575187683105
0.0548095703125
0.04039430618286133
0.10494828224182129
0.08134913444519043
0.07921552658081055
0.0644083023071289
0.05017447471618652
0.035333871841430664
0.0212552547454834
0.12537384033203125
0.10834789276123047
0.09327888488769531
0.07931685447692871
0.06432342529296875
0.05038928985595703
0.10309338569641113
0.08213233947753906
0.0685892105102539
0.054557085037231445
0.044683218002319336
0.03363466262817383
0.1039121150970459
0.08474254608154297
0.06400179862976074
0.054662227630615234
0.044291019439697266
0.030086755752563477
0.10413813591003418
0.0906522274017334
0.09083056449890137
0.0772547721862793
0.06367373466491699
0.04873323440551758
0.032747745513916016
0.08930420875549316
0.08117461204528809
0.06610751152038574
0.051418304443359375
0.04907393455505371
0.03882193565368652
0.09086203575134277
0.0877988338470459
0.08263468742370605
0.06841778755187988
0.054099082946777344
0.04036974906921387
0.11598467826843262
0.0950615406036377
0.08701753616333008
0.07898879051208496
0.06620669364929199
0.05186128616333008
0.03713560104370117
0.09649395942687988
0.09262609481811523
0.0778956413269043
0.06349921226501465
0.05748915672302246
0.04339790344238281
0.10555648803710938
0.0817725658416748
0.07221198081970215
0.057836055755615234
0.043955087661743164
0.046185970306396484
0.032698631286621094
0.09311199188232422
0.07845664024353027
0.06105232238769531
0.052623748779296875
0.038352251052856445
0.023648500442504883
0.10015463829040527
0.0878911018371582
0.08385372161865234
0.06205463409423828
0.04761385917663574
0.0332026481628418
0.10250568389892578
0.0854029655456543
0.0706033706665039
0.060758352279663086
0.05750298500061035
0.04230952262878418
0.028098106384277344
0.09427642822265625
0.07893586158752441
0.07324504852294922
0.058806419372558594
0.04446244239807129
0.030704975128173828
0.12436079978942871
0.1013028621673584
0.08727073669433594
0.07290983200073242
0.05857992172241211
0.04413270950317383
0.030476808547973633
0.08891820907592773
0.08213090896606445
0.07887625694274902
0.06050896644592285
0.04649233818054199
0.0318293571472168
0.08983612060546875
0.09226155281066895
0.08295655250549316
0.07020735740661621
0.0558466911315918
0.042279720306396484
0.10332798957824707
0.08533143997192383
0.07142019271850586
0.05753922462463379
0.05199170112609863
0.047086238861083984
0.032973289489746094
0.09759283065795898
0.08366608619689941
0.06514525413513184
0.05862760543823242
0.04615664482116699
0.03243565559387207
0.1188814640045166
0.09107184410095215
0.07773494720458984
0.06953883171081543
0.05491328239440918
0.03696799278259277
0.10714888572692871
0.0956430435180664
0.08714818954467773
0.07273340225219727
0.058159589767456055
0.04411649703979492
0.0359952449798584
0.10603141784667969
0.08710765838623047
0.0845632553100586
0.07236576080322266
0.05725526809692383
0.04293322563171387
0.1036977767944336
0.08628654479980469
0.07175016403198242
0.05683422088623047
0.03612160682678223
0.02376699447631836
0.08997392654418945
0.07822847366333008
0.07286477088928223
0.05787372589111328
0.04337000846862793
0.028972864151000977
0.10530781745910645
0.0820314884185791
0.07301688194274902
0.058248281478881836
0.04459857940673828
0.0392763614654541
0.02330946922302246
0.08837366104125977
0.0792686939239502
0.06559538841247559
0.05538201332092285
0.044223785400390625
0.0378870964050293
0.10516881942749023
0.08390617370605469
0.06930971145629883
0.05999493598937988
0.05421185493469238
0.04288983345031738
0.12584662437438965
0.10235166549682617
0.08858847618103027
0.07413578033447266
0.05968642234802246
0.04450511932373047
0.1083838939666748
0.08344435691833496
0.07302355766296387
0.0686790943145752
0.054500579833984375
0.04023885726928711
0.10532641410827637
0.08693242073059082
0.0812375545501709
0.0668179988861084
0.052651166915893555
0.038810014724731445
0.024524927139282227
0.09384846687316895
0.08653545379638672
0.07530975341796875
0.06810617446899414
0.056015968322753906
0.04366803169250488
0.02945852279663086
0.08855104446411133
0.07587170600891113
0.06441283226013184
0.049729108810424805
0.03511238098144531
0.020139694213867188
0.09073376655578613
0.08515143394470215
0.07074880599975586
0.05585169792175293
0.04155302047729492
0.024226665496826172
0.09045767784118652
0.07842779159545898
0.06874823570251465
0.055402278900146484
0.04137301445007324
0.10817432403564453
0.08724188804626465
0.07802915573120117
0.06415057182312012
0.06108999252319336
0.043874502182006836
0.10715222358703613
0.09839224815368652
0.09463334083557129
0.08346176147460938
0.06959319114685059
0.055391788482666016
0.04143667221069336
0.10764431953430176
0.0989985466003418
0.08264660835266113
0.0729670524597168
0.06804060935974121
0.0530548095703125
0.038809776306152344
0.10641288757324219
0.09069561958312988
0.08605003356933594
0.07307887077331543
0.058568477630615234
0.12383246421813965
0.10387754440307617
0.08970165252685547
0.07543754577636719
0.060845375061035156
0.046338796615600586
0.028746843338012695
0.1088402271270752
0.09625101089477539
0.08327531814575195
0.06891059875488281
0.05428791046142578
0.04041242599487305
0.10462069511413574
0.09532642364501953
0.08118605613708496
0.06616806983947754
0.05216550827026367
0.03760170936584473
0.12153005599975586
0.10298800468444824
0.08839845657348633
0.07419157028198242
0.05996513366699219
0.03940916061401367
0.02489495277404785
0.0999448299407959
0.08453536033630371
0.07047152519226074
0.05811643600463867
0.061682701110839844
0.04772186279296875
0.03376579284667969
0.09616827964782715
0.08575248718261719
0.08117246627807617
0.07057952880859375
0.05618643760681152
0.04175400733947754
0.10553956031799316
0.0809776782989502
0.07058095932006836
0.05652499198913574
0.042037248611450195
0.02951192855834961
0.10745906829833984
0.10561776161193848
0.10296750068664551
0.08984541893005371
0.07565474510192871
0.06121063232421875
0.04755830764770508
0.03326725959777832
0.09700608253479004
0.0845332145690918
0.07050943374633789
0.056798696517944336
0.050230979919433594
0.03837466239929199
0.11030721664428711
0.0868065357208252
0.07247304916381836
0.07134723663330078
0.0575718879699707
0.04396700859069824
0.10891866683959961
0.1039590835571289
0.09350037574768066
0.07966208457946777
0.061818599700927734
0.04677581787109375
0.028838157653808594
0.10250520706176758
0.09505367279052734
0.08021855354309082
0.0661630630493164
0.05601167678833008
0.0420989990234375
0.09775471687316895
0.08290934562683105
0.06796693801879883
0.06865549087524414
0.05066418647766113
0.03529977798461914
0.09316277503967285
0.07991766929626465
0.06478285789489746
0.0498354434967041
0.055681705474853516
0.04191875457763672
0.10209178924560547
0.085418701171875
0.07037949562072754
0.07427000999450684
0.059847354888916016
0.04559016227722168
0.11145496368408203
0.10558795928955078
0.08864998817443848
0.08638238906860352
0.06848001480102539
0.054121971130371094
0.03998064994812012
0.10862588882446289
0.08008861541748047
0.06828665733337402
0.05650448799133301
0.04352593421936035
0.03529858589172363
0.11112475395202637
0.08226585388183594
0.06804609298706055
0.0536961555480957
0.03917527198791504
0.02498316764831543
0.08968210220336914
0.08423519134521484
0.07684636116027832
0.06213045120239258
0.04400038719177246
0.029793262481689453
0.09881019592285156
0.08164525032043457
0.06603217124938965
0.05309724807739258
0.04168057441711426
0.02669978141784668
0.10116052627563477
0.09187817573547363
0.07749462127685547
0.06276988983154297
0.04470038414001465
0.02943706512451172
0.11046862602233887
0.0845491886138916
0.0701901912689209
0.05671334266662598
0.05216169357299805
0.03370857238769531
0.1024479866027832
0.0986020565032959
0.08455967903137207
0.07017922401428223
0.0553431510925293
0.03780174255371094
0.10237526893615723
0.0870668888092041
0.07617545127868652
0.06203413009643555
0.028767824172973633
0.10657620429992676
0.08693957328796387
0.07930827140808105
0.06483983993530273
0.05451178550720215
0.0487821102142334
0.033966779708862305
0.09452652931213379
0.07962918281555176
0.07241225242614746
0.05881357192993164
0.04468894004821777
0.03455376625061035
0.09022307395935059
0.09705734252929688
0.08185601234436035
0.06756234169006348
0.05556774139404297
0.040894269943237305
0.10491156578063965
0.08456945419311523
0.07041668891906738
0.06096315383911133
0.04923582077026367
0.03512072563171387
0.020194053649902344
0.09490323066711426
0.0901336669921875
0.08026742935180664
0.07182765007019043
0.05766773223876953
0.042983293533325195
0.0287020206451416
0.08775663375854492
0.08598828315734863
0.07186269760131836
0.057604074478149414
0.04232072830200195
0.03529715538024902
0.10120916366577148
0.08521866798400879
0.07790327072143555
0.0746314525604248
0.06168389320373535
0.04732322692871094
0.03181934356689453
0.09582066535949707
0.08504605293273926
0.07080483436584473
0.042755126953125
0.03362274169921875
0.11069488525390625
0.08510613441467285
0.0741732120513916
0.05966949462890625
0.04622030258178711
0.03364968299865723
0.03495526313781738
0.09334588050842285
0.07822442054748535
0.06817412376403809
0.05489373207092285
0.039528846740722656
0.03520488739013672
0.10150432586669922
0.08485150337219238
0.0689535140991211
0.05242562294006348
0.04873156547546387
0.03833270072937012
0.10415410995483398
0.08274388313293457
0.0723564624786377
0.0573277473449707
0.043028831481933594
0.026700258255004883
0.13034796714782715
0.10543513298034668
0.09185624122619629
0.07821416854858398
0.0641632080078125
0.05020928382873535
0.09417390823364258
0.07918357849121094
0.06882643699645996
0.0667257308959961
0.05198264122009277
0.03697943687438965
0.10587072372436523
0.08988475799560547
0.0786142349243164
0.0636894702911377
0.04881024360656738
0.03462862968444824
0.03571915626525879
0.08616757392883301
0.07723617553710938
0.06602787971496582
0.0681922435760498
0.05424189567565918
0.039952754974365234
0.10863804817199707
0.08273983001708984
0.06869792938232422
0.06777119636535645
0.053810834884643555
0.03978705406188965
0.10794925689697266
0.08694314956665039
0.07055497169494629
0.0723118782043457
0.05797266960144043
0.039604902267456055
0.10589790344238281
0.08238983154296875
0.06471538543701172
0.07118463516235352
0.05605196952819824
0.04177284240722656
0.1041409969329834
0.1005549430847168
0.08568978309631348
0.07165265083312988
0.05697441101074219
0.03921937942504883
0.10531091690063477
0.0906822681427002
0.07674264907836914
0.06247091293334961
0.04529142379760742
0.031703948974609375
0.10494017601013184
0.08802461624145508
0.07302403450012207
0.05815601348876953
0.052869558334350586
0.03888559341430664
0.10787820816040039
0.07792234420776367
0.06841230392456055
0.05352425575256348
0.03984570503234863
0.037378549575805664
0.08902168273925781
0.08010554313659668
0.06868338584899902
0.06603026390075684
0.051206111907958984
0.03762173652648926
0.10254645347595215
0.08708620071411133
0.07309460639953613
0.055136919021606445
0.05021786689758301
0.032445430755615234
0.0898432731628418
0.08135819435119629
0.06731224060058594
0.06237339973449707
0.04857969284057617
0.03384661674499512
0.10369658470153809
0.09840536117553711
0.08387899398803711
0.06959748268127441
0.05560731887817383
0.03807425498962402
0.1079874038696289
0.1055600643157959
0.09061360359191895
0.0762643814086914
0.06409454345703125
0.050344228744506836
0.03038167953491211
0.08822059631347656
0.07644271850585938
0.07241344451904297
0.057680606842041016
0.028111696243286133
0.10149264335632324
0.09748435020446777
0.08668065071105957
0.07412886619567871
0.06118202209472656
0.04007148742675781
0.11049842834472656
0.08543229103088379
0.07044053077697754
0.056915283203125
0.04724311828613281
0.04516005516052246
0.03136801719665527
0.09380030632019043
0.07974529266357422
0.06531500816345215
0.05908346176147461
0.04468035697937012
0.029387474060058594
0.1077888011932373
0.08496689796447754
0.06984806060791016
0.06409215927124023
0.049698829650878906
0.035427093505859375
0.1067657470703125
0.11151552200317383
0.0995340347290039
0.08513498306274414
0.07082843780517578
0.05321335792541504
0.03507113456726074
0.1117103099822998
0.0959620475769043
0.08141136169433594
0.06700706481933594
0.05206632614135742
0.03760242462158203
0.1080927848815918
0.0967719554901123
0.08249664306640625
0.06743121147155762
0.053087472915649414
0.03884005546569824
0.10900044441223145
0.11093592643737793
0.09401297569274902
0.07963347434997559
0.06566953659057617
0.05187678337097168
0.03683590888977051
0.10552215576171875
0.08820486068725586
0.07400345802307129
0.06430578231811523
0.05019569396972656
0.03554797172546387
0.03312563896179199
0.09577417373657227
0.08313274383544922
0.07959771156311035
0.06129765510559082
0.047002553939819336
0.032973527908325195
0.1011037826538086
0.08449435234069824
0.08015775680541992
0.06616902351379395
0.05693936347961426
0.04438018798828125
0.032945871353149414
0.0893096923828125
0.08258342742919922
0.06739401817321777
0.04956316947937012
0.03527522087097168
0.028641223907470703
0.11005830764770508
0.09328484535217285
0.07909202575683594
0.06552004814147949
0.05143260955810547
0.04082441329956055
0.027271747589111328
0.10146212577819824
0.08822250366210938
0.07421255111694336
0.060298919677734375
0.04234623908996582
0.027991294860839844
0.09151601791381836
0.07573461532592773
0.06283831596374512
0.06415152549743652
0.04906034469604492
0.03392815589904785
0.08975958824157715
0.0810387134552002
0.0644068717956543
0.0504450798034668
0.036005496978759766
0.03494143486022949
0.09017562866210938
0.08141446113586426
0.0670921802520752
0.053133249282836914
0.04147815704345703
0.026218891143798828
0.11947345733642578
0.1021873950958252
0.08875536918640137
0.07437276840209961
0.0569758415222168
0.042374372482299805
0.10888004302978516
0.09929132461547852
0.08462858200073242
0.07035446166992188
0.03263711929321289
0.026656627655029297
0.0969686508178711
0.10201311111450195
0.08800292015075684
0.07068991661071777
0.056910037994384766
0.04196333885192871
0.10963249206542969
0.09875679016113281
0.08421945571899414
0.07743167877197266
0.06742715835571289
0.04001140594482422
0.02524113655090332
0.09571599960327148
0.08035421371459961
0.0671391487121582
0.05823993682861328
0.05432939529418945
0.039124488830566406
0.1092982292175293
0.09208536148071289
0.08000516891479492
0.07187819480895996
0.0580291748046875
0.04306197166442871
0.10744309425354004
0.0994255542755127
0.08531832695007324
0.08710384368896484
0.0755770206451416
0.06164836883544922
0.04170942306518555
0.10099053382873535
0.08499979972839355
0.07076454162597656
0.06324648857116699
0.04873228073120117
0.03367042541503906
0.10513591766357422
0.0857686996459961
0.07596468925476074
0.07364225387573242
0.05859851837158203
0.04413628578186035
0.03011298179626465
0.08768200874328613
0.0756072998046875
0.0754847526550293
0.068115234375
0.05593156814575195
0.04264545440673828
0.08962178230285645
0.07971763610839844
0.0654153823852539
0.05107522010803223
0.036949872970581055
0.028815031051635742
0.10347151756286621
0.09939360618591309
0.08430600166320801
0.07691764831542969
0.06399345397949219
0.04948782920837402
0.035138607025146484
0.0948801040649414
0.10609245300292969
0.09211277961730957
0.07744026184082031
0.06284523010253906
0.04781818389892578
0.10551834106445312
0.0906820297241211
0.09044289588928223
0.07640695571899414
0.06109738349914551
0.04290771484375
0.10779905319213867
0.08336257934570312
0.08666849136352539
0.07213687896728516
0.055029869079589844
0.040146827697753906
0.10483312606811523
0.08293032646179199
0.07462763786315918
0.08525776863098145
0.07136368751525879
0.05672574043273926
0.041535377502441406
0.09750175476074219
0.07763195037841797
0.06766271591186523
0.07822871208190918
0.06681203842163086
0.0539555549621582
0.10599184036254883
0.09760212898254395
0.08748173713684082
0.06975197792053223
0.052263498306274414
0.03814506530761719
0.09784984588623047
0.08174014091491699
0.07763195037841797
0.06864190101623535
0.054604530334472656
0.040540456771850586
0.111083984375
0.09786629676818848
0.08071470260620117
0.06650781631469727
0.061158180236816406
0.04382443428039551
0.10729789733886719
0.08467316627502441
0.07293438911437988
0.06986069679260254
0.055680274963378906
0.03814411163330078
0.10598373413085938
0.08132386207580566
0.06494855880737305
0.052640676498413086
0.05145120620727539
0.0325319766998291
0.08917641639709473
0.0774383544921875
0.06277203559875488
0.05340075492858887
0.038823604583740234
0.02829146385192871
0.10154032707214355
0.08195018768310547
0.08618807792663574
0.07455754280090332
0.061800241470336914
0.10859799385070801
0.09503483772277832
0.09688544273376465
0.08277344703674316
0.06846880912780762
0.049959421157836914
0.03568458557128906
0.10104680061340332
0.08574986457824707
0.07153058052062988
0.05747842788696289
0.043820858001708984
0.032675981521606445
0.10704421997070312
0.1030430793762207
0.08416128158569336
0.07090139389038086
0.056069135665893555
0.03536200523376465
0.10660219192504883
0.08466911315917969
0.07036042213439941
0.07106876373291016
0.06489682197570801
0.05033612251281738
0.03585100173950195
0.09732532501220703
0.08244967460632324
0.06869888305664062
0.05639457702636719
0.043833255767822266
0.0503385066986084
0.03984355926513672
0.09406709671020508
0.08168864250183105
0.07002735137939453
0.05583071708679199
0.04166984558105469
0.032872676849365234
0.10887360572814941
0.09743595123291016
0.08268618583679199
0.06785130500793457
0.05350494384765625
0.03847813606262207
0.029393672943115234
0.09650897979736328
0.11114621162414551
0.1005551815032959
0.08640933036804199
0.07184433937072754
0.05792856216430664
0.10638141632080078
0.08296942710876465
0.04665708541870117
0.04660797119140625
0.033406972885131836
0.09904193878173828
0.0980832576751709
0.09205365180969238
0.07381033897399902
0.058868408203125
0.043917179107666016
0.10378146171569824
0.0960693359375
0.08196139335632324
0.06786823272705078
0.052736759185791016
0.037882089614868164
0.10659408569335938
0.0816497802734375
0.06993341445922852
0.06131482124328613
0.04739737510681152
0.03532242774963379
0.1030423641204834
0.08217525482177734
0.07280087471008301
0.06239509582519531
0.06104016304016113
0.04635047912597656
0.03106522560119629
0.0953824520111084
0.08264780044555664
0.06867265701293945
0.05587577819824219
0.047147512435913086
0.036676883697509766
0.021735191345214844
0.08833193778991699
0.07939887046813965
0.06845736503601074
0.0544583797454834
0.04729866981506348
0.0380406379699707
0.10894250869750977
0.09065675735473633
0.08393263816833496
0.06965780258178711
0.05522751808166504
0.03820037841796875
0.02461981773376465
0.09221363067626953
0.0749671459197998
0.06027364730834961
0.058928489685058594
0.04517841339111328
0.031006574630737305
0.10197567939758301
0.08260512351989746
0.07021570205688477
0.0580296516418457
0.045542240142822266
0.046148061752319336
0.03152871131896973
0.10506176948547363
0.09584426879882812
0.08252286911010742
0.06808686256408691
0.054642677307128906
0.036980390548706055
0.10627508163452148
0.09081006050109863
0.08311796188354492
0.06508088111877441
0.05056166648864746
0.03308701515197754
0.02216649055480957
0.0888824462890625
0.08670592308044434
0.08012700080871582
0.06769299507141113
0.053421735763549805
0.03571152687072754
0.1049346923828125
0.0917363166809082
0.08166384696960449
0.06221461296081543
0.0470881462097168
0.032739877700805664
0.10990333557128906
0.09422802925109863
0.08006978034973145
0.06571817398071289
0.051255226135253906
0.03703045845031738
0.022449254989624023
0.08812093734741211
0.07535719871520996
0.06946325302124023
0.05831599235534668
0.043941497802734375
0.029268264770507812
0.10278725624084473
0.08859992027282715
0.07413625717163086
0.0717613697052002
0.05735039710998535
0.04319906234741211
0.1101980209350586
0.08271026611328125
0.07712244987487793
0.06300115585327148
0.04796266555786133
0.04259991645812988
0.03402400016784668
0.09325385093688965
0.09645533561706543
0.08277153968811035
0.06841754913330078
0.05397224426269531
0.03887581825256348
0.10807299613952637
0.09300065040588379
0.07817721366882324
0.06379389762878418
0.04935026168823242
0.036742210388183594
0.10913991928100586
0.09804248809814453
0.08399081230163574
0.0775902271270752
0.06368780136108398
0.049457550048828125
0.03558516502380371
0.02258157730102539
0.0997169017791748
0.07979917526245117
0.07103371620178223
0.06620287895202637
0.05614614486694336
0.04169631004333496
0.10027241706848145
0.07865285873413086
0.08318352699279785
0.0692131519317627
0.05330038070678711
0.04133749008178711
0.02735280990600586
0.09691786766052246
0.0799105167388916
0.08553695678710938
0.07093453407287598
0.05479788780212402
0.039964914321899414
0.10379576683044434
0.08727216720581055
0.07243490219116211
0.05785727500915527
0.04367876052856445
0.0311887264251709
0.018789291381835938
0.08757209777832031
0.08714056015014648
0.07292795181274414
0.05951738357543945
0.04461503028869629
0.026639223098754883
0.1027669906616211
0.0836954116821289
0.07575130462646484
0.06163358688354492
0.0465850830078125
0.032175302505493164
0.1073446273803711
0.09848952293395996
0.08928370475769043
0.07622838020324707
0.0594940185546875
0.04649996757507324
0.10778045654296875
0.07419443130493164
0.06983137130737305
0.06603693962097168
0.052358388900756836
0.03792095184326172
0.09455657005310059
0.08587026596069336
0.07539558410644531
0.07356119155883789
0.059242963790893555
0.044534921646118164
0.10762977600097656
0.1045827865600586
0.09835481643676758
0.08561873435974121
0.07141780853271484
0.05630922317504883
0.041600704193115234
0.10511016845703125
0.08309292793273926
0.06499361991882324
0.04797792434692383
0.040616750717163086
0.026280641555786133
0.09636831283569336
0.08198022842407227
0.08859515190124512
0.07422041893005371
0.06003308296203613
0.04482913017272949
0.029802799224853516
0.09370183944702148
0.08620595932006836
0.07133841514587402
0.057141780853271484
0.043135881423950195
0.028273582458496094
0.10368847846984863
0.08580732345581055
0.08906126022338867
0.07436728477478027
0.06020760536193848
0.04608631134033203
0.03176522254943848
0.09691071510314941
0.08484983444213867
0.0709376335144043
0.05702328681945801
0.04786229133605957
0.038326263427734375
0.10198688507080078
0.08432579040527344
0.08126664161682129
0.06333327293395996
0.04266476631164551
0.027773618698120117
0.09731841087341309
0.08776068687438965
0.07345867156982422
0.05945110321044922
0.05090451240539551
0.0394444465637207
0.030410051345825195
0.0892953872680664
0.07690811157226562
0.07872653007507324
0.06653952598571777
0.05243659019470215
0.038153648376464844
0.10386514663696289
0.0825510025024414
0.07279086112976074
0.05842447280883789
0.043744802474975586
0.03361153602600098
0.10958719253540039
0.08502197265625
0.06624102592468262
0.05534696578979492
0.040868282318115234
0.02878713607788086
0.10664653778076172
0.08702445030212402
0.07864499092102051
0.06340956687927246
0.0496976375579834
0.03550362586975098
0.10743141174316406
0.09561944007873535
0.08149600028991699
0.06888961791992188
0.05630350112915039
0.04538989067077637
0.03393721580505371
0.09782648086547852
0.09130620956420898
0.08624839782714844
0.07251501083374023
0.05536246299743652
0.03761744499206543
0.10661172866821289
0.0830080509185791
0.06892132759094238
0.057213544845581055
0.04804372787475586
0.032824039459228516
0.028658151626586914
0.08806395530700684
0.09501075744628906
0.08109450340270996
0.05922293663024902
0.04454994201660156
0.03170967102050781
0.0994408130645752
0.08439373970031738
0.07042264938354492
0.0688786506652832
0.05052495002746582
0.03638958930969238
0.10526490211486816
0.08533239364624023
0.07744050025939941
0.06304264068603516
0.057656049728393555
0.0432281494140625
0.028813838958740234
0.08845257759094238
0.07897424697875977
0.06442141532897949
0.054247140884399414
0.03909659385681152
0.025666236877441406
0.10360479354858398
0.10260462760925293
0.09146428108215332
0.07712411880493164
0.0583341121673584
0.04247641563415527
0.1061239242553711
0.08878874778747559
0.07559871673583984
0.060569047927856445
0.04571533203125
0.027767181396484375
0.1030569076538086
0.0845785140991211
0.06998801231384277
0.04808783531188965
0.038794517517089844
0.027290821075439453
0.09968376159667969
0.08129119873046875
0.07777619361877441
0.0632326602935791
0.04861116409301758
0.03432440757751465
0.020657062530517578
0.07759451866149902
0.0659794807434082
0.05431056022644043
0.04205679893493652
0.04454302787780762
0.13251709938049316
0.1154787540435791
0.10076618194580078
0.08611321449279785
0.06509709358215332
0.05049276351928711
0.03646993637084961
0.1062777042388916
0.09074592590332031
0.07677578926086426
0.06197237968444824
0.04779338836669922
0.033539533615112305
0.10772013664245605
0.09259748458862305
0.08471155166625977
0.06935477256774902
0.05469107627868652
0.03999733924865723
0.025806903839111328
0.10225176811218262
0.08357620239257812
0.07209110260009766
0.05780386924743652
0.04347085952758789
0.04385662078857422
0.030768632888793945
0.08991312980651855
0.08270430564880371
0.06853032112121582
0.05411386489868164
0.043180227279663086
0.02554488182067871
0.09862709045410156
0.09243202209472656
0.07759857177734375
0.06253361701965332
0.0475618839263916
0.03326416015625
0.029704570770263672
0.08826303482055664
0.07914614677429199
0.06856536865234375
0.0577239990234375
0.04346132278442383
0.021125316619873047
0.09627151489257812
0.08168911933898926
0.06984829902648926
0.06043362617492676
0.05348539352416992
0.03874850273132324
0.024725675582885742
0.0956873893737793
0.0905609130859375
0.07621598243713379
0.06128573417663574
0.04616141319274902
0.017956018447875977
0.09365296363830566
0.0946497917175293
0.08726048469543457
0.0728006362915039
0.058914899826049805
0.044793128967285156
0.030332088470458984
0.08787727355957031
0.08199501037597656
0.06757164001464844
0.05362343788146973
0.03872346878051758
0.03427004814147949
0.10361623764038086
0.08981990814208984
0.07882308959960938
0.06739044189453125
0.053311824798583984
0.038326263427734375
0.10553836822509766
0.09306645393371582
0.08629655838012695
0.0746304988861084
0.04059171676635742
0.10575628280639648
0.08141827583312988
0.06738615036010742
0.060651302337646484
0.046393394470214844
0.03131413459777832
0.10456013679504395
0.09883832931518555
0.08360958099365234
0.06971621513366699
0.0552983283996582
0.04038405418395996
0.026038646697998047
0.08802151679992676
0.07323288917541504
0.07825636863708496
0.06375932693481445
0.046109676361083984
0.0313873291015625
0.09017515182495117
0.08805561065673828
0.0737006664276123
0.05961346626281738
0.04519391059875488
0.030759572982788086
0.1049191951751709
0.08476710319519043
0.07670855522155762
0.061767578125
0.04735445976257324
0.033370018005371094
0.10357117652893066
0.08538293838500977
0.07135653495788574
0.06779766082763672
0.05917835235595703
0.045279502868652344
0.03247857093811035
0.08929443359375
0.0768284797668457
0.06475949287414551
0.06680679321289062
0.052315473556518555
0.03812050819396973
0.10348963737487793
0.08486270904541016
0.06992149353027344
0.06756043434143066
0.05326223373413086
0.038793087005615234
0.029497861862182617
0.0900123119354248
0.07930326461791992
0.06820130348205566
0.05379152297973633
0.03885483741760254
0.025451183319091797
0.09814667701721191
0.086273193359375
0.07558298110961914
0.060420989990234375
0.04573845863342285
0.03173327445983887
0.019119739532470703
0.09566974639892578
0.08003664016723633
0.06787443161010742
0.055622100830078125
0.04603838920593262
0.03161263465881348
0.017989397048950195
0.08830070495605469
0.07981562614440918
0.06545114517211914
0.05936884880065918
0.045205116271972656
0.03071284294128418
0.1064598560333252
0.08244037628173828
0.08787941932678223
0.07296228408813477
0.05870175361633301
0.04175138473510742
0.11582159996032715
0.1068732738494873
0.08944153785705566
0.07492542266845703
0.05672574043273926
0.04228377342224121
0.02808356285095215
0.08815240859985352
0.07929706573486328
0.0648648738861084
0.04869270324707031
0.039353132247924805
0.03076624870300293
0.09029531478881836
0.0806131362915039
0.04581117630004883
0.03191947937011719
0.10924410820007324
0.08800315856933594
0.06984114646911621
0.0566248893737793
0.046907901763916016
0.03179621696472168
0.09992384910583496
0.08343124389648438
0.08429336547851562
0.07045841217041016
0.05584836006164551
0.04373574256896973
0.029205322265625
0.09728312492370605
0.0824136734008789
0.06821703910827637
0.053465843200683594
0.038436174392700195
0.03624677658081055
0.10276508331298828
0.08218789100646973
0.07070660591125488
0.06631922721862793
0.052814483642578125
0.038344383239746094
0.11162757873535156
0.08724451065063477
0.07326555252075195
0.05928850173950195
0.045320987701416016
0.04320478439331055
0.10775303840637207
0.09802675247192383
0.0872805118560791
0.07286500930786133
0.061865806579589844
0.04764842987060547
0.04308915138244629
0.10619115829467773
0.09389019012451172
0.07979440689086914
0.06573867797851562
0.051544904708862305
0.04817390441894531
0.031616926193237305
0.08858728408813477
0.07996392250061035
0.0658872127532959
0.05307483673095703
0.049413204193115234
0.036830902099609375
0.11108708381652832
0.08913016319274902
0.07487344741821289
0.05985403060913086
0.045671701431274414
0.04089856147766113
0.03058314323425293
0.09486007690429688
0.08296513557434082
0.06833124160766602
0.054886579513549805
0.05518507957458496
0.0418858528137207
0.10716509819030762
0.09263920783996582
0.08100533485412598
0.08647394180297852
0.07196664810180664
0.05821728706359863
0.04377245903015137
0.10741734504699707
0.10431623458862305
0.09055924415588379
0.0762033462524414
0.061363935470581055
0.047177791595458984
0.030063152313232422
0.08824348449707031
0.07663488388061523
0.07427668571472168
0.05646944046020508
0.04273223876953125
0.02880096435546875
0.1020650863647461
0.08721184730529785
0.07386136054992676
0.05591726303100586
0.037780046463012695
0.022877931594848633
0.09765744209289551
0.08234333992004395
0.07034158706665039
0.061116695404052734
0.04414963722229004
0.032790184020996094
0.10701775550842285
0.08997368812561035
0.07712125778198242
0.06327700614929199
0.045655012130737305
0.03168964385986328
0.11049485206604004
0.09557199478149414
0.08163642883300781
0.0643000602722168
0.06002640724182129
0.04241037368774414
0.028406381607055664
0.09765982627868652
0.08618450164794922
0.07201528549194336
0.05670928955078125
0.042536020278930664
0.041481733322143555
0.030432462692260742
0.09391045570373535
0.08299612998962402
0.07105135917663574
0.05296754837036133
0.03857707977294922
0.024137258529663086
0.09980320930480957
0.08265423774719238
0.07375597953796387
0.05924415588378906
0.05269336700439453
0.03851771354675293
0.024008512496948242
0.08843016624450684
0.08926582336425781
0.07422685623168945
0.05942058563232422
0.043745994567871094
0.029396772384643555
0.09465861320495605
0.08408308029174805
0.07343840599060059
0.0665442943572998
0.05231285095214844
0.034873008728027344
0.0807638168334961
0.06775045394897461
0.06294131278991699
0.04664945602416992
0.032327890396118164
0.10464072227478027
0.08250880241394043
0.07898163795471191
0.06511664390563965
0.05104470252990723
0.0492403507232666
0.03899097442626953
0.09064292907714844
0.07658171653747559
0.06579828262329102
0.04784512519836426
0.03387570381164551
0.029647350311279297
0.09998393058776855
0.08398699760437012
0.07834386825561523
0.06409430503845215
0.04975128173828125
0.021651029586791992
0.08955550193786621
0.0819694995880127
0.06773114204406738
0.05465555191040039
0.052533626556396484
0.03968191146850586
0.09047722816467285
0.08060622215270996
0.06568074226379395
0.052037954330444336
0.03845047950744629
0.024851560592651367
0.10856771469116211
0.10159182548522949
0.08730745315551758
0.07295370101928711
0.055457115173339844
0.041063547134399414
0.1068112850189209
0.09871840476989746
0.0812845230102539
0.07050538063049316
0.05560493469238281
0.04156208038330078
0.02715611457824707
0.08807086944580078
0.09071207046508789
0.07636594772338867
0.061980247497558594
0.04702591896057129
0.03276634216308594
0.10350441932678223
0.09184145927429199
0.07834577560424805
0.06397652626037598
0.04928898811340332
0.03485846519470215
0.023288488388061523
0.08923530578613281
0.086090087890625
0.0751791000366211
0.060742855072021484
0.0464634895324707
0.03117656707763672
0.10564875602722168
0.09162473678588867
0.09034228324890137
0.08648872375488281
0.07225561141967773
0.057289838790893555
0.04196000099182129
0.09380507469177246
0.08648514747619629
0.07167291641235352
0.05818057060241699
0.056668758392333984
0.042120933532714844
0.1065061092376709
0.08806896209716797
0.07260894775390625
0.05786561965942383
0.046472787857055664
0.03657674789428711
0.10709071159362793
0.09496331214904785
0.0798640251159668
0.0698246955871582
0.055614471435546875
0.0498499870300293
0.032384395599365234
0.08777689933776855
0.07813429832458496
0.07038712501525879
0.05574178695678711
0.026902437210083008
0.1027834415435791
0.08479905128479004
0.08717942237854004
0.07277107238769531
0.05905461311340332
0.043829917907714844
0.029591798782348633
0.09130859375
0.07727670669555664
0.06795501708984375
0.05694580078125
0.04849982261657715
0.036124467849731445
0.10743212699890137
0.08447265625
0.07339191436767578
0.0589296817779541
0.04485940933227539
0.03201007843017578
0.02989673614501953
0.08856368064880371
0.08614921569824219
0.07147073745727539
0.057137250900268555
0.03563070297241211
0.021260499954223633
0.09013557434082031
0.08144187927246094
0.06699347496032715
0.05642104148864746
0.042002201080322266
0.024310827255249023
0.09434366226196289
0.08362793922424316
0.07268333435058594
0.05767965316772461
0.043727874755859375
0.030264854431152344
0.11059355735778809
0.08688712120056152
0.08567166328430176
0.07119274139404297
0.056771278381347656
0.04214668273925781
0.02761530876159668
0.09549355506896973
0.08238792419433594
0.06747269630432129
0.05355191230773926
0.03885197639465332
0.023166894912719727
0.10072994232177734
0.08556771278381348
0.07518863677978516
0.05379152297973633
0.039350032806396484
0.026424169540405273
0.10352516174316406
0.09162569046020508
0.07742834091186523
0.06275391578674316
0.06097102165222168
0.046443939208984375
0.03181195259094238
0.09260416030883789
0.08195137977600098
0.07647323608398438
0.06181502342224121
0.047241926193237305
0.032814741134643555
0.10607719421386719
0.08147048950195312
0.0837404727935791
0.07300305366516113
0.058708906173706055
0.04423403739929199
0.02949357032775879
0.09332489967346191
0.07931828498840332
0.06492996215820312
0.0544888973236084
0.04003262519836426
0.028748750686645508
0.1055595874786377
0.08271265029907227
0.07679367065429688
0.06862282752990723
0.04774641990661621
0.03329038619995117
0.10435175895690918
0.08238625526428223
0.0702815055847168
0.05773568153381348
0.04835772514343262
0.033864736557006836
0.019298791885375977
0.09424209594726562
0.08030414581298828
0.06876397132873535
0.05409812927246094
0.03972482681274414
0.02689385414123535
0.10391831398010254
0.09429025650024414
0.07999420166015625
0.06474804878234863
0.05063486099243164
0.03622722625732422
0.021764039993286133
0.0939936637878418
0.08683133125305176
0.07212281227111816
0.05451250076293945
0.03943371772766113
0.029586315155029297
0.10461282730102539
0.08235049247741699
0.07833337783813477
0.06444358825683594
0.04619646072387695
0.03982353210449219
0.10413885116577148
0.08244705200195312
0.06425976753234863
0.050093889236450195
0.03909921646118164
0.0245816707611084
0.1049349308013916
0.08538436889648438
0.07063078880310059
0.07105207443237305
0.05728960037231445
0.04235720634460449
0.027248620986938477
0.09601354598999023
0.08675622940063477
0.07179093360900879
0.05733847618103027
0.04294586181640625
0.04495096206665039
0.030673503875732422
0.1078634262084961
0.09387636184692383
0.07947158813476562
0.06505155563354492
0.05054116249084473
0.03572559356689453
0.10353302955627441
0.0848689079284668
0.0701131820678711
0.0664668083190918
0.05181002616882324
0.03739285469055176
0.02282571792602539
0.09144830703735352
0.09578752517700195
0.08141970634460449
0.06711912155151367
0.0527191162109375
0.038022518157958984
0.10475802421569824
0.08916425704956055
0.0781867504119873
0.06427741050720215
0.04996204376220703
0.040982961654663086
0.03148007392883301
0.11662125587463379
0.09799337387084961
0.08307194709777832
0.06856489181518555
0.05418682098388672
0.03972673416137695
0.10418486595153809
0.08115077018737793
0.08527302742004395
0.07130956649780273
0.057402610778808594
0.04345107078552246
0.0294802188873291
0.09763598442077637
0.0785059928894043
0.07309937477111816
0.058797597885131836
0.04434847831726074
0.029843568801879883
0.10541772842407227
0.08628368377685547
0.0811605453491211
0.0675058364868164
0.045377492904663086
0.031053543090820312
0.0240633487701416
0.08898258209228516
0.09170818328857422
0.07888269424438477
0.06413793563842773
0.04975247383117676
0.03486371040344238
0.10390281677246094
0.08211326599121094
0.07677531242370605
0.06531023979187012
0.05079960823059082
0.036403656005859375
0.021277189254760742
0.08843064308166504
0.09071183204650879
0.07777810096740723
0.06301403045654297
0.048521995544433594
0.03325843811035156
0.11091375350952148
0.09125638008117676
0.08542156219482422
0.07094621658325195
0.056528568267822266
0.04218769073486328
0.03576064109802246
0.09571337699890137
0.0928807258605957
0.07835650444030762
0.058083534240722656
0.04268908500671387
0.028439998626708984
0.12354302406311035
0.10244250297546387
0.08886122703552246
0.0746755599975586
0.060050010681152344
0.04586315155029297
0.031801462173461914
0.08855533599853516
0.07952094078063965
0.06858229637145996
0.05747866630554199
0.0421140193939209
0.027381181716918945
0.1022336483001709
0.09784173965454102
0.08356761932373047
0.06936049461364746
0.05493307113647461
0.03957056999206543
0.025379180908203125
0.0953667163848877
0.08597946166992188
0.07811880111694336
0.06700944900512695
0.052484989166259766
0.03833341598510742
0.10526037216186523
0.0822596549987793
0.07336139678955078
0.07323265075683594
0.06016969680786133
0.04709672927856445
0.03278684616088867
0.09565544128417969
0.08695101737976074
0.08119082450866699
0.07060861587524414
0.05616593360900879
0.04169726371765137
0.02745366096496582
0.09944534301757812
0.09522318840026855
0.08537650108337402
0.07118415832519531
0.056516408920288086
0.04198813438415527
0.10435199737548828
0.08493471145629883
0.07068538665771484
0.05739092826843262
0.053614139556884766
0.03333926200866699
0.10360550880432129
0.08493256568908691
0.07329154014587402
0.058791399002075195
0.04447126388549805
0.04041409492492676
0.027084827423095703
0.09378910064697266
0.07980489730834961
0.06531643867492676
0.05181264877319336
0.03936457633972168
0.0378718376159668
0.10523676872253418
0.08522439002990723
0.07067131996154785
0.06092977523803711
0.05742835998535156
0.04320693016052246
0.028824806213378906
0.08802461624145508
0.07672309875488281
0.06742620468139648
0.06393003463745117
0.04958534240722656
0.03751039505004883
0.10558319091796875
0.08199334144592285
