0.0980381965637207
0.11229372024536133
0.09331750869750977
0.07836699485778809
0.06387066841125488
0.049924612045288086
0.11178922653198242
0.08488678932189941
0.07089829444885254
0.06709074974060059
0.053122758865356445
0.03820490837097168
0.11820840835571289
0.09434151649475098
0.0798807144165039
0.06556081771850586
0.051972150802612305
0.0378568172454834
0.02330470085144043
0.10192203521728516
0.09020185470581055
0.07599520683288574
0.06160902976989746
0.044063568115234375
0.04088759422302246
0.10936093330383301
0.08150625228881836
0.06862568855285645
0.052530765533447266
0.044152021408081055
0.03640103340148926
0.10572195053100586
0.08712315559387207
0.07298922538757324
0.0595402717590332
0.04726266860961914
0.03450512886047363
0.1118781566619873
0.0900421142578125
0.08555483818054199
0.07178974151611328
0.05382800102233887
0.03989410400390625
0.12080097198486328
0.1084742546081543
0.09444570541381836
0.0802154541015625
0.06577134132385254
0.05092954635620117
0.1183161735534668
0.07654023170471191
0.056311607360839844
0.05004000663757324
0.03925180435180664
0.02840566635131836
0.09772205352783203
0.0817117691040039
0.07084870338439941
0.05653214454650879
0.045473337173461914
0.0311887264251709
0.12394022941589355
0.09933805465698242
0.0850367546081543
0.07076120376586914
0.05620908737182617
0.04185152053833008
0.0266876220703125
0.09036993980407715
0.08249831199645996
0.0688626766204834
0.055033206939697266
0.05574989318847656
0.03771853446960449
0.08920836448669434
0.07478690147399902
0.06502866744995117
0.051383256912231445
0.03736686706542969
0.024372339248657227
0.10211682319641113
0.10872912406921387
0.09456562995910645
0.07951951026916504
0.07327961921691895
0.059084415435791016
0.044233083724975586
0.11471080780029297
0.09581995010375977
0.08182454109191895
0.06605148315429688
0.1114501953125
0.0966484546661377
0.08249688148498535
0.07231020927429199
0.057732582092285156
0.04279923439025879
0.04260611534118652
0.1094810962677002
0.08260703086853027
0.07355594635009766
0.06241464614868164
0.04775643348693848
0.02961564064025879
0.1055593490600586
0.08627510070800781
0.07208395004272461
0.06118011474609375
0.06083059310913086
0.04905867576599121
0.03586125373840332
0.09651494026184082
0.0934903621673584
0.07559919357299805
0.05790877342224121
0.039829254150390625
0.02606368064880371
0.1018381118774414
0.08689308166503906
0.0752556324005127
0.07306647300720215
0.06025052070617676
0.04513812065124512
0.030963659286499023
0.10562849044799805
0.08770203590393066
0.06978678703308105
0.05462384223937988
0.03961348533630371
0.02518749237060547
0.10284066200256348
0.08333373069763184
0.07026529312133789
0.06668663024902344
0.052475690841674805
0.03770637512207031
0.09373211860656738
0.0856771469116211
0.0716557502746582
0.061179399490356445
0.053136348724365234
0.038886070251464844
0.0944359302520752
0.08711981773376465
0.07635855674743652
0.062268972396850586
0.04713273048400879
0.03294205665588379
0.08153462409973145
0.06901669502258301
0.0644369125366211
0.06130862236022949
0.04682612419128418
0.0332791805267334
0.10909700393676758
0.09116148948669434
0.08517813682556152
0.07057881355285645
0.05236411094665527
0.036101341247558594
0.10143256187438965
0.0861821174621582
0.07180452346801758
0.06431913375854492
0.05001521110534668
0.02938365936279297
0.10896992683410645
0.08605146408081055
0.08884811401367188
0.07463598251342773
0.06071329116821289
0.05465412139892578
0.04030871391296387
0.09762454032897949
0.08420872688293457
0.06911444664001465
0.06764817237854004
0.05246138572692871
0.038038015365600586
0.11840415000915527
0.09255671501159668
0.07844710350036621
0.06391191482543945
0.04943394660949707
0.035503387451171875
0.11332917213439941
0.11045384407043457
0.09627246856689453
0.0819401741027832
0.06793022155761719
0.05403304100036621
0.039090633392333984
0.10234212875366211
0.08164167404174805
0.08019351959228516
0.06752419471740723
0.03522014617919922
0.10762834548950195
0.08585691452026367
0.06867551803588867
0.05698657035827637
0.049260616302490234
0.03722786903381348
0.09331798553466797
0.0791471004486084
0.0664517879486084
0.054900169372558594
0.04537773132324219
0.0333707332611084
0.10863590240478516
0.09637999534606934
0.09084439277648926
0.07675623893737793
0.06264901161193848
0.0478365421295166
0.03463912010192871
0.11969804763793945
0.09871029853820801
0.08095550537109375
0.06295514106750488
0.04510617256164551
0.02605891227722168
0.10931754112243652
0.09473872184753418
0.08080935478210449
0.05951714515686035
0.04551291465759277
0.030284881591796875
0.10260987281799316
0.08369994163513184
0.08097600936889648
0.06655383110046387
0.050452470779418945
0.03622937202453613
0.13536572456359863
0.11585640907287598
0.10401344299316406
0.09054756164550781
0.07657313346862793
0.06067180633544922
0.11235523223876953
0.08239197731018066
0.07741379737854004
0.06258583068847656
0.04859495162963867
0.033624887466430664
0.1389448642730713
0.11104846000671387
0.09613347053527832
0.08119344711303711
0.06707882881164551
0.052614450454711914
0.11891365051269531
0.08612060546875
0.07137203216552734
0.05642890930175781
0.05211186408996582
0.04083585739135742
0.08790373802185059
0.07518744468688965
0.06563162803649902
0.06640100479125977
0.04420614242553711
0.030688047409057617
0.09204649925231934
0.09078359603881836
0.07638907432556152
0.062463998794555664
0.04786324501037598
0.03338456153869629
0.11433053016662598
0.09766983985900879
0.08299422264099121
0.06821608543395996
0.06679105758666992
0.05614662170410156
0.03793835639953613
0.11444973945617676
0.09992527961730957
0.08207130432128906
0.06793475151062012
0.05347466468811035
0.03906559944152832
0.10091543197631836
0.08968448638916016
0.0752098560333252
0.060918331146240234
0.04635000228881836
0.0360720157623291
0.12398648262023926
0.10945343971252441
0.09706902503967285
0.0825197696685791
0.06907272338867188
0.05476093292236328
0.11817455291748047
0.08158707618713379
0.06184983253479004
0.05185127258300781
0.03690743446350098
0.02239513397216797
0.13305449485778809
0.11274242401123047
0.09197115898132324
0.07322168350219727
0.05822396278381348
0.04327821731567383
0.10638570785522461
0.07573509216308594
0.06144285202026367
0.04636693000793457
0.031206369400024414
0.12055110931396484
0.09602785110473633
0.08235406875610352
0.0681459903717041
0.050031423568725586
0.033738136291503906
0.11017441749572754
0.07929706573486328
0.0773627758026123
0.04589271545410156
0.11884546279907227
0.09433341026306152
0.08862185478210449
0.08431458473205566
0.06997203826904297
0.055417537689208984
0.040851593017578125
0.1082463264465332
0.10313582420349121
0.08814597129821777
0.07630300521850586
0.06361651420593262
0.06251406669616699
0.04809975624084473
0.1092233657836914
0.10297179222106934
0.08597064018249512
0.07188773155212402
0.043942928314208984
0.033010005950927734
0.09836292266845703
0.08736133575439453
0.07337141036987305
0.05945706367492676
0.05357480049133301
0.04912972450256348
0.03475666046142578
0.10000133514404297
0.1054527759552002
0.08405089378356934
0.08135437965393066
0.06644105911254883
0.05196738243103027
0.08906364440917969
0.07572555541992188
0.06343698501586914
0.059743404388427734
0.04614615440368652
0.03132009506225586
0.10181951522827148
0.08289170265197754
0.07618379592895508
0.061278343200683594
0.0462803840637207
0.04483532905578613
0.036046743392944336
0.09606432914733887
0.08287835121154785
0.07196903228759766
0.05704855918884277
0.042482614517211914
0.041353464126586914
0.10362911224365234
0.0832204818725586
0.07574224472045898
0.0715341567993164
0.05796551704406738
0.04408693313598633
0.11118412017822266
0.10643720626831055
0.09248876571655273
0.07831907272338867
0.06433248519897461
0.05017375946044922
0.03590679168701172
0.02751898765563965
0.10210251808166504
0.0885462760925293
0.07437729835510254
0.059845924377441406
0.04541659355163574
0.027509212493896484
0.09155440330505371
0.08300900459289551
0.06849908828735352
0.05459737777709961
0.05308413505554199
0.04087662696838379
0.1074209213256836
0.08374667167663574
0.06739234924316406
0.052881479263305664
0.038701534271240234
0.10827970504760742
0.09757232666015625
0.10114049911499023
0.08731532096862793
0.07371115684509277
0.060977935791015625
0.04669189453125
0.10248613357543945
0.08256697654724121
0.07037496566772461
0.07536077499389648
0.061064958572387695
0.04649209976196289
0.031446218490600586
0.10141801834106445
0.09946680068969727
0.08519864082336426
0.0677487850189209
0.053985595703125
0.03930807113647461
0.10424280166625977
0.0830695629119873
0.0764772891998291
0.054198265075683594
0.05220389366149902
0.03780555725097656
0.1043999195098877
0.08699250221252441
0.07635331153869629
0.0614314079284668
0.04644608497619629
0.03230619430541992
0.11586380004882812
0.08996248245239258
0.0758976936340332
0.061985015869140625
0.050832509994506836
0.040082693099975586
0.025749921798706055
0.0897979736328125
0.09574675559997559
0.08149838447570801
0.06334877014160156
0.04695010185241699
0.03236889839172363
0.10539984703063965
0.08746743202209473
0.07315587997436523
0.07587957382202148
0.06151175498962402
0.0471646785736084
0.03276991844177246
0.10376763343811035
0.08484315872192383
0.07366251945495605
0.059775352478027344
0.045182228088378906
0.024381399154663086
0.10852885246276855
0.08978843688964844
0.08629465103149414
0.06766819953918457
0.0534968376159668
0.03886222839355469
0.10689640045166016
0.08378171920776367
0.07188630104064941
0.059217214584350586
0.05716586112976074
0.04314565658569336
0.029175281524658203
0.09186005592346191
0.08150315284729004
0.07576417922973633
0.06135869026184082
0.04455876350402832
0.0262143611907959
0.09856009483337402
0.08633112907409668
0.07486271858215332
0.06343913078308105
0.051584482192993164
0.037694454193115234
0.10772037506103516
0.08394312858581543
0.07169580459594727
0.07133316993713379
0.055275917053222656
0.03292512893676758
0.10503435134887695
0.08411049842834473
0.0747518539428711
0.060804128646850586
0.04718637466430664
0.031732797622680664
0.12738442420959473
0.11057901382446289
0.09624862670898438
0.0818941593170166
0.06654047966003418
0.05201458930969238
0.03794145584106445
0.10742497444152832
0.09746551513671875
0.08373022079467773
0.05596303939819336
0.033875226974487305
0.12027359008789062
0.09735465049743652
0.08336067199707031
0.06917285919189453
0.05473923683166504
0.04337453842163086
0.028357505798339844
0.10166573524475098
0.08397054672241211
0.08290791511535645
0.06834888458251953
0.0541691780090332
0.03974175453186035
0.11007928848266602
0.09609103202819824
0.08214068412780762
0.07834839820861816
0.06398272514343262
0.04998779296875
0.03544330596923828
0.10748863220214844
0.08727788925170898
0.07609319686889648
0.06140017509460449
0.04647636413574219
0.033368825912475586
0.026587963104248047
0.09858870506286621
0.08166193962097168
0.07239675521850586
0.057394981384277344
0.04340934753417969
0.030472755432128906
0.11696028709411621
0.09968090057373047
0.08515667915344238
0.07005763053894043
0.06303668022155762
0.05521273612976074
0.04103231430053711
0.10368037223815918
0.0820932388305664
0.06930303573608398
0.05900764465332031
0.0562443733215332
0.04245924949645996
0.02850818634033203
0.09598493576049805
0.09745264053344727
0.0834970474243164
0.06914448738098145
0.05498552322387695
0.04000091552734375
0.11355352401733398
0.08965587615966797
0.08140873908996582
0.07184815406799316
0.05743408203125
0.043395280838012695
0.10860228538513184
0.08769750595092773
0.07992386817932129
0.06855344772338867
0.0592195987701416
0.04592466354370117
0.11153483390808105
0.08603477478027344
0.07787322998046875
0.06920552253723145
0.05108499526977539
0.036804914474487305
0.11135745048522949
0.10287761688232422
0.08868098258972168
0.07432746887207031
0.059928178787231445
0.03894972801208496
0.11100435256958008
0.08702754974365234
0.08910751342773438
0.07457375526428223
0.05999350547790527
0.045732975006103516
0.03220558166503906
0.09929728507995605
0.08574318885803223
0.07554364204406738
0.06126999855041504
0.03946375846862793
0.03660297393798828
0.1172018051147461
0.09426426887512207
0.07997703552246094
0.06520748138427734
0.05075192451477051
0.0357661247253418
0.02158641815185547
0.0981142520904541
0.0879058837890625
0.08264899253845215
0.06848335266113281
0.0534825325012207
0.03843259811401367
0.10948920249938965
0.10099363327026367
0.08760404586791992
0.07338714599609375
0.05848097801208496
0.043923139572143555
0.11161398887634277
0.09742212295532227
0.08469867706298828
0.07206177711486816
0.0623016357421875
0.051749229431152344
0.03747415542602539
0.11292624473571777
0.09925580024719238
0.08743977546691895
0.07646322250366211
0.06139206886291504
0.04728055000305176
0.04351043701171875
0.12876462936401367
0.10082745552062988
0.08672857284545898
0.06872749328613281
0.05491805076599121
0.040619850158691406
0.10651969909667969
0.08604025840759277
0.07191085815429688
0.05462145805358887
0.04578089714050293
0.041951656341552734
0.10677194595336914
0.09266233444213867
0.09507226943969727
0.0812535285949707
0.06678628921508789
0.05289483070373535
0.038614511489868164
0.0919952392578125
0.08108377456665039
0.07048535346984863
0.05594992637634277
0.04235076904296875
0.03799867630004883
0.11326432228088379
0.08734440803527832
0.07259726524353027
0.05867505073547363
0.055348873138427734
0.043540000915527344
0.03286886215209961
0.10060930252075195
0.08237767219543457
0.08239603042602539
0.0681459903717041
0.05369067192077637
0.03591799736022949
0.0977022647857666
0.08504080772399902
0.07651877403259277
0.06236886978149414
0.050501346588134766
0.03749203681945801
0.12139701843261719
0.10744571685791016
0.09249329566955566
0.1706686019897461
0.1573038101196289
0.14644527435302734
0.1456763744354248
0.1368703842163086
0.12422370910644531
0.1104733943939209
0.09607386589050293
0.08176374435424805
0.15814852714538574
0.14973902702331543
0.13776755332946777
0.11220932006835938
0.09706473350524902
0.0825505256652832
0.06810522079467773
0.053740501403808594
0.03894758224487305
0.08815312385559082
0.07321691513061523
0.06116199493408203
0.049080610275268555
0.045435428619384766
0.03266549110412598
0.10310602188110352
0.17881488800048828
0.16849303245544434
0.15996742248535156
0.14397192001342773
0.12682747840881348
0.11257505416870117
0.09401893615722656
0.07974505424499512
0.13740754127502441
0.12344503402709961
0.09379100799560547
0.07978272438049316
0.07471632957458496
0.0569148063659668
0.04195141792297363
0.0296628475189209
0.0995337963104248
0.07989907264709473
0.0677800178527832
0.05395770072937012
0.05327796936035156
0.03981328010559082
0.10510921478271484
0.18530583381652832
0.16852855682373047
0.15063118934631348
0.13618707656860352
0.12120652198791504
0.11968874931335449
0.10120034217834473
0.08690071105957031
0.07267355918884277
0.049607038497924805
0.11729216575622559
0.10883140563964844
0.08591580390930176
0.07159924507141113
0.057422637939453125
0.04017996788024902
0.02551126480102539
0.09394645690917969
0.1780107021331787
0.17424273490905762
0.16965579986572266
0.1554884910583496
0.14070677757263184
0.12580275535583496
0.10984945297241211
0.11205005645751953
0.09768128395080566
0.08480072021484375
0.07012295722961426
0.05505108833312988
0.23664093017578125
0.19788002967834473
0.18390154838562012
0.16922783851623535
0.15122056007385254
0.13703107833862305
0.12210822105407715
0.10729146003723145
0.08946752548217773
0.1522841453552246
0.14172935485839844
0.1309795379638672
0.08351945877075195
0.06951212882995605
0.06144118309020996
0.047382354736328125
0.03332066535949707
0.09996700286865234
0.18520641326904297
0.17067885398864746
0.1623249053955078
0.15549731254577637
0.14015507698059082
0.12539386749267578
0.1113138198852539
0.10044527053833008
0.08585357666015625
0.07160592079162598
0.057159423828125
0.22661995887756348
0.21655869483947754
0.20319676399230957
0.18894171714782715
0.17478561401367188
0.15736079216003418
0.15001678466796875
0.13477301597595215
0.12053084373474121
0.10618305206298828
0.09189867973327637
0.15783286094665527
0.14386773109436035
0.13552117347717285
0.12180924415588379
0.07827234268188477
0.06719303131103516
0.052915096282958984
0.038356781005859375
0.10896134376525879
0.20967531204223633
0.2132871150970459
0.19891643524169922
0.18469691276550293
0.16970372200012207
0.1555159091949463
0.14147424697875977
0.12536883354187012
0.11041688919067383
0.09615874290466309
0.0816946029663086
0.06632614135742188
0.2410593032836914
0.22682690620422363
0.18892884254455566
0.17495393753051758
0.1610414981842041
0.14642047882080078
0.11703205108642578
0.10286140441894531
0.0914304256439209
0.16051936149597168
0.1460554599761963
0.13651347160339355
0.12835025787353516
0.11429238319396973
0.09238648414611816
0.07824563980102539
0.06398129463195801
0.05204415321350098
0.03755378723144531
0.10549521446228027
0.18513154983520508
0.19298982620239258
0.17878508567810059
0.16428875923156738
0.14915800094604492
0.13430142402648926
0.12033605575561523
0.10603570938110352
0.09177279472351074
0.07791495323181152
0.22983980178833008
0.21492981910705566
0.18406438827514648
0.19124984741210938
0.17634916305541992
0.16236019134521484
0.14739584922790527
0.13347101211547852
0.11951160430908203
0.10559868812561035
0.16629433631896973
0.15524077415466309
0.148423433303833
0.13373732566833496
0.11936020851135254
0.08152008056640625
0.06656575202941895
0.07232165336608887
0.05834531784057617
0.046056509017944336
0.10593771934509277
0.09134292602539062
0.07372307777404785
0.03884267807006836
0.11514878273010254
0.09355354309082031
0.17772364616394043
0.17253971099853516
0.1787421703338623
0.16076135635375977
0.1427745819091797
0.12280130386352539
0.1110694408416748
0.0923454761505127
0.1439676284790039
0.12880659103393555
0.11678147315979004
0.11558818817138672
0.09849071502685547
0.08806967735290527
0.07222580909729004
0.051760196685791016
0.037636518478393555
0.10509133338928223
0.07918453216552734
0.06447482109069824
0.06934070587158203
0.05482983589172363
0.04017186164855957
0.11921405792236328
0.09626483917236328
0.08198380470275879
0.06768441200256348
0.056348323822021484
0.042838096618652344
0.11131405830383301
0.09344696998596191
0.08093929290771484
0.06863212585449219
0.05898118019104004
0.0438532829284668
0.03452944755554199
0.1212763786315918
0.09538674354553223
0.08126664161682129
0.06624126434326172
0.05200958251953125
0.03658246994018555
0.11118197441101074
0.10740351676940918
0.09337162971496582
0.07903146743774414
0.06021690368652344
0.04546713829040527
0.0312497615814209
0.0919945240020752
0.08385181427001953
0.06283998489379883
0.04838061332702637
0.03394675254821777
0.03019857406616211
0.10711121559143066
0.0890963077545166
0.07460308074951172
0.0667111873626709
0.05248403549194336
0.037933349609375
0.023712158203125
0.0980687141418457
0.0917510986328125
0.08419394493103027
0.0698087215423584
0.05582928657531738
0.040781259536743164
0.1087954044342041
0.10412073135375977
0.09758210182189941
0.0960085391998291
0.08270764350891113
0.06922388076782227
0.05410432815551758
0.03979086875915527
0.09973549842834473
0.08115839958190918
0.07404589653015137
0.0707857608795166
0.05652308464050293
0.041834354400634766
0.09291219711303711
0.07177376747131348
0.06340241432189941
0.06240367889404297
0.04822373390197754
0.033620357513427734
0.12008047103881836
0.10014986991882324
0.08520269393920898
0.07292795181274414
0.0583343505859375
0.042424678802490234
0.11058425903320312
0.08544182777404785
0.07044196128845215
0.05605292320251465
0.04728555679321289
0.03285408020019531
0.10776257514953613
0.09632468223571777
0.08289861679077148
0.07933640480041504
0.06344914436340332
0.048367977142333984
0.03421783447265625
0.08788204193115234
0.08096981048583984
0.0629112720489502
0.05227923393249512
0.040986061096191406
0.10717606544494629
0.08765697479248047
0.07332086563110352
0.07295370101928711
0.06278157234191895
0.04835796356201172
0.03392219543457031
0.11711335182189941
0.10054183006286621
0.08803915977478027
0.07378530502319336
0.05981278419494629
0.045384883880615234
0.032102346420288086
0.09829521179199219
0.08183407783508301
0.06896638870239258
0.06978011131286621
0.055325984954833984
0.0406033992767334
0.12411332130432129
0.10460853576660156
0.09087014198303223
0.0762636661529541
0.058696746826171875
0.043969154357910156
0.03612041473388672
0.09851193428039551
0.0857079029083252
0.07756543159484863
0.06028413772583008
0.041475772857666016
0.027568578720092773
0.0913095474243164
0.0821845531463623
0.06771969795227051
0.052809715270996094
0.04696774482727051
0.03386855125427246
0.10392451286315918
0.0931398868560791
0.06329989433288574
0.048699378967285156
0.030986547470092773
0.11282181739807129
0.10186886787414551
0.08340001106262207
0.06543111801147461
0.05086970329284668
0.036275625228881836
0.10610151290893555
0.08663678169250488
0.0786292552947998
0.06716537475585938
0.05281853675842285
0.038159847259521484
0.02396678924560547
0.09763407707214355
0.08825278282165527
0.07073307037353516
0.05605912208557129
0.05279731750488281
0.03870391845703125
0.10743880271911621
0.09399104118347168
0.07655000686645508
0.06216573715209961
0.044153451919555664
0.02985358238220215
0.10615134239196777
0.08323025703430176
0.07430624961853027
0.05682778358459473
0.053022146224975586
0.039893388748168945
0.11446952819824219
0.10021328926086426
0.08562207221984863
0.0878908634185791
0.0748591423034668
0.06004738807678223
0.042671918869018555
0.10627126693725586
0.08189678192138672
0.07205772399902344
0.05808258056640625
0.04676103591918945
0.035744667053222656
0.10309481620788574
0.08421945571899414
0.08264780044555664
0.06811380386352539
0.04729819297790527
0.03278374671936035
0.10585665702819824
0.08324480056762695
0.07637786865234375
0.06204962730407715
0.04801607131958008
0.033539772033691406
0.021096467971801758
0.09572672843933105
0.08163166046142578
0.07027053833007812
0.05958867073059082
0.045258283615112305
0.030100584030151367
0.10438084602355957
0.08730864524841309
0.08153939247131348
0.07527565956115723
0.06044602394104004
0.042757511138916016
0.10937833786010742
0.09339094161987305
0.07818102836608887
0.06447052955627441
0.04936385154724121
0.03474783897399902
0.11302685737609863
0.10323524475097656
0.08632063865661621
0.07659769058227539
0.06829380989074707
0.05746626853942871
0.04464221000671387
0.12419438362121582
0.09531903266906738
0.08404827117919922
0.06574177742004395
0.050969839096069336
0.03213858604431152
0.09456205368041992
0.0938713550567627
0.07985806465148926
0.0657203197479248
0.051812171936035156
0.037389278411865234
0.023325204849243164
0.11068463325500488
0.09785699844360352
0.08273768424987793
0.059990644454956055
0.04534769058227539
0.11756777763366699
0.08840489387512207
0.08315110206604004
0.058577775955200195
0.04341268539428711
0.03451371192932129
0.10813546180725098
0.08846378326416016
0.07337021827697754
0.05849933624267578
0.04431009292602539
0.03933429718017578
0.11090731620788574
0.10434842109680176
0.09038400650024414
0.07573699951171875
0.061469316482543945
0.04700207710266113
0.03239583969116211
0.1148982048034668
0.10497784614562988
0.09616708755493164
0.08377647399902344
0.06951332092285156
0.054700374603271484
0.04021286964416504
0.1070404052734375
0.09468722343444824
0.08290624618530273
0.08036160469055176
0.0659337043762207
0.05171656608581543
0.03724956512451172
0.10449790954589844
0.09122586250305176
0.08643126487731934
0.07439684867858887
0.0600283145904541
0.0453944206237793
0.11105990409851074
0.07916021347045898
0.07039713859558105
0.07043123245239258
0.056226491928100586
0.041347503662109375
0.10694456100463867
0.08663702011108398
0.07239222526550293
0.05863547325134277
0.04700446128845215
0.03545045852661133
0.02893805503845215
0.09686541557312012
0.08220553398132324
0.07125377655029297
0.06880068778991699
0.05491232872009277
0.04117560386657715
0.12386441230773926
0.10287165641784668
0.08853912353515625
0.07444286346435547
0.05601811408996582
0.04158139228820801
0.02802562713623047
0.09617137908935547
0.08051681518554688
0.07080984115600586
0.06263065338134766
0.04830169677734375
0.03339719772338867
0.0979623794555664
0.0835866928100586
0.06607389450073242
0.04764103889465332
0.04039740562438965
0.030230998992919922
0.1074223518371582
0.0905005931854248
0.07630395889282227
0.06190323829650879
0.047928571701049805
0.04737591743469238
0.03440690040588379
0.10521459579467773
0.06143069267272949
0.054117441177368164
0.03399300575256348
0.11433887481689453
0.09215235710144043
0.07793593406677246
0.06360602378845215
0.05768632888793945
0.04302811622619629
0.029000282287597656
0.10754919052124023
0.08421778678894043
0.06988024711608887
0.07027840614318848
0.056342363357543945
0.04223918914794922
0.11202788352966309
0.10613274574279785
0.0963904857635498
0.08228588104248047
0.06744742393493652
0.05611467361450195
0.04172205924987793
0.10933518409729004
0.08150196075439453
0.07202911376953125
0.06151914596557617
0.04755711555480957
0.03396940231323242
0.03155517578125
0.0961143970489502
0.08215546607971191
0.06984281539916992
0.06984877586364746
0.05515456199645996
0.03308677673339844
0.11086273193359375
0.0892477035522461
0.0748298168182373
0.06014370918273926
0.04227185249328613
0.028327226638793945
0.1089162826538086
0.08876657485961914
0.08596611022949219
0.07100367546081543
0.05378413200378418
0.03942275047302246
0.027072668075561523
0.09926342964172363
0.07973432540893555
0.07108092308044434
0.06391668319702148
0.049591779708862305
0.034688711166381836
0.10767555236816406
0.10657811164855957
0.09480977058410645
0.08084321022033691
0.05941414833068848
0.04464268684387207
0.029953956604003906
0.09720826148986816
0.08884549140930176
0.07462692260742188
0.060073137283325195
0.04507708549499512
0.030704021453857422
0.1100773811340332
0.09231138229370117
0.08466553688049316
0.07360005378723145
0.05403566360473633
0.04001569747924805
0.10912561416625977
0.09768271446228027
0.08662676811218262
0.07131743431091309
0.055989980697631836
0.04156231880187988
0.11045575141906738
0.09145998954772949
0.0864250659942627
0.07638740539550781
0.06182456016540527
0.04707789421081543
0.033402442932128906
0.1104118824005127
0.09456419944763184
0.08026766777038574
0.06639218330383301
0.052188873291015625
0.038314104080200195
0.11071252822875977
0.10066676139831543
0.08652377128601074
0.07894206047058105
0.0642848014831543
0.05009174346923828
0.036550045013427734
0.12643861770629883
0.11156487464904785
0.0976102352142334
0.08306503295898438
0.06834840774536133
0.051143646240234375
0.03944659233093262
0.116668701171875
0.08796977996826172
0.0709381103515625
0.056658267974853516
0.038968801498413086
0.03535962104797363
0.10002255439758301
0.10848808288574219
0.08826375007629395
0.07424330711364746
0.05652642250061035
0.0422816276550293
0.10681819915771484
0.09911870956420898
0.0862574577331543
0.07132625579833984
0.05615115165710449
0.041088104248046875
0.10890722274780273
0.08435821533203125
0.08454084396362305
0.06996273994445801
0.0558321475982666
0.03790020942687988
0.10062074661254883
0.08694911003112793
0.07911372184753418
0.07104229927062988
0.05649447441101074
0.04252815246582031
0.02811264991760254
0.08942151069641113
0.07745575904846191
0.06832218170166016
0.053955078125
0.042945146560668945
0.028853178024291992
0.10699701309204102
0.08681583404541016
0.07231974601745605
0.06406354904174805
0.051955223083496094
0.041243553161621094
0.11600923538208008
0.10532665252685547
0.10129928588867188
0.08688187599182129
0.07187914848327637
0.05698537826538086
0.04294919967651367
0.10414481163024902
0.08095169067382812
0.08130860328674316
0.06662893295288086
0.05235600471496582
0.03810882568359375
0.11138057708740234
0.09377050399780273
0.08157801628112793
0.07045340538024902
0.030061721801757812
0.12016677856445312
0.10351061820983887
0.08907198905944824
0.0746755599975586
0.06027483940124512
0.046330928802490234
0.03195476531982422
0.10005688667297363
0.0980076789855957
0.08451533317565918
0.06928133964538574
0.05491995811462402
0.04042196273803711
0.11705851554870605
0.09960794448852539
0.08553647994995117
0.07116508483886719
0.05648946762084961
0.04243969917297363
0.029160022735595703
0.11124300956726074
0.09750556945800781
0.08540511131286621
0.07013630867004395
0.05575680732727051
0.04137992858886719
0.12215876579284668
0.10523033142089844
0.09039044380187988
0.0764462947845459
0.06218242645263672
0.08435392379760742
0.06930088996887207
0.1059732437133789
0.08148312568664551
0.07639002799987793
0.05596160888671875
0.038956403732299805
0.09500241279602051
0.08003640174865723
0.0669710636138916
0.0604708194732666
0.05248427391052246
0.04003620147705078
0.0981149673461914
0.08457565307617188
0.06632876396179199
0.05709266662597656
0.044690847396850586
0.03136277198791504
0.09128975868225098
0.08232593536376953
0.07083964347839355
0.06581926345825195
0.05187678337097168
0.03719663619995117
0.1058967113494873
0.0835111141204834
0.07915496826171875
0.08162617683410645
0.06581926345825195
0.05189180374145508
0.12087607383728027
0.10180950164794922
0.08573055267333984
0.07307171821594238
0.06091189384460449
0.0525052547454834
0.054877281188964844
0.10859179496765137
0.11066555976867676
0.09873247146606445
0.08076333999633789
0.06582808494567871
0.04443049430847168
0.11392402648925781
0.09550952911376953
0.08685183525085449
0.07688021659851074
0.06490015983581543
0.05456972122192383
0.041048288345336914
0.10102510452270508
0.08280587196350098
0.0853891372680664
0.07621479034423828
0.06271767616271973
0.048191070556640625
0.10519242286682129
0.08652162551879883
0.0759279727935791
0.060854196548461914
0.04600262641906738
0.03524661064147949
0.022862672805786133
0.11432909965515137
0.0961453914642334
0.07671904563903809
0.06178760528564453
0.047669410705566406
0.03277897834777832
0.10459470748901367
0.09346961975097656
0.08908319473266602
0.07468771934509277
0.06048393249511719
0.04592537879943848
0.03116631507873535
0.09906697273254395
0.11113977432250977
0.09721779823303223
0.08270692825317383
0.0681312084197998
0.053719282150268555
0.10899496078491211
0.07743644714355469
0.06432414054870605
0.052121639251708984
0.04032540321350098
0.03488492965698242
0.10530281066894531
0.08431601524353027
0.07433104515075684
0.06599640846252441
0.05289721488952637
0.03818392753601074
0.03277254104614258
0.09885668754577637
0.09310126304626465
0.07893514633178711
0.06434917449951172
0.04970407485961914
0.0360417366027832
0.10862922668457031
0.08687329292297363
0.0726633071899414
0.0725870132446289
0.058664798736572266
0.04444622993469238
0.10776257514953613
0.09324526786804199
0.08108258247375488
0.0783994197845459
0.06483936309814453
0.05065512657165527
0.03609967231750488
0.10766482353210449
0.08752274513244629
0.06978344917297363
0.04574179649353027
0.030765295028686523
0.11198854446411133
0.09731197357177734
0.09729981422424316
0.08294010162353516
0.06646037101745605
0.05175447463989258
0.043325185775756836
0.11540484428405762
0.11452412605285645
0.09957408905029297
0.08430957794189453
0.06954574584960938
0.05533576011657715
0.04091048240661621
0.11458778381347656
0.1133272647857666
0.09861254692077637
0.08687186241149902
0.0694277286529541
0.05542898178100586
0.04035210609436035
0.10602426528930664
0.08528828620910645
0.07331562042236328
0.06383299827575684
0.049059391021728516
0.03481292724609375
0.10929059982299805
0.08788347244262695
0.07714343070983887
0.06814050674438477
0.05359387397766113
0.03917384147644043
0.12633252143859863
0.11123895645141602
0.09761762619018555
0.08337616920471191
0.06920814514160156
0.04839444160461426
0.03393363952636719
0.09243106842041016
0.07838606834411621
0.07522869110107422
0.06124711036682129
0.04701995849609375
0.03251218795776367
0.10891056060791016
0.08397746086120605
0.08105182647705078
0.07304215431213379
0.05907297134399414
0.044734954833984375
0.0297853946685791
0.09184098243713379
0.08095002174377441
0.06963348388671875
0.05510354042053223
0.04167580604553223
0.034142494201660156
0.10907888412475586
0.09031224250793457
0.07611632347106934
0.06194424629211426
0.04763340950012207
0.040180206298828125
0.11109685897827148
0.10984110832214355
0.0918877124786377
0.07384848594665527
0.05592513084411621
0.043592214584350586
0.02962660789489746
0.09237456321716309
0.08427834510803223
0.07002019882202148
0.05885052680969238
0.04931926727294922
0.03374886512756348
0.09152388572692871
0.08247089385986328
0.07519078254699707
0.06332874298095703
0.04845833778381348
0.03376412391662598
0.10848689079284668
0.09456419944763184
0.0809333324432373
0.06940054893493652
0.05445241928100586
0.03654050827026367
0.0922398567199707
0.0806884765625
0.07679867744445801
0.06809687614440918
0.05417609214782715
0.04018402099609375
0.02962660789489746
0.1018824577331543
0.08708882331848145
0.07188558578491211
0.05757761001586914
0.04368114471435547
0.023270606994628906
0.115997314453125
0.10116314888000488
0.09207916259765625
0.07755255699157715
0.06302237510681152
0.049013614654541016
0.10930681228637695
0.0908665657043457
0.07683634757995605
0.0626523494720459
0.04857993125915527
0.03573465347290039
0.02671051025390625
0.09540176391601562
0.08116483688354492
0.06690359115600586
0.06464409828186035
0.0526275634765625
0.03481125831604004
0.10315585136413574
0.09469151496887207
0.08058547973632812
0.06611990928649902
0.04530501365661621
0.030478239059448242
0.09456133842468262
0.09389996528625488
0.08382987976074219
0.06943869590759277
0.05452394485473633
0.04020810127258301
0.10867476463317871
0.08036065101623535
0.07708978652954102
0.06291985511779785
0.04889225959777832
0.034081220626831055
0.11472964286804199
0.11594343185424805
0.10199952125549316
0.08798694610595703
0.07369351387023926
0.06150412559509277
0.04657864570617676
0.03139901161193848
0.09275412559509277
0.07808375358581543
0.06408405303955078
0.053789615631103516
0.0396275520324707
0.030699491500854492
0.09401535987854004
0.0868065357208252
0.08034181594848633
0.06587982177734375
0.05134105682373047
0.03690505027770996
0.10760235786437988
0.10623884201049805
0.0921628475189209
0.07776856422424316
0.06359601020812988
0.04913520812988281
0.03548145294189453
0.10238146781921387
0.0855703353881836
0.07127666473388672
0.0640254020690918
0.0564267635345459
0.04722094535827637
0.03306293487548828
0.0990598201751709
0.08555316925048828
0.07135200500488281
0.05677938461303711
0.04370617866516113
0.034558773040771484
0.12183427810668945
0.09635305404663086
0.08185577392578125
0.0679020881652832
0.05386042594909668
0.02335643768310547
0.10405111312866211
0.08600950241088867
0.0683894157409668
0.06200075149536133
0.04710221290588379
0.03602862358093262
0.10283613204956055
0.07883954048156738
0.06891202926635742
0.06201338768005371
0.053656816482543945
0.04051685333251953
0.1141805648803711
0.09444236755371094
0.08131647109985352
0.06688165664672852
0.052518367767333984
0.03013014793395996
0.11102151870727539
0.08610367774963379
0.07184600830078125
0.05817914009094238
0.04533553123474121
0.032358646392822266
0.02910137176513672
0.09726715087890625
0.08497953414916992
0.0707848072052002
0.0566253662109375
0.05334806442260742
0.04203510284423828
0.12367129325866699
0.1184701919555664
0.10797381401062012
0.09509778022766113
0.08144450187683105
0.0666506290435791
0.05197787284851074
0.03801393508911133
0.09992837905883789
0.08548092842102051
0.07149124145507812
0.0575404167175293
0.0433812141418457
0.036362648010253906
0.1101522445678711
0.09085536003112793
0.07790470123291016
0.07245731353759766
0.06625556945800781
0.048804521560668945
0.03130006790161133
0.10420608520507812
0.09408807754516602
0.08380722999572754
0.0696420669555664
0.05545234680175781
0.034294843673706055
0.1028299331665039
0.08201789855957031
0.07314562797546387
0.05915546417236328
0.04480290412902832
0.03217601776123047
0.019917964935302734
0.1012258529663086
0.08428812026977539
0.08119702339172363
0.06639814376831055
0.05255270004272461
0.10922694206237793
0.09238219261169434
0.07746315002441406
0.06263113021850586
0.04775404930114746
0.03745222091674805
0.03323245048522949
0.09936666488647461
0.0841212272644043
0.06897926330566406
0.05802273750305176
0.044086456298828125
0.029645919799804688
0.11075687408447266
0.08989572525024414
0.07235145568847656
0.057712554931640625
0.04250979423522949
0.0375669002532959
0.1043541431427002
0.09954547882080078
0.08524823188781738
0.07079458236694336
0.05640840530395508
0.04266190528869629
0.10916376113891602
0.09516549110412598
0.08418154716491699
0.07611680030822754
0.06105828285217285
0.0471806526184082
0.03323793411254883
0.09071707725524902
0.07668089866638184
0.06794309616088867
0.058759212493896484
0.055905818939208984
0.0420069694519043
0.1077580451965332
0.08611273765563965
0.06826400756835938
0.05303001403808594
0.03541088104248047
0.12232732772827148
0.1019434928894043
0.08741092681884766
0.0732884407043457
0.06126666069030762
0.055152177810668945
0.041596412658691406
0.027782678604125977
0.0947577953338623
0.08371090888977051
0.08252358436584473
0.06759977340698242
0.05365252494812012
0.03984427452087402
0.10472393035888672
0.08601975440979004
0.07207942008972168
0.05623126029968262
0.0412297248840332
0.12075614929199219
0.09928536415100098
0.08541154861450195
0.06817936897277832
0.054193973541259766
0.04528236389160156
0.04198193550109863
0.11005640029907227
0.08616948127746582
0.07205820083618164
0.05699920654296875
0.04657268524169922
0.04785323143005371
0.035378456115722656
0.09981751441955566
0.08484840393066406
0.07413315773010254
0.05993914604187012
0.04498791694641113
0.03152728080749512
0.11152243614196777
0.10730433464050293
0.09237933158874512
0.07732343673706055
0.06340980529785156
0.05070948600769043
0.03583192825317383
0.029425859451293945
0.0981907844543457
0.08577799797058105
0.07183432579040527
0.058480024337768555
0.050817012786865234
0.03541278839111328
0.10800957679748535
0.0917668342590332
0.08572721481323242
0.07944750785827637
0.06549191474914551
0.05154919624328613
0.037593841552734375
0.10118579864501953
0.07996964454650879
0.06784892082214355
0.05437731742858887
0.049549102783203125
0.0388338565826416
0.030197620391845703
0.09195518493652344
0.08614921569824219
0.07126808166503906
0.06187796592712402
0.0467991828918457
0.029211997985839844
0.09950733184814453
0.08604788780212402
0.07810568809509277
0.06845498085021973
0.05533456802368164
0.04123520851135254
0.09472060203552246
0.0809926986694336
0.07212328910827637
0.06996655464172363
0.05707573890686035
0.04045414924621582
0.10211491584777832
0.08655118942260742
0.07220268249511719
0.0582430362701416
0.04404139518737793
0.031366825103759766
0.1147160530090332
0.09428834915161133
0.0801854133605957
0.06583881378173828
0.05172443389892578
0.03815889358520508
0.11483120918273926
0.1044166088104248
0.09353327751159668
0.07831382751464844
0.06392860412597656
0.043138742446899414
0.03892827033996582
0.1069028377532959
0.08547687530517578
0.07042860984802246
0.0705258846282959
0.055852651596069336
0.04149317741394043
0.11146283149719238
0.08390402793884277
0.07413721084594727
0.06334853172302246
0.04970121383666992
0.03518080711364746
0.11076974868774414
0.0964345932006836
0.08561897277832031
0.0842289924621582
0.06960630416870117
0.05500316619873047
0.041681528091430664
0.11290526390075684
0.08811378479003906
0.07385945320129395
0.05932927131652832
0.044428110122680664
0.03688406944274902
0.10146784782409668
0.09368753433227539
0.07890105247497559
0.06397438049316406
0.046224117279052734
0.03194379806518555
0.10738158226013184
0.09106826782226562
0.0790107250213623
0.06663727760314941
0.05841326713562012
0.0444798469543457
0.03031754493713379
0.11876869201660156
0.09757781028747559
0.08532261848449707
0.0713644027709961
0.057123661041259766
0.04318404197692871
0.11320996284484863
0.10321259498596191
0.08858418464660645
0.07356953620910645
0.05922365188598633
0.05372881889343262
0.040231943130493164
0.11199426651000977
0.08778500556945801
0.08002901077270508
0.06570076942443848
0.051401615142822266
0.13447904586791992
0.10373401641845703
0.08938193321228027
0.07561922073364258
0.061434268951416016
0.04768538475036621
0.037155866622924805
0.11359667778015137
0.09431648254394531
0.07949280738830566
0.07190394401550293
0.05739951133728027
0.04303455352783203
0.027597427368164062
0.08923768997192383
0.0765676498413086
0.059123992919921875
0.048191070556640625
0.037386417388916016
0.02698373794555664
0.0945732593536377
0.08777356147766113
0.07365179061889648
0.059517621994018555
0.045194149017333984
0.03568077087402344
0.11075639724731445
0.09685635566711426
0.08806443214416504
0.07687187194824219
0.0629127025604248
0.04898667335510254
0.03852248191833496
0.02443218231201172
0.09666275978088379
0.08412551879882812
0.0740823745727539
0.07091832160949707
0.05600237846374512
0.040906429290771484
0.10620880126953125
0.08563852310180664
0.07066941261291504
0.056110382080078125
0.05199933052062988
0.03552818298339844
0.10391354560852051
0.08717203140258789
0.07881975173950195
0.0704193115234375
0.05549740791320801
0.03602790832519531
0.11478066444396973
0.1037139892578125
0.09017157554626465
0.07012486457824707
0.05816006660461426
0.04421806335449219
0.10976481437683105
0.08298611640930176
0.07508993148803711
0.06314778327941895
0.05328202247619629
0.04579615592956543
0.03647470474243164
0.09874486923217773
0.07981467247009277
0.07001066207885742
0.055559635162353516
0.045342445373535156
0.038336992263793945
0.10671877861022949
0.0908498764038086
0.08474349975585938
0.07433605194091797
0.061750173568725586
0.04932689666748047
0.03599047660827637
0.10079360008239746
0.08286261558532715
0.07404351234436035
0.0629434585571289
0.04864811897277832
0.03423047065734863
0.019809722900390625
0.0979928970336914
0.08677887916564941
0.08929610252380371
0.07603597640991211
0.06106305122375488
0.03918027877807617
0.0910341739654541
0.09144449234008789
0.07651042938232422
0.06256794929504395
0.045290470123291016
0.03091907501220703
0.10014772415161133
0.08976221084594727
0.07536172866821289
0.06167125701904297
0.04806089401245117
0.04501008987426758
0.030736684799194336
0.0897822380065918
0.07462096214294434
0.07106447219848633
0.05244708061218262
0.03464484214782715
0.11148405075073242
0.10123896598815918
0.08772730827331543
0.08069586753845215
0.06642603874206543
0.05220913887023926
0.0384516716003418
0.02420973777770996
0.08736872673034668
0.07876396179199219
0.06517553329467773
0.047701120376586914
0.04656410217285156
0.03484010696411133
0.11068177223205566
0.09776973724365234
0.08255887031555176
0.06856584548950195
0.05486488342285156
0.040213584899902344
0.11038661003112793
0.08650541305541992
0.07237648963928223
0.06674003601074219
0.0583796501159668
0.10958433151245117
0.10212874412536621
0.08819842338562012
0.07315969467163086
0.06031465530395508
0.0425870418548584
0.040367841720581055
0.10310935974121094
0.07850790023803711
0.07312369346618652
0.05890536308288574
0.04399752616882324
0.03969430923461914
0.11100959777832031
0.08611154556274414
0.07094144821166992
0.07538366317749023
0.06254768371582031
0.047708749771118164
0.03362774848937988
0.1025855541229248
0.0899500846862793
0.07487773895263672
0.060904502868652344
0.05988359451293945
0.04848074913024902
0.1046450138092041
0.08035778999328613
0.0688619613647461
0.07635903358459473
0.06144070625305176
0.046407461166381836
0.11565303802490234
0.09024763107299805
0.0694265365600586
0.058843374252319336
0.04488992691040039
0.03068256378173828
0.10807204246520996
0.0896906852722168
0.07578825950622559
0.06887316703796387
0.05466198921203613
0.03971576690673828
0.02669215202331543
0.09149312973022461
0.07672977447509766
0.06360673904418945
0.059168338775634766
0.045156240463256836
0.03917574882507324
0.09434270858764648
0.07980918884277344
0.08198356628417969
0.06697368621826172
0.05230450630187988
0.03835344314575195
0.11010169982910156
0.08860421180725098
0.09188127517700195
0.0775308609008789
0.06344008445739746
0.04908871650695801
0.034361839294433594
0.09988689422607422
0.09704709053039551
0.08231759071350098
0.06792116165161133
0.053582191467285156
0.039132118225097656
0.1095426082611084
0.09296679496765137
0.0780479907989502
0.06366896629333496
0.049336910247802734
0.03454184532165527
0.020641565322875977
0.09991955757141113
0.08527088165283203
0.06684017181396484
0.05317044258117676
0.0388948917388916
0.03495430946350098
0.10775494575500488
0.08682799339294434
0.07259607315063477
0.059873104095458984
0.04543900489807129
0.031029701232910156
0.10666632652282715
0.08766698837280273
0.0764608383178711
0.0757756233215332
0.0610356330871582
0.04583239555358887
0.03161931037902832
0.09495234489440918
0.0804445743560791
0.07119965553283691
0.06638550758361816
0.05204582214355469
0.03828597068786621
0.1111288070678711
0.08354616165161133
0.07798027992248535
0.063629150390625
0.0493013858795166
0.034856557846069336
0.022612810134887695
0.09208869934082031
0.08406901359558105
0.06980562210083008
0.055278778076171875
0.04126787185668945
0.026604175567626953
0.09344625473022461
0.0828249454498291
0.0719912052154541
0.06633639335632324
0.051934003829956055
0.03836846351623535
0.10442233085632324
0.10018014907836914
0.08627009391784668
0.07129621505737305
0.05701184272766113
0.04237627983093262
0.028255939483642578
0.1011192798614502
0.08218932151794434
0.06914997100830078
0.05491280555725098
0.04297208786010742
0.03479719161987305
0.1107032299041748
0.0828855037689209
0.07823443412780762
0.0677328109741211
0.053107500076293945
0.03516197204589844
0.1088724136352539
0.09711337089538574
0.08843684196472168
0.07392454147338867
0.05934500694274902
0.04529571533203125
0.04149031639099121
0.11339402198791504
0.08935117721557617
0.07944726943969727
0.06527161598205566
0.05015730857849121
0.035836219787597656
0.1076211929321289
0.08817338943481445
0.07363295555114746
0.058715105056762695
0.03781938552856445
0.024909257888793945
0.10415124893188477
0.08956170082092285
0.07521915435791016
0.060221195220947266
0.04571366310119629
0.03132009506225586
0.11294722557067871
0.09318089485168457
0.07874941825866699
0.06397151947021484
0.049788475036621094
0.04008746147155762
0.024128437042236328
0.09259414672851562
0.08499264717102051
0.07946968078613281
0.06464195251464844
0.05008411407470703
0.03587794303894043
0.1082000732421875
0.0861656665802002
0.07514047622680664
0.06416535377502441
0.055770158767700195
0.04104495048522949
0.1076655387878418
0.0872955322265625
0.08516860008239746
0.07071733474731445
0.05626845359802246
0.04108548164367676
0.11224985122680664
0.08578705787658691
0.07608151435852051
0.0704190731048584
0.05623793601989746
0.041976213455200195
0.10732555389404297
0.08225107192993164
0.0787348747253418
0.06431436538696289
0.05014777183532715
0.036305904388427734
0.022020816802978516
0.10098075866699219
0.08503150939941406
0.0705873966217041
0.0574650764465332
0.04512286186218262
0.032840728759765625
0.03005361557006836
0.09824228286743164
0.08746910095214844
0.06962847709655762
0.05493521690368652
0.04031538963317871
0.025340795516967773
0.09499597549438477
0.08394813537597656
0.06639528274536133
0.0516202449798584
0.0425260066986084
0.028665542602539062
0.10027313232421875
0.08619523048400879
0.06485867500305176
0.047322750091552734
0.03327345848083496
0.11664557456970215
0.09419965744018555
0.0802156925201416
0.0663292407989502
0.05118703842163086
0.04259300231933594
0.11142826080322266
0.09670019149780273
0.08256912231445312
0.08466029167175293
0.07079243659973145
0.05659055709838867
0.04263138771057129
0.11187934875488281
0.10102200508117676
0.08467602729797363
0.08117413520812988
0.06670260429382324
0.05170893669128418
0.03746199607849121
0.11040067672729492
0.0894324779510498
0.08414340019226074
0.06924271583557129
0.05472731590270996
0.11375641822814941
0.09941935539245605
0.08524465560913086
0.07098150253295898
0.05639004707336426
0.04188418388366699
0.0242922306060791
0.09231996536254883
0.08172249794006348
0.06784272193908691
0.05716753005981445
0.045879364013671875
0.03491711616516113
0.11548542976379395
0.09442925453186035
0.08028650283813477
0.06526684761047363
0.05126333236694336
0.0366976261138916
0.11294245719909668
0.09449601173400879
0.08176732063293457
0.07272100448608398
0.0692603588104248
0.048709869384765625
0.03419351577758789
0.10168266296386719
0.0865626335144043
0.08000755310058594
0.06510758399963379
0.0511622428894043
0.03719782829284668
0.030652761459350586
0.10012984275817871
0.0840761661529541
0.07005929946899414
0.06623268127441406
0.05183053016662598
0.037398338317871094
0.1095271110534668
0.08670949935913086
0.07270288467407227
0.06238698959350586
0.04789900779724121
0.033915042877197266
0.1088857650756836
0.09738850593566895
0.08886075019836426
0.08707714080810547
0.07975077629089355
0.06557154655456543
0.05211067199707031
0.037962913513183594
0.1153566837310791
0.09537839889526367
0.08134794235229492
0.06763625144958496
0.05338573455810547
0.03920173645019531
0.10482406616210938
0.08692264556884766
0.08249831199645996
0.06830477714538574
0.05348396301269531
0.03926658630371094
0.11009812355041504
0.12056422233581543
0.10981512069702148
0.09810829162597656
0.08026766777038574
0.06522631645202637
0.04728531837463379
0.10122323036193848
0.0867767333984375
0.08118176460266113
0.06713318824768066
0.05296444892883301
0.03904151916503906
0.10097670555114746
0.08586478233337402
0.09729671478271484
0.08277702331542969
0.06477022171020508
0.04940223693847656
0.09433460235595703
0.07796001434326172
0.08018612861633301
0.07020211219787598
0.055837392807006836
0.04094409942626953
0.11073184013366699
0.08780193328857422
0.08376574516296387
0.07131624221801758
0.05689597129821777
0.04264068603515625
0.11338615417480469
0.0995492935180664
0.09251904487609863
0.07828116416931152
0.06036520004272461
0.05453658103942871
0.04039764404296875
0.11574172973632812
0.08587479591369629
0.07179927825927734
0.05786013603210449
0.0546116828918457
0.0414423942565918
0.10978007316589355
0.08414554595947266
0.08000922203063965
0.057801008224487305
0.04327130317687988
0.029058456420898438
0.09151268005371094
0.08608412742614746
0.08010673522949219
0.06538820266723633
0.0472569465637207
0.033048391342163086
0.10068726539611816
0.08336830139160156
0.0830070972442627
0.06466150283813477
0.04998469352722168
0.03499436378479004
0.10527467727661133
0.08342981338500977
0.08876180648803711
0.07414603233337402
0.05608201026916504
0.040883541107177734
0.12233185768127441
0.09641003608703613
0.08204889297485352
0.06757545471191406
0.053887128829956055
0.03542590141296387
0.11290192604064941
0.09006452560424805
0.07601380348205566
0.06163191795349121
0.052950143814086914
0.0354156494140625
0.10663795471191406
0.1017310619354248
0.08771181106567383
0.07586908340454102
0.04355287551879883
0.12468266487121582
0.10121369361877441
0.09188246726989746
0.07741522789001465
0.06242656707763672
0.045366525650024414
0.03054666519165039
0.11330962181091309
0.09285902976989746
0.07902216911315918
0.06541562080383301
0.051290273666381836
0.03729248046875
0.09224939346313477
0.08359718322753906
0.06839966773986816
0.054619789123535156
0.042261600494384766
0.04472994804382324
0.10919308662414551
0.08674335479736328
0.07258868217468262
0.06230735778808594
0.05423331260681152
0.040120601654052734
0.025190353393554688
0.09865546226501465
0.0856332778930664
0.08276581764221191
0.07455325126647949
0.060413360595703125
0.045740604400634766
0.03645062446594238
0.0894932746887207
0.09262251853942871
0.07849574089050293
0.06423521041870117
0.0489504337310791
0.03466439247131348
0.10224533081054688
0.09079861640930176
0.08841371536254883
0.07740068435668945
0.06327009201049805
0.048902034759521484
0.03339672088623047
0.09845423698425293
0.08306193351745605
0.07789945602416992
0.05125856399536133
0.03846859931945801
0.12207341194152832
0.0937049388885498
0.07959342002868652
0.07710766792297363
0.06392192840576172
0.05064725875854492
0.03586411476135254
0.11960721015930176
0.10168290138244629
0.086334228515625
0.06952071189880371
0.05414915084838867
0.040004730224609375
0.10590600967407227
0.0906827449798584
0.07893919944763184
0.06390857696533203
0.054639339447021484
0.04181075096130371
0.10798978805541992
0.08112788200378418
0.07266855239868164
0.0609745979309082
0.04667854309082031
0.028810739517211914
0.11156487464904785
0.08664941787719727
0.07306981086730957
0.07741236686706543
0.06186795234680176
0.04915809631347656
0.10479950904846191
0.0979909896850586
0.08388280868530273
0.06947779655456543
0.054718017578125
0.03971123695373535
0.10661864280700684
0.09498429298400879
0.08046722412109375
0.06553173065185547
0.05065011978149414
0.0364534854888916
0.030372142791748047
0.08997869491577148
0.0824127197265625
0.06790041923522949
0.05428051948547363
0.04032135009765625
0.02690601348876953
0.10663795471191406
0.10421133041381836
0.09078407287597656
0.07599997520446777
0.06201362609863281
0.048188209533691406
0.11586356163024902
0.09485769271850586
0.0768122673034668
0.061695098876953125
0.05213475227355957
0.03685569763183594
0.11657023429870605
0.09095907211303711
0.0707705020904541
0.057122230529785156
0.04198622703552246
0.03440976142883301
0.1086881160736084
0.08660292625427246
0.07174253463745117
0.0577085018157959
0.04865622520446777
0.0406649112701416
0.09358048439025879
0.08239412307739258
0.06813311576843262
0.05351662635803223
0.03633451461791992
0.0227508544921875
0.10527706146240234
0.10372018814086914
0.09110140800476074
0.07618403434753418
0.06348609924316406
0.05004262924194336
0.11509442329406738
0.08542609214782715
0.07068681716918945
0.05579209327697754
0.03817486763000488
0.034592628479003906
0.09086418151855469
0.09208965301513672
0.0775907039642334
0.06772518157958984
0.052901506423950195
0.03931760787963867
0.10421180725097656
0.09763312339782715
0.08363914489746094
0.06567740440368652
0.051206111907958984
0.03342461585998535
0.10110616683959961
0.08677196502685547
0.08749008178710938
0.07327413558959961
0.059447526931762695
0.04469919204711914
0.11786961555480957
0.0960075855255127
0.08148360252380371
0.06720399856567383
0.05321478843688965
0.03568315505981445
0.11164379119873047
0.09763216972351074
0.09257245063781738
0.08051514625549316
0.06826210021972656
0.054512739181518555
0.03455066680908203
0.0896444320678711
0.08756494522094727
0.0720973014831543
0.060909271240234375
0.03161430358886719
0.10186982154846191
0.0924835205078125
0.08158326148986816
0.06709074974060059
0.05264925956726074
0.03147268295288086
0.11229372024536133
0.08722424507141113
0.08460307121276855
0.07173871994018555
0.05687069892883301
0.04265165328979492
0.028138160705566406
0.09229826927185059
0.08961772918701172
0.07519650459289551
0.0607454776763916
0.046326637268066406
0.031025171279907227
0.10706186294555664
0.08424162864685059
0.08552908897399902
0.07302165031433105
0.05861926078796387
0.04433703422546387
0.11071228981018066
0.0938568115234375
0.08424496650695801
0.08108830451965332
0.0667884349822998
0.04917573928833008
0.03103470802307129
0.10329461097717285
0.08933877944946289
0.07478785514831543
0.06038260459899902
0.045446157455444336
0.04096627235412598
0.11026954650878906
0.08548188209533691
0.07663178443908691
0.06471419334411621
0.055522918701171875
0.04275774955749512
0.11332583427429199
0.10553407669067383
0.0886070728302002
0.07422494888305664
0.060240983963012695
0.04693484306335449
0.04319882392883301
0.10963177680969238
0.09714531898498535
0.08294534683227539
0.06519365310668945
0.05107450485229492
0.04553723335266113
0.031919240951538086
0.09705471992492676
0.08142209053039551
0.06935620307922363
0.0569310188293457
0.05166125297546387
0.03763890266418457
0.10828733444213867
0.08637285232543945
0.0723714828491211
0.06857657432556152
0.05412101745605469
0.040056467056274414
0.025432109832763672
0.09831857681274414
0.08428144454956055
0.06908273696899414
0.05124855041503906
0.04317021369934082
0.028745651245117188
0.10134387016296387
0.09471440315246582
0.08411693572998047
0.0705556869506836
0.05646705627441406
0.04153180122375488
0.027974605560302734
0.09543347358703613
0.07727432250976562
0.06517744064331055
0.060639142990112305
0.04542255401611328
0.031075239181518555
0.09203433990478516
0.09452986717224121
0.08099985122680664
0.06627273559570312
0.05132341384887695
0.03619503974914551
0.09143280982971191
0.09640121459960938
0.07641839981079102
0.062448978424072266
0.0505976676940918
0.03496241569519043
0.09378957748413086
0.08315014839172363
0.07205963134765625
0.0570683479309082
0.04027390480041504
0.0294187068939209
0.10310626029968262
0.08401322364807129
0.07902884483337402
0.06466865539550781
0.04728245735168457
0.03268241882324219
0.11218810081481934
0.09740614891052246
0.08274388313293457
0.07883381843566895
0.04112505912780762
0.027250051498413086
0.10501980781555176
0.08710479736328125
0.0730891227722168
0.05606555938720703
0.05030035972595215
0.03536200523376465
0.10851097106933594
0.09678840637207031
0.10260605812072754
0.08923864364624023
0.07534241676330566
0.047919511795043945
0.033148765563964844
0.10275554656982422
0.09682345390319824
0.08145475387573242
0.06754159927368164
0.05328369140625
0.038071632385253906
0.12025213241577148
0.10011553764343262
0.08474516868591309
0.07057023048400879
0.05671572685241699
0.0417478084564209
0.1115260124206543
0.09798884391784668
0.09184861183166504
0.0775599479675293
0.07781100273132324
0.06385183334350586
0.043906211853027344
0.11225771903991699
0.08735990524291992
0.07311892509460449
0.06244468688964844
0.0560915470123291
0.04121828079223633
0.10683989524841309
0.08839726448059082
0.07402920722961426
0.06894516944885254
0.05389595031738281
0.03943228721618652
0.025408029556274414
0.09508323669433594
0.08029913902282715
0.0662834644317627
0.05232644081115723
0.04391670227050781
0.034194231033325195
0.09141421318054199
0.08152341842651367
0.06722140312194824
0.05288243293762207
0.052298784255981445
0.042247772216796875
0.10724806785583496
0.0862884521484375
0.08988833427429199
0.07928681373596191
0.06501483917236328
0.050502777099609375
0.037248849868774414
0.09747600555419922
0.09368300437927246
0.09274411201477051
0.0780782699584961
0.06348681449890137
0.04828667640686035
0.11308145523071289
0.08945250511169434
0.07540249824523926
0.060634613037109375
0.045320987701416016
0.0447843074798584
0.131455659866333
0.10720348358154297
0.09210824966430664
0.0776526927947998
0.06060457229614258
0.04574275016784668
0.10675764083862305
0.09618210792541504
0.09385800361633301
0.08011603355407715
0.06621432304382324
0.051572561264038086
0.03637385368347168
0.09627485275268555
0.08927631378173828
0.08053421974182129
0.06658148765563965
0.04966568946838379
0.05351400375366211
0.13229155540466309
0.10601139068603516
0.08725738525390625
0.06932187080383301
0.051827430725097656
0.03770732879638672
0.1021575927734375
0.09084320068359375
0.07576799392700195
0.060781002044677734
0.046735525131225586
0.03992152214050293
0.1190638542175293
0.10639190673828125
0.09154486656188965
0.08132195472717285
0.0636436939239502
0.04232645034790039
0.10806465148925781
0.08668732643127441
0.0747976303100586
0.06003403663635254
0.05387449264526367
0.03766822814941406
0.10969662666320801
0.0859367847442627
0.06747651100158691
0.05692291259765625
0.047988176345825195
0.038228750228881836
0.09328556060791016
0.07611799240112305
0.06370043754577637
0.05835080146789551
0.04376959800720215
0.029195070266723633
0.10652470588684082
0.09111213684082031
0.07610774040222168
0.06208157539367676
0.0478665828704834
0.11049747467041016
0.09359478950500488
0.08384370803833008
0.0778968334197998
0.06360363960266113
0.045096397399902344
0.030822277069091797
0.10274624824523926
0.08453607559204102
0.07355809211730957
0.05951523780822754
0.05420041084289551
0.038457393646240234
0.10983896255493164
0.09551334381103516
0.08468317985534668
0.07106161117553711
0.056223154067993164
0.03551530838012695
0.12544512748718262
0.10351181030273438
0.08920073509216309
0.07506036758422852
0.06293344497680664
0.048364877700805664
0.03387928009033203
0.10529756546020508
0.08483648300170898
0.07108259201049805
0.06224250793457031
0.04727792739868164
0.03287100791931152
0.02097153663635254
0.09727144241333008
0.08679556846618652
0.07185530662536621
0.05765390396118164
0.043494224548339844
0.03458833694458008
0.11676502227783203
0.10901689529418945
0.09644746780395508
0.08161711692810059
0.06727051734924316
0.052240848541259766
0.03792762756347656
0.10092949867248535
0.09288454055786133
0.08759593963623047
0.09140372276306152
0.07683658599853516
0.06288981437683105
0.11380863189697266
0.0851283073425293
0.04881763458251953
0.03439474105834961
0.029467344284057617
0.1029055118560791
0.09251713752746582
0.07856559753417969
0.062201499938964844
0.06045722961425781
0.04705071449279785
0.1080923080444336
0.08190393447875977
0.07139015197753906
0.05730772018432617
0.04217934608459473
0.038292884826660156
0.11162066459655762
0.09055805206298828
0.08573150634765625
0.07276701927185059
0.052498817443847656
0.038878679275512695
0.10471534729003906
0.08666419982910156
0.08316993713378906
0.06908392906188965
0.05464816093444824
0.03995323181152344
0.024673938751220703
0.10799574851989746
0.09452462196350098
0.08054757118225098
0.06657934188842773
0.052570343017578125
0.03862309455871582
0.023671388626098633
0.09012293815612793
0.08140754699707031
0.06724405288696289
0.05377340316772461
0.048281192779541016
0.03402972221374512
0.11636829376220703
0.09487771987915039
0.08145761489868164
0.06717324256896973
0.052730560302734375
0.03570055961608887
0.022118330001831055
0.08951902389526367
0.07459282875061035
0.06466269493103027
0.05020403861999512
0.03699970245361328
0.034522056579589844
0.10360121726989746
0.09374713897705078
0.09078574180603027
0.07649874687194824
0.06218671798706055
0.04817605018615723
0.03281712532043457
0.11516237258911133
0.09766697883605957
0.08433747291564941
0.0698995590209961
0.05645418167114258
0.03879547119140625
0.11022090911865234
0.0987391471862793
0.08462357521057129
0.06657719612121582
0.05205583572387695
0.034577369689941406
0.02005624771118164
0.09309554100036621
0.0910332202911377
0.07601523399353027
0.06228494644165039
0.04800844192504883
0.030155181884765625
0.1043846607208252
0.0879671573638916
0.07444334030151367
0.054984331130981445
0.04171872138977051
0.0326685905456543
0.10738301277160645
0.08436703681945801
0.09113550186157227
0.07797884941101074
0.0635213851928711
0.04929614067077637
0.0347139835357666
0.08955001831054688
0.07674074172973633
0.07080459594726562
0.06113743782043457
0.050229787826538086
0.03668332099914551
0.10419082641601562
0.08694243431091309
0.07599782943725586
0.061757564544677734
0.04734349250793457
0.03367471694946289
0.11196255683898926
0.08719515800476074
0.0729668140411377
0.07331180572509766
0.058278560638427734
0.04413437843322754
0.02960205078125
0.09553647041320801
0.08158063888549805
0.06744003295898438
0.05732154846191406
0.0428774356842041
0.03183460235595703
0.11109519004821777
0.09733724594116211
0.08250737190246582
0.06812357902526855
0.05367851257324219
0.03849315643310547
0.11150431632995605
0.09654784202575684
0.08815503120422363
0.07334017753601074
0.06000018119812012
0.054596662521362305
0.049277544021606445
0.03566336631774902
0.09845209121704102
0.08370327949523926
0.07022666931152344
0.06122422218322754
0.046793222427368164
0.04140019416809082
0.10394740104675293
0.08351993560791016
0.07302331924438477
0.05905342102050781
0.04314160346984863
0.03681826591491699
0.022841691970825195
0.09674644470214844
0.08495616912841797
0.08425784111022949
0.06937718391418457
0.05323529243469238
0.038402557373046875
0.10744309425354004
0.08263778686523438
0.06969189643859863
0.0570375919342041
0.04783797264099121
0.039995670318603516
0.031215667724609375
0.09189653396606445
0.07780981063842773
0.06564450263977051
0.06304383277893066
0.04814600944519043
0.030165672302246094
0.10621976852416992
0.08230900764465332
0.06925296783447266
0.0641472339630127
0.04910731315612793
0.0346987247467041
0.11145734786987305
0.12272119522094727
0.1307058334350586
0.13570022583007812
0.10626077651977539
0.09238743782043457
0.11018705368041992
0.07916665077209473
0.060105323791503906
0.059629201889038086
0.05027031898498535
0.03580141067504883
0.09773468971252441
0.08149409294128418
0.0693352222442627
0.06032752990722656
0.04973196983337402
0.03503155708312988
0.10838460922241211
0.09333610534667969
0.08058714866638184
0.0744781494140625
0.060277700424194336
0.04528093338012695
0.030619144439697266
0.10547733306884766
0.09759354591369629
0.07949304580688477
0.058028459548950195
0.04318737983703613
0.02884054183959961
0.09796857833862305
0.08930730819702148
0.08837676048278809
0.07400274276733398
0.05981612205505371
0.04461336135864258
0.029587745666503906
0.10793781280517578
0.09375452995300293
0.07888007164001465
0.06468343734741211
0.05067753791809082
0.03581571578979492
0.11076235771179199
0.08761930465698242
0.07342910766601562
0.05908799171447754
0.06040072441101074
0.04628729820251465
0.0319669246673584
0.0984489917755127
0.08677959442138672
0.06939315795898438
0.0637822151184082
0.04905438423156738
0.03449892997741699
0.10596299171447754
0.09969162940979004
0.08548259735107422
0.06754517555236816
0.0468752384185791
0.0319828987121582
0.09912967681884766
0.08952689170837402
0.0752265453338623
0.0612185001373291
0.05497622489929199
0.04061770439147949
0.026039838790893555
0.09239411354064941
0.07839202880859375
0.0688619613647461
0.05779314041137695
0.04317426681518555
0.03534078598022461
0.10527944564819336
0.08709454536437988
0.0816500186920166
0.06394839286804199
0.04575181007385254
0.03316330909729004
0.1091310977935791
0.08456683158874512
0.07092428207397461
0.06271934509277344
0.04824233055114746
0.034089088439941406
0.10751557350158691
0.08492136001586914
0.07369661331176758
0.0633397102355957
0.04963111877441406
0.0354313850402832
0.12189006805419922
0.10423660278320312
0.09011030197143555
0.08096098899841309
0.08049607276916504
0.06185746192932129
0.046796560287475586
0.10224175453186035
0.09355521202087402
0.07861828804016113
0.06487822532653809
0.04772520065307617
0.029979228973388672
0.10408520698547363
0.08608150482177734
0.08678555488586426
0.07497286796569824
0.060732126235961914
0.04550313949584961
0.03088855743408203
0.09212803840637207
0.08197450637817383
0.07214093208312988
0.05666947364807129
0.04200601577758789
0.02811431884765625
0.10092735290527344
0.0829172134399414
0.07071232795715332
0.06205391883850098
0.04777121543884277
0.033637046813964844
0.10649847984313965
0.0870199203491211
0.07955074310302734
0.06878447532653809
0.059983015060424805
0.046454429626464844
0.0343170166015625
0.09801054000854492
0.08399391174316406
0.06943559646606445
0.05490708351135254
0.039758920669555664
0.026831865310668945
0.10511159896850586
0.08386993408203125
0.08333516120910645
0.07970547676086426
0.06092357635498047
0.04520726203918457
0.10910630226135254
0.08736085891723633
0.08135032653808594
0.06632161140441895
0.0514683723449707
0.03352022171020508
0.10686850547790527
0.08967804908752441
0.08471465110778809
0.06331920623779297
0.04839944839477539
0.03368210792541504
0.10377025604248047
0.08277535438537598
0.06954312324523926
0.056870460510253906
0.04732847213745117
0.03305172920227051
0.02344346046447754
0.08207583427429199
0.07176089286804199
0.057610511779785156
0.05077862739562988
0.03615760803222656
0.11590981483459473
0.09886789321899414
0.08415722846984863
0.0698239803314209
0.05076336860656738
0.0532989501953125
0.03928399085998535
0.10355687141418457
0.08102273941040039
0.07633256912231445
0.061539411544799805
0.04735898971557617
0.033095359802246094
0.10857796669006348
0.10428476333618164
0.08976221084594727
0.0744011402130127
0.0597381591796875
0.04504513740539551
0.030640363693237305
0.10367321968078613
0.08207511901855469
0.07242298126220703
0.05813455581665039
0.04439973831176758
0.03221321105957031
0.03096795082092285
0.09570074081420898
0.08144283294677734
0.06726431846618652
0.05284738540649414
0.04039597511291504
0.02468562126159668
0.10025596618652344
0.08777070045471191
0.07615137100219727
0.061095476150512695
0.059676408767700195
0.04538416862487793
0.03106689453125
0.08966875076293945
0.0777890682220459
0.06592893600463867
0.05347919464111328
0.04456520080566406
0.02223491668701172
0.10016727447509766
0.0899965763092041
0.08989214897155762
0.07514429092407227
0.06119489669799805
0.046448707580566406
0.032424211502075195
0.1000528335571289
0.08213353157043457
0.07286548614501953
0.06430530548095703
0.04918861389160156
0.020984172821044922
0.09756588935852051
0.08689761161804199
0.07592368125915527
0.0614628791809082
0.0475766658782959
0.04585123062133789
0.03355884552001953
0.09841704368591309
0.08398318290710449
0.0695652961730957
0.05562114715576172
0.04072237014770508
0.026424884796142578
0.10471057891845703
0.08423328399658203
0.07604146003723145
0.06476950645446777
0.050696372985839844
0.03571677207946777
0.1130526065826416
0.08902907371520996
0.07476544380187988
0.06615471839904785
0.03582286834716797
0.10900521278381348
0.09032559394836426
0.07629537582397461
0.062128305435180664
0.047863006591796875
0.032801151275634766
0.1088399887084961
0.08568763732910156
0.07387566566467285
0.06669449806213379
0.052286386489868164
0.03737449645996094
0.023029327392578125
0.0952303409576416
0.08091568946838379
0.0707240104675293
0.06192660331726074
0.04584670066833496
0.03203320503234863
0.09175539016723633
0.09567975997924805
0.08306455612182617
0.06969070434570312
0.05527782440185547
0.04084444046020508
0.10457658767700195
0.08657169342041016
0.0720984935760498
0.05787968635559082
0.045348167419433594
0.04216194152832031
0.10539126396179199
0.09038400650024414
0.07635831832885742
0.061882734298706055
0.056456804275512695
0.04319143295288086
0.0321345329284668
0.09556770324707031
0.0815587043762207
0.06740546226501465
0.059258222579956055
0.04921674728393555
0.03502988815307617
0.10494637489318848
0.08342361450195312
0.07666587829589844
0.06651520729064941
0.052214860916137695
0.03773808479309082
0.02313518524169922
0.09184074401855469
0.08762383460998535
0.07316040992736816
0.05874156951904297
0.0517878532409668
0.03127408027648926
0.10164642333984375
0.08476066589355469
0.09170293807983398
0.0765380859375
0.061852455139160156
0.04701042175292969
0.03267073631286621
0.10176920890808105
0.0879967212677002
0.08033084869384766
0.0661468505859375
0.05147266387939453
0.03703570365905762
0.022784709930419922
0.0901188850402832
0.08175897598266602
0.07429313659667969
0.06864595413208008
0.05447816848754883
0.03998446464538574
0.10946393013000488
0.0841073989868164
0.08736538887023926
0.0724484920501709
0.05818891525268555
0.041239023208618164
0.10788083076477051
0.09304642677307129
0.08836603164672852
0.07909965515136719
0.06090807914733887
0.046462297439575195
0.032258033752441406
0.0919957160949707
0.08127498626708984
0.08118081092834473
0.06374239921569824
0.04929065704345703
0.034893035888671875
0.10134601593017578
0.08651232719421387
0.041698455810546875
0.027801036834716797
0.12504029273986816
0.10379815101623535
0.08563542366027832
0.06775498390197754
0.05003166198730469
0.0321803092956543
0.10382413864135742
0.09430551528930664
0.08010125160217285
0.06626152992248535
0.051648855209350586
0.03707122802734375
0.025948047637939453
0.08952116966247559
0.07698726654052734
0.0712730884552002
0.05652284622192383
0.04149746894836426
0.027407407760620117
0.10681962966918945
0.0959165096282959
0.08192586898803711
0.06743836402893066
0.05392313003540039
0.039450883865356445
0.11504817008972168
0.082366943359375
0.07030534744262695
0.05825066566467285
0.058335304260253906
0.04463982582092285
0.10883069038391113
0.10004043579101562
0.08598613739013672
0.0858767032623291
0.07143783569335938
0.05721330642700195
0.03960394859313965
0.11654996871948242
0.0988926887512207
0.08479976654052734
0.07074666023254395
0.056554317474365234
0.04209494590759277
0.020659208297729492
0.0990755558013916
0.08510088920593262
0.07102036476135254
0.05700087547302246
0.04260993003845215
0.03667926788330078
0.1158747673034668
0.09357738494873047
0.07931876182556152
0.06429719924926758
0.05011105537414551
0.03565406799316406
0.021368026733398438
0.10192561149597168
0.08824396133422852
0.07361125946044922
0.05877542495727539
0.0512237548828125
0.039175987243652344
0.11134672164916992
0.0940244197845459
0.08542037010192871
0.07101202011108398
0.05693173408508301
0.056958675384521484
0.04252290725708008
0.1112205982208252
0.09578490257263184
0.085235595703125
0.07088923454284668
0.05604982376098633
0.04649972915649414
0.03955888748168945
0.1093149185180664
0.0958089828491211
0.08157730102539062
0.06376004219055176
0.05001950263977051
0.03608822822570801
0.10044097900390625
0.09337258338928223
0.08359813690185547
0.06565594673156738
0.04751324653625488
0.03260540962219238
0.10574698448181152
0.0878140926361084
0.07366681098937988
0.07168364524841309
0.05117464065551758
0.03688216209411621
0.10511922836303711
0.0881507396697998
0.07501411437988281
0.061167001724243164
0.043543100357055664
0.0301206111907959
0.11455726623535156
0.09589099884033203
0.08195352554321289
0.06812238693237305
0.05290961265563965
0.041982173919677734
0.027980566024780273
0.10126066207885742
0.08785820007324219
0.08092498779296875
0.0656280517578125
0.051453351974487305
0.03767514228820801
0.02369403839111328
0.0954751968383789
0.0849616527557373
0.0830078125
0.061559438705444336
0.04716229438781738
0.032721519470214844
0.10397195816040039
0.09753632545471191
0.08340096473693848
0.06888651847839355
0.05480360984802246
0.04061698913574219
0.026105165481567383
0.08989667892456055
0.07746124267578125
0.06434822082519531
0.05835676193237305
0.046897172927856445
0.034697532653808594
0.09299159049987793
0.07910609245300293
0.07377386093139648
0.05930685997009277
0.04506731033325195
0.030793190002441406
0.09727048873901367
0.07824206352233887
0.06488943099975586
0.04858875274658203
0.034262657165527344
0.10638618469238281
0.08767867088317871
0.07367372512817383
0.06435823440551758
0.050287485122680664
0.03601551055908203
0.022774696350097656
0.11044764518737793
0.09460139274597168
0.07985830307006836
0.0626068115234375
0.0491185188293457
0.03524327278137207
0.1015927791595459
0.08894157409667969
0.07352185249328613
0.05926227569580078
0.04491758346557617
0.02429962158203125
0.11003446578979492
0.09659767150878906
0.0823516845703125
0.06828713417053223
0.053626060485839844
0.03953742980957031
0.09773921966552734
0.08281588554382324
0.06788039207458496
0.04998469352722168
0.04137539863586426
0.032541513442993164
0.10692548751831055
0.08402800559997559
0.07465887069702148
0.06030988693237305
0.04302787780761719
0.030495643615722656
0.11092448234558105
0.0973806381225586
0.07674956321716309
0.07658100128173828
0.06168007850646973
0.0476377010345459
0.033231496810913086
0.09518051147460938
0.08071064949035645
0.07574772834777832
0.06136918067932129
0.04641580581665039
0.032156944274902344
0.10531377792358398
0.10196161270141602
0.08846282958984375
0.07409358024597168
0.05940103530883789
0.04496502876281738
0.029776573181152344
0.08983254432678223
0.08459615707397461
0.07022595405578613
0.05578422546386719
0.052193403244018555
0.03967118263244629
0.12586569786071777
0.1019597053527832
0.08720040321350098
0.07280516624450684
0.05844306945800781
0.043473005294799805
0.03609657287597656
0.10037517547607422
0.10606765747070312
0.0912635326385498
0.07580041885375977
0.06319785118103027
0.049399375915527344
0.11724281311035156
0.09026288986206055
0.07479190826416016
0.06004500389099121
0.04541444778442383
0.0415952205657959
0.11126303672790527
0.09362173080444336
0.08055233955383301
0.06779146194458008
0.06450653076171875
0.049416542053222656
0.030141115188598633
0.0951073169708252
0.08015298843383789
0.06584906578063965
0.057581424713134766
0.028749704360961914
0.1140906810760498
0.09337210655212402
0.07896900177001953
0.06455397605895996
0.05084037780761719
0.041794538497924805
0.031178951263427734
0.09017038345336914
0.07836079597473145
0.06595349311828613
0.06251072883605957
0.050045013427734375
0.03736233711242676
0.10405707359313965
0.08333849906921387
0.07406258583068848
0.06872034072875977
0.05698251724243164
0.04390740394592285
0.0310666561126709
0.08997583389282227
0.07498693466186523
0.06548714637756348
0.05738043785095215
0.04100680351257324
0.026643753051757812
0.10662388801574707
0.0941162109375
0.07966470718383789
0.06163763999938965
0.0472111701965332
0.02951836585998535
0.09418821334838867
0.08346176147460938
0.0800025463104248
0.06499695777893066
0.051045894622802734
0.0375821590423584
0.10815906524658203
0.08321475982666016
0.07883191108703613
0.07213711738586426
0.0577237606048584
0.04310035705566406
0.028569698333740234
0.10305094718933105
0.08457088470458984
0.06656646728515625
0.05590510368347168
0.04831719398498535
0.03421354293823242
0.10514116287231445
0.10118985176086426
0.08753705024719238
0.06612682342529297
0.05168008804321289
0.03738570213317871
0.10753488540649414
0.08723187446594238
0.07917904853820801
0.06779050827026367
0.05367088317871094
0.03914022445678711
0.024509668350219727
0.09013724327087402
0.08172965049743652
0.07062649726867676
0.05910921096801758
0.047070980072021484
0.032651662826538086
0.10764074325561523
0.08288121223449707
0.0735330581665039
0.06926202774047852
0.05496835708618164
0.04049396514892578
0.025752782821655273
0.09195971488952637
0.08112668991088867
0.07002782821655273
0.05838155746459961
0.04392814636230469
0.028935670852661133
0.1075446605682373
0.08429861068725586
0.07149219512939453
0.06200003623962402
0.05046486854553223
0.03696417808532715
0.10732555389404297
0.08381247520446777
0.08369588851928711
0.07237601280212402
0.05785870552062988
0.04335665702819824
0.028331756591796875
0.09232521057128906
0.09648323059082031
0.0817716121673584
0.06722903251647949
0.0528559684753418
0.03845572471618652
0.10811519622802734
0.08659172058105469
0.07562112808227539
0.06038403511047363
0.0462794303894043
0.038375139236450195
0.030765771865844727
0.10470461845397949
0.09431600570678711
0.081390380859375
0.06378746032714844
0.04871010780334473
0.034394025802612305
0.11660575866699219
0.09166884422302246
0.07749509811401367
0.059694766998291016
0.04144597053527832
0.02824258804321289
0.10916543006896973
0.08739852905273438
0.06592607498168945
0.05915379524230957
0.046073198318481445
0.03244328498840332
0.12234926223754883
0.10476541519165039
0.09039163589477539
0.07592535018920898
0.062155961990356445
0.04722332954406738
0.03211498260498047
0.09913372993469238
0.0853421688079834
0.07693934440612793
0.06249237060546875
0.04809927940368652
0.033863067626953125
0.022629261016845703
0.09019899368286133
0.07839131355285645
0.0658712387084961
0.05670785903930664
0.05063676834106445
0.03733015060424805
0.10528230667114258
0.08663368225097656
0.07506299018859863
0.06069827079772949
0.04603457450866699
0.04443717002868652
0.03211808204650879
0.09565329551696777
0.08137083053588867
0.07632136344909668
0.06385135650634766
0.04945731163024902
0.034761905670166016
0.1090700626373291
0.08425593376159668
0.0839991569519043
0.07008886337280273
0.05577278137207031
0.041120290756225586
0.026666879653930664
0.10431790351867676
0.09227561950683594
0.07736444473266602
0.06285905838012695
0.04848337173461914
0.03401994705200195
0.10855412483215332
0.08328485488891602
0.08390593528747559
0.0699465274810791
0.05604124069213867
0.04209089279174805
0.028123140335083008
0.10505318641662598
0.08315348625183105
0.06892728805541992
0.0694272518157959
0.05498242378234863
0.04047513008117676
0.11283278465270996
0.09099817276000977
0.0835874080657959
0.06993389129638672
0.05668950080871582
0.045677900314331055
0.03143429756164551
0.09283900260925293
0.08215475082397461
0.08216118812561035
0.06741499900817871
0.053029775619506836
0.03814101219177246
0.10550403594970703
0.08347511291503906
0.08096504211425781
0.06627893447875977
0.05176353454589844
0.037367820739746094
0.022242307662963867
0.10447287559509277
0.08986258506774902
0.07537984848022461
0.060610055923461914
0.04611849784851074
0.030855894088745117
0.10693907737731934
0.09911775588989258
0.08465862274169922
0.07017350196838379
0.055757761001586914
0.041417598724365234
0.03181886672973633
0.10324454307556152
0.08531737327575684
0.0771493911743164
0.056882619857788086
0.04148697853088379
0.027234315872192383
0.10321211814880371
0.09316468238830566
0.07892227172851562
0.06473278999328613
0.05010843276977539
0.03918862342834473
0.031096696853637695
0.09278202056884766
0.08175182342529297
0.06727027893066406
0.05622291564941406
0.04086112976074219
0.03192949295043945
0.10659360885620117
0.09717702865600586
0.08291220664978027
0.06870532035827637
0.05427908897399902
0.038916587829589844
0.024725914001464844
0.09923624992370605
0.08777189254760742
0.07343363761901855
0.05899453163146973
0.044358015060424805
0.030003786087036133
0.10831570625305176
0.0870363712310791
0.0726473331451416
0.062042236328125
0.05077219009399414
0.036345720291137695
0.02203059196472168
0.10300922393798828
0.08546710014343262
0.07058501243591309
0.05666518211364746
0.04413557052612305
0.03966355323791504
0.030897855758666992
0.09584784507751465
0.08559131622314453
0.07405352592468262
0.06286859512329102
0.048211097717285156
0.03368568420410156
0.1223440170288086
0.09746718406677246
0.08321094512939453
0.06885790824890137
0.05471444129943848
0.032981157302856445
0.10446810722351074
0.08347249031066895
0.07031941413879395
0.06741571426391602
0.05310249328613281
0.038733720779418945
0.02357792854309082
0.09286880493164062
0.07888245582580566
0.06603693962097168
0.056217193603515625
0.04515504837036133
0.030892610549926758
0.10829305648803711
0.08373069763183594
0.08080458641052246
0.06923079490661621
0.054735422134399414
0.04050731658935547
0.026125192642211914
0.08975744247436523
0.08523988723754883
0.07065796852111816
0.06591534614562988
0.05157065391540527
0.03733515739440918
0.10738086700439453
0.08375096321105957
