0.10861015319824219
0.10704374313354492
0.08806777000427246
0.07311892509460449
0.0586245059967041
0.04468393325805664
0.11037111282348633
0.09151172637939453
0.07753491401672363
0.06261491775512695
0.04864335060119629
0.03372955322265625
0.12335705757141113
0.09948849678039551
0.08502793312072754
0.07070398330688477
0.057103872299194336
0.042986392974853516
0.03146553039550781
0.09869790077209473
0.09498429298400879
0.08077430725097656
0.06639218330383301
0.04884624481201172
0.03480815887451172
0.10872673988342285
0.0808866024017334
0.0677800178527832
0.05846881866455078
0.044806480407714844
0.030500173568725586
0.10498523712158203
0.09274888038635254
0.07861089706420898
0.06479620933532715
0.05056405067443848
0.035741329193115234
0.11040449142456055
0.08735823631286621
0.07564258575439453
0.06188154220581055
0.04392361640930176
0.0351567268371582
0.1047055721282959
0.09380078315734863
0.07977151870727539
0.07440686225891113
0.0630497932434082
0.04821443557739258
0.11567902565002441
0.07553768157958984
0.058670759201049805
0.050589561462402344
0.03620767593383789
0.021328449249267578
0.09331297874450684
0.07730984687805176
0.08208394050598145
0.06804060935974121
0.05347251892089844
0.039179325103759766
0.10734248161315918
0.09582877159118652
0.08153223991394043
0.06725621223449707
0.0527036190032959
0.04108381271362305
0.029112577438354492
0.10623049736022949
0.09128284454345703
0.0776371955871582
0.0632321834564209
0.04928779602050781
0.034705400466918945
0.08877015113830566
0.08125114440917969
0.06631112098693848
0.05265665054321289
0.03822135925292969
0.023458242416381836
0.09880185127258301
0.09724092483520508
0.1025850772857666
0.08753728866577148
0.0728158950805664
0.06165122985839844
0.04684710502624512
0.09602594375610352
0.09347796440124512
0.0812215805053711
0.06636309623718262
0.10854482650756836
0.10223507881164551
0.09405827522277832
0.07819986343383789
0.0636286735534668
0.04853558540344238
0.03380584716796875
0.10514020919799805
0.08788490295410156
0.07381629943847656
0.059395790100097656
0.04473161697387695
0.027741193771362305
0.1043100357055664
0.0849905014038086
0.0708017349243164
0.06379961967468262
0.04967761039733887
0.03535819053649902
0.0213930606842041
0.09130001068115234
0.0802159309387207
0.06231880187988281
0.04912543296813965
0.031055688858032227
0.025587797164916992
0.10073995590209961
0.08902764320373535
0.07409381866455078
0.07031893730163574
0.05614280700683594
0.04102444648742676
0.026850461959838867
0.09706878662109375
0.08925557136535645
0.07134509086608887
0.05618143081665039
0.04115891456604004
0.026546955108642578
0.10437345504760742
0.10068798065185547
0.08256125450134277
0.06468367576599121
0.0495753288269043
0.03455519676208496
0.09089446067810059
0.08083724975585938
0.0668184757232666
0.05680036544799805
0.04250454902648926
0.031677961349487305
0.09371042251586914
0.07915163040161133
0.06995415687561035
0.06676888465881348
0.05163908004760742
0.03745102882385254
0.09446859359741211
0.0796656608581543
0.06627106666564941
0.05218315124511719
0.03769516944885254
0.024150371551513672
0.10105109214782715
0.086456298828125
0.07604002952575684
0.07156181335449219
0.053353309631347656
0.03576803207397461
0.10019373893737793
0.08503270149230957
0.07065701484680176
0.06625127792358398
0.05537080764770508
0.03705430030822754
0.1041114330291748
0.0838782787322998
0.07480072975158691
0.06961226463317871
0.05576133728027344
0.041493892669677734
0.02716970443725586
0.09630513191223145
0.0962531566619873
0.08115434646606445
0.06686043739318848
0.05166506767272949
0.03724074363708496
0.10750341415405273
0.08515191078186035
0.07104635238647461
0.0569610595703125
0.05112600326538086
0.037183523178100586
0.10914444923400879
0.09490180015563965
0.0972139835357666
0.08438563346862793
0.07038116455078125
0.05648398399353027
0.04154086112976074
0.09887146949768066
0.08388781547546387
0.0729215145111084
0.05831551551818848
0.025627851486206055
0.10396766662597656
0.08482480049133301
0.07107186317443848
0.07433438301086426
0.04670977592468262
0.03310513496398926
0.09017014503479004
0.09819197654724121
0.08452582359313965
0.07140254974365234
0.056719064712524414
0.044846296310424805
0.12400937080383301
0.10929632186889648
0.09534263610839844
0.08125090599060059
0.0671529769897461
0.05234026908874512
0.038023948669433594
0.10898995399475098
0.09059000015258789
0.08171820640563965
0.06373000144958496
0.045884132385253906
0.017972946166992188
0.09032297134399414
0.08163666725158691
0.0780324935913086
0.056746482849121094
0.04274463653564453
0.027518033981323242
0.09865641593933105
0.08594942092895508
0.0842428207397461
0.06981849670410156
0.05371594429016113
0.03949165344238281
0.11014246940612793
0.08818173408508301
0.0733022689819336
0.062238454818725586
0.06749486923217773
0.05162239074707031
0.10712647438049316
0.08100771903991699
0.07090210914611816
0.06049537658691406
0.06078457832336426
0.045824289321899414
0.1137247085571289
0.09305930137634277
0.07814645767211914
0.0632319450378418
0.04912900924682617
0.041931867599487305
0.10562348365783691
0.0797877311706543
0.06950998306274414
0.054574012756347656
0.04006385803222656
0.033106327056884766
0.08680009841918945
0.0889275074005127
0.07396507263183594
0.06025195121765137
0.03805136680603027
0.024539709091186523
0.0941004753112793
0.09392809867858887
0.07954835891723633
0.06562590599060059
0.051025390625
0.03654789924621582
0.1070413589477539
0.09288430213928223
0.0803828239440918
0.07075190544128418
0.06955194473266602
0.054901123046875
0.036688804626464844
0.08975601196289062
0.07710933685302734
0.06530380249023438
0.06281089782714844
0.050473928451538086
0.03607296943664551
0.09818768501281738
0.08519196510314941
0.07414817810058594
0.06303024291992188
0.04847574234008789
0.03091573715209961
0.11504554748535156
0.10191917419433594
0.08780574798583984
0.07325100898742676
0.059805870056152344
0.04549407958984375
0.12929582595825195
0.11967110633850098
0.09823346138000488
0.08318281173706055
0.06823849678039551
0.05846095085144043
0.12464118003845215
0.11038517951965332
0.09334921836853027
0.07461380958557129
0.05961799621582031
0.04467368125915527
0.09797191619873047
0.06734180450439453
0.05484318733215332
0.05985212326049805
0.044692039489746094
0.11398148536682129
0.0894625186920166
0.07579255104064941
0.06296563148498535
0.0616607666015625
0.04316902160644531
0.10928535461425781
0.07839107513427734
0.06583380699157715
0.03575015068054199
0.1151590347290039
0.11998891830444336
0.1057443618774414
0.09161710739135742
0.07724428176879883
0.06267189979553223
0.048069000244140625
0.10799121856689453
0.10909318923950195
0.09408736228942871
0.08282756805419922
0.06802487373352051
0.05302071571350098
0.038590192794799805
0.11098408699035645
0.09349393844604492
0.0783693790435791
0.07124018669128418
0.03889799118041992
0.020946025848388672
0.09724092483520508
0.08588266372680664
0.07188892364501953
0.057967185974121094
0.0480649471282959
0.0337677001953125
0.027073144912719727
0.0997157096862793
0.10560059547424316
0.09318375587463379
0.0814974308013916
0.07339835166931152
0.05892658233642578
0.08874392509460449
0.07854294776916504
0.08285784721374512
0.06810784339904785
0.05401897430419922
0.0406031608581543
0.09840226173400879
0.08550500869750977
0.07153129577636719
0.06297969818115234
0.06311535835266113
0.04917120933532715
0.035277605056762695
0.09492993354797363
0.07638335227966309
0.06560492515563965
0.052961111068725586
0.055518388748168945
0.040689945220947266
0.12243223190307617
0.09893989562988281
0.08484005928039551
0.07088494300842285
0.056871652603149414
0.04274702072143555
0.11294913291931152
0.09853458404541016
0.1043083667755127
0.09014701843261719
0.07615900039672852
0.061998844146728516
0.0477299690246582
0.0334630012512207
0.08943557739257812
0.07899284362792969
0.06818389892578125
0.06240105628967285
0.05155467987060547
0.034338951110839844
0.09992313385009766
0.0924527645111084
0.0779428482055664
0.06349968910217285
0.04855060577392578
0.034394264221191406
0.10704374313354492
0.0826869010925293
0.06840753555297852
0.053894996643066406
0.03971529006958008
0.11068391799926758
0.0842897891998291
0.07471585273742676
0.06089496612548828
0.047293663024902344
0.035378456115722656
0.03506660461425781
0.09842753410339355
0.08108282089233398
0.08011412620544434
0.06560325622558594
0.05130147933959961
0.03672909736633301
0.021692752838134766
0.10024738311767578
0.08430290222167969
0.07002782821655273
0.06035566329956055
0.046602487564086914
0.03192782402038574
0.11242151260375977
0.08850860595703125
0.07439875602722168
0.0521087646484375
0.04268932342529297
0.028299808502197266
0.10137224197387695
0.08214473724365234
0.06794500350952148
0.0538785457611084
0.040766000747680664
0.03493976593017578
0.10651874542236328
0.0851907730102539
0.07113075256347656
0.05809640884399414
0.0611569881439209
0.04616260528564453
0.03181028366088867
0.08943557739257812
0.09363222122192383
0.07938313484191895
0.0612335205078125
0.04483938217163086
0.0302581787109375
0.1014547348022461
0.08352375030517578
0.07055425643920898
0.058240652084350586
0.05280280113220215
0.03846430778503418
0.024071931838989258
0.10923266410827637
0.0903010368347168
0.07577753067016602
0.06188488006591797
0.05731701850891113
0.03580427169799805
0.1014261245727539
0.09160089492797852
0.07744932174682617
0.05881905555725098
0.04465007781982422
0.0300447940826416
0.11204195022583008
0.08650541305541992
0.0725400447845459
0.05833768844604492
0.046361446380615234
0.03417015075683594
0.028861522674560547
0.08805990219116211
0.08675289154052734
0.07150053977966309
0.05709981918334961
0.040314674377441406
0.031403541564941406
0.10080122947692871
0.08643627166748047
0.07172870635986328
0.05677461624145508
0.04360556602478027
0.040932655334472656
0.10649228096008301
0.08592391014099121
0.0852046012878418
0.07063460350036621
0.05456900596618652
0.032216548919677734
0.10141253471374512
0.0927739143371582
0.08662724494934082
0.0699002742767334
0.05627250671386719
0.040808916091918945
0.10948848724365234
0.09556055068969727
0.08122539520263672
0.07126045227050781
0.0636434555053711
0.049100399017333984
0.03501129150390625
0.10944008827209473
0.08690667152404785
0.07317304611206055
0.045408010482788086
0.03696727752685547
0.11330914497375488
0.09038805961608887
0.07639408111572266
0.06220698356628418
0.0655512809753418
0.05157971382141113
0.03662538528442383
0.09795355796813965
0.0930640697479248
0.08533382415771484
0.07077479362487793
0.0565948486328125
0.04216766357421875
0.10669589042663574
0.09811687469482422
0.08417606353759766
0.0699002742767334
0.055526018142700195
0.05359673500061035
0.04033303260803223
0.10689067840576172
0.0859231948852539
0.07477164268493652
0.06938838958740234
0.054468631744384766
0.040055274963378906
0.02571249008178711
0.09773445129394531
0.08398246765136719
0.06973981857299805
0.06725859642028809
0.05272245407104492
0.03798365592956543
0.11292719841003418
0.09894776344299316
0.08443188667297363
0.06933355331420898
0.054250240325927734
0.04815983772277832
0.03749346733093262
0.12739324569702148
0.10347986221313477
0.08873748779296875
0.07341670989990234
0.05864429473876953
0.044855356216430664
0.030913829803466797
0.0885019302368164
0.08355998992919922
0.0691981315612793
0.054859161376953125
0.04071331024169922
0.03445839881896973
0.10278558731079102
0.09505248069763184
0.08047723770141602
0.06576013565063477
0.05133986473083496
0.03730273246765137
0.1049959659576416
0.0859231948852539
0.07815194129943848
0.0712277889251709
0.057116031646728516
0.04381442070007324
0.10889053344726562
0.09123921394348145
0.07612943649291992
0.06175065040588379
0.04362630844116211
0.029347658157348633
0.1052706241607666
0.08243346214294434
0.07711958885192871
0.06276726722717285
0.04836773872375488
0.0273895263671875
0.10372138023376465
0.08535528182983398
0.08206486701965332
0.06752967834472656
0.0529482364654541
0.038687705993652344
0.033663272857666016
0.09551143646240234
0.0879817008972168
0.08807730674743652
0.07410097122192383
0.052480459213256836
0.0385897159576416
0.10669207572937012
0.0837552547454834
0.06963181495666504
0.05679965019226074
0.05734610557556152
0.04236769676208496
0.028187990188598633
0.09435749053955078
0.08983564376831055
0.0756981372833252
0.06152462959289551
0.046523094177246094
0.037621498107910156
0.10589003562927246
0.08453011512756348
0.0808725357055664
0.06642436981201172
0.051512956619262695
0.03695559501647949
0.10896182060241699
0.09928464889526367
0.0848081111907959
0.07445693016052246
0.05956530570983887
0.048811912536621094
0.03453516960144043
0.11554336547851562
0.10186767578125
0.08493471145629883
0.07436442375183105
0.07315397262573242
0.059737205505371094
0.04568982124328613
0.10822582244873047
0.0973653793334961
0.08326530456542969
0.06526422500610352
0.051454782485961914
0.03692984580993652
0.10527491569519043
0.08482503890991211
0.07386064529418945
0.0558476448059082
0.041495323181152344
0.0410153865814209
0.10637998580932617
0.1081688404083252
0.09443330764770508
0.07965755462646484
0.06518173217773438
0.05128955841064453
0.03700876235961914
0.09396648406982422
0.07960653305053711
0.06577491760253906
0.05560469627380371
0.04200863838195801
0.03437328338623047
0.1054387092590332
0.09580445289611816
0.08356356620788574
0.06963968276977539
0.0554196834564209
0.041678428649902344
0.02754807472229004
0.09997367858886719
0.08629798889160156
0.07180619239807129
0.0575563907623291
0.04310154914855957
0.0253293514251709
0.09483742713928223
0.08057093620300293
0.07050108909606934
0.05635476112365723
0.0553433895111084
0.04095339775085449
0.1087653636932373
0.10657119750976562
0.09162712097167969
0.1698472499847412
0.1560981273651123
0.14190125465393066
0.1512007713317871
0.13677406311035156
0.12164521217346191
0.10742831230163574
0.09302306175231934
0.07871246337890625
0.1387462615966797
0.14214420318603516
0.12845396995544434
0.10289168357849121
0.09227347373962402
0.07776260375976562
0.06331825256347656
0.04895424842834473
0.03416109085083008
0.08516097068786621
0.07532835006713867
0.06496763229370117
0.05098676681518555
0.03713631629943848
0.02730107307434082
0.10184907913208008
0.16591262817382812
0.17698144912719727
0.16343235969543457
0.14575529098510742
0.1286015510559082
0.11434674263000488
0.09578943252563477
0.08151412010192871
0.13358020782470703
0.11962485313415527
0.1010589599609375
0.08693885803222656
0.07356715202331543
0.05575442314147949
0.05332016944885254
0.04158496856689453
0.09829592704772949
0.07882094383239746
0.06677651405334473
0.05295062065124512
0.03933525085449219
0.028475046157836914
0.10767531394958496
0.18140149116516113
0.17758393287658691
0.15968823432922363
0.1536269187927246
0.13865423202514648
0.12072443962097168
0.10222625732421875
0.08792400360107422
0.07369542121887207
0.050624847412109375
0.11005091667175293
0.09789347648620605
0.08678793907165527
0.07249236106872559
0.05832242965698242
0.04108452796936035
0.029848337173461914
0.09192872047424316
0.1768174171447754
0.16839218139648438
0.15420985221862793
0.14179611206054688
0.15585994720458984
0.1409616470336914
0.12500596046447754
0.12294197082519531
0.10856962203979492
0.09568333625793457
0.08684730529785156
0.07178306579589844
0.21041512489318848
0.17165589332580566
0.16621875762939453
0.15645837783813477
0.13846611976623535
0.12427949905395508
0.1134181022644043
0.11141705513000488
0.09732913970947266
0.15802574157714844
0.14388489723205566
0.12971067428588867
0.08535170555114746
0.07134842872619629
0.048201799392700195
0.03414654731750488
0.021600723266601562
0.09382367134094238
0.17763590812683105
0.16580605506896973
0.1600325107574463
0.14670729637145996
0.13135695457458496
0.11659431457519531
0.12524700164794922
0.11100411415100098
0.09639573097229004
0.0821387767791748
0.06768584251403809
0.2287914752960205
0.21500945091247559
0.19817113876342773
0.1813797950744629
0.16721868515014648
0.17273759841918945
0.15826201438903809
0.14300847053527832
0.12876367568969727
0.11441373825073242
0.10012555122375488
0.16022825241088867
0.14611101150512695
0.13251829147338867
0.12288880348205566
0.0788722038269043
0.0591580867767334
0.05016732215881348
0.0419003963470459
0.11095499992370605
0.1962432861328125
0.18391180038452148
0.18051910400390625
0.16630911827087402
0.15131807327270508
0.1371326446533203
0.1230926513671875
0.10698866844177246
0.09245920181274414
0.08381438255310059
0.08293485641479492
0.06757736206054688
0.22595739364624023
0.21594691276550293
0.17804193496704102
0.16403508186340332
0.16405677795410156
0.14941191673278809
0.12000703811645508
0.10582327842712402
0.09126162528991699
0.1630847454071045
0.14861631393432617
0.1343374252319336
0.1164546012878418
0.10754132270812988
0.1060171127319336
0.09188508987426758
0.07761931419372559
0.06429886817932129
0.050481557846069336
0.10423135757446289
0.1777176856994629
0.18313860893249512
0.17386698722839355
0.159376859664917
0.14424681663513184
0.12939047813415527
0.11542463302612305
0.10112428665161133
0.08686089515686035
0.07234048843383789
0.2221364974975586
0.21347928047180176
0.19462895393371582
0.18422985076904297
0.16931819915771484
0.15532279014587402
0.14035367965698242
0.12642240524291992
0.11246275901794434
0.09855031967163086
0.16271662712097168
0.15385746955871582
0.1543574333190918
0.15069794654846191
0.13633036613464355
0.09849143028259277
0.08353662490844727
0.06953954696655273
0.055552005767822266
0.04049515724182129
0.10000991821289062
0.07722640037536621
0.06883907318115234
0.033967018127441406
0.10661435127258301
0.09020352363586426
0.1844174861907959
0.18338370323181152
0.16953563690185547
0.1515495777130127
0.13356351852416992
0.11596202850341797
0.10101962089538574
0.08224725723266602
0.14588475227355957
0.13071918487548828
0.11633729934692383
0.10351896286010742
0.10395479202270508
0.0917963981628418
0.0808095932006836
0.060340166091918945
0.04619717597961426
0.09648489952087402
0.08603024482727051
0.0713188648223877
0.05598950386047363
0.04147982597351074
0.035787343978881836
0.10251641273498535
0.07956886291503906
0.07062363624572754
0.059693098068237305
0.04544401168823242
0.031170129776000977
0.11082100868225098
0.09294629096984863
0.08006787300109863
0.07098603248596191
0.0564122200012207
0.04473304748535156
0.02984309196472168
0.10456132888793945
0.09637928009033203
0.08226656913757324
0.06724166870117188
0.05301046371459961
0.03758358955383301
0.10851430892944336
0.09293532371520996
0.08414196968078613
0.06980729103088379
0.0548555850982666
0.043694257736206055
0.02948760986328125
0.09137344360351562
0.0763251781463623
0.06724190711975098
0.052791595458984375
0.03835153579711914
0.02432394027709961
0.09694194793701172
0.08774828910827637
0.07657361030578613
0.062162160873413086
0.05138826370239258
0.03685450553894043
0.022650718688964844
0.09446096420288086
0.09055447578430176
0.07517194747924805
0.06078052520751953
0.046799659729003906
0.031755685806274414
0.10749650001525879
0.10265541076660156
0.10225462913513184
0.09141659736633301
0.08128499984741211
0.06780219078063965
0.052683115005493164
0.03837013244628906
0.09684276580810547
0.07966208457946777
0.06519317626953125
0.05443072319030762
0.04392814636230469
0.029263734817504883
0.08984184265136719
0.07067394256591797
0.0622715950012207
0.047887325286865234
0.0515899658203125
0.036992788314819336
0.10712885856628418
0.08719682693481445
0.0722496509552002
0.06522941589355469
0.05063986778259277
0.03473162651062012
0.10672712326049805
0.08385872840881348
0.08324337005615234
0.06963849067687988
0.05562162399291992
0.04117751121520996
0.10722541809082031
0.0915839672088623
0.0804147720336914
0.0655665397644043
0.05820798873901367
0.04313945770263672
0.02898883819580078
0.08892393112182617
0.07560610771179199
0.07086372375488281
0.0559539794921875
0.038126468658447266
0.10347485542297363
0.08336877822875977
0.07447600364685059
0.060127973556518555
0.04962420463562012
0.043035030364990234
0.030102252960205078
0.10263919830322266
0.08469843864440918
0.0704047679901123
0.05614614486694336
0.044165849685668945
0.03134036064147949
0.018999576568603516
0.09761285781860352
0.08115005493164062
0.06808781623840332
0.05825233459472656
0.043798208236694336
0.029739856719970703
0.10705256462097168
0.09306907653808594
0.08277440071105957
0.06817841529846191
0.057230472564697266
0.04251456260681152
0.028110980987548828
0.10654497146606445
0.09126138687133789
0.08001565933227539
0.06273341178894043
0.043924570083618164
0.03001689910888672
0.10785770416259766
0.08964061737060547
0.07516098022460938
0.06024336814880371
0.04645824432373047
0.03197669982910156
0.10282373428344727
0.08223581314086914
0.05446267127990723
0.04515480995178223
0.02744770050048828
0.11437511444091797
0.09100198745727539
0.07252836227416992
0.05456209182739258
0.05350899696350098
0.03909039497375488
0.10490298271179199
0.08198761940002441
0.08371257781982422
0.06804752349853516
0.05369234085083008
0.039031982421875
0.02483820915222168
0.0995941162109375
0.08365249633789062
0.06612777709960938
0.0661168098449707
0.05389213562011719
0.039179086685180664
0.10464811325073242
0.08149361610412598
0.06612420082092285
0.05368924140930176
0.04109644889831543
0.03383660316467285
0.10255193710327148
0.08205461502075195
0.07008242607116699
0.05460643768310547
0.04217863082885742
0.035965681076049805
0.10834908485412598
0.098907470703125
0.08752608299255371
0.07329654693603516
0.05867791175842285
0.06116056442260742
0.0451054573059082
0.10598373413085938
0.09596514701843262
0.08298182487487793
0.06900453567504883
0.0492243766784668
0.03430461883544922
0.0993204116821289
0.08609890937805176
0.07949090003967285
0.0649569034576416
0.04414105415344238
0.029627323150634766
0.11412358283996582
0.08923983573913574
0.07723402976989746
0.06745409965515137
0.053427696228027344
0.038951873779296875
0.024971485137939453
0.09560132026672363
0.08149576187133789
0.0667116641998291
0.052317142486572266
0.03906726837158203
0.03820228576660156
0.10403871536254883
0.08942627906799316
0.07613086700439453
0.06185555458068848
0.04701805114746094
0.0360875129699707
0.1090853214263916
0.08198738098144531
0.06881332397460938
0.06054425239562988
0.04544186592102051
0.03517723083496094
0.10920000076293945
0.09785199165344238
0.08311653137207031
0.08216333389282227
0.06476068496704102
0.05081462860107422
0.03586101531982422
0.1068875789642334
0.08101940155029297
0.06739091873168945
0.06469345092773438
0.04992794990539551
0.0310971736907959
0.09346270561218262
0.08212947845458984
0.07159543037414551
0.0644068717956543
0.05507540702819824
0.04065871238708496
0.02659320831298828
0.09438395500183105
0.08450627326965332
0.06938958168029785
0.05615878105163574
0.0445103645324707
0.11327552795410156
0.08411121368408203
0.07161068916320801
0.04900765419006348
0.0401606559753418
0.025728225708007812
0.10145735740661621
0.08118796348571777
0.06823420524597168
0.05865478515625
0.04447150230407715
0.041657209396362305
0.10803365707397461
0.0960841178894043
0.08553242683410645
0.07089734077453613
0.05663251876831055
0.05395674705505371
0.04061603546142578
0.12044453620910645
0.10698270797729492
0.08895683288574219
0.07496380805969238
0.06069350242614746
0.04587912559509277
0.03139066696166992
0.10884761810302734
0.11354374885559082
0.09629368782043457
0.08309412002563477
0.06866097450256348
0.0544428825378418
0.03997611999511719
0.11000370979309082
0.09012365341186523
0.08034276962280273
0.06606793403625488
0.051696062088012695
0.037064552307128906
0.10831165313720703
0.07798600196838379
0.06945466995239258
0.055324554443359375
0.04102206230163574
0.03725147247314453
0.10570049285888672
0.10169744491577148
0.0874476432800293
0.0733175277709961
0.05963778495788574
0.04616260528564453
0.031740427017211914
0.08993649482727051
0.08061504364013672
0.06621646881103516
0.05333399772644043
0.044924259185791016
0.03119802474975586
0.10711145401000977
0.09125494956970215
0.0769345760345459
0.07625365257263184
0.05783700942993164
0.043401479721069336
0.02984619140625
0.09814620018005371
0.08997464179992676
0.0716867446899414
0.05348348617553711
0.039156198501586914
0.024257659912109375
0.09373927116394043
0.07900524139404297
0.06501436233520508
0.05548262596130371
0.04174184799194336
0.02751016616821289
0.09718537330627441
0.0859839916229248
0.07179570198059082
0.05824780464172363
0.04975533485412598
0.0359652042388916
0.022012948989868164
0.09884881973266602
0.056825876235961914
0.043936967849731445
0.028689861297607422
0.1057581901550293
0.08639383316040039
0.08199191093444824
0.0676720142364502
0.05322837829589844
0.038567543029785156
0.03359103202819824
0.10127019882202148
0.08677434921264648
0.07244062423706055
0.05799365043640137
0.0440518856048584
0.039954185485839844
0.1104578971862793
0.09363484382629395
0.09048056602478027
0.08022665977478027
0.06920647621154785
0.054795026779174805
0.04039716720581055
0.1066896915435791
0.0802769660949707
0.06768250465393066
0.055985212326049805
0.04726386070251465
0.03368377685546875
0.023018836975097656
0.09582710266113281
0.08430075645446777
0.07346796989440918
0.058661460876464844
0.0439610481262207
0.02896428108215332
0.10345864295959473
0.08184528350830078
0.06925654411315918
0.05643916130065918
0.04046440124511719
0.02748274803161621
0.10775566101074219
0.0832676887512207
0.0720367431640625
0.07299518585205078
0.05578207969665527
0.04142045974731445
0.029070377349853516
0.09642601013183594
0.08169984817504883
0.06774091720581055
0.057601213455200195
0.05554914474487305
0.04065132141113281
0.10733914375305176
0.08772754669189453
0.07593441009521484
0.06389832496643066
0.053917884826660156
0.04127669334411621
0.026597023010253906
0.09338855743408203
0.0810856819152832
0.06899404525756836
0.05629420280456543
0.05061173439025879
0.03790163993835449
0.10754251480102539
0.09128880500793457
0.08382606506347656
0.06936144828796387
0.04104208946228027
0.038664817810058594
0.10598063468933105
0.08694934844970703
0.08623981475830078
0.07092928886413574
0.055600881576538086
0.04117178916931152
0.11555790901184082
0.09373784065246582
0.07860898971557617
0.06387853622436523
0.04930925369262695
0.03573966026306152
0.02402520179748535
0.10035443305969238
0.0834190845489502
0.07920479774475098
0.0653376579284668
0.05114436149597168
0.03727006912231445
0.11303853988647461
0.10389256477355957
0.08973836898803711
0.07532763481140137
0.06066250801086426
0.05757570266723633
0.04404044151306152
0.10811781883239746
0.11069488525390625
0.09674715995788574
0.08220338821411133
0.0674886703491211
0.050269126892089844
0.03668665885925293
0.10866403579711914
0.09035158157348633
0.07336544990539551
0.05912661552429199
0.04146003723144531
0.02723240852355957
0.10164713859558105
0.08257246017456055
0.06788802146911621
0.05333542823791504
0.04600334167480469
0.04206538200378418
0.103851318359375
0.08181262016296387
0.07338166236877441
0.058455705642700195
0.043460845947265625
0.03873395919799805
0.10779476165771484
0.07970023155212402
0.06765007972717285
0.05486106872558594
0.05100107192993164
0.03307986259460449
0.0968317985534668
0.08560657501220703
0.07491779327392578
0.0606689453125
0.04611611366271973
0.03361630439758301
0.030887603759765625
0.08820176124572754
0.08623981475830078
0.08411955833435059
0.06994938850402832
0.05517721176147461
0.04108119010925293
0.10339140892028809
0.08544301986694336
0.08413028717041016
0.070159912109375
0.05546283721923828
0.04083585739135742
0.11122345924377441
0.09255528450012207
0.10273027420043945
0.08831119537353516
0.07330727577209473
0.058414459228515625
0.04437541961669922
0.11218786239624023
0.08675098419189453
0.07539176940917969
0.060712337493896484
0.04643893241882324
0.03219103813171387
0.1052999496459961
0.09486865997314453
0.08073115348815918
0.0667269229888916
0.02550482749938965
0.10809636116027832
0.09144163131713867
0.07700490951538086
0.06260919570922852
0.04822111129760742
0.034774065017700195
0.022461891174316406
0.09883475303649902
0.08736562728881836
0.07289838790893555
0.06964921951293945
0.05529212951660156
0.04079413414001465
0.11008930206298828
0.09586620330810547
0.08180022239685059
0.06741738319396973
0.06108355522155762
0.046410322189331055
0.03122687339782715
0.10445189476013184
0.09011960029602051
0.075469970703125
0.0601961612701416
0.045816898345947266
0.03144073486328125
0.10829854011535645
0.10331058502197266
0.08847498893737793
0.07452988624572754
0.060262441635131836
0.11054658889770508
0.10746097564697266
0.13442277908325195
0.11775445938110352
0.09999299049377441
0.07942724227905273
0.062307119369506836
0.09465432167053223
0.07954740524291992
0.07007789611816406
0.06107306480407715
0.04717135429382324
0.038739681243896484
0.09919381141662598
0.07667422294616699
0.06383299827575684
0.05293679237365723
0.0389866828918457
0.02416253089904785
0.0901021957397461
0.08094048500061035
0.06600356101989746
0.052995920181274414
0.05366015434265137
0.04201936721801758
0.10954999923706055
0.08463764190673828
0.07040238380432129
0.061673879623413086
0.04422497749328613
0.045819997787475586
0.10966634750366211
0.10050415992736816
0.08443069458007812
0.07176852226257324
0.05960893630981445
0.046521663665771484
0.034501075744628906
0.10733485221862793
0.08879423141479492
0.07490849494934082
0.05894327163696289
0.06085562705993652
0.039475202560424805
0.10883069038391113
0.08486604690551758
0.08350872993469238
0.08044648170471191
0.06832551956176758
0.054289817810058594
0.03974294662475586
0.10307526588439941
0.08115005493164062
0.0670311450958252
0.057228803634643555
0.04634451866149902
0.04476785659790039
0.10468602180480957
0.08928155899047852
0.07771706581115723
0.07046294212341309
0.05561184883117676
0.04354119300842285
0.029339075088500977
0.1076500415802002
0.08809137344360352
0.0666208267211914
0.05169200897216797
0.03757429122924805
0.02268528938293457
0.09745907783508301
0.09190607070922852
0.07735085487365723
0.06294846534729004
0.04874372482299805
0.034185171127319336
0.019690752029418945
0.09861207008361816
0.0838768482208252
0.0714719295501709
0.0631570816040039
0.048586130142211914
0.04501509666442871
0.1088411808013916
0.0933382511138916
0.07838773727416992
0.06435203552246094
0.05049943923950195
0.0333704948425293
0.10222697257995605
0.0860137939453125
0.08987236022949219
0.07485246658325195
0.06174111366271973
0.047023773193359375
0.03284478187561035
0.08871626853942871
0.0765390396118164
0.06444048881530762
0.05890965461730957
0.04427146911621094
0.030610084533691406
0.10474729537963867
0.08213567733764648
0.08463025093078613
0.07267951965332031
0.0584108829498291
0.04418683052062988
0.10931038856506348
0.09915041923522949
0.08510780334472656
0.07067632675170898
0.05711722373962402
0.0526890754699707
0.04271531105041504
0.1096653938293457
0.08046865463256836
0.06394362449645996
0.042075395584106445
0.03871035575866699
0.10838770866394043
0.10605478286743164
0.09185934066772461
0.07749223709106445
0.06101560592651367
0.04631829261779785
0.032047271728515625
0.11785244941711426
0.10975503921508789
0.0948030948638916
0.07953810691833496
0.06477618217468262
0.05056428909301758
0.03614020347595215
0.10852479934692383
0.09856104850769043
0.08263587951660156
0.08243179321289062
0.06498932838439941
0.050991058349609375
0.03591442108154297
0.10474205017089844
0.08111143112182617
0.06778192520141602
0.05222678184509277
0.05241537094116211
0.03844738006591797
0.11188864707946777
0.08721184730529785
0.08907580375671387
0.07105016708374023
0.056494712829589844
0.04207253456115723
0.11020016670227051
0.09009957313537598
0.07781004905700684
0.06539416313171387
0.0531003475189209
0.04855918884277344
0.034285545349121094
0.09206223487854004
0.07801651954650879
0.0646812915802002
0.059151649475097656
0.051871538162231445
0.03913450241088867
0.10508465766906738
0.08553481101989746
0.07449722290039062
0.059984445571899414
0.04601097106933594
0.033445119857788086
0.020370960235595703
0.09488773345947266
0.08421587944030762
0.07969498634338379
0.06516385078430176
0.05173468589782715
0.03742790222167969
0.10569500923156738
0.08497214317321777
0.07830023765563965
0.06763458251953125
0.05333304405212402
0.03533220291137695
0.10745501518249512
0.09809613227844238
0.08014321327209473
0.06299805641174316
0.0501711368560791
0.03207731246948242
0.018598318099975586
0.08968186378479004
0.0863645076751709
0.07211494445800781
0.05742025375366211
0.043200016021728516
0.02527904510498047
0.09023737907409668
0.08100438117980957
0.07030582427978516
0.06709122657775879
0.05221819877624512
0.03752326965332031
0.11153173446655273
0.09403133392333984
0.07654190063476562
0.06303930282592773
0.05650019645690918
0.0393979549407959
0.09421491622924805
0.08351588249206543
0.07351183891296387
0.07257556915283203
0.0646979808807373
0.05070185661315918
0.03639626502990723
0.10683846473693848
0.09204363822937012
0.07815790176391602
0.06385397911071777
0.049956321716308594
0.02954578399658203
0.10355257987976074
0.09729743003845215
0.08309268951416016
0.07370948791503906
0.05918383598327637
0.04517674446105957
0.1055910587310791
0.08365845680236816
0.07165098190307617
0.07455110549926758
0.060485124588012695
0.046263933181762695
0.03201699256896973
0.0886983871459961
0.08685755729675293
0.07260417938232422
0.05838751792907715
0.04416966438293457
0.025780439376831055
0.10752058029174805
0.0853874683380127
0.07126379013061523
0.06566286087036133
0.044858455657958984
0.029990434646606445
0.09479498863220215
0.0796363353729248
0.06608247756958008
0.05423450469970703
0.060825347900390625
0.047057390213012695
0.10507082939147949
0.08231496810913086
0.07237529754638672
0.06970810890197754
0.055685997009277344
0.04087209701538086
0.1109769344329834
0.09640002250671387
0.08362746238708496
0.07807564735412598
0.06379127502441406
0.049774885177612305
0.034839630126953125
0.028131723403930664
0.0858604907989502
0.07677006721496582
0.0627739429473877
0.04970073699951172
0.03750348091125488
0.02973771095275879
0.09871149063110352
0.0936899185180664
0.07924246788024902
0.06477642059326172
0.050238609313964844
0.03580355644226074
0.10721349716186523
0.08703756332397461
0.07296156883239746
0.059526681900024414
0.05042290687561035
0.03597092628479004
0.03262162208557129
0.09894204139709473
0.08144903182983398
0.0758059024810791
0.06763339042663574
0.05267810821533203
0.039243459701538086
0.024776220321655273
0.10195255279541016
0.08498287200927734
0.07077550888061523
0.05620408058166504
0.03970837593078613
0.03501605987548828
0.10648846626281738
0.08915472030639648
0.07466673851013184
0.06072115898132324
0.046695709228515625
0.017465591430664062
0.09637784957885742
0.08051824569702148
0.07082414627075195
0.05742359161376953
0.04246950149536133
0.02754378318786621
0.10020780563354492
0.08081412315368652
0.08098030090332031
0.06705594062805176
0.05289030075073242
0.038866519927978516
0.10423970222473145
0.08965158462524414
0.0765235424041748
0.062087297439575195
0.04772329330444336
0.03607988357543945
0.10695648193359375
0.0886681079864502
0.07440757751464844
0.060122013092041016
0.04521894454956055
0.040952205657958984
0.02617788314819336
0.11162161827087402
0.09583544731140137
0.08163261413574219
0.06691837310791016
0.052088022232055664
0.03764081001281738
0.11872148513793945
0.10908627510070801
0.09515881538391113
0.08027386665344238
0.06602644920349121
0.05086708068847656
0.03619074821472168
0.022710084915161133
0.10172796249389648
0.08080124855041504
0.0668027400970459
0.06574344635009766
0.05158805847167969
0.03740668296813965
0.10944461822509766
0.0960536003112793
0.08121418952941895
0.06710457801818848
0.06318426132202148
0.045732975006103516
0.028228759765625
0.09022879600524902
0.07770133018493652
0.0780341625213623
0.06386303901672363
0.0496671199798584
0.0369875431060791
0.09884786605834961
0.08399391174316406
0.0697469711303711
0.0637052059173584
0.054317474365234375
0.03983449935913086
0.025660276412963867
0.09727835655212402
0.08034420013427734
0.07059025764465332
0.05540037155151367
0.04793810844421387
0.10846209526062012
0.08514976501464844
0.08533477783203125
0.07051253318786621
0.05563759803771973
0.04108881950378418
0.026943206787109375
0.08856701850891113
0.07946324348449707
0.07068157196044922
0.05637788772583008
0.0424351692199707
0.027994632720947266
0.10344362258911133
0.08258533477783203
0.06615853309631348
0.05341291427612305
0.04728269577026367
0.03296995162963867
0.11126351356506348
0.09683704376220703
0.08254384994506836
0.06809306144714355
0.055633544921875
0.04214787483215332
0.10665702819824219
0.09749269485473633
0.08256721496582031
0.06886601448059082
0.05381655693054199
0.03994393348693848
0.026009321212768555
0.08822298049926758
0.08205366134643555
0.08587980270385742
0.07478594779968262
0.06177830696105957
0.04786992073059082
0.10430669784545898
0.08800292015075684
0.0661165714263916
0.05086994171142578
0.03323721885681152
0.11326718330383301
0.10039210319519043
0.08586931228637695
0.0751197338104248
0.06618428230285645
0.05153679847717285
0.03796792030334473
0.0241549015045166
0.0933992862701416
0.07839322090148926
0.07685327529907227
0.0666508674621582
0.052715301513671875
0.04416799545288086
0.08842706680297852
0.07434368133544922
0.06379008293151855
0.04795336723327637
0.03295421600341797
0.11120152473449707
0.09465265274047852
0.08078408241271973
0.0801699161529541
0.0661923885345459
0.05325579643249512
0.03670954704284668
0.10532450675964355
0.08145999908447266
0.07635092735290527
0.06129789352416992
0.049149274826049805
0.03700733184814453
0.0322718620300293
0.09853482246398926
0.08349108695983887
0.0692589282989502
0.07059788703918457
0.055652618408203125
0.041365861892700195
0.1108865737915039
0.10338783264160156
0.0950922966003418
0.08005571365356445
0.06615686416625977
0.06488323211669922
0.050011634826660156
0.035490989685058594
0.0944359302520752
0.08776688575744629
0.07381772994995117
0.06045985221862793
0.04650259017944336
0.037340641021728516
0.10960078239440918
0.08472585678100586
0.07070136070251465
0.06292128562927246
0.048972129821777344
0.03973960876464844
0.02579355239868164
0.09787273406982422
0.0881202220916748
0.07413554191589355
0.05888867378234863
0.044898271560668945
0.03073716163635254
0.017815589904785156
0.0877530574798584
0.07815957069396973
0.07796072959899902
0.06060791015625
0.04552006721496582
0.027931928634643555
0.0991816520690918
0.08481049537658691
0.07631301879882812
0.05875849723815918
0.04455828666687012
0.030118942260742188
0.09053206443786621
0.09008097648620605
0.07612943649291992
0.06318902969360352
0.0516660213470459
0.034758806228637695
0.11802959442138672
0.09618973731994629
0.07824110984802246
0.06427454948425293
0.050073862075805664
0.035962820053100586
0.10811281204223633
0.08469986915588379
0.07060575485229492
0.057547569274902344
0.049387454986572266
0.03955435752868652
0.10755515098571777
0.09929752349853516
0.08436036109924316
0.08646035194396973
0.07207846641540527
0.05128765106201172
0.037660837173461914
0.10623288154602051
0.08134198188781738
0.07084035873413086
0.06009316444396973
0.045423030853271484
0.031066417694091797
0.11299633979797363
0.09233593940734863
0.07376527786254883
0.059736013412475586
0.0460658073425293
0.03154468536376953
0.11641788482666016
0.09871935844421387
0.09380769729614258
0.07987666130065918
0.0652470588684082
0.0506439208984375
0.0373225212097168
0.10838842391967773
0.0801997184753418
0.0679941177368164
0.055374860763549805
0.0421910285949707
0.03045940399169922
0.11758065223693848
0.0976099967956543
0.08281254768371582
0.06788301467895508
0.050130605697631836
0.03584766387939453
0.10981035232543945
0.0945127010345459
0.09765863418579102
0.0833897590637207
0.06990718841552734
0.05596041679382324
0.04200315475463867
0.10539627075195312
0.09691715240478516
0.08373594284057617
0.06977272033691406
0.05553245544433594
0.04159259796142578
0.10958290100097656
0.10848236083984375
0.09049081802368164
0.0754709243774414
0.06112504005432129
0.0498812198638916
0.04489731788635254
0.10835695266723633
0.08003973960876465
0.0678563117980957
0.06552696228027344
0.052222490310668945
0.12357354164123535
0.0985715389251709
0.09172868728637695
0.0779716968536377
0.06378889083862305
0.0573275089263916
0.04005622863769531
0.10705184936523438
0.10871219635009766
0.09389543533325195
0.07930254936218262
0.06479239463806152
0.05042695999145508
0.03499317169189453
0.10548233985900879
0.09358596801757812
0.07104158401489258
0.05663466453552246
0.04175710678100586
0.027654647827148438
0.09079384803771973
0.08243536949157715
0.07601499557495117
0.06188559532165527
0.0475611686706543
0.03958535194396973
0.1393415927886963
0.12544536590576172
0.11151981353759766
0.09698057174682617
0.08301997184753418
0.06910061836242676
0.054729461669921875
0.04064536094665527
0.09543204307556152
0.07902956008911133
0.06734585762023926
0.05869269371032715
0.05414319038391113
0.04007148742675781
0.10492897033691406
0.08078932762145996
0.07544875144958496
0.0605015754699707
0.04557371139526367
0.027634620666503906
0.10373854637145996
0.09420466423034668
0.07621479034423828
0.06223607063293457
0.04731273651123047
0.030286550521850586
0.10032916069030762
0.08240103721618652
0.07480931282043457
0.054769277572631836
0.04572701454162598
0.031832218170166016
0.10838007926940918
0.0817875862121582
0.07393741607666016
0.06992363929748535
0.05598616600036621
0.04206514358520508
0.027610301971435547
0.10112142562866211
0.09839749336242676
0.08400368690490723
0.06955146789550781
0.05576276779174805
0.04141044616699219
0.10570549964904785
0.08920907974243164
0.08222699165344238
0.07083940505981445
0.06095743179321289
0.04868125915527344
0.035620927810668945
0.09793233871459961
0.08858346939086914
0.07460522651672363
0.06025838851928711
0.0459589958190918
0.04424118995666504
0.030683040618896484
0.09473419189453125
0.08495593070983887
0.07101273536682129
0.07153201103210449
0.05655860900878906
0.03466629981994629
0.08730554580688477
0.07202863693237305
0.0626676082611084
0.04873299598693848
0.03495311737060547
0.020590543746948242
0.10279440879821777
0.08586549758911133
0.07482242584228516
0.07214212417602539
0.05853772163391113
0.04427933692932129
0.02999711036682129
0.10547041893005371
0.0879514217376709
0.07366800308227539
0.055042266845703125
0.03723859786987305
0.12932753562927246
0.11576724052429199
0.1022493839263916
0.08483624458312988
0.07055926322937012
0.05634164810180664
0.04258394241333008
0.02834296226501465
0.08615660667419434
0.08066678047180176
0.06707978248596191
0.048783063888549805
0.034815073013305664
0.032694339752197266
0.0947866439819336
0.07654428482055664
0.07895660400390625
0.07034778594970703
0.05665254592895508
0.042000770568847656
0.10271358489990234
0.08949565887451172
0.07536888122558594
0.07316279411315918
0.05922389030456543
0.10832357406616211
0.09705662727355957
0.09259629249572754
0.0855703353881836
0.07035970687866211
0.05019378662109375
0.03559112548828125
0.12117505073547363
0.0942678451538086
0.07919573783874512
0.06495332717895508
0.050031423568725586
0.03561663627624512
0.1104593276977539
0.08556270599365234
0.07039284706115723
0.05897927284240723
0.0447535514831543
0.04227876663208008
0.028200387954711914
0.09582138061523438
0.08849859237670898
0.08332014083862305
0.07405710220336914
0.05907130241394043
0.04513072967529297
0.1301865577697754
0.10325407981872559
0.08970403671264648
0.07466483116149902
0.05974078178405762
0.04470705986022949
0.10658574104309082
0.08887815475463867
0.06805801391601562
0.06101632118225098
0.047059059143066406
0.03284955024719238
0.10521364212036133
0.09472227096557617
0.08843255043029785
0.07418656349182129
0.05996870994567871
0.045021772384643555
0.029036283493041992
0.0887749195098877
0.07865118980407715
0.06358790397644043
0.05324721336364746
0.03923201560974121
0.024677038192749023
0.09969544410705566
0.08516216278076172
0.07063579559326172
0.05561947822570801
0.04094982147216797
0.027737140655517578
0.10622310638427734
0.09514594078063965
0.08711528778076172
0.07276630401611328
0.05868077278137207
0.04432988166809082
0.03388810157775879
0.09928274154663086
0.08207964897155762
0.07050514221191406
0.05611729621887207
0.04176735877990723
0.04237103462219238
0.11174392700195312
0.08555245399475098
0.0738825798034668
0.06639599800109863
0.05207085609436035
0.03727388381958008
0.02337050437927246
0.09190225601196289
0.08067798614501953
0.062252044677734375
0.052863121032714844
0.046744346618652344
0.03186345100402832
0.10378789901733398
0.08915972709655762
0.07818055152893066
0.06347942352294922
0.04904460906982422
0.03463459014892578
0.10307812690734863
0.08275508880615234
0.07410311698913574
0.059102773666381836
0.05969381332397461
0.04449653625488281
0.03028392791748047
0.09670305252075195
0.08608508110046387
0.07519364356994629
0.0645151138305664
0.05627322196960449
0.04283595085144043
0.10854601860046387
0.08823752403259277
0.07420825958251953
0.05984902381896973
0.04922342300415039
0.034787654876708984
0.02176070213317871
0.08908987045288086
0.08251214027404785
0.06825113296508789
0.04987788200378418
0.03586173057556152
0.0294649600982666
0.09108114242553711
0.08136868476867676
0.06681132316589355
0.056362152099609375
0.04636430740356445
0.035895586013793945
0.10395598411560059
0.09585070610046387
0.081939697265625
0.06696438789367676
0.05267906188964844
0.03804206848144531
0.023920297622680664
0.09722137451171875
0.08418083190917969
0.06565618515014648
0.055948495864868164
0.04347634315490723
0.038330078125
0.11301302909851074
0.08519792556762695
0.07185101509094238
0.06825685501098633
0.05363035202026367
0.035683631896972656
0.10845637321472168
0.10926032066345215
0.09519767761230469
0.07712149620056152
0.06253433227539062
0.04848337173461914
0.03368234634399414
0.10636115074157715
0.08006572723388672
0.06823611259460449
0.06758260726928711
0.05247235298156738
0.03814983367919922
0.10420799255371094
0.0836181640625
0.06908130645751953
0.06518435478210449
0.044296979904174805
0.030129432678222656
0.09047436714172363
0.08174419403076172
0.06740522384643555
0.06286263465881348
0.04836106300354004
0.03395414352416992
0.10896539688110352
0.08283615112304688
0.0700385570526123
0.06354379653930664
0.04937005043029785
0.039138078689575195
0.029618501663208008
0.10579991340637207
0.09102487564086914
0.07734251022338867
0.06250691413879395
0.04794788360595703
0.03373861312866211
0.11113619804382324
0.08547282218933105
0.07086896896362305
0.05662083625793457
0.048100948333740234
0.033377885818481445
0.10913729667663574
0.08593583106994629
0.07180261611938477
0.07049012184143066
0.056047916412353516
0.040865421295166016
0.13044309616088867
0.10214519500732422
0.08729982376098633
0.0730748176574707
0.058884620666503906
0.04462122917175293
0.1092538833618164
0.08417534828186035
0.06884574890136719
0.06786608695983887
0.053708791732788086
0.03986978530883789
0.02558755874633789
0.09415626525878906
0.08077812194824219
0.06846046447753906
0.0597536563873291
0.0455927848815918
0.03515505790710449
0.026847124099731445
0.09413695335388184
0.0800321102142334
0.07126116752624512
0.05659174919128418
0.04198122024536133
0.02963399887084961
0.09117245674133301
0.08541297912597656
0.06785750389099121
0.05295419692993164
0.04794144630432129
0.030620098114013672
0.0902864933013916
0.08187532424926758
0.06716632843017578
0.05482149124145508
0.0422968864440918
0.11150479316711426
0.08464431762695312
0.07821917533874512
0.06434059143066406
0.0622258186340332
0.04559159278869629
0.11446785926818848
0.09973406791687012
0.08325719833374023
0.06898331642150879
0.06815147399902344
0.05559372901916504
0.044226646423339844
0.10892605781555176
0.09962606430053711
0.08327317237854004
0.07337689399719238
0.06581664085388184
0.05083203315734863
0.03658771514892578
0.10950803756713867
0.08854532241821289
0.0827031135559082
0.07292008399963379
0.05841064453125
0.10375332832336426
0.08448004722595215
0.0722811222076416
0.05992460250854492
0.05459713935852051
0.04009675979614258
0.02804708480834961
0.08939337730407715
0.07696771621704102
0.07196569442749023
0.057599544525146484
0.04297804832458496
0.029114484786987305
0.10570263862609863
0.09570789337158203
0.08156704902648926
0.06654810905456543
0.05254554748535156
0.03798055648803711
0.11049437522888184
0.10717129707336426
0.09258484840393066
0.0783684253692627
0.06414222717285156
0.043584346771240234
0.029067277908325195
0.1216135025024414
0.1057431697845459
0.09369254112243652
0.07911300659179688
0.0651702880859375
0.051201581954956055
0.03724312782287598
0.09918498992919922
0.08221435546875
0.0777132511138916
0.0634913444519043
0.04908561706542969
0.03466224670410156
0.10923147201538086
0.08299612998962402
0.0689847469329834
0.05491209030151367
0.041936635971069336
0.03356599807739258
0.11354541778564453
0.10670590400695801
0.09277963638305664
0.0782928466796875
0.06409406661987305
0.049649715423583984
0.03599834442138672
0.032738447189331055
0.097198486328125
0.078887939453125
0.0669090747833252
0.058341026306152344
0.05458998680114746
0.04132986068725586
0.10760974884033203
0.08410763740539551
0.07351875305175781
0.06890058517456055
0.054082632064819336
0.03986001014709473
0.10987615585327148
0.11964869499206543
0.11893248558044434
0.10512065887451172
0.08739280700683594
0.07429051399230957
0.057872772216796875
0.10135626792907715
0.08118629455566406
0.0751190185546875
0.061075448989868164
0.04691767692565918
0.033004045486450195
0.0964651107788086
0.08331847190856934
0.0683751106262207
0.06964731216430664
0.05164504051208496
0.05119490623474121
0.11374330520629883
0.09971046447753906
0.08457326889038086
0.06928563117980957
0.05491447448730469
0.04002046585083008
0.1053311824798584
0.08245015144348145
0.08171248435974121
0.06731200218200684
0.052883148193359375
0.038625478744506836
0.10945868492126465
0.10201883316040039
0.08509206771850586
0.07268166542053223
0.06029796600341797
0.04594564437866211
0.03221726417541504
0.11129474639892578
0.08142518997192383
0.08312726020812988
0.0687859058380127
0.053705692291259766
0.039014339447021484
0.10611391067504883
0.09346890449523926
0.08384895324707031
0.06330418586730957
0.048781394958496094
0.03456830978393555
0.09093689918518066
0.08478331565856934
0.07073664665222168
0.05935811996459961
0.04918384552001953
0.03694939613342285
0.10027003288269043
0.08548831939697266
0.0674130916595459
0.056632041931152344
0.041963815689086914
0.026981115341186523
0.10172533988952637
0.10246682167053223
0.08808159828186035
0.07335829734802246
0.05580735206604004
0.040692806243896484
0.1184995174407959
0.09258079528808594
0.07822036743164062
0.06374692916870117
0.05657553672790527
0.03915286064147949
0.12242007255554199
0.10088157653808594
0.08683657646179199
0.07245516777038574
0.0576176643371582
0.04007554054260254
0.11268329620361328
0.0917668342590332
0.07773423194885254
0.0635824203491211
0.03020501136779785
0.11467576026916504
0.09544944763183594
0.08139276504516602
0.06691670417785645
0.051930904388427734
0.03995060920715332
0.02514171600341797
0.10103774070739746
0.08058786392211914
0.08254384994506836
0.06894278526306152
0.054816484451293945
0.03492927551269531
0.09407424926757812
0.07978153228759766
0.06612014770507812
0.05693221092224121
0.051166534423828125
0.04276609420776367
0.10634565353393555
0.08517575263977051
0.07102251052856445
0.07411670684814453
0.05899405479431152
0.04487037658691406
0.029936552047729492
0.09788012504577637
0.08440566062927246
0.0777122974395752
0.06348562240600586
0.049317121505737305
0.03463172912597656
0.020349979400634766
0.08820986747741699
0.08665013313293457
0.07252335548400879
0.05826377868652344
0.042984962463378906
0.03175950050354004
0.1018526554107666
0.08273839950561523
0.07767176628112793
0.06344795227050781
0.04932069778442383
0.0381922721862793
0.022697925567626953
0.1002204418182373
0.0822896957397461
0.07008552551269531
0.05193185806274414
0.040715932846069336
0.10840296745300293
0.08575034141540527
0.08943867683410645
0.07493329048156738
0.0606684684753418
0.04577946662902832
0.030963420867919922
0.09399127960205078
0.07863259315490723
0.07198667526245117
0.07328677177429199
0.057918548583984375
0.04375028610229492
0.12352490425109863
0.10062265396118164
0.08471298217773438
0.0668485164642334
0.05318284034729004
0.038691043853759766
0.10529065132141113
0.0798940658569336
0.06842708587646484
0.055371999740600586
0.04630398750305176
0.028447389602661133
0.10773968696594238
0.08563446998596191
0.07206320762634277
0.05932903289794922
0.04357504844665527
0.031482696533203125
0.09617877006530762
0.08118987083435059
0.06706881523132324
0.05341625213623047
0.04378008842468262
0.02877640724182129
0.10538029670715332
0.10337138175964355
0.09169816970825195
0.07676959037780762
0.06188821792602539
0.04769134521484375
0.03285861015319824
0.08627629280090332
0.07771086692810059
0.06319999694824219
0.0569303035736084
0.042995452880859375
0.028713703155517578
0.11177968978881836
0.08588314056396484
0.07729482650756836
0.0625157356262207
0.048535823822021484
0.034508466720581055
0.10902667045593262
0.09478473663330078
0.08149242401123047
0.06639361381530762
0.05205392837524414
0.03369402885437012
0.1302626132965088
0.10467147827148438
0.08448171615600586
0.07306718826293945
0.05854439735412598
0.04454827308654785
0.10547518730163574
0.08505916595458984
0.07716131210327148
0.06313729286193848
0.048467159271240234
0.0307159423828125
0.09066319465637207
0.07406139373779297
0.059796810150146484
0.04964303970336914
0.03246808052062988
0.022666454315185547
0.09782576560974121
0.08298707008361816
0.07535839080810547
0.06434297561645508
0.0494382381439209
0.03570389747619629
0.11754155158996582
0.08469510078430176
0.06994843482971191
0.0550541877746582
0.03743696212768555
0.02949357032775879
0.11052227020263672
0.09612011909484863
0.08161187171936035
0.06738400459289551
0.052551984786987305
0.03896617889404297
0.10297322273254395
0.08132410049438477
0.07255816459655762
0.06612277030944824
0.05165743827819824
0.033875226974487305
0.09870052337646484
0.08437132835388184
0.07031774520874023
0.059702157974243164
0.06076312065124512
0.04602217674255371
0.1043391227722168
0.08222532272338867
0.06974196434020996
0.05727052688598633
0.04513192176818848
0.0387418270111084
0.11147570610046387
0.09414243698120117
0.08658480644226074
0.07224225997924805
0.057281494140625
0.04690980911254883
0.02696084976196289
0.09130001068115234
0.0770573616027832
0.06461119651794434
0.049880266189575195
0.020783424377441406
0.10161328315734863
0.08799457550048828
0.07356905937194824
0.06947660446166992
0.05503654479980469
0.03385043144226074
0.10521984100341797
0.08272457122802734
0.06983041763305664
0.0572209358215332
0.04422640800476074
0.04388785362243652
0.02938103675842285
0.08869004249572754
0.08371257781982422
0.0692894458770752
0.054836273193359375
0.04041647911071777
0.030527114868164062
0.10404610633850098
0.09240150451660156
0.0772857666015625
0.06302857398986816
0.048619985580444336
0.03433728218078613
0.11907124519348145
0.11027002334594727
0.09563136100769043
0.08122444152832031
0.06691670417785645
0.04930281639099121
0.03116154670715332
0.10041642189025879
0.08765411376953125
0.0731046199798584
0.0687704086303711
0.05383658409118652
0.039373159408569336
0.11621260643005371
0.10271358489990234
0.0884392261505127
0.07337379455566406
0.05903005599975586
0.04478287696838379
0.1128547191619873
0.10198354721069336
0.08505678176879883
0.07067561149597168
0.07116150856018066
0.05736804008483887
0.042319536209106445
0.10570859909057617
0.09246301651000977
0.0782616138458252
0.06051135063171387
0.04639387130737305
0.03281378746032715
0.026355266571044922
0.09676337242126465
0.09399127960205078
0.07982659339904785
0.06151938438415527
0.047223806381225586
0.03319406509399414
0.10129642486572266
0.08839893341064453
0.07440567016601562
0.0604093074798584
0.045946359634399414
0.04611659049987793
0.033437490463256836
0.08825802803039551
0.08326292037963867
0.06806302070617676
0.050229549407958984
0.035941362380981445
0.033334970474243164
0.10100793838500977
0.09035134315490723
0.08919882774353027
0.07563304901123047
0.061542510986328125
0.04660511016845703
0.033045291900634766
0.09500718116760254
0.08565688133239746
0.07171344757080078
0.05780315399169922
0.04984116554260254
0.036052703857421875
0.0908050537109375
0.07901549339294434
0.06732344627380371
0.05565690994262695
0.04056835174560547
0.02543783187866211
0.09024786949157715
0.08500051498413086
0.06840682029724121
0.05445289611816406
0.04001903533935547
0.02316117286682129
0.09119033813476562
0.0789330005645752
0.06664609909057617
0.053414344787597656
0.047698259353637695
0.0324397087097168
0.09944748878479004
0.09891366958618164
0.08548307418823242
0.07110142707824707
0.05370521545410156
0.03910398483276367
0.10837602615356445
0.09319472312927246
0.08056020736694336
0.06810307502746582
0.032537221908569336
0.023932695388793945
0.10081124305725098
0.08647966384887695
0.07247138023376465
0.055179595947265625
0.049706459045410156
0.03477334976196289
0.10813522338867188
0.09583330154418945
0.08327054977416992
0.07429242134094238
0.06039619445800781
0.033380985260009766
0.03106856346130371
0.10138988494873047
0.08343887329101562
0.06806373596191406
0.06542468070983887
0.051177978515625
0.035967350006103516
0.10739278793334961
0.08517837524414062
0.07959318161010742
0.06542158126831055
0.05156826972961426
0.036602020263671875
0.10784363746643066
0.09314465522766113
0.08140420913696289
0.073516845703125
0.05867147445678711
0.04922842979431152
0.029289722442626953
0.10501527786254883
0.08011746406555176
0.07350611686706543
0.059201717376708984
0.044684410095214844
0.029622793197631836
0.10880661010742188
0.10077571868896484
0.08640789985656738
0.07479739189147949
0.059751272201538086
0.0452883243560791
0.03126382827758789
0.10193085670471191
0.09230899810791016
0.07830452919006348
0.06368017196655273
0.04986262321472168
0.040567874908447266
0.09018754959106445
0.07384395599365234
0.06155204772949219
0.06606030464172363
0.05390620231628418
0.039220333099365234
0.10400962829589844
0.08818173408508301
0.07976865768432617
0.07564926147460938
0.06137847900390625
0.04686689376831055
0.032517433166503906
0.09897089004516602
0.08065485954284668
0.07344388961791992
0.0587773323059082
0.053420305252075195
0.04610872268676758
0.1118311882019043
0.08292198181152344
0.06885910034179688
0.07520723342895508
0.06083059310913086
0.042654991149902344
0.10272622108459473
0.08384585380554199
0.0686638355255127
0.0548861026763916
0.05644989013671875
0.041574716567993164
0.10536980628967285
0.08335423469543457
0.07503080368041992
0.06128835678100586
0.04818272590637207
0.04005146026611328
0.02486872673034668
0.1051170825958252
0.0851898193359375
0.07123661041259766
0.05724954605102539
0.06224322319030762
0.047313690185546875
0.1024169921875
0.08111810684204102
0.06237030029296875
0.055298805236816406
0.046352386474609375
0.034921884536743164
0.0983126163482666
0.0823974609375
0.06732392311096191
0.05693459510803223
0.04289722442626953
0.03761625289916992
0.11335325241088867
0.09604573249816895
0.07888555526733398
0.07294726371765137
0.05527496337890625
0.033960819244384766
0.11217904090881348
0.09416532516479492
0.0790700912475586
0.06429886817932129
0.050108909606933594
0.03501296043395996
0.10609722137451172
0.08455228805541992
0.06608939170837402
0.06040668487548828
0.04645943641662598
0.02753615379333496
0.08968162536621094
0.0749061107635498
0.06265664100646973
0.06539416313171387
0.05081009864807129
0.036234378814697266
0.10281896591186523
0.10009407997131348
0.08509016036987305
0.07106328010559082
0.05862903594970703
0.11313843727111816
0.09623527526855469
0.08130764961242676
0.07085943222045898
0.07248497009277344
0.05398106575012207
0.039705514907836914
0.10229659080505371
0.08015799522399902
0.07457280158996582
0.06052732467651367
0.046869754791259766
0.042757511138916016
0.11615824699401855
0.09179353713989258
0.07244586944580078
0.05881762504577637
0.04398655891418457
0.026895999908447266
0.10833001136779785
0.09012842178344727
0.07582736015319824
0.061689138412475586
0.04956531524658203
0.03556108474731445
0.033101797103881836
0.10739803314208984
0.0869455337524414
0.07319331169128418
0.07196831703186035
0.05702853202819824
0.04262828826904297
0.041184425354003906
0.09640383720397949
0.0824429988861084
0.08354449272155762
0.0693504810333252
0.055190086364746094
0.040740251541137695
0.1069185733795166
0.08816289901733398
0.07341241836547852
0.0602109432220459
0.054415225982666016
0.03939986228942871
0.02999401092529297
0.09701347351074219
0.10192227363586426
0.09804415702819824
0.08389616012573242
0.0693368911743164
0.05539989471435547
0.11629295349121094
0.08760952949523926
0.051294565200805664
0.03660988807678223
0.019564151763916016
0.10004210472106934
0.09910321235656738
0.0851449966430664
0.0668947696685791
0.0646812915802002
0.04973483085632324
0.10429811477661133
0.08038210868835449
0.07003664970397949
0.05594992637634277
0.040819406509399414
0.03087925910949707
0.10530495643615723
0.08512496948242188
0.07148170471191406
0.0617833137512207
0.0476682186126709
0.03339219093322754
0.1064298152923584
0.08278870582580566
0.07701253890991211
0.0629281997680664
0.04849886894226074
0.04099130630493164
0.02571558952331543
0.09556460380554199
0.08026266098022461
0.06825470924377441
0.05618453025817871
0.05970501899719238
0.04620647430419922
0.031539201736450195
0.0897824764251709
0.07994699478149414
0.0657796859741211
0.0562586784362793
0.042433738708496094
0.029032230377197266
0.10621881484985352
0.09357571601867676
0.08015823364257812
0.06587505340576172
0.051433563232421875
0.03440976142883301
0.029959440231323242
0.08911561965942383
0.08341240882873535
0.07321405410766602
0.058751821517944336
0.044994354248046875
0.030823230743408203
0.10303616523742676
0.08593249320983887
0.08739161491394043
0.0731043815612793
0.0587921142578125
0.04478144645690918
0.02942347526550293
0.09573245048522949
0.09365701675415039
0.08033609390258789
0.06589984893798828
0.05245614051818848
0.03479409217834473
0.11199760437011719
0.09108376502990723
0.07696008682250977
0.06004667282104492
0.06342959403991699
0.045957326889038086
0.031434059143066406
0.0904395580291748
0.07679009437561035
0.07039904594421387
0.06392860412597656
0.04965949058532715
0.03180670738220215
0.10176229476928711
0.10044074058532715
0.0869140625
0.06745314598083496
0.052323102951049805
0.03797149658203125
0.1087942123413086
0.08342933654785156
0.07786417007446289
0.06351780891418457
0.05257892608642578
0.03836941719055176
0.023798227310180664
0.08828091621398926
0.07871127128601074
0.06747961044311523
0.053029537200927734
0.038648128509521484
0.02858567237854004
0.10383796691894531
0.08251547813415527
0.06998205184936523
0.06452488899230957
0.05011796951293945
0.03596925735473633
0.11659359931945801
0.08641529083251953
0.07218098640441895
0.061977386474609375
0.059209585189819336
0.04507040977478027
0.030537843704223633
0.09403777122497559
0.08677196502685547
0.07263588905334473
0.05796694755554199
0.0435178279876709
0.02843761444091797
0.10993552207946777
0.09140610694885254
0.08628726005554199
0.07216691970825195
0.05772757530212402
0.0425417423248291
0.13638615608215332
0.12198114395141602
0.1079261302947998
0.09309935569763184
0.07919001579284668
0.06495976448059082
0.05108642578125
0.03696942329406738
0.09556436538696289
0.10763740539550781
0.08905363082885742
0.07411003112792969
0.05966448783874512
0.045209646224975586
0.10301017761230469
0.08522343635559082
0.07131052017211914
0.05733442306518555
0.04142260551452637
0.030748844146728516
0.01923084259033203
0.0953373908996582
0.08323144912719727
0.0683133602142334
0.05517411231994629
0.048050880432128906
0.03794670104980469
0.10394167900085449
0.10293865203857422
0.08809924125671387
0.07352066040039062
0.05934023857116699
0.04502224922180176
0.030513525009155273
0.08796334266662598
0.08015155792236328
0.0786275863647461
0.0679020881652832
0.05300021171569824
0.035019636154174805
0.10338902473449707
0.08117842674255371
0.06830573081970215
0.05625581741333008
0.05535316467285156
0.04189491271972656
0.1698474884033203
0.1557307243347168
0.1411607265472412
0.12641644477844238
0.09696578979492188
0.08308887481689453
0.10807585716247559
0.08168196678161621
0.06261682510375977
0.048218488693237305
0.03260612487792969
0.020127058029174805
0.09484696388244629
0.0865790843963623
0.07242608070373535
0.05802750587463379
0.04370403289794922
0.030821561813354492
0.11060667037963867
0.0995643138885498
0.08493447303771973
0.07060503959655762
0.056400299072265625
0.044702768325805664
0.030002593994140625
0.1194462776184082
0.09261083602905273
0.07450675964355469
0.057883501052856445
0.04305076599121094
0.028705358505249023
0.09753084182739258
0.0823512077331543
0.07334637641906738
0.0589754581451416
0.04554176330566406
0.03223013877868652
0.029276609420776367
0.0912623405456543
0.07707715034484863
0.06365156173706055
0.05132699012756348
0.042345285415649414
0.027491331100463867
0.11041426658630371
0.08727145195007324
0.07935929298400879
0.0646657943725586
0.050507307052612305
0.03638863563537598
0.022073030471801758
0.10379624366760254
0.08584141731262207
0.07561874389648438
0.057990074157714844
0.043256282806396484
0.028702497482299805
0.1078634262084961
0.0849008560180664
0.06968855857849121
0.0529329776763916
0.03770804405212402
0.022826433181762695
0.09788751602172852
0.08501863479614258
0.08510327339172363
0.07110357284545898
0.05608797073364258
0.041722774505615234
0.02715778350830078
0.08954429626464844
0.08018374443054199
0.07212615013122559
0.05784797668457031
0.043221473693847656
0.028313636779785156
0.11043906211853027
0.08684110641479492
0.07184052467346191
0.05413222312927246
0.05033063888549805
0.038663625717163086
0.10509896278381348
0.09662437438964844
0.07997369766235352
0.06527137756347656
0.050786733627319336
0.03663206100463867
0.11893463134765625
0.09400773048400879
0.0765831470489502
0.07657957077026367
0.06286835670471191
0.04866623878479004
0.11124396324157715
0.09358596801757812
0.08403134346008301
0.07063651084899902
0.06434059143066406
0.05715751647949219
0.04210686683654785
0.10200929641723633
0.0856027603149414
0.07450032234191895
0.06077694892883301
0.04362773895263672
0.02589130401611328
0.10364651679992676
0.085052490234375
0.08016705513000488
0.06666874885559082
0.05242133140563965
0.03719210624694824
0.022579669952392578
0.08824872970581055
0.08039236068725586
0.07042264938354492
0.048558712005615234
0.033890485763549805
0.02788996696472168
0.10010457038879395
0.08208346366882324
0.0766606330871582
0.06256818771362305
0.042652130126953125
0.02851128578186035
0.10522937774658203
0.0830078125
0.07095623016357422
0.05849456787109375
0.045911312103271484
0.0334477424621582
0.024482250213623047
0.09090304374694824
0.07691216468811035
0.06409239768981934
0.054730892181396484
0.03957986831665039
0.025981664657592773
0.10605716705322266
0.08286833763122559
0.08300113677978516
0.06865835189819336
0.0499117374420166
0.03406333923339844
0.10652780532836914
0.0994112491607666
0.08289861679077148
0.06786203384399414
0.05301070213317871
0.035073041915893555
0.10900545120239258
0.08526778221130371
0.07066988945007324
0.055379390716552734
0.0404660701751709
0.025751352310180664
0.1030280590057373
0.08203458786010742
0.07826709747314453
0.06372261047363281
0.04910135269165039
0.034813880920410156
0.021146297454833984
0.07892155647277832
0.07732391357421875
0.0669708251953125
0.05228376388549805
0.037650108337402344
0.1091604232788086
0.10792207717895508
0.10135722160339355
0.08953380584716797
0.0685269832611084
0.05392289161682129
0.04169034957885742
0.09984207153320312
0.09563207626342773
0.08609294891357422
0.07129454612731934
0.057109832763671875
0.042844295501708984
0.1081702709197998
0.09307217597961426
0.08170056343078613
0.0730278491973877
0.06268692016601562
0.04800295829772949
0.033599138259887695
0.10244965553283691
0.0811007022857666
0.0813448429107666
0.06705689430236816
0.05272364616394043
0.038550615310668945
0.02380514144897461
0.09097003936767578
0.07671475410461426
0.07114076614379883
0.056731224060058594
0.042615413665771484
0.024973392486572266
0.09974551200866699
0.08977532386779785
0.07494258880615234
0.05987739562988281
0.05463457107543945
0.040342092514038086
0.026024580001831055
0.10101866722106934
0.08678984642028809
0.07293272018432617
0.05863523483276367
0.04739832878112793
0.025067567825317383
0.10314583778381348
0.08613777160644531
0.08256030082702637
0.06781411170959473
0.053865671157836914
0.03912019729614258
0.025095462799072266
0.11206817626953125
0.09414315223693848
0.0797891616821289
0.06485700607299805
0.04973149299621582
0.021525144577026367
0.0968625545501709
0.08285760879516602
0.08311009407043457
0.06865286827087402
0.05476808547973633
0.04064798355102539
0.026188135147094727
0.08913731575012207
0.08577823638916016
0.0801234245300293
0.06618499755859375
0.05128741264343262
0.0362851619720459
0.1057133674621582
0.1029205322265625
0.08802509307861328
0.07296180725097656
0.05889129638671875
0.04391932487487793
0.12527108192443848
0.09737920761108398
0.08310985565185547
0.07316875457763672
0.03913378715515137
0.11521410942077637
0.08635401725769043
0.07590413093566895
0.06174445152282715
0.04747819900512695
0.03239750862121582
0.10598897933959961
0.08424782752990723
0.06902003288269043
0.05610990524291992
0.05691099166870117
0.04200315475463867
0.027657032012939453
0.09171438217163086
0.084136962890625
0.07000994682312012
0.05551576614379883
0.03786897659301758
0.02315044403076172
0.0913839340209961
0.07869791984558105
0.06623983383178711
0.057598114013671875
0.04318881034851074
0.036952972412109375
0.10606598854064941
0.0855555534362793
0.07108306884765625
0.060281991958618164
0.04587697982788086
0.03859686851501465
0.11583995819091797
0.09207820892333984
0.07804369926452637
0.06356048583984375
0.04923582077026367
0.03429865837097168
0.02036285400390625
0.08965516090393066
0.09364795684814453
0.07950043678283691
0.06437516212463379
0.04987764358520508
0.03568220138549805
0.13081669807434082
0.10722684860229492
0.09228110313415527
0.07779049873352051
0.06347417831420898
0.048993825912475586
0.03438591957092285
0.09098649024963379
0.09590506553649902
0.08144211769104004
0.06702351570129395
0.05208182334899902
0.030936717987060547
0.10139703750610352
0.09758472442626953
0.08347964286804199
0.06830906867980957
0.05362296104431152
0.038781166076660156
0.024439573287963867
0.09479403495788574
0.08040499687194824
0.08785343170166016
0.07366800308227539
0.05899357795715332
0.04455709457397461
0.030305862426757812
0.09878230094909668
0.08468031883239746
0.07030749320983887
0.056162357330322266
0.04199051856994629
0.02817368507385254
0.10664010047912598
0.08288383483886719
0.07033276557922363
0.06766700744628906
0.055626630783081055
0.038686275482177734
0.107574462890625
0.09162187576293945
0.07748579978942871
0.06297469139099121
0.04477429389953613
0.03525114059448242
0.02864861488342285
0.08923172950744629
0.08645176887512207
0.07202458381652832
0.054585933685302734
0.04013943672180176
0.03259754180908203
0.09151721000671387
0.08462643623352051
0.03982353210449219
0.02592778205871582
0.10552477836608887
0.08576321601867676
0.07620525360107422
0.058333635330200195
0.040611982345581055
0.02276158332824707
0.10022377967834473
0.08668851852416992
0.07248139381408691
0.05974602699279785
0.04712200164794922
0.046478271484375
0.03285932540893555
0.08828854560852051
0.07907986640930176
0.06488442420959473
0.06072878837585449
0.045706987380981445
0.03161358833312988
0.10602641105651855
0.08686447143554688
0.07287478446960449
0.05872154235839844
0.05781817436218262
0.0450284481048584
0.11207294464111328
0.08121109008789062
0.0792243480682373
0.06525826454162598
0.05129122734069824
0.03734397888183594
0.10756325721740723
0.09862256050109863
0.0878744125366211
0.07346439361572266
0.059021949768066406
0.04643869400024414
0.03075885772705078
0.10640287399291992
0.09425640106201172
0.09204459190368652
0.07799482345581055
0.06380081176757812
0.04933929443359375
0.027900218963623047
0.0888824462890625
0.07757234573364258
0.0721437931060791
0.06369900703430176
0.049314260482788086
0.03521895408630371
0.10567831993103027
0.09823012351989746
0.08397221565246582
0.06895136833190918
0.054762840270996094
0.04030609130859375
0.026020526885986328
0.09523200988769531
0.09649991989135742
0.0818643569946289
0.06702518463134766
0.05267047882080078
0.03852558135986328
0.10780739784240723
0.09299039840698242
0.08132338523864746
0.07200884819030762
0.057502031326293945
0.05034947395324707
0.0381619930267334
0.1105048656463623
0.10791540145874023
0.09415745735168457
0.07979989051818848
0.0649569034576416
0.05076718330383301
0.03365182876586914
0.08836627006530762
0.07701897621154785
0.06813240051269531
0.059275150299072266
0.045543670654296875
0.03161191940307617
0.09096407890319824
0.08084297180175781
0.07082939147949219
0.05626845359802246
0.038132429122924805
0.023226022720336914
0.09911751747131348
0.10239481925964355
0.08825349807739258
0.07390451431274414
0.0533902645111084
0.03909659385681152
0.10416984558105469
0.08738303184509277
0.08704829216003418
0.07320022583007812
0.05557560920715332
0.04160809516906738
0.11696982383728027
0.09830474853515625
0.08436250686645508
0.06702566146850586
0.05180668830871582
0.03467130661010742
0.022535085678100586
0.09772443771362305
0.08030557632446289
0.0749056339263916
0.05960702896118164
0.04543185234069824
0.038605690002441406
0.024631023406982422
0.09433436393737793
0.09780359268188477
0.08464431762695312
0.06319570541381836
0.0487978458404541
0.03435635566711426
0.10142850875854492
0.08583569526672363
0.07491230964660645
0.06040358543395996
0.04632234573364258
0.036861419677734375
0.022356033325195312
0.08947205543518066
0.07640337944030762
0.06350326538085938
0.053943634033203125
0.03827619552612305
0.03236126899719238
0.09039115905761719
0.08091211318969727
0.06658267974853516
0.053232669830322266
0.05339479446411133
0.035961151123046875
0.08212804794311523
0.06820225715637207
0.05889463424682617
0.042600154876708984
0.028275251388549805
0.10628437995910645
0.08646440505981445
0.08824658393859863
0.07437467575073242
0.060300350189208984
0.04602766036987305
0.03177213668823242
0.08815193176269531
0.07698583602905273
0.06221127510070801
0.0453493595123291
0.040558815002441406
0.033351898193359375
0.11586666107177734
0.0968790054321289
0.08145332336425781
0.06719303131103516
0.05284762382507324
0.024745464324951172
0.09972953796386719
0.08629679679870605
0.07205343246459961
0.05799102783203125
0.043332576751708984
0.03357100486755371
0.09053301811218262
0.0811300277709961
0.06620359420776367
0.04903769493103027
0.04781508445739746
0.03580832481384277
0.10407209396362305
0.08284902572631836
0.07384562492370605
0.059493303298950195
0.05487489700317383
0.040968894958496094
0.11295533180236816
0.09611821174621582
0.07547831535339355
0.062422990798950195
0.06210827827453613
0.04807114601135254
0.03366494178771973
0.08925557136535645
0.08260345458984375
0.07181072235107422
0.06647157669067383
0.051523685455322266
0.03726506233215332
0.10498833656311035
0.08306694030761719
0.0715024471282959
0.06218433380126953
0.05066061019897461
0.03955507278442383
0.02437615394592285
0.08866047859191895
0.09353303909301758
0.07915925979614258
0.06471538543701172
0.05043530464172363
0.03514981269836426
0.10508918762207031
0.08289957046508789
0.0797419548034668
0.06535720825195312
0.05099797248840332
0.03603005409240723
0.025912046432495117
0.09407949447631836
0.08249902725219727
0.07043218612670898
0.05854034423828125
0.04905843734741211
0.04236960411071777
0.10798120498657227
0.08559036254882812
0.07012796401977539
0.05631446838378906
0.04360651969909668
0.03818559646606445
0.12554264068603516
0.11253190040588379
0.09743380546569824
0.0827631950378418
0.06854248046875
0.053444623947143555
0.03416752815246582
0.09454488754272461
0.07959151268005371
0.06528735160827637
0.05063366889953613
0.030869722366333008
0.10433125495910645
0.08517169952392578
0.07280158996582031
0.06974315643310547
0.05603456497192383
0.04081130027770996
0.026574134826660156
0.10458803176879883
0.0905454158782959
0.07631254196166992
0.06190371513366699
0.04783201217651367
0.03387284278869629
0.10601496696472168
0.08638978004455566
0.08167695999145508
0.06721663475036621
0.0531468391418457
0.038506507873535156
0.02460026741027832
0.08867859840393066
0.07702350616455078
0.06888508796691895
0.05455946922302246
0.03305363655090332
0.018683671951293945
0.09154391288757324
0.09138870239257812
0.07693958282470703
0.0589139461517334
0.04660487174987793
0.02891993522644043
0.09150552749633789
0.09166550636291504
0.07725119590759277
0.06223893165588379
0.048285722732543945
0.034821271896362305
0.10690784454345703
0.09653687477111816
0.08483004570007324
0.07035207748413086
0.05593228340148926
0.04130864143371582
0.026778221130371094
0.09920883178710938
0.08404111862182617
0.06604385375976562
0.05211925506591797
0.04715323448181152
0.02981114387512207
0.11144566535949707
0.09632396697998047
0.08267688751220703
0.06126809120178223
0.04682135581970215
0.03252816200256348
0.10694193840026855
0.08616518974304199
0.07196903228759766
0.06433892250061035
0.05900716781616211
0.04548454284667969
0.03153705596923828
0.10731744766235352
0.09333252906799316
0.07893252372741699
0.06426525115966797
0.04969072341918945
0.035262107849121094
0.11013603210449219
0.08537650108337402
0.07094645500183105
0.06262373924255371
0.048330068588256836
0.03385472297668457
0.019114971160888672
0.09093999862670898
0.08928442001342773
0.07935309410095215
0.06458473205566406
0.05012106895446777
0.035125732421875
0.11998701095581055
0.10178995132446289
0.08735346794128418
0.07286667823791504
0.05198240280151367
0.03752493858337402
0.10939192771911621
0.08588147163391113
0.07172513008117676
0.05801534652709961
0.054318904876708984
0.03982424736022949
0.024801254272460938
0.09185051918029785
0.0779104232788086
0.06447148323059082
0.05540060997009277
0.041033029556274414
0.027202129364013672
0.11730456352233887
0.09236788749694824
0.0780634880065918
0.06281590461730957
0.04870104789733887
0.03429293632507324
0.027912616729736328
0.09539556503295898
0.08408570289611816
0.07260346412658691
0.05499911308288574
0.05203104019165039
0.03826189041137695
0.10595846176147461
0.08580327033996582
0.07163834571838379
0.059175729751586914
0.040930747985839844
0.02711629867553711
0.11745333671569824
0.0925438404083252
0.07106590270996094
0.056891679763793945
0.04264330863952637
0.028116226196289062
0.11807584762573242
0.09852194786071777
0.08375263214111328
0.06927919387817383
0.0555117130279541
0.04057884216308594
0.025470256805419922
0.0954747200012207
0.0809166431427002
0.07758331298828125
0.06313967704772949
0.04874753952026367
0.03451108932495117
0.020125150680541992
0.09184861183166504
0.07785820960998535
0.0649712085723877
0.05909466743469238
0.044596195220947266
0.02978372573852539
0.10407257080078125
0.1001732349395752
0.08913922309875488
0.07591843605041504
0.061621665954589844
0.0472104549407959
0.03264331817626953
0.08900260925292969
0.09193992614746094
0.07757353782653809
0.06327390670776367
0.048874616622924805
0.0341794490814209
0.10826349258422852
0.09871673583984375
0.08442831039428711
0.0705106258392334
0.05619335174560547
0.041539907455444336
0.02708601951599121
0.10005331039428711
0.08232522010803223
0.07392168045043945
0.05942106246948242
0.0450441837310791
0.030579805374145508
0.12496209144592285
0.09969115257263184
0.0853719711303711
0.07140016555786133
0.057492971420288086
0.04354119300842285
0.029570579528808594
0.09816622734069824
0.0788581371307373
0.0700232982635498
0.05572247505187988
0.04489326477050781
0.030393123626708984
0.1086430549621582
0.08681011199951172
0.07497835159301758
0.06321191787719727
0.042926788330078125
0.03350472450256348
0.027987241744995117
0.08916330337524414
0.08060693740844727
0.06619691848754883
0.05571794509887695
0.04134392738342285
0.03419160842895508
0.11088037490844727
0.08658576011657715
0.07237505912780762
0.057680368423461914
0.0572967529296875
0.042905569076538086
0.027777671813964844
0.09478974342346191
0.08017754554748535
0.06569409370422363
0.057550668716430664
0.0489506721496582
0.03466534614562988
0.10308218002319336
0.08591675758361816
0.0832967758178711
0.06882071495056152
0.054402828216552734
0.04827523231506348
0.03398561477661133
0.09634208679199219
0.08390331268310547
0.08081340789794922
0.06054806709289551
0.045152902603149414
0.030900239944458008
0.10792708396911621
0.08591651916503906
0.07166552543640137
0.06112217903137207
0.05283474922180176
0.03865933418273926
0.02460026741027832
0.09001636505126953
0.09194684028625488
0.07746100425720215
0.06296133995056152
0.04758930206298828
0.03285622596740723
0.11531209945678711
0.09243512153625488
0.0781564712524414
0.06395101547241211
0.0495295524597168
0.037241220474243164
0.02306056022644043
0.0964968204498291
0.07684755325317383
0.08094334602355957
0.06650638580322266
0.05186915397644043
0.03751325607299805
0.1170659065246582
0.10257220268249512
0.08817887306213379
0.07369065284729004
0.059175729751586914
0.044739723205566406
0.030422687530517578
0.09888815879821777
0.08134293556213379
0.07467389106750488
0.060427188873291016
0.045979976654052734
0.03151273727416992
0.021283626556396484
0.09551167488098145
0.08106398582458496
0.06832432746887207
0.05916190147399902
0.04450082778930664
0.030421733856201172
0.1076052188873291
0.08902430534362793
0.07477855682373047
0.06042742729187012
0.04628872871398926
0.025655269622802734
0.11267328262329102
0.089324951171875
0.0743110179901123
0.05980181694030762
0.04548478126525879
0.03523564338684082
0.025525331497192383
0.09519696235656738
0.09059786796569824
0.07611513137817383
0.06117653846740723
0.046854257583618164
0.03257894515991211
0.10798954963684082
0.08674001693725586
0.07218241691589355
0.05793952941894531
0.04837989807128906
0.03416132926940918
0.02026224136352539
0.09119987487792969
0.08023405075073242
0.07824945449829102
0.06568479537963867
0.05133938789367676
0.037102460861206055
