0.09765768051147461
0.08582091331481934
0.08284592628479004
0.06791806221008301
0.05343317985534668
0.04779672622680664
0.10492181777954102
0.08432745933532715
0.07853436470031738
0.06364774703979492
0.05617070198059082
0.041258811950683594
0.10711431503295898
0.08674335479736328
0.07228994369506836
0.06561994552612305
0.05202746391296387
0.03790926933288574
0.02335953712463379
0.10519886016845703
0.08590078353881836
0.07168817520141602
0.06737112998962402
0.049831390380859375
0.03579235076904297
0.10634279251098633
0.0844724178314209
0.07019233703613281
0.05234479904174805
0.040544748306274414
0.03772735595703125
0.10296058654785156
0.08651423454284668
0.07562255859375
0.0652165412902832
0.0509951114654541
0.03616786003112793
0.10882019996643066
0.08895730972290039
0.07710075378417969
0.0633382797241211
0.045377254486083984
0.03821301460266113
0.10567665100097656
0.09479618072509766
0.08468198776245117
0.08243632316589355
0.06799149513244629
0.053150177001953125
0.12065434455871582
0.07873415946960449
0.07152986526489258
0.05976223945617676
0.04538154602050781
0.030502796173095703
0.09174132347106934
0.08127760887145996
0.06705379486083984
0.06019163131713867
0.04562711715698242
0.03133535385131836
0.1109476089477539
0.08634305000305176
0.07204031944274902
0.06213498115539551
0.04759359359741211
0.04383111000061035
0.02987360954284668
0.09231686592102051
0.08202123641967773
0.06838369369506836
0.05478382110595703
0.04845166206359863
0.03418755531311035
0.08608794212341309
0.0846247673034668
0.06968569755554199
0.05603170394897461
0.04159712791442871
0.026776552200317383
0.09899091720581055
0.0994718074798584
0.08530783653259277
0.07025361061096191
0.05553579330444336
0.041341543197631836
0.05235719680786133
0.09819841384887695
0.08245182037353516
0.0684657096862793
0.05316877365112305
0.1356673240661621
0.12086629867553711
0.1048729419708252
0.08896684646606445
0.07437729835510254
0.06024575233459473
0.04584932327270508
0.10888457298278809
0.08201241493225098
0.07337427139282227
0.06616616249084473
0.0592653751373291
0.04113006591796875
0.10758066177368164
0.08265948295593262
0.09369969367980957
0.07911157608032227
0.06497335433959961
0.05065202713012695
0.03668546676635742
0.10298585891723633
0.08808684349060059
0.07018375396728516
0.05249166488647461
0.03442502021789551
0.020660400390625
0.09720444679260254
0.09995460510253906
0.08501362800598145
0.07077598571777344
0.05659008026123047
0.04147028923034668
0.027295351028442383
0.09759712219238281
0.07977557182312012
0.06705689430236816
0.05190467834472656
0.041077375411987305
0.026473283767700195
0.10256600379943848
0.08311796188354492
0.07011747360229492
0.05551934242248535
0.040418386459350586
0.02540135383605957
0.09326982498168945
0.07866096496582031
0.06994867324829102
0.06283807754516602
0.04854536056518555
0.03334546089172363
0.10725879669189453
0.09603452682495117
0.08165383338928223
0.06754875183105469
0.05240988731384277
0.03821730613708496
0.08127713203430176
0.08296680450439453
0.06957888603210449
0.05549025535583496
0.04100155830383301
0.027454376220703125
0.10158610343933105
0.10041236877441406
0.08644270896911621
0.07183718681335449
0.05362272262573242
0.03864550590515137
0.11349773406982422
0.09256601333618164
0.07818245887756348
0.06315970420837402
0.048844099044799805
0.02821207046508789
0.1085977554321289
0.08934330940246582
0.07444977760314941
0.060221195220947266
0.05146193504333496
0.0427546501159668
0.028421401977539062
0.09730696678161621
0.09461259841918945
0.0795135498046875
0.0652318000793457
0.050035715103149414
0.03561043739318848
0.10753059387207031
0.0890662670135498
0.07496523857116699
0.06041407585144043
0.045915842056274414
0.03293204307556152
0.10718059539794922
0.08916068077087402
0.08383440971374512
0.06950855255126953
0.05550837516784668
0.0416109561920166
0.03285384178161621
0.11443281173706055
0.09351444244384766
0.07907962799072266
0.06445455551147461
0.03176116943359375
0.10490894317626953
0.0886847972869873
0.0727996826171875
0.05910539627075195
0.03147387504577637
0.03481101989746094
0.09035587310791016
0.08949017524719238
0.0744636058807373
0.060561418533325195
0.04559659957885742
0.03358340263366699
0.11059927940368652
0.0961451530456543
0.09063911437988281
0.0765523910522461
0.062445640563964844
0.047632694244384766
0.038839101791381836
0.11224865913391113
0.09490084648132324
0.0842137336730957
0.06945657730102539
0.05161476135253906
0.023699522018432617
0.09351515769958496
0.0945901870727539
0.08066725730895996
0.059372663497924805
0.04536843299865723
0.031519174575805664
0.10581755638122559
0.08690810203552246
0.06891012191772461
0.05896306037902832
0.04286766052246094
0.03534102439880371
0.1093149185180664
0.08838462829589844
0.09153103828430176
0.07670998573303223
0.06272697448730469
0.04681897163391113
0.10576105117797852
0.08246803283691406
0.08525514602661133
0.07262587547302246
0.058643341064453125
0.04367661476135254
0.1114046573638916
0.08984684944152832
0.09337234497070312
0.08289527893066406
0.0805215835571289
0.06792354583740234
0.10692238807678223
0.08105850219726562
0.06632494926452637
0.0746924877166748
0.060207366943359375
0.04598665237426758
0.0923011302947998
0.07737183570861816
0.0624079704284668
0.06667613983154297
0.04485583305358887
0.03172922134399414
0.0942232608795166
0.08015656471252441
0.07435035705566406
0.060436248779296875
0.04996895790100098
0.03848886489868164
0.11047863960266113
0.09381961822509766
0.0872652530670166
0.07236480712890625
0.058564186096191406
0.04389691352844238
0.027068376541137695
0.09615182876586914
0.08163094520568848
0.06377673149108887
0.0667266845703125
0.052274227142333984
0.037874460220336914
0.10029077529907227
0.08282160758972168
0.07374143600463867
0.05945849418640137
0.05778861045837402
0.040627479553222656
0.1289982795715332
0.10997772216796875
0.09586048126220703
0.08501124382019043
0.07156968116760254
0.05725550651550293
0.11468195915222168
0.08491230010986328
0.06346321105957031
0.048363685607910156
0.039534807205200195
0.029503822326660156
0.14105939865112305
0.12074923515319824
0.0999765396118164
0.08123564720153809
0.06623697280883789
0.05128955841064453
0.09823942184448242
0.07127594947814941
0.061193227767944336
0.04610800743103027
0.03093099594116211
0.10837364196777344
0.0955657958984375
0.08863186836242676
0.07443118095397949
0.05629324913024902
0.03777766227722168
0.10950875282287598
0.08382892608642578
0.07411503791809082
0.0405888557434082
0.11823439598083496
0.09396529197692871
0.08161807060241699
0.06963562965393066
0.06045413017272949
0.04588747024536133
0.03175544738769531
0.11120843887329102
0.10712695121765137
0.0953986644744873
0.08092808723449707
0.0661165714263916
0.0511171817779541
0.046324729919433594
0.11121511459350586
0.1131296157836914
0.09612846374511719
0.08204412460327148
0.04969382286071777
0.03174114227294922
0.10041952133178711
0.09084892272949219
0.08635735511779785
0.07244443893432617
0.0584416389465332
0.044135093688964844
0.029438257217407227
0.09886980056762695
0.08294129371643066
0.06623649597167969
0.08424019813537598
0.06928443908691406
0.05479574203491211
0.11098837852478027
0.09902191162109375
0.08384299278259277
0.07118058204650879
0.05443978309631348
0.03960251808166504
0.10111594200134277
0.11007142066955566
0.09609436988830566
0.08117818832397461
0.06617140769958496
0.05221366882324219
0.038306236267089844
0.11168646812438965
0.09886527061462402
0.0840458869934082
0.06911349296569824
0.05452871322631836
0.039693355560302734
0.11569952964782715
0.09987902641296387
0.08579444885253906
0.07184576988220215
0.05783796310424805
0.04380607604980469
0.11348652839660645
0.0990762710571289
0.08512043952941895
0.08246612548828125
0.06849050521850586
0.05433249473571777
0.04007101058959961
0.025805234909057617
0.08974695205688477
0.07960867881774902
0.06544733047485352
0.05855131149291992
0.04414010047912598
0.02623581886291504
0.09356951713562012
0.07954025268554688
0.0669708251953125
0.05439615249633789
0.05297136306762695
0.03968453407287598
0.10944199562072754
0.08353400230407715
0.06296133995056152
0.048453330993652344
0.03427481651306152
0.10805678367614746
0.08397293090820312
0.07569074630737305
0.06186962127685547
0.04826831817626953
0.06040239334106445
0.04744887351989746
0.10911083221435547
0.0891880989074707
0.07521390914916992
0.0606992244720459
0.04640531539916992
0.036550283432006836
0.0215146541595459
0.09508490562438965
0.08513975143432617
0.08283162117004395
0.06539082527160645
0.05162835121154785
0.03695225715637207
0.10669684410095215
0.08278989791870117
0.0847480297088623
0.06246352195739746
0.047301530838012695
0.032895803451538086
0.10167455673217773
0.08654975891113281
0.07575321197509766
0.06083202362060547
0.04584765434265137
0.031708478927612305
0.10861992835998535
0.08292198181152344
0.07411932945251465
0.060214996337890625
0.04641151428222656
0.03690052032470703
0.02255868911743164
0.08951187133789062
0.07702755928039551
0.06813740730285645
0.05349278450012207
0.037103891372680664
0.022523880004882812
0.0988304615020752
0.09956002235412598
0.08723020553588867
0.07301521301269531
0.0586390495300293
0.04429054260253906
0.029895782470703125
0.09961628913879395
0.09125518798828125
0.08004045486450195
0.06615304946899414
0.0515596866607666
0.02989959716796875
0.10456681251525879
0.08920812606811523
0.0750586986541748
0.056427001953125
0.04225659370422363
0.041272640228271484
0.10663509368896484
0.0977165699005127
0.08375787734985352
0.06915497779846191
0.05522727966308594
0.041198015213012695
0.027225971221923828
0.09452939033508301
0.08053326606750488
0.07504487037658691
0.06063652038574219
0.04383563995361328
0.02548980712890625
0.11075949668884277
0.0990753173828125
0.08436274528503418
0.06940841674804688
0.05481529235839844
0.040917396545410156
0.1123037338256836
0.09818148612976074
0.08408355712890625
0.06950664520263672
0.05343985557556152
0.03108692169189453
0.10436058044433594
0.08705353736877441
0.07275629043579102
0.06279277801513672
0.049165964126586914
0.03370332717895508
0.10989141464233398
0.09670138359069824
0.08236956596374512
0.07996106147766113
0.06459903717041016
0.050046682357788086
0.035955190658569336
0.11638450622558594
0.09038996696472168
0.07664847373962402
0.04888200759887695
0.026796579360961914
0.1164865493774414
0.0935664176940918
0.07957291603088379
0.06538605690002441
0.05095314979553223
0.03664898872375488
0.02346515655517578
0.10117816925048828
0.08658361434936523
0.0722815990447998
0.057717323303222656
0.04353785514831543
0.03054189682006836
0.10953211784362793
0.09577798843383789
0.08182811737060547
0.06825971603393555
0.06705713272094727
0.0530703067779541
0.038524627685546875
0.11256170272827148
0.09337544441223145
0.0787966251373291
0.06409764289855957
0.05721855163574219
0.04421067237854004
0.029876232147216797
0.0981299877166748
0.0812678337097168
0.06896758079528809
0.055870771408081055
0.05502581596374512
0.04029393196105957
0.10979819297790527
0.09251976013183594
0.08631539344787598
0.07122182846069336
0.0561375617980957
0.04134249687194824
0.0326693058013916
0.10344457626342773
0.08838248252868652
0.08591747283935547
0.07060360908508301
0.0558321475982666
0.0420384407043457
0.028084993362426758
0.09946417808532715
0.08457303047180176
0.07020258903503418
0.055844783782958984
0.04564952850341797
0.030674457550048828
0.10376405715942383
0.08596324920654297
0.07138776779174805
0.05712175369262695
0.04455757141113281
0.032379865646362305
0.10799908638000488
0.08727240562438965
0.0727076530456543
0.07270002365112305
0.05859065055847168
0.04528927803039551
0.10868382453918457
0.08200597763061523
0.06872916221618652
0.05964469909667969
0.04152655601501465
0.02761220932006836
0.12685179710388184
0.10256314277648926
0.08810853958129883
0.07374954223632812
0.05935406684875488
0.038385629653930664
0.10680627822875977
0.08667683601379395
0.07265400886535645
0.06217503547668457
0.04760432243347168
0.03730344772338867
0.023784637451171875
0.09865951538085938
0.08104181289672852
0.06940054893493652
0.07225942611694336
0.05045342445373535
0.03733944892883301
0.1032412052154541
0.08591341972351074
0.07523632049560547
0.06047654151916504
0.04602360725402832
0.0501554012298584
0.03614068031311035
0.09738492965698242
0.08738851547241211
0.07713842391967773
0.06300139427185059
0.04801487922668457
0.03301048278808594
0.10678958892822266
0.08930826187133789
0.07503128051757812
0.06903648376464844
0.054129838943481445
0.03957676887512207
0.11110520362854004
0.09708142280578613
0.09478974342346191
0.08515381813049316
0.07407021522521973
0.05961441993713379
0.04532885551452637
0.11551809310913086
0.10500216484069824
0.08807659149169922
0.0737752914428711
0.06196141242980957
0.051831722259521484
0.040001869201660156
0.11389899253845215
0.0872952938079834
0.08359479904174805
0.06559920310974121
0.05179023742675781
0.03726482391357422
0.11148357391357422
0.08552408218383789
0.07138872146606445
0.0543971061706543
0.04552435874938965
0.031005859375
0.10843467712402344
0.08908438682556152
0.08359432220458984
0.06882500648498535
0.05435061454772949
0.043773651123046875
0.03329944610595703
0.08938264846801758
0.08763694763183594
0.07383108139038086
0.062323570251464844
0.048732757568359375
0.033994436264038086
0.12639546394348145
0.10047173500061035
0.08572220802307129
0.07179093360900879
0.05756974220275879
0.04382681846618652
0.029695749282836914
0.09714555740356445
0.08968424797058105
0.07174086570739746
0.05748462677001953
0.0430295467376709
0.03705000877380371
0.10371756553649902
0.0961313247680664
0.08062386512756348
0.0664670467376709
0.05206561088562012
0.03726363182067871
0.11923670768737793
0.10528683662414551
0.09033489227294922
0.17015743255615234
0.15688204765319824
0.14598321914672852
0.13248205184936523
0.11805057525634766
0.10712933540344238
0.09594535827636719
0.08154749870300293
0.0737302303314209
0.13869333267211914
0.13013601303100586
0.1301257610321045
0.10458254814147949
0.09689474105834961
0.08238339424133301
0.06793808937072754
0.053572654724121094
0.038777828216552734
0.0911858081817627
0.07621550559997559
0.06246328353881836
0.05556678771972656
0.04172110557556152
0.027510881423950195
0.10548543930053711
0.1780712604522705
0.16385746002197266
0.15030527114868164
0.1326432228088379
0.11549639701843262
0.10124516487121582
0.08269214630126953
0.08351612091064453
0.1548614501953125
0.1408979892730713
0.11123943328857422
0.09711480140686035
0.08374476432800293
0.06593203544616699
0.05096554756164551
0.038660526275634766
0.09925723075866699
0.08752775192260742
0.06935310363769531
0.055521249771118164
0.04369664192199707
0.02978515625
0.1048574447631836
0.18457293510437012
0.17441630363464355
0.15652084350585938
0.14207744598388672
0.12709856033325195
0.10918092727661133
0.09068822860717773
0.08963441848754883
0.07541251182556152
0.052343130111694336
0.11335062980651855
0.10199618339538574
0.08537673950195312
0.07106423377990723
0.056884765625
0.03964066505432129
0.024968862533569336
0.09013915061950684
0.1777646541595459
0.16589689254760742
0.15413665771484375
0.14981889724731445
0.13504433631896973
0.12014055252075195
0.1041867733001709
0.09787940979003906
0.0926668643951416
0.07979679107666016
0.06510734558105469
0.05004572868347168
0.22187018394470215
0.20070862770080566
0.19538569450378418
0.1807255744934082
0.16272306442260742
0.1511216163635254
0.13620543479919434
0.12138795852661133
0.10356807708740234
0.15516281127929688
0.14102625846862793
0.12685441970825195
0.09070873260498047
0.07675504684448242
0.05362057685852051
0.04882240295410156
0.03603863716125488
0.09484696388244629
0.1808638572692871
0.16660308837890625
0.16072368621826172
0.14739775657653809
0.13204669952392578
0.11728405952453613
0.1074819564819336
0.09324336051940918
0.07905769348144531
0.06970953941345215
0.05526328086853027
0.23971295356750488
0.22593426704406738
0.20909595489501953
0.1880784034729004
0.17390966415405273
0.15648150444030762
0.1419990062713623
0.13374018669128418
0.1270742416381836
0.11778426170349121
0.10517406463623047
0.1607673168182373
0.14994096755981445
0.13636541366577148
0.12591052055358887
0.08188819885253906
0.06162834167480469
0.056955814361572266
0.04239630699157715
0.11179852485656738
0.21272969245910645
0.19897103309631348
0.18460512161254883
0.17038583755493164
0.15539312362670898
0.16034817695617676
0.14631438255310059
0.13021039962768555
0.11525917053222656
0.10100150108337402
0.08653759956359863
0.07116937637329102
0.22235989570617676
0.2149045467376709
0.1770038604736328
0.1629934310913086
0.15076541900634766
0.1380152702331543
0.11422276496887207
0.10005331039428711
0.09440374374389648
0.15761351585388184
0.1454024314880371
0.13309550285339355
0.1300339698791504
0.12132835388183594
0.10263419151306152
0.0885009765625
0.07423615455627441
0.05892467498779297
0.04442739486694336
0.10842633247375488
0.17555499076843262
0.16707754135131836
0.15633177757263184
0.14184141159057617
0.12671279907226562
0.12783002853393555
0.11387395858764648
0.09957742691040039
0.08732438087463379
0.07281351089477539
0.22239089012145996
0.21483564376831055
0.18396902084350586
0.17031121253967285
0.15761089324951172
0.15018653869628906
0.13522601127624512
0.12191319465637207
0.12262129783630371
0.11089301109313965
0.16565895080566406
0.165846586227417
0.1516125202178955
0.13692045211791992
0.12255072593688965
0.08472394943237305
0.07407617568969727
0.06010746955871582
0.06316471099853516
0.049698829650878906
0.1006307601928711
0.07844209671020508
0.06961798667907715
0.03474569320678711
0.11058545112609863
0.09338045120239258
0.17685627937316895
0.1629014015197754
0.1490497589111328
0.13663387298583984
0.11866235733032227
0.09920859336853027
0.08685827255249023
0.08493399620056152
0.14323949813842773
0.1320645809173584
0.13321471214294434
0.11885714530944824
0.09637856483459473
0.08625531196594238
0.07659268379211426
0.056123971939086914
0.04198193550109863
0.09744668006896973
0.0788125991821289
0.0641012191772461
0.054213762283325195
0.05115842819213867
0.038299560546875
0.10087084770202637
0.08367228507995605
0.07982540130615234
0.06744813919067383
0.05319857597351074
0.0389249324798584
0.1173095703125
0.09943413734436035
0.08822059631347656
0.07403731346130371
0.05945730209350586
0.04432249069213867
0.029425859451293945
0.10552740097045898
0.09502124786376953
0.08090829849243164
0.06588315963745117
0.0516514778137207
0.036224365234375
0.11657905578613281
0.0991358757019043
0.0850982666015625
0.07076025009155273
0.05236625671386719
0.03946399688720703
0.03501725196838379
0.1012275218963623
0.08618021011352539
0.06516289710998535
0.05070352554321289
0.03626680374145508
0.022248029708862305
0.10026693344116211
0.0855722427368164
0.07108736038208008
0.057372093200683594
0.05433368682861328
0.039791107177734375
0.025571346282958984
0.09751677513122559
0.0848844051361084
0.0695044994354248
0.06885552406311035
0.055471181869506836
0.04111170768737793
0.11777901649475098
0.11650705337524414
0.10255551338195801
0.08838057518005371
0.07492589950561523
0.061435699462890625
0.04631614685058594
0.03200244903564453
0.0970616340637207
0.0807337760925293
0.06953120231628418
0.05440068244934082
0.04013395309448242
0.02682971954345703
0.09081053733825684
0.09395742416381836
0.08054161071777344
0.06615734100341797
0.05309128761291504
0.03874039649963379
0.10038900375366211
0.08764171600341797
0.07270121574401855
0.06603670120239258
0.06265974044799805
0.04707956314086914
0.11017084121704102
0.09717512130737305
0.08571934700012207
0.0716707706451416
0.05765175819396973
0.043337345123291016
0.10968685150146484
0.09605789184570312
0.07899284362792969
0.07213497161865234
0.056246280670166016
0.04116511344909668
0.03470015525817871
0.087646484375
0.07651853561401367
0.0712594985961914
0.05802178382873535
0.041381120681762695
0.10646486282348633
0.10119962692260742
0.08686161041259766
0.07250666618347168
0.05810809135437012
0.043678998947143555
0.029242277145385742
0.11508584022521973
0.09714412689208984
0.08285021781921387
0.06859016418457031
0.05461621284484863
0.039600372314453125
0.025376081466674805
0.09778499603271484
0.09605932235717773
0.0815877914428711
0.06679582595825195
0.052344560623168945
0.03763556480407715
0.10999894142150879
0.094329833984375
0.08415794372558594
0.06956005096435547
0.051995038986206055
0.037625789642333984
0.03507566452026367
0.09825968742370605
0.08861899375915527
0.0858924388885498
0.06860923767089844
0.049799442291259766
0.035893917083740234
0.09346532821655273
0.08196806907653809
0.06750679016113281
0.052602529525756836
0.03882288932800293
0.028445005416870117
0.11942243576049805
0.09819936752319336
0.06900620460510254
0.0544123649597168
0.0366973876953125
0.12369322776794434
0.10262417793273926
0.08494782447814941
0.0669858455657959
0.05242443084716797
0.037830352783203125
0.11163592338562012
0.08943676948547363
0.08483624458312988
0.07433700561523438
0.05998826026916504
0.045328378677368164
0.03113412857055664
0.0949556827545166
0.08452415466308594
0.06700491905212402
0.056524038314819336
0.04885697364807129
0.03877711296081543
0.1102144718170166
0.10006093978881836
0.0843045711517334
0.06989932060241699
0.0518488883972168
0.037531137466430664
0.11812806129455566
0.09521484375
0.0810692310333252
0.06601119041442871
0.051677703857421875
0.037448883056640625
0.1105339527130127
0.09983968734741211
0.08831477165222168
0.07408785820007324
0.05947089195251465
0.06031298637390137
0.043862342834472656
0.10847210884094238
0.09661340713500977
0.08140683174133301
0.06742429733276367
0.049744367599487305
0.034830570220947266
0.10622072219848633
0.08734965324401855
0.08546185493469238
0.07092928886413574
0.05011391639709473
0.035601139068603516
0.10797715187072754
0.08636665344238281
0.07132816314697266
0.06833481788635254
0.05430746078491211
0.03982949256896973
0.025844335556030273
0.10228133201599121
0.08817720413208008
0.07339072227478027
0.058995962142944336
0.044655561447143555
0.02949666976928711
0.10410547256469727
0.08701634407043457
0.0807340145111084
0.06647229194641113
0.051637887954711914
0.03835177421569824
0.11151719093322754
0.0860283374786377
0.07081151008605957
0.06144404411315918
0.04996085166931152
0.041141510009765625
0.11238741874694824
0.09876084327697754
0.0875246524810791
0.07399606704711914
0.06406211853027344
0.05012345314025879
0.0351719856262207
0.10715603828430176
0.08154153823852539
0.06791281700134277
0.05339407920837402
0.04667210578918457
0.029901981353759766
0.09406328201293945
0.08679890632629395
0.07278013229370117
0.058640480041503906
0.044730424880981445
0.034218788146972656
0.027231216430664062
0.09431576728820801
0.09208202362060547
0.08040404319763184
0.058681488037109375
0.04459214210510254
0.11342167854309082
0.08432722091674805
0.07231616973876953
0.06428980827331543
0.05218982696533203
0.03894209861755371
0.10244178771972656
0.09518933296203613
0.0843958854675293
0.06953167915344238
0.055342674255371094
0.04002642631530762
0.11348462104797363
0.09655904769897461
0.08258938789367676
0.06902956962585449
0.059821128845214844
0.0453641414642334
0.031201601028442383
0.11093664169311523
0.09754562377929688
0.0850532054901123
0.07809829711914062
0.06383633613586426
0.04902362823486328
0.034535884857177734
0.11312150955200195
0.10616135597229004
0.08766603469848633
0.07427549362182617
0.059838294982910156
0.045621633529663086
0.031156063079833984
0.11075234413146973
0.08684301376342773
0.07283210754394531
0.05947232246398926
0.04706931114196777
0.04141092300415039
0.11063170433044434
0.07878661155700684
0.07017803192138672
0.059267520904541016
0.04445338249206543
0.029458999633789062
0.10665273666381836
0.09648633003234863
0.08224225044250488
0.0681142807006836
0.054441213607788086
0.040970802307128906
0.0265505313873291
0.09272480010986328
0.07806277275085449
0.06907033920288086
0.06625247001647949
0.0523684024810791
0.03863239288330078
0.10960078239440918
0.09883403778076172
0.08450865745544434
0.07041311264038086
0.051989078521728516
0.043450117111206055
0.03495430946350098
0.09817075729370117
0.09344959259033203
0.0814218521118164
0.0634458065032959
0.04913973808288574
0.034238338470458984
0.0939781665802002
0.07613229751586914
0.07134723663330078
0.05863213539123535
0.045995473861694336
0.03196525573730469
0.11351823806762695
0.09659671783447266
0.08240079879760742
0.06799554824829102
0.05401015281677246
0.04282999038696289
0.03285694122314453
0.10114741325378418
0.0675199031829834
0.05400824546813965
0.03390860557556152
0.10969066619873047
0.08750486373901367
0.07558298110961914
0.06317400932312012
0.05060887336730957
0.041351318359375
0.02732706069946289
0.10681843757629395
0.08348822593688965
0.0691521167755127
0.06061911582946777
0.05132555961608887
0.037225961685180664
0.1114351749420166
0.09796643257141113
0.10141706466674805
0.08730840682983398
0.07246851921081543
0.058048248291015625
0.04631948471069336
0.10673260688781738
0.09147906303405762
0.07647919654846191
0.06616783142089844
0.052204132080078125
0.03861498832702637
0.024323463439941406
0.09802842140197754
0.08540916442871094
0.07428550720214844
0.05948281288146973
0.0447843074798584
0.03383040428161621
0.10385942459106445
0.08574938774108887
0.07766985893249512
0.0681772232055664
0.050310373306274414
0.03550148010253906
0.1164548397064209
0.09184718132019043
0.07793259620666504
0.06297683715820312
0.04951143264770508
0.03515982627868652
0.02289557456970215
0.09874153137207031
0.08929991722106934
0.07919073104858398
0.06464171409606934
0.0503084659576416
0.03540325164794922
0.1098012924194336
0.09180140495300293
0.07780861854553223
0.08095312118530273
0.060227394104003906
0.045462608337402344
0.030774593353271484
0.09996318817138672
0.0850226879119873
0.07079625129699707
0.05697464942932129
0.04384207725524902
0.034761905670166016
0.1097269058227539
0.09535622596740723
0.08238840103149414
0.07191920280456543
0.05227017402648926
0.03752541542053223
0.10622763633728027
0.08778047561645508
0.0769345760345459
0.0697777271270752
0.054457902908325195
0.04003143310546875
0.11646699905395508
0.09138798713684082
0.07625126838684082
0.0650472640991211
0.05048418045043945
0.03644299507141113
0.033223867416381836
0.10684084892272949
0.0842733383178711
0.06997179985046387
0.06835699081420898
0.05416417121887207
0.04029130935668945
0.1104576587677002
0.09384346008300781
0.08164429664611816
0.08338308334350586
0.06872415542602539
0.05453038215637207
0.04098796844482422
0.1105356216430664
0.09903764724731445
0.1009678840637207
0.08643102645874023
0.0717172622680664
0.054497718811035156
0.04091477394104004
0.10943365097045898
0.08098649978637695
0.0659477710723877
0.056795358657836914
0.04519772529602051
0.030961275100708008
0.10540485382080078
0.08632802963256836
0.06609320640563965
0.05698204040527344
0.04427933692932129
0.030046463012695312
0.10992860794067383
0.089813232421875
0.07481980323791504
0.05988168716430664
0.04470181465148926
0.04411602020263672
0.11172628402709961
0.09957766532897949
0.08539867401123047
0.0708150863647461
0.05668354034423828
0.03992199897766113
0.10001587867736816
0.08656144142150879
0.09083676338195801
0.0769796371459961
0.06265497207641602
0.04869365692138672
0.03427839279174805
0.09137940406799316
0.09617304801940918
0.08318185806274414
0.06881189346313477
0.0538792610168457
0.039771080017089844
0.11610174179077148
0.09545326232910156
0.08095765113830566
0.06585979461669922
0.05115628242492676
0.042203426361083984
0.10937666893005371
0.09675359725952148
0.09451103210449219
0.08433842658996582
0.07080578804016113
0.05755281448364258
0.043521881103515625
0.10387086868286133
0.08398604393005371
0.07582616806030273
0.06114625930786133
0.046872854232788086
0.03262662887573242
0.10747051239013672
0.09702014923095703
0.08288407325744629
0.06888031959533691
0.02765941619873047
0.11872100830078125
0.10206317901611328
0.08762335777282715
0.07322573661804199
0.05882430076599121
0.04487919807434082
0.030503273010253906
0.09981560707092285
0.09794330596923828
0.08347678184509277
0.0682368278503418
0.05387401580810547
0.039376258850097656
0.11337780952453613
0.09914088249206543
0.08507466316223145
0.07069158554077148
0.05601763725280762
0.042252302169799805
0.028989076614379883
0.10749125480651855
0.09740161895751953
0.0827488899230957
0.0674736499786377
0.05309319496154785
0.03871560096740723
0.10903739929199219
0.10051631927490234
0.0856928825378418
0.10977363586425781
0.10837888717651367
0.0934450626373291
0.07837796211242676
0.14035892486572266
0.10989832878112793
0.09572172164916992
0.07829427719116211
0.06281375885009766
0.0943903923034668
0.08363580703735352
0.07257890701293945
0.058548688888549805
0.04071378707885742
0.03295588493347168
0.09779047966003418
0.08087635040283203
0.05885624885559082
0.048239946365356445
0.04628777503967285
0.03146481513977051
0.09318184852600098
0.08944535255432129
0.08287358283996582
0.07143568992614746
0.059396982192993164
0.04470658302307129
0.1056673526763916
0.08329129219055176
0.07873153686523438
0.06480169296264648
0.047353506088256836
0.033403635025024414
0.11363601684570312
0.0983266830444336
0.08548116683959961
0.07282900810241699
0.060669898986816406
0.04716038703918457
0.0508882999420166
0.10989594459533691
0.09934496879577637
0.0832223892211914
0.06525254249572754
0.06451129913330078
0.04464864730834961
0.10627484321594238
0.0896615982055664
0.07572436332702637
0.06726932525634766
0.052805185317993164
0.03876543045043945
0.03665280342102051
0.10359883308410645
0.08942103385925293
0.07530999183654785
0.060480594635009766
0.045658111572265625
0.031128644943237305
0.11084985733032227
0.08543133735656738
0.08670234680175781
0.07162952423095703
0.056771039962768555
0.044699907302856445
0.03049921989440918
0.09767770767211914
0.07842683792114258
0.0589756965637207
0.05353593826293945
0.03946542739868164
0.024609088897705078
0.10354113578796387
0.09260678291320801
0.07805609703063965
0.06830334663391113
0.054158926010131836
0.03962898254394531
0.0319666862487793
0.10064101219177246
0.0919802188873291
0.07706809043884277
0.07705020904541016
0.06525897979736328
0.0525515079498291
0.10873746871948242
0.08400726318359375
0.0690617561340332
0.05502820014953613
0.04118037223815918
0.02489471435546875
0.11104750633239746
0.09006118774414062
0.07537245750427246
0.06034564971923828
0.04723644256591797
0.033838748931884766
0.03179574012756348
0.09510064125061035
0.09071898460388184
0.0765528678894043
0.061966657638549805
0.04732203483581543
0.0336606502532959
0.11889433860778809
0.09375834465026855
0.07954216003417969
0.0644686222076416
0.050193071365356445
0.03861808776855469
0.10959196090698242
0.10306715965270996
0.09456825256347656
0.08014321327209473
0.06657743453979492
0.05239272117614746
0.03783774375915527
0.11622452735900879
0.09383273124694824
0.07609200477600098
0.052045583724975586
0.03705644607543945
0.11156439781188965
0.10370326042175293
0.08950328826904297
0.0751349925994873
0.058652639389038086
0.047826528549194336
0.03356647491455078
0.11086535453796387
0.10405278205871582
0.08910655975341797
0.07384610176086426
0.05908703804016113
0.05212831497192383
0.04347872734069824
0.11087489128112793
0.09632015228271484
0.08233261108398438
0.08281660079956055
0.06537365913391113
0.051375627517700195
0.03629875183105469
0.10576605796813965
0.08832263946533203
0.07303452491760254
0.05571913719177246
0.040936946868896484
0.027547121047973633
0.10879182815551758
0.08741426467895508
0.07988381385803223
0.06186079978942871
0.047306060791015625
0.03288626670837402
0.10830545425415039
0.09049439430236816
0.07844662666320801
0.06605648994445801
0.06029629707336426
0.039491891860961914
0.025032758712768555
0.09199881553649902
0.08119082450866699
0.0699923038482666
0.05601024627685547
0.04511618614196777
0.030617713928222656
0.1150827407836914
0.09015178680419922
0.07590484619140625
0.06138443946838379
0.047420501708984375
0.03737998008728027
0.025602102279663086
0.0947873592376709
0.08070230484008789
0.06601834297180176
0.05204486846923828
0.04382467269897461
0.03274202346801758
0.10845375061035156
0.083099365234375
0.0743720531463623
0.06020951271057129
0.04630231857299805
0.030398130416870117
0.1272270679473877
0.11229681968688965
0.09433627128601074
0.07629942893981934
0.05837368965148926
0.040270328521728516
0.026298046112060547
0.09513592720031738
0.08057856559753418
0.0663144588470459
0.05228614807128906
0.03992891311645508
0.03179454803466797
0.09123611450195312
0.09726643562316895
0.08306169509887695
0.06852602958679199
0.05364513397216797
0.03894925117492676
0.10806655883789062
0.08964991569519043
0.0721595287322998
0.058657169342041016
0.04370450973510742
0.03152894973754883
0.10172462463378906
0.09166431427001953
0.08904695510864258
0.07512259483337402
0.061182260513305664
0.04718303680419922
0.03567624092102051
0.08754181861877441
0.07509732246398926
0.07376480102539062
0.05946540832519531
0.04557013511657715
0.025160789489746094
0.09659171104431152
0.08580613136291504
0.0762641429901123
0.07854914665222168
0.0640254020690918
0.05001711845397949
0.12149810791015625
0.09933209419250488
0.08530187606811523
0.07111811637878418
0.057045698165893555
0.042824745178222656
0.028578519821166992
0.09164547920227051
0.08768558502197266
0.08087801933288574
0.06730389595031738
0.05309033393859863
0.03469967842102051
0.1078333854675293
0.08895206451416016
0.07850050926208496
0.06403899192810059
0.04322528839111328
0.028359413146972656
0.09395217895507812
0.07879471778869629
0.0710289478302002
0.05663633346557617
0.06093883514404297
0.047191619873046875
0.11139321327209473
0.09151291847229004
0.07752323150634766
0.06333804130554199
0.05255770683288574
0.04278564453125
0.1085963249206543
0.09969830513000488
0.10500168800354004
0.09099459648132324
0.07670164108276367
0.06268501281738281
0.047751665115356445
0.03604245185852051
0.09202742576599121
0.08057403564453125
0.07423806190490723
0.06566786766052246
0.05218935012817383
0.03825831413269043
0.09683585166931152
0.08607602119445801
0.07162857055664062
0.06063365936279297
0.04610490798950195
0.031670331954956055
0.10938763618469238
0.08817267417907715
0.07410001754760742
0.07049417495727539
0.056331634521484375
0.04187297821044922
0.028220653533935547
0.10180091857910156
0.08527302742004395
0.0741729736328125
0.05970478057861328
0.044744014739990234
0.03592395782470703
0.02146458625793457
0.1017916202545166
0.09595084190368652
0.08571815490722656
0.07114982604980469
0.053186655044555664
0.03894996643066406
0.11877918243408203
0.09330010414123535
0.07880353927612305
0.0648503303527832
0.050809383392333984
0.020306825637817383
0.09650039672851562
0.08622884750366211
0.08248209953308105
0.06468486785888672
0.04973101615905762
0.04376220703125
0.10242104530334473
0.07852745056152344
0.07968473434448242
0.06576156616210938
0.05159616470336914
0.03757333755493164
0.11648797988891602
0.10111260414123535
0.08798599243164062
0.07355022430419922
0.059186458587646484
0.03679680824279785
0.10712623596191406
0.09237289428710938
0.07811236381530762
0.06382632255554199
0.04892158508300781
0.04059886932373047
0.030176401138305664
0.10685586929321289
0.09107184410095215
0.07686948776245117
0.0693051815032959
0.05448293685913086
0.04003643989562988
0.11469841003417969
0.10104632377624512
0.09139704704284668
0.08431720733642578
0.07296991348266602
0.05780935287475586
0.043131351470947266
0.02916717529296875
0.09716558456420898
0.08193564414978027
0.07778811454772949
0.06713199615478516
0.05456256866455078
0.0403904914855957
0.11256766319274902
0.10329937934875488
0.0966334342956543
0.08432245254516602
0.06983327865600586
0.05237412452697754
0.03487086296081543
0.09248661994934082
0.08240914344787598
0.08017587661743164
0.07302713394165039
0.05976581573486328
0.03860306739807129
0.0998530387878418
0.08850741386413574
0.07426166534423828
0.06026744842529297
0.04906153678894043
0.03457951545715332
0.020406484603881836
0.09540796279907227
0.08388018608093262
0.06931829452514648
0.06606793403625488
0.05240797996520996
0.11832928657531738
0.10701584815979004
0.09209632873535156
0.07726454734802246
0.06238722801208496
0.047837018966674805
0.033689260482788086
0.10511517524719238
0.09442925453186035
0.07993292808532715
0.06562447547912598
0.05167984962463379
0.03723764419555664
0.1033639907836914
0.0825033187866211
0.06685185432434082
0.06390523910522461
0.04870963096618652
0.034387826919555664
0.10285449028015137
0.08842921257019043
0.0741276741027832
0.059693336486816406
0.04532170295715332
0.03066730499267578
0.10694384574890137
0.09858298301696777
0.09179949760437012
0.07811188697814941
0.06306099891662598
0.04919028282165527
0.03525376319885254
0.09015011787414551
0.07960081100463867
0.06517171859741211
0.05199027061462402
0.05017399787902832
0.0362706184387207
0.1101536750793457
0.10064411163330078
0.07972145080566406
0.06447839736938477
0.046843767166137695
0.12150073051452637
0.1181187629699707
0.10359311103820801
0.08947134017944336
0.07744884490966797
0.06279110908508301
0.04922080039978027
0.035408735275268555
0.08783388137817383
0.07551026344299316
0.07073831558227539
0.055820465087890625
0.041875362396240234
0.02808356285095215
0.0904994010925293
0.08337950706481934
0.06944584846496582
0.053598642349243164
0.038602590560913086
0.11666035652160645
0.1067502498626709
0.09288144111633301
0.07564735412597656
0.06166481971740723
0.048736572265625
0.03219127655029297
0.10586357116699219
0.08208775520324707
0.07322502136230469
0.07131838798522949
0.06037116050720215
0.04823446273803711
0.03338456153869629
0.11286330223083496
0.09193778038024902
0.07769656181335449
0.06349802017211914
0.04854726791381836
0.03426098823547363
0.10866570472717285
0.0965888500213623
0.08744001388549805
0.07239413261413574
0.06942963600158691
0.05673861503601074
0.04186224937438965
0.02734208106994629
0.1006155014038086
0.0816793441772461
0.06772851943969727
0.055589914321899414
0.04356741905212402
0.03901505470275879
0.10735487937927246
0.0831918716430664
0.07146120071411133
0.07704424858093262
0.06309938430786133
0.049165964126586914
0.03521609306335449
0.09884452819824219
0.08582496643066406
0.07184314727783203
0.05659794807434082
0.04261016845703125
0.03273272514343262
0.019594430923461914
0.09775590896606445
0.0916898250579834
0.07680463790893555
0.05944418907165527
0.04435539245605469
0.026766538619995117
0.10419702529907227
0.08527278900146484
0.07037949562072754
0.06138467788696289
0.0471951961517334
0.03275775909423828
0.09420323371887207
0.08705019950866699
0.07735013961791992
0.05948042869567871
0.04448556900024414
0.027545928955078125
0.11820149421691895
0.09636116027832031
0.07841277122497559
0.06444621086120605
0.05024409294128418
0.0361328125
0.1082906723022461
0.0861349105834961
0.07619357109069824
0.06185340881347656
0.04774045944213867
0.03863382339477539
0.10845804214477539
0.09680390357971191
0.0908050537109375
0.0796666145324707
0.07016444206237793
0.04938030242919922
0.03575420379638672
0.1134793758392334
0.08858799934387207
0.07353353500366211
0.05938363075256348
0.04470205307006836
0.03063654899597168
0.11075639724731445
0.08367776870727539
0.06704068183898926
0.05843496322631836
0.04822254180908203
0.0337071418762207
0.11356043815612793
0.09586143493652344
0.08186721801757812
0.07825088500976562
0.06362748146057129
0.04902458190917969
0.03570556640625
0.1088714599609375
0.09676766395568848
0.08348917961120605
0.07044672966003418
0.05554962158203125
0.04195094108581543
0.10325193405151367
0.09806036949157715
0.08327078819274902
0.06834268569946289
0.05059099197387695
0.036309242248535156
0.10944604873657227
0.09085798263549805
0.08202981948852539
0.0677642822265625
0.06409478187561035
0.05015707015991211
0.03548145294189453
0.1228628158569336
0.09723591804504395
0.08243799209594727
0.06846880912780762
0.05422830581665039
0.04028964042663574
0.11263179779052734
0.10288763046264648
0.08489513397216797
0.07369089126586914
0.0678703784942627
0.05337834358215332
0.03987526893615723
0.10934805870056152
0.08714914321899414
0.07288813591003418
0.058553457260131836
0.044254302978515625
0.1266498565673828
0.09627962112426758
0.10572171211242676
0.0919640064239502
0.07777929306030273
0.06293272972106934
0.04565024375915527
0.11011934280395508
0.10048747062683105
0.08567094802856445
0.07107806205749512
0.056566715240478516
0.042201995849609375
0.03819727897644043
0.0911872386932373
0.0796663761138916
0.06447362899780273
0.05521106719970703
0.040340423583984375
0.02623891830444336
0.0939183235168457
0.08367443084716797
0.07338809967041016
0.06346297264099121
0.04914736747741699
0.03444075584411621
0.11339855194091797
0.09949302673339844
0.08554196357727051
0.0754098892211914
0.06815004348754883
0.054234981536865234
0.0398564338684082
0.025755882263183594
0.09832596778869629
0.08362579345703125
0.07372570037841797
0.05874514579772949
0.04824042320251465
0.03907966613769531
0.10592317581176758
0.08170056343078613
0.06880903244018555
0.05977606773376465
0.048339128494262695
0.030405044555664062
0.10062527656555176
0.08651208877563477
0.07269573211669922
0.0587315559387207
0.05307817459106445
0.03562164306640625
0.10431766510009766
0.08638501167297363
0.07283663749694824
0.05377602577209473
0.05707120895385742
0.04700350761413574
0.11277461051940918
0.08591747283935547
0.07193350791931152
0.06911230087280273
0.05516481399536133
0.04123353958129883
0.026779651641845703
0.09595847129821777
0.08961296081542969
0.07498049736022949
0.060524702072143555
0.046738386154174805
0.03238844871520996
0.10443782806396484
0.08700394630432129
0.08401131629943848
0.07168292999267578
0.057453155517578125
0.04366254806518555
0.029433727264404297
0.10368227958679199
0.08575153350830078
0.07176589965820312
0.057987213134765625
0.04558968544006348
0.03293013572692871
0.022612571716308594
0.1012105941772461
0.08528327941894531
0.07134699821472168
0.06304216384887695
0.05217266082763672
0.030288219451904297
0.0883641242980957
0.07929158210754395
0.06436657905578613
0.0504305362701416
0.04205155372619629
0.02915358543395996
0.09965944290161133
0.0862276554107666
0.07182693481445312
0.0587310791015625
0.05623793601989746
0.04198718070983887
0.027706146240234375
0.09142422676086426
0.07766461372375488
0.0698099136352539
0.0511934757232666
0.03339219093322754
0.11104941368103027
0.10430526733398438
0.09079551696777344
0.07665038108825684
0.06238102912902832
0.04816436767578125
0.03440737724304199
0.024900436401367188
0.09255456924438477
0.07849550247192383
0.06490015983581543
0.05429792404174805
0.040346622467041016
0.025909900665283203
0.0949409008026123
0.07710790634155273
0.06715869903564453
0.06714057922363281
0.05344796180725098
0.038802146911621094
0.1038050651550293
0.09022378921508789
0.0760955810546875
0.0615997314453125
0.04765439033508301
0.11485433578491211
0.10111546516418457
0.08717894554138184
0.07291054725646973
0.06350421905517578
0.04334688186645508
0.038053274154663086
0.10507988929748535
0.07828450202941895
0.06508111953735352
0.05712246894836426
0.04220914840698242
0.03928565979003906
0.10729861259460449
0.08254361152648926
0.08029651641845703
0.07238340377807617
0.058168649673461914
0.04332137107849121
0.029245615005493164
0.10164213180541992
0.10247659683227539
0.08741092681884766
0.0734395980834961
0.058446645736694336
0.044586896896362305
0.12926793098449707
0.10140228271484375
0.08784627914428711
0.07280683517456055
0.05788278579711914
0.04284954071044922
0.11492347717285156
0.09830260276794434
0.07748055458068848
0.06342077255249023
0.04945564270019531
0.03524470329284668
0.12125277519226074
0.09634971618652344
0.08245038986206055
0.06820559501647949
0.05398893356323242
0.03904247283935547
0.02305889129638672
0.11286067962646484
0.0979771614074707
0.08290386199951172
0.06821346282958984
0.05419111251831055
0.03909754753112793
0.09702396392822266
0.08569717407226562
0.07117462158203125
0.05615830421447754
0.0414886474609375
0.038730621337890625
0.11671638488769531
0.09159016609191895
0.0764918327331543
0.07331180572509766
0.059233665466308594
0.044884443283081055
0.03015923500061035
0.09931588172912598
0.08239865303039551
0.07092475891113281
0.05654501914978027
0.042195796966552734
0.039353132247924805
0.10886025428771973
0.08619379997253418
0.07753610610961914
0.06315732002258301
0.04882311820983887
0.046593666076660156
0.03314709663391113
0.09572553634643555
0.09081029891967773
0.07238316535949707
0.05871081352233887
0.04443216323852539
0.029540061950683594
0.1039433479309082
0.08307957649230957
0.07710838317871094
0.05530977249145508
0.040868520736694336
0.026457786560058594
0.10950803756713867
0.09046769142150879
0.07566213607788086
0.06065177917480469
0.045905113220214844
0.03611636161804199
0.02996516227722168
0.09679746627807617
0.09378433227539062
0.07938838005065918
0.06493949890136719
0.05059170722961426
0.03683066368103027
0.11051774024963379
0.08333516120910645
0.07132482528686523
0.07342696189880371
0.05910348892211914
0.04465603828430176
0.031000375747680664
0.08916473388671875
0.08367633819580078
0.0694131851196289
0.05103898048400879
0.04078865051269531
0.02613210678100586
0.11082029342651367
0.09666824340820312
0.08210420608520508
0.06739521026611328
0.05298328399658203
0.03941607475280762
0.1062767505645752
0.08685922622680664
0.08318662643432617
0.06822037696838379
0.053937435150146484
0.03930401802062988
0.032685279846191406
0.1003730297088623
0.08536195755004883
0.07657051086425781
0.06233525276184082
0.04985404014587402
0.036130666732788086
0.11018991470336914
0.08242058753967285
0.07099723815917969
0.05961155891418457
0.050243377685546875
0.032305240631103516
0.11049437522888184
0.10009574890136719
0.08604097366333008
0.06841683387756348
0.06839966773986816
0.05532526969909668
0.040534257888793945
0.10875892639160156
0.08489346504211426
0.0706930160522461
0.07102751731872559
0.055917978286743164
0.041596174240112305
0.10710620880126953
0.0816354751586914
0.07915735244750977
0.06425166130065918
0.04336810111999512
0.02920365333557129
0.0966184139251709
0.08202409744262695
0.07957577705383301
0.06458544731140137
0.05007648468017578
0.03566908836364746
0.11214661598205566
0.08601641654968262
0.08544468879699707
0.07067513465881348
0.05649304389953613
0.042211055755615234
0.02623295783996582
0.09202194213867188
0.09432363510131836
0.08243989944458008
0.0676109790802002
0.05305790901184082
0.03977799415588379
0.11133241653442383
0.09265565872192383
0.07806181907653809
0.06363940238952637
0.04944944381713867
0.03765511512756348
0.11661744117736816
0.0937507152557373
0.07962727546691895
0.06519627571105957
0.050763845443725586
0.03559398651123047
0.11159133911132812
0.08520674705505371
0.08020424842834473
0.06997370719909668
0.05579376220703125
0.04153299331665039
0.1067361831665039
0.08866405487060547
0.07659602165222168
0.0621798038482666
0.04801487922668457
0.03417563438415527
0.019892215728759766
0.09511184692382812
0.08473682403564453
0.0765085220336914
0.06281018257141113
0.054825782775878906
0.04059600830078125
0.026381492614746094
0.08916854858398438
0.0773923397064209
0.05954694747924805
0.0452885627746582
0.041703224182128906
0.026738882064819336
0.09446358680725098
0.09002184867858887
0.07247066497802734
0.057569265365600586
0.04327201843261719
0.03333735466003418
0.09136009216308594
0.08612561225891113
0.06479120254516602
0.047243595123291016
0.0331883430480957
0.11576533317565918
0.09779858589172363
0.0838160514831543
0.06993508338928223
0.061553001403808594
0.04533100128173828
0.11452317237854004
0.09978866577148438
0.08331179618835449
0.07297015190124512
0.05910372734069824
0.04539179801940918
0.03651142120361328
0.10903406143188477
0.10054159164428711
0.09722614288330078
0.08274507522583008
0.06826972961425781
0.053275346755981445
0.03902912139892578
0.10982942581176758
0.08913922309875488
0.08020162582397461
0.0688169002532959
0.056955575942993164
0.1071474552154541
0.08844566345214844
0.07744121551513672
0.06318521499633789
0.048599958419799805
0.04526853561401367
0.027683258056640625
0.09526896476745605
0.08806443214416504
0.07418560981750488
0.059815168380737305
0.04519295692443848
0.03131866455078125
0.10807681083679199
0.08986997604370117
0.0757284164428711
0.06734871864318848
0.053353071212768555
0.038787841796875
0.11562442779541016
0.11179208755493164
0.09720301628112793
0.08298540115356445
0.06875443458557129
0.04819512367248535
0.0336766242980957
0.10138130187988281
0.08256936073303223
0.07511115074157715
0.06020760536193848
0.0479123592376709
0.043035030364990234
0.033475399017333984
0.09963822364807129
0.0890660285949707
0.0750577449798584
0.06083416938781738
0.046427249908447266
0.04863905906677246
0.10663485527038574
0.08266615867614746
0.08196830749511719
0.06789994239807129
0.05340862274169922
0.03942084312438965
0.11725711822509766
0.10690569877624512
0.09297609329223633
0.0784902572631836
0.06429314613342285
0.0498509407043457
0.036199092864990234
0.023480653762817383
0.09923267364501953
0.09530186653137207
0.08127450942993164
0.06756234169006348
0.05331063270568848
0.03912496566772461
0.10454964637756348
0.08673715591430664
0.08781671524047852
0.07410788536071777
0.059288740158081055
0.045065879821777344
0.10973644256591797
0.10052657127380371
0.08622336387634277
0.08751702308654785
0.07467865943908691
0.05965065956115723
0.047354698181152344
0.10095405578613281
0.07690906524658203
0.07034540176391602
0.0563204288482666
0.04252982139587402
0.04458045959472656
0.09747195243835449
0.0846548080444336
0.08414506912231445
0.08168840408325195
0.06369137763977051
0.04833078384399414
0.09387063980102539
0.0807805061340332
0.07787609100341797
0.06262636184692383
0.04826545715332031
0.033417701721191406
0.1033625602722168
0.09102392196655273
0.07598614692687988
0.06157994270324707
0.047152042388916016
0.04120993614196777
0.11045694351196289
0.10356807708740234
0.08662915229797363
0.07340836524963379
0.06102418899536133
0.06082749366760254
0.05045819282531738
0.1088416576385498
0.0814671516418457
0.07320094108581543
0.062400102615356445
0.054154396057128906
0.04501032829284668
0.11894726753234863
0.09716105461120605
0.08294463157653809
0.06072664260864258
0.046193599700927734
0.031978607177734375
0.0935201644897461
0.07897400856018066
0.07034897804260254
0.0556337833404541
0.04465985298156738
0.030467987060546875
0.1003713607788086
0.09977364540100098
0.08458709716796875
0.06679868698120117
0.05212807655334473
0.037137508392333984
0.10270404815673828
0.0831916332244873
0.08545708656311035
0.07073736190795898
0.05266737937927246
0.03740239143371582
0.10612034797668457
0.08628511428833008
0.0817406177520752
0.06727409362792969
0.05358481407165527
0.03512239456176758
0.11552071571350098
0.09268641471862793
0.07863759994506836
0.06425929069519043
0.04943704605102539
0.036872148513793945
0.10375523567199707
0.08527922630310059
0.07960391044616699
0.06546735763549805
0.03209185600280762
0.11539483070373535
0.0919189453125
0.07785248756408691
0.06854438781738281
0.0578455924987793
0.04543638229370117
0.036637306213378906
0.09605026245117188
0.0811617374420166
0.06733155250549316
0.05765509605407715
0.04354095458984375
0.03218984603881836
0.09438180923461914
0.08333730697631836
0.08486294746398926
0.07057642936706543
0.056304931640625
0.041625022888183594
0.10872483253479004
0.08290910720825195
0.07763099670410156
0.06344842910766602
0.04832148551940918
0.04096627235412598
0.029497623443603516
0.09606218338012695
0.08195781707763672
0.07706737518310547
0.06284260749816895
0.048674583435058594
0.03399014472961426
0.020802974700927734
0.08923101425170898
0.08082246780395508
0.06669354438781738
0.06655359268188477
0.05127406120300293
0.036988258361816406
0.1042182445526123
0.08359742164611816
0.0747368335723877
0.06051063537597656
0.04702019691467285
0.037858009338378906
0.02235889434814453
0.10068202018737793
0.09537911415100098
0.08113455772399902
0.05203676223754883
0.037544965744018555
0.11773109436035156
0.08935737609863281
0.07524919509887695
0.060736894607543945
0.047446489334106445
0.04299163818359375
0.02818441390991211
0.10381650924682617
0.0858914852142334
0.07053899765014648
0.053719282150268555
0.047281742095947266
0.04202985763549805
0.10546326637268066
0.08669185638427734
0.07861781120300293
0.06580710411071777
0.05214881896972656
0.03765749931335449
0.10748481750488281
0.08062028884887695
0.07241129875183105
0.06065964698791504
0.04636430740356445
0.02849602699279785
0.12290287017822266
0.09799456596374512
0.08442330360412598
0.07860326766967773
0.06095242500305176
0.046994924545288086
0.10384869575500488
0.08886122703552246
0.07474541664123535
0.060343027114868164
0.04558753967285156
0.03889107704162598
0.11518168449401855
0.10955286026000977
0.09503507614135742
0.08009862899780273
0.0652163028717041
0.05101823806762695
0.03618502616882324
0.08725738525390625
0.07871890068054199
0.06748557090759277
0.053872108459472656
0.03991436958312988
0.03207683563232422
0.10856771469116211
0.08929562568664551
0.07414102554321289
0.05934786796569824
0.04536128044128418
0.03278183937072754
0.10858750343322754
0.09089398384094238
0.07285594940185547
0.06171679496765137
0.05220937728881836
0.03385591506958008
0.1122133731842041
0.09368395805358887
0.07350540161132812
0.05985760688781738
0.05797934532165527
0.04429507255554199
0.11154437065124512
0.08584451675415039
0.07097601890563965
0.057525634765625
0.05428123474121094
0.03829216957092285
0.09289026260375977
0.07848834991455078
0.07691240310668945
0.0623013973236084
0.04511618614196777
0.03152871131896973
0.1043543815612793
0.10311627388000488
0.09318780899047852
0.07825899124145508
0.06334161758422852
0.04934263229370117
0.11427044868469238
0.08797287940979004
0.08169341087341309
0.06962227821350098
0.05332040786743164
0.039418935775756836
0.09058356285095215
0.07874298095703125
0.06958246231079102
0.055365800857543945
0.051931142807006836
0.03835272789001465
0.1093595027923584
0.09746789932250977
0.08347415924072266
0.06551241874694824
0.05104207992553711
0.033260345458984375
0.09343457221984863
0.08650016784667969
0.07245731353759766
0.05823016166687012
0.0496220588684082
0.03490281105041504
0.11339235305786133
0.08878326416015625
0.07425284385681152
0.05997347831726074
0.04598832130432129
0.03901934623718262
0.11112022399902344
0.10034537315368652
0.08540105819702148
0.07105350494384766
0.05609321594238281
0.05218982696533203
0.03223371505737305
0.08940410614013672
0.08087515830993652
0.06348443031311035
0.06015443801879883
0.03137040138244629
0.10163426399230957
0.09586071968078613
0.08143401145935059
0.06693577766418457
0.05250144004821777
0.03131890296936035
0.10857391357421875
0.08358287811279297
0.08062219619750977
0.06613874435424805
0.05126595497131348
0.03704833984375
0.022536516189575195
0.08965802192687988
0.07787179946899414
0.06517481803894043
0.05276155471801758
0.04962015151977539
0.03432321548461914
0.11917781829833984
0.09635758399963379
0.0812380313873291
0.06698107719421387
0.05257368087768555
0.03829216957092285
0.10804224014282227
0.09997725486755371
0.0960395336151123
0.08406376838684082
0.07096648216247559
0.053357601165771484
0.035216331481933594
0.10284090042114258
0.08192133903503418
0.07234978675842285
0.05795431137084961
0.053633689880371094
0.042136192321777344
0.1259469985961914
0.10318517684936523
0.08891034126281738
0.07384443283081055
0.059500694274902344
0.045253753662109375
0.11626100540161133
0.10186052322387695
0.09571552276611328
0.08424067497253418
0.07026481628417969
0.05646252632141113
0.04140949249267578
0.10683035850524902
0.09011697769165039
0.07927870750427246
0.06153416633605957
0.04741930961608887
0.043448448181152344
0.03248333930969238
0.09680819511413574
0.08477163314819336
0.07060790061950684
0.05671525001525879
0.04243159294128418
0.02898573875427246
0.10465812683105469
0.09222865104675293
0.08167290687561035
0.07036161422729492
0.055902957916259766
0.04183650016784668
0.027209997177124023
0.09136509895324707
0.08416581153869629
0.06896400451660156
0.05112886428833008
0.03683924674987793
0.03119945526123047
0.10726475715637207
0.0873568058013916
0.07315754890441895
0.06488800048828125
0.05080556869506836
0.0499722957611084
0.03760218620300293
0.10331439971923828
0.08281660079956055
0.06879305839538574
0.06235337257385254
0.04440569877624512
0.030049800872802734
0.09399676322937012
0.08005094528198242
0.06505751609802246
0.05048012733459473
0.03724169731140137
0.027750253677368164
0.09338164329528809
0.08271026611328125
0.07714653015136719
0.06318402290344238
0.048743247985839844
0.0318753719329834
0.09332060813903809
0.07979011535644531
0.06736636161804199
0.06371712684631348
0.04692816734313965
0.031661272048950195
0.10038638114929199
0.08692789077758789
0.08600735664367676
0.07163190841674805
0.05423569679260254
0.03963422775268555
0.12205266952514648
0.10410332679748535
0.08943009376525879
0.07515406608581543
0.03743553161621094
0.023557424545288086
0.09850931167602539
0.09003782272338867
0.07927131652832031
0.061964988708496094
0.048186302185058594
0.033240556716918945
0.11688661575317383
0.10290265083312988
0.08835649490356445
0.07420492172241211
0.060303449630737305
0.03796076774597168
0.030541658401489258
0.10515689849853516
0.08720898628234863
0.07183575630187988
0.06149721145629883
0.047249794006347656
0.03204011917114258
0.10992240905761719
0.08937907218933105
0.07667779922485352
0.06250596046447754
0.04865717887878418
0.03370189666748047
0.10896873474121094
0.10143399238586426
0.08734130859375
0.07305026054382324
0.05819988250732422
0.05830264091491699
0.03836679458618164
0.10456252098083496
0.0796661376953125
0.07407212257385254
0.06685233116149902
0.052340030670166016
0.03727865219116211
0.10891175270080566
0.08388948440551758
0.09087061882019043
0.08237051963806152
0.0673210620880127
0.052857398986816406
0.03883242607116699
0.09145903587341309
0.07687544822692871
0.07114934921264648
0.06241798400878906
0.04860281944274902
0.04293322563171387
0.09315872192382812
0.07792401313781738
0.07175564765930176
0.05744576454162598
0.043331146240234375
0.032727956771850586
0.1040947437286377
0.08567643165588379
0.07260560989379883
0.06000876426696777
0.04751110076904297
0.045676231384277344
0.03654623031616211
0.09719300270080566
0.08164238929748535
0.09476947784423828
0.08011412620544434
0.06552577018737793
0.050345420837402344
0.12895846366882324
0.10004711151123047
0.0859832763671875
0.07120823860168457
0.05588698387145996
0.037693023681640625
0.10370731353759766
0.08793759346008301
0.0727543830871582
0.05821561813354492
0.04110836982727051
0.04534554481506348
0.11998152732849121
0.10096001625061035
0.09046649932861328
0.07672905921936035
0.06282877922058105
0.048187971115112305
0.039609670639038086
0.11421823501586914
0.09431123733520508
0.08036303520202637
0.06639432907104492
0.04948282241821289
0.03456377983093262
0.1047518253326416
0.08260655403137207
0.06888556480407715
0.0509641170501709
0.03750801086425781
0.02339935302734375
0.09852242469787598
0.08684730529785156
0.07177281379699707
0.05678582191467285
0.04274320602416992
0.03613018989562988
0.11048579216003418
0.0931851863861084
0.07831573486328125
0.07650041580200195
0.058825016021728516
0.037509918212890625
0.11002063751220703
0.08952808380126953
0.07443428039550781
0.059664011001586914
0.04547595977783203
0.035059213638305664
0.10913705825805664
0.08242559432983398
0.06594181060791016
0.053601741790771484
0.04541754722595215
0.026505470275878906
0.09082555770874023
0.07583832740783691
0.06344151496887207
0.06081128120422363
0.04623270034790039
0.03166079521179199
0.10319685935974121
0.08354425430297852
0.07137107849121094
0.06265783309936523
0.048456668853759766
0.1078634262084961
0.09660553932189941
0.08168435096740723
0.06786465644836426
0.058821678161621094
0.04790973663330078
0.03860116004943848
0.10458946228027344
0.08729290962219238
0.08552145957946777
0.07147622108459473
0.05781912803649902
0.039861202239990234
0.10707473754882812
0.09506106376647949
0.07572007179260254
0.06209278106689453
0.04725480079650879
0.02657175064086914
0.10264110565185547
0.09754467010498047
0.08324193954467773
0.06910300254821777
0.056977033615112305
0.042409658432006836
0.027924060821533203
0.10860776901245117
0.10944652557373047
0.09569287300109863
0.08143043518066406
0.06645846366882324
0.05205059051513672
0.0407564640045166
0.09457540512084961
0.09423041343688965
0.07929086685180664
0.06508946418762207
0.05092883110046387
0.04165363311767578
0.11951518058776855
0.09533500671386719
0.08057618141174316
0.06573987007141113
0.054465293884277344
0.0394444465637207
0.025134563446044922
0.10035228729248047
0.08464789390563965
0.06955265998840332
0.05647778511047363
0.04791378974914551
0.03914666175842285
0.10951089859008789
0.08863019943237305
0.05806851387023926
0.043436288833618164
0.030336618423461914
0.10225796699523926
0.10466790199279785
0.09071922302246094
0.07246994972229004
0.05752897262573242
0.042578935623168945
0.10747814178466797
0.07790327072143555
0.07303690910339355
0.05895042419433594
0.04381990432739258
0.02896571159362793
0.10525012016296387
0.08627009391784668
0.07262754440307617
0.05865192413330078
0.043295860290527344
0.029022932052612305
0.1065824031829834
0.09732460975646973
0.0827329158782959
0.06864070892333984
0.054206132888793945
0.03951120376586914
0.024227619171142578
0.09778785705566406
0.0842432975769043
0.08442544937133789
0.07046389579772949
0.05644989013671875
0.04249238967895508
0.027541399002075195
0.09201169013977051
0.08108067512512207
0.06691694259643555
0.06014251708984375
0.04631638526916504
0.03205680847167969
0.12264633178710938
0.09800910949707031
0.08458328247070312
0.0702981948852539
0.05585503578186035
0.03882479667663574
0.02524256706237793
0.0915365219116211
0.07435297966003418
0.06446456909179688
0.06165146827697754
0.04790043830871582
0.03372931480407715
0.11497783660888672
0.10309004783630371
0.08941197395324707
0.07512378692626953
0.06081128120422363
0.04680037498474121
0.03144216537475586
0.09584808349609375
0.08491373062133789
0.07159137725830078
0.06859350204467773
0.05515480041503906
0.03749251365661621
0.10967516899108887
0.09218215942382812
0.07806587219238281
0.060709476470947266
0.04811882972717285
0.04266619682312012
0.03185153007507324
0.10695004463195801
0.09253454208374023
0.07750940322875977
0.06377816200256348
0.04950141906738281
0.0316472053527832
0.10183477401733398
0.08755850791931152
0.07403731346130371
0.058149099349975586
0.043029069900512695
0.029056072235107422
0.10909628868103027
0.08729934692382812
0.07964038848876953
0.06529736518859863
0.05915021896362305
0.04635000228881836
0.03177523612976074
0.08926796913146973
0.0868692398071289
0.0720362663269043
0.05757737159729004
0.04319500923156738
0.02852153778076172
0.10388851165771484
0.0832982063293457
0.0826711654663086
0.06842780113220215
0.05401110649108887
0.03985881805419922
0.12363266944885254
0.09345483779907227
0.07921981811523438
0.07293295860290527
0.05789780616760254
0.04375267028808594
0.029219388961791992
0.0947566032409668
0.08080458641052246
0.06666445732116699
0.05366230010986328
0.044701576232910156
0.029614925384521484
0.10544586181640625
0.08223795890808105
0.06927680969238281
0.06648468971252441
0.05382418632507324
0.04087376594543457
0.13617897033691406
0.12144637107849121
0.107391357421875
0.09256482124328613
0.07865500450134277
0.0644230842590332
0.050549983978271484
0.03643488883972168
0.09569311141967773
0.0782020092010498
0.06687116622924805
0.05193805694580078
0.04920792579650879
0.04551506042480469
0.1064138412475586
0.09077930450439453
0.08054733276367188
0.0705862045288086
0.05469012260437012
0.04273724555969238
0.028762102127075195
0.09835124015808105
0.08452367782592773
0.0849001407623291
0.07001948356628418
0.053876638412475586
0.03904414176940918
0.10689139366149902
0.08556175231933594
0.07399630546569824
0.059427499771118164
0.04525136947631836
0.03215813636779785
0.019771575927734375
0.09492897987365723
0.08455848693847656
0.07033824920654297
0.05692648887634277
0.04202842712402344
0.03592109680175781
0.10568571090698242
0.08524799346923828
0.07366037368774414
0.06598162651062012
0.05413508415222168
0.03973269462585449
0.11107993125915527
0.10111832618713379
0.09320259094238281
0.08362627029418945
0.0961616039276123
0.09046387672424316
0.10965442657470703
0.07881736755371094
0.059751272201538086
0.05908608436584473
0.05188155174255371
0.03910493850708008
0.09724044799804688
0.1015329360961914
0.08737659454345703
0.07297682762145996
0.05865120887756348
0.043941497802734375
0.10792803764343262
0.09311461448669434
0.08039641380310059
0.07843279838562012
0.06423234939575195
0.04912424087524414
0.03441619873046875
0.10780096054077148
0.08101534843444824
0.06850814819335938
0.04705071449279785
0.03608059883117676
0.021748781204223633
0.10530781745910645
0.08838152885437012
0.0742490291595459
0.059870004653930664
0.04619646072387695
0.03288531303405762
0.019732236862182617
0.09449315071105957
0.0803079605102539
0.06543278694152832
0.05200004577636719
0.04325151443481445
0.02840256690979004
0.11323165893554688
0.10039186477661133
0.08620858192443848
0.07150840759277344
0.05734753608703613
0.043225765228271484
0.028904438018798828
0.10057544708251953
0.10198211669921875
0.08649587631225586
0.06907415390014648
0.05434393882751465
0.03978872299194336
0.10541987419128418
0.08605456352233887
0.07084798812866211
0.06041979789733887
0.03975725173950195
0.024866104125976562
0.10131287574768066
0.09588408470153809
0.08158373832702637
0.06757521629333496
0.05255866050720215
0.03819155693054199
0.02361297607421875
0.0896759033203125
0.07800912857055664
0.06538176536560059
0.052991390228271484
0.040177106857299805
0.034784793853759766
0.10500097274780273
0.08687949180603027
0.07188558578491211
0.05471014976501465
0.041802406311035156
0.03710746765136719
0.10609316825866699
0.10171246528625488
0.08293557167053223
0.06822609901428223
0.05374455451965332
0.03959965705871582
0.11818480491638184
0.09325695037841797
0.08875393867492676
0.07351136207580566
0.059797048568725586
0.04559469223022461
0.10848355293273926
0.10799789428710938
0.09387373924255371
0.08046793937683105
0.06266307830810547
0.044014692306518555
0.02894449234008789
0.10907316207885742
0.08915090560913086
0.07420849800109863
0.06047368049621582
0.04333138465881348
0.034772396087646484
0.11240243911743164
0.08878707885742188
0.0741262435913086
0.06061983108520508
0.05889391899108887
0.04700493812561035
0.032396554946899414
0.09909987449645996
0.08487057685852051
0.07094931602478027
0.05955934524536133
0.04489302635192871
0.030998706817626953
0.10336184501647949
0.09221982955932617
0.0782465934753418
0.06414651870727539
0.04422903060913086
0.030088186264038086
0.10846662521362305
0.08377456665039062
0.07161474227905273
0.059168338775634766
0.046604156494140625
0.037642478942871094
0.0232391357421875
0.08910584449768066
0.07735729217529297
0.06796979904174805
0.06537961959838867
0.05022430419921875
0.036087751388549805
0.10683417320251465
0.08712029457092285
0.0763099193572998
0.07025003433227539
0.0514674186706543
0.03561043739318848
0.10660266876220703
0.09027576446533203
0.08673548698425293
0.07171177864074707
0.05686759948730469
0.03891897201538086
0.10414433479309082
0.09297609329223633
0.07838797569274902
0.055497169494628906
0.040572166442871094
0.025856494903564453
0.10123181343078613
0.0857088565826416
0.07383251190185547
0.05929112434387207
0.044671058654785156
0.03813004493713379
0.030920743942260742
0.0815439224243164
0.0673835277557373
0.05572104454040527
0.04309892654418945
0.030350446701049805
0.10934185981750488
0.11657023429870605
0.10186600685119629
0.08721423149108887
0.07271146774291992
0.058116912841796875
0.04409503936767578
0.10082817077636719
0.08439183235168457
0.07042074203491211
0.0718679428100586
0.0576934814453125
0.043428659439086914
0.11046290397644043
0.10097885131835938
0.0864567756652832
0.07109618186950684
0.056433916091918945
0.04174661636352539
0.03253984451293945
0.1034083366394043
0.0883169174194336
0.07365202903747559
0.059358835220336914
0.04829239845275879
0.034128427505493164
0.019385576248168945
0.08933043479919434
0.08441925048828125
0.07024788856506348
0.0558321475982666
0.041719675064086914
0.02449655532836914
0.10818123817443848
0.09985470771789551
0.08502578735351562
0.0699622631072998
0.054991722106933594
0.040694236755371094
0.026379823684692383
0.09782648086547852
0.08360028266906738
0.06974363327026367
0.05544638633728027
0.04117321968078613
0.020440101623535156
0.09974360466003418
0.08603096008300781
0.08652591705322266
0.0717782974243164
0.05782890319824219
0.043083906173706055
0.029058456420898438
0.0996241569519043
0.08528685569763184
0.07765316963195801
0.06272768974304199
0.04760289192199707
0.019397258758544922
0.10046172142028809
0.08645749092102051
0.07222390174865723
0.05823063850402832
0.04939556121826172
0.04346323013305664
0.029009342193603516
0.08918190002441406
0.08016753196716309
0.08072972297668457
0.06679058074951172
0.05189394950866699
0.03688979148864746
0.10994529724121094
0.08694624900817871
0.07621908187866211
0.07082462310791016
0.05674934387207031
0.04176449775695801
0.12240815162658691
0.09451436996459961
0.08024430274963379
0.06643891334533691
0.032392263412475586
0.10839343070983887
0.08287501335144043
0.07546067237854004
0.06130218505859375
0.04703664779663086
0.03195667266845703
0.10834264755249023
0.09188008308410645
0.0766608715057373
0.06277084350585938
0.048355817794799805
0.03344440460205078
0.019102811813354492
0.09147882461547852
0.07756543159484863
0.06343293190002441
0.05258488655090332
0.03940916061401367
0.024733543395996094
0.09703397750854492
0.09409165382385254
0.07973742485046387
0.06565117835998535
0.051232337951660156
0.036798715591430664
0.10648894309997559
0.08630943298339844
0.07512760162353516
0.060189247131347656
0.04577803611755371
0.03644990921020508
0.10729241371154785
0.10476398468017578
0.09148502349853516
0.07700610160827637
0.06267976760864258
0.04774045944213867
0.033299922943115234
0.09186267852783203
0.08115267753601074
0.07018446922302246
0.05506491661071777
0.04056811332702637
0.030937671661376953
0.11006736755371094
0.08928036689758301
0.07757139205932617
0.06308984756469727
0.04877614974975586
0.03429770469665527
0.02795243263244629
0.1008598804473877
0.08686089515686035
0.07239341735839844
0.05797696113586426
0.04303622245788574
0.031667232513427734
0.09866547584533691
0.08756613731384277
0.07345795631408691
0.05867266654968262
0.04904484748840332
0.03421306610107422
0.025732994079589844
0.09579777717590332
0.0875999927520752
0.07338380813598633
0.05919313430786133
0.04451942443847656
0.03125786781311035
0.018977642059326172
0.08985114097595215
0.07813215255737305
0.06913280487060547
0.05499529838562012
0.041441917419433594
0.03635287284851074
0.10657262802124023
0.09030604362487793
0.07575535774230957
0.060831308364868164
0.053501129150390625
0.036559343338012695
0.10763144493103027
0.10327458381652832
0.0858469009399414
0.07133364677429199
0.05314779281616211
0.03870701789855957
0.024505615234375
0.0914144515991211
0.09238529205322266
0.07794904708862305
0.060504913330078125
0.04605269432067871
0.03165483474731445
0.09672713279724121
0.08557677268981934
0.040770769119262695
0.02687382698059082
0.10804533958435059
0.1010141372680664
0.08286118507385254
0.06498289108276367
0.04726099967956543
0.029410600662231445
0.10618257522583008
0.08725690841674805
0.07304668426513672
0.07263779640197754
0.05803108215332031
0.043450355529785156
0.02891373634338379
0.08927273750305176
0.08000683784484863
0.07758259773254395
0.06283092498779297
0.04780125617980957
0.0337069034576416
0.10626006126403809
0.08746480941772461
0.08169126510620117
0.07224702835083008
0.05874037742614746
0.04426765441894531
0.11463475227355957
0.08205246925354004
0.07010126113891602
0.06452274322509766
0.05056333541870117
0.03661751747131348
0.11060309410095215
0.09663033485412598
0.08452701568603516
0.07526659965515137
0.06082916259765625
0.04708266258239746
0.03141641616821289
0.10944581031799316
0.09205961227416992
0.08125567436218262
0.06720542907714844
0.05301094055175781
0.04313969612121582
0.02171468734741211
0.09522461891174316
0.09086823463439941
0.07679343223571777
0.0627744197845459
0.04838204383850098
0.0342869758605957
0.10889291763305664
0.08352518081665039
0.08379650115966797
0.06878304481506348
0.054595232009887695
0.04013943672180176
0.025854110717773438
0.09827494621276855
0.0919189453125
0.08248567581176758
0.06765508651733398
0.05330181121826172
0.039157867431640625
0.10878109931945801
0.09374046325683594
0.08829879760742188
0.07389044761657715
0.059378623962402344
0.045630455017089844
0.04100799560546875
0.12855172157287598
0.10994482040405273
0.09617924690246582
0.08182120323181152
0.06697797775268555
0.05278801918029785
0.03567171096801758
0.09128999710083008
0.07778429985046387
0.06556248664855957
0.0528111457824707
0.045068979263305664
0.03114938735961914
0.09633350372314453
0.08147311210632324
0.0681314468383789
0.05463218688964844
0.0364992618560791
0.027582883834838867
0.099151611328125
0.08703231811523438
0.07289552688598633
0.0587916374206543
0.04009056091308594
0.03826260566711426
0.104522705078125
0.08364129066467285
0.07271003723144531
0.06320548057556152
0.04559135437011719
0.03162693977355957
0.11407184600830078
0.10801506042480469
0.09407877922058105
0.07674241065979004
0.061522722244262695
0.04388928413391113
0.0298764705657959
0.09857463836669922
0.08418798446655273
0.0700216293334961
0.06609296798706055
0.0519261360168457
0.038147926330566406
0.024166345596313477
0.09740519523620605
0.0812380313873291
0.08141469955444336
0.06099367141723633
0.04796433448791504
0.03437304496765137
0.10340261459350586
0.09007620811462402
0.07594037055969238
0.06142306327819824
0.04734063148498535
0.03825736045837402
0.023758411407470703
0.09586215019226074
0.0809016227722168
0.06585335731506348
0.05132150650024414
0.04615020751953125
0.0318150520324707
0.0924367904663086
0.08203935623168945
0.07116031646728516
0.05669355392456055
0.04246211051940918
0.03431987762451172
0.08180427551269531
0.06926965713500977
0.05592942237854004
0.04452943801879883
0.033998727798461914
0.1278529167175293
0.10523486137390137
0.09122562408447266
0.07734942436218262
0.06327319145202637
0.048999786376953125
0.034743547439575195
0.09516572952270508
0.08547139167785645
0.0706930160522461
0.05276799201965332
0.03879737854003906
0.024892568588256836
0.10107755661010742
0.08242392539978027
0.06905055046081543
0.05674934387207031
0.04433703422546387
0.0181124210357666
0.10012531280517578
0.08669185638427734
0.0724477767944336
0.05838632583618164
0.04372763633728027
0.038266658782958984
0.09713506698608398
0.09593534469604492
0.08100581169128418
0.06310772895812988
0.04950976371765137
0.0354609489440918
0.10416817665100098
0.08677935600280762
0.07227540016174316
0.05846905708312988
0.05517244338989258
0.041008710861206055
0.11043691635131836
0.09402108192443848
0.07534956932067871
0.07491230964660645
0.06001162528991699
0.04596972465515137
0.03156280517578125
0.09465384483337402
0.08694005012512207
0.07259678840637207
0.0582125186920166
0.04325985908508301
0.029001474380493164
0.10730242729187012
0.09317636489868164
0.07967853546142578
0.06531000137329102
0.05061793327331543
0.0448460578918457
0.029665470123291016
0.08957552909851074
0.07800126075744629
0.07200217247009277
0.05756568908691406
0.04328632354736328
0.027998924255371094
0.10714411735534668
0.08992648124694824
0.08225846290588379
0.06789588928222656
0.05356264114379883
0.05140256881713867
0.03607892990112305
0.09508109092712402
0.09541749954223633
0.0805962085723877
0.0651249885559082
0.05013895034790039
0.03558015823364258
0.11033439636230469
0.08339285850524902
0.08359289169311523
0.07213544845581055
0.05751180648803711
0.042481184005737305
0.10866236686706543
0.09658408164978027
0.08148765563964844
0.0738530158996582
0.05964088439941406
0.04454374313354492
0.02526712417602539
0.08904051780700684
0.0763702392578125
0.07290196418762207
0.05825662612915039
0.029414892196655273
0.10430026054382324
0.10715508460998535
0.09294009208679199
0.07853031158447266
0.06481409072875977
0.0495908260345459
0.035352230072021484
0.089935302734375
0.0781564712524414
0.06891012191772461
0.06100010871887207
0.046936750411987305
0.03297996520996094
0.10608911514282227
0.08652591705322266
0.07545256614685059
0.06406021118164062
0.04999804496765137
0.03535890579223633
0.0214536190032959
0.09192466735839844
0.07479453086853027
0.062014102935791016
0.05275416374206543
0.03125882148742676
0.02561783790588379
0.09686827659606934
0.08262372016906738
0.07126164436340332
0.05324196815490723
0.03881692886352539
0.031208038330078125
0.0915994644165039
0.08300638198852539
0.06859660148620605
0.05430912971496582
0.04224681854248047
0.03629803657531738
0.1134328842163086
0.09705281257629395
0.08283615112304688
0.06835126876831055
0.053930044174194336
0.0393061637878418
0.02477574348449707
0.11445808410644531
0.09597659111022949
0.07797122001647949
0.06404423713684082
0.04934334754943848
0.03199172019958496
0.10458111763000488
0.08365416526794434
0.0718381404876709
0.055763959884643555
0.041326284408569336
0.03299713134765625
0.1163015365600586
0.09265851974487305
0.07845211029052734
0.06377625465393066
0.049645423889160156
0.03511190414428711
0.021242618560791016
0.09511399269104004
0.08113384246826172
0.06673669815063477
0.05647873878479004
0.05019235610961914
0.03673529624938965
0.10498785972595215
0.0826425552368164
0.08588719367980957
0.07062220573425293
0.05632185935974121
0.04184579849243164
0.02710437774658203
0.09454202651977539
0.08053398132324219
0.0694127082824707
0.062454938888549805
0.047998666763305664
0.03300333023071289
0.10692334175109863
0.0871269702911377
0.07964682579040527
0.06519007682800293
0.04430747032165527
0.029856204986572266
0.10473060607910156
0.08352160453796387
0.07801508903503418
0.06357908248901367
0.04905581474304199
0.03455400466918945
0.025691747665405273
0.09189176559448242
0.08165812492370605
0.06670093536376953
0.0617222785949707
0.047353506088256836
0.03295636177062988
0.10761260986328125
0.08945012092590332
0.07515215873718262
0.06985068321228027
0.05574393272399902
0.0413360595703125
0.026871681213378906
0.10064935684204102
0.08793163299560547
0.07322573661804199
0.055617332458496094
0.040541648864746094
0.03450822830200195
0.11169552803039551
0.08675956726074219
0.0725865364074707
0.060189247131347656
0.041944026947021484
0.039374351501464844
0.10541224479675293
0.08066177368164062
0.061045169830322266
0.051991939544677734
0.03775429725646973
0.026720762252807617
0.10077309608459473
0.0836188793182373
0.07080912590026855
0.07256364822387695
0.061102867126464844
0.046176910400390625
0.031069040298461914
0.09653162956237793
0.0849151611328125
0.0699470043182373
0.0656270980834961
0.051239728927612305
0.0370020866394043
0.022611618041992188
0.09189963340759277
0.09590864181518555
0.08231949806213379
0.06790518760681152
0.05339503288269043
0.03857874870300293
0.10499453544616699
0.09267544746398926
0.08855152130126953
0.07561063766479492
0.06095242500305176
0.046534061431884766
0.03196907043457031
0.09006071090698242
0.07797503471374512
0.08026790618896484
0.06597518920898438
0.051575422286987305
0.036879777908325195
0.10631918907165527
0.10059618949890137
0.08631157875061035
0.07239508628845215
0.05807900428771973
0.0434267520904541
0.02897357940673828
0.10026860237121582
0.08290576934814453
0.07132554054260254
0.05682945251464844
0.04245471954345703
0.02881026268005371
0.1300983428955078
0.1048269271850586
0.09050655364990234
0.07653307914733887
0.06262445449829102
0.04867124557495117
0.034699440002441406
0.10120916366577148
0.08291959762573242
0.07217812538146973
0.057877302169799805
0.043430328369140625
0.04061150550842285
0.10912466049194336
0.08746218681335449
0.07880377769470215
0.06514787673950195
0.053119659423828125
0.038803815841674805
0.024426937103271484
0.10448122024536133
0.09041810035705566
0.07600092887878418
0.0612483024597168
0.046861886978149414
0.03197336196899414
0.10734200477600098
0.0832676887512207
0.07422161102294922
0.059535980224609375
0.048856496810913086
0.034470558166503906
0.02283334732055664
0.09166574478149414
0.08062601089477539
0.0661473274230957
0.05505037307739258
0.04371380805969238
0.028460025787353516
0.10652613639831543
0.09006953239440918
0.07561111450195312
0.061126708984375
0.04670977592468262
0.03859543800354004
0.030279159545898438
0.0993187427520752
0.08812665939331055
0.07360100746154785
0.0533294677734375
0.047032833099365234
0.03461575508117676
0.10297560691833496
0.0832526683807373
0.07091307640075684
0.0618290901184082
0.04721426963806152
0.04536724090576172
0.03194379806518555
0.0923910140991211
0.08137249946594238
0.0702660083770752
0.05577540397644043
0.04040646553039551
0.026220321655273438
0.10600590705871582
0.08336544036865234
0.07437920570373535
0.06357717514038086
0.04915666580200195
0.03693270683288574
0.029880285263061523
0.09637904167175293
0.08728480339050293
0.07293963432312012
0.05849599838256836
0.04385685920715332
0.029502153396606445
0.11407184600830078
0.08936882019042969
0.07497000694274902
0.06048226356506348
0.05495953559875488
0.04368090629577637
0.02937030792236328
0.09903645515441895
0.0815737247467041
0.06874871253967285
0.059743642807006836
0.045305490493774414
0.0412898063659668
0.029879331588745117
0.09760713577270508
0.08527159690856934
0.07677221298217773
0.06258487701416016
0.04792022705078125
0.03339433670043945
0.10782432556152344
0.08323454856872559
0.07407355308532715
0.05972743034362793
0.05416464805603027
0.03373980522155762
0.10644412040710449
0.086395263671875
0.0779123306274414
0.06341004371643066
0.0490877628326416
0.034716129302978516
0.025159597396850586
0.09225177764892578
0.08169817924499512
0.0672142505645752
0.05280256271362305
0.04033160209655762
0.03737330436706543
0.10560393333435059
0.08667325973510742
0.08170485496520996
0.07349681854248047
0.05900239944458008
0.04477334022521973
0.030390501022338867
0.09173846244812012
0.08109211921691895
0.07017111778259277
0.054976701736450195
0.04062795639038086
0.02744770050048828
0.10669517517089844
0.0833890438079834
0.07115888595581055
