0.09994053840637207
0.09021806716918945
0.07123589515686035
0.05629467964172363
0.06400203704833984
0.050397634506225586
0.10663056373596191
0.08414435386657715
0.07016420364379883
0.05925416946411133
0.04528498649597168
0.030633211135864258
0.10468196868896484
0.0971219539642334
0.08266854286193848
0.06834578514099121
0.054746389389038086
0.040628671646118164
0.026079177856445312
0.10049581527709961
0.09294319152832031
0.07873964309692383
0.06436514854431152
0.04681897163391113
0.03277993202209473
0.10616135597229004
0.08071088790893555
0.07812047004699707
0.06011033058166504
0.046440839767456055
0.0321347713470459
0.10779023170471191
0.08585405349731445
0.07835507392883301
0.06454682350158691
0.05031538009643555
0.035485267639160156
0.1297006607055664
0.10390973091125488
0.08729815483093262
0.07352709770202637
0.055564165115356445
0.041629791259765625
0.11084842681884766
0.10938906669616699
0.09535908699035645
0.08112788200378418
0.06667494773864746
0.05183219909667969
0.12003350257873535
0.07811427116394043
0.05595874786376953
0.046361446380615234
0.04590773582458496
0.03103470802307129
0.09328174591064453
0.0940408706665039
0.08081436157226562
0.0664968490600586
0.05192399024963379
0.03763079643249512
0.1053764820098877
0.08640360832214355
0.07522296905517578
0.060952186584472656
0.04640698432922363
0.04773521423339844
0.032861948013305664
0.08982062339782715
0.0817568302154541
0.08398580551147461
0.06959247589111328
0.05565023422241211
0.04357409477233887
0.09508895874023438
0.08066821098327637
0.06928277015686035
0.05563807487487793
0.04120516777038574
0.026385068893432617
0.09877276420593262
0.08372139930725098
0.0769355297088623
0.06188678741455078
0.06258797645568848
0.0484006404876709
0.0335543155670166
0.09778094291687012
0.08208203315734863
0.06809711456298828
0.06457114219665527
0.11051344871520996
0.10309052467346191
0.08710503578186035
0.0711982250213623
0.0566098690032959
0.0424344539642334
0.03489851951599121
0.10840082168579102
0.08184170722961426
0.07321786880493164
0.062067508697509766
0.0474090576171875
0.029268980026245117
0.10728240013122559
0.08587527275085449
0.07513713836669922
0.06055116653442383
0.04641389846801758
0.04791116714477539
0.03395271301269531
0.08962512016296387
0.08112835884094238
0.06324076652526855
0.04976940155029297
0.035822153091430664
0.022067546844482422
0.1116628646850586
0.10557699203491211
0.09113144874572754
0.07689905166625977
0.0627126693725586
0.0475919246673584
0.033416032791137695
0.09529423713684082
0.09019637107849121
0.07228899002075195
0.05712699890136719
0.042105913162231445
0.027496337890625
0.10690760612487793
0.08808398246765137
0.06995844841003418
0.06287503242492676
0.047774553298950195
0.03275609016418457
0.0908045768737793
0.08170771598815918
0.07492661476135254
0.06824636459350586
0.05461549758911133
0.03941988945007324
0.09148049354553223
0.08281660079956055
0.08269381523132324
0.06859564781188965
0.05346250534057617
0.039270877838134766
0.08328866958618164
0.0876619815826416
0.07427144050598145
0.06018209457397461
0.04569268226623535
0.032145023345947266
0.10081076622009277
0.09656476974487305
0.0825963020324707
0.06799101829528809
0.04978775978088379
0.032202959060668945
0.10626363754272461
0.08533120155334473
0.07094836235046387
0.05695676803588867
0.05147099494934082
0.03555011749267578
0.11560511589050293
0.09268832206726074
0.077789306640625
0.06773138046264648
0.053823232650756836
0.03952336311340332
0.029995203018188477
0.1036233901977539
0.08369946479797363
0.07221412658691406
0.05793285369873047
0.0427393913269043
0.03587031364440918
0.12711238861083984
0.10125899314880371
0.08714795112609863
0.07259321212768555
0.05809164047241211
0.04414010047912598
0.10893678665161133
0.09215784072875977
0.09031152725219727
0.07599449157714844
0.06198763847351074
0.04809260368347168
0.036705970764160156
0.10158205032348633
0.08121562004089355
0.07220745086669922
0.057592153549194336
0.032875776290893555
0.11668109893798828
0.09491562843322754
0.07580304145812988
0.06210660934448242
0.03447866439819336
0.03379559516906738
0.09217023849487305
0.08225560188293457
0.06723642349243164
0.05449509620666504
0.053138017654418945
0.0431065559387207
0.10819029808044434
0.09923982620239258
0.08529210090637207
0.09074068069458008
0.07663917541503906
0.06182527542114258
0.047506093978881836
0.10969901084899902
0.0947113037109375
0.07696413993835449
0.059554100036621094
0.05300712585449219
0.02509927749633789
0.11007356643676758
0.09549546241760254
0.08156681060791016
0.0602717399597168
0.04839181900024414
0.03475332260131836
0.10513496398925781
0.08622455596923828
0.06822752952575684
0.06241250038146973
0.049237966537475586
0.03502154350280762
0.11652660369873047
0.0906820297241211
0.07579469680786133
0.060965538024902344
0.06700778007507324
0.051110267639160156
0.10746073722839355
0.09925341606140137
0.08512091636657715
0.07028889656066895
0.056298017501831055
0.046158552169799805
0.10863351821899414
0.11134505271911621
0.0965123176574707
0.08507061004638672
0.08184504508972168
0.06888079643249512
0.10930204391479492
0.08077597618103027
0.06603050231933594
0.06959772109985352
0.0624384880065918
0.04848647117614746
0.09168839454650879
0.08359193801879883
0.06864619255065918
0.06546378135681152
0.04326939582824707
0.02975153923034668
0.11212515830993652
0.09802532196044922
0.08362364768981934
0.06969761848449707
0.05509591102600098
0.040616512298583984
0.10997390747070312
0.09350061416625977
0.08396315574645996
0.06906318664550781
0.05596661567687988
0.05073213577270508
0.03852534294128418
0.09567642211914062
0.08459687232971191
0.07048678398132324
0.05637192726135254
0.041922807693481445
0.03183341026306152
0.09990739822387695
0.09570765495300293
0.08123397827148438
0.06694245338439941
0.05237388610839844
0.03480696678161621
0.11434388160705566
0.0934293270111084
0.08354878425598145
0.06899881362915039
0.05929851531982422
0.04499077796936035
0.11447501182556152
0.09315347671508789
0.07171106338500977
0.05661368370056152
0.0416717529296875
0.06581664085388184
0.10683751106262207
0.10235810279846191
0.09894275665283203
0.0801994800567627
0.0652017593383789
0.05025506019592285
0.0961308479309082
0.06774735450744629
0.06931710243225098
0.06165003776550293
0.04870796203613281
0.10817956924438477
0.08611822128295898
0.09370779991149902
0.08102202415466309
0.06290197372436523
0.04439544677734375
0.10709095001220703
0.07868790626525879
0.07243728637695312
0.03894305229187012
0.11782288551330566
0.12242317199707031
0.10817956924438477
0.09404587745666504
0.07967185974121094
0.06509876251220703
0.050495147705078125
0.10779523849487305
0.10262727737426758
0.09172749519348145
0.07726192474365234
0.07863330841064453
0.06852293014526367
0.05410289764404297
0.10870242118835449
0.09824585914611816
0.08554363250732422
0.07146692276000977
0.03911781311035156
0.021511554718017578
0.09795951843261719
0.08347916603088379
0.07677149772644043
0.06286048889160156
0.0488584041595459
0.034552812576293945
0.03088545799255371
0.09836196899414062
0.08243536949157715
0.086334228515625
0.07215380668640137
0.05719614028930664
0.047695159912109375
0.10185503959655762
0.0942378044128418
0.08296966552734375
0.07223987579345703
0.05549263954162598
0.04065394401550293
0.12546658515930176
0.10653901100158691
0.09256625175476074
0.0776529312133789
0.06531000137329102
0.051361083984375
0.03745555877685547
0.1061563491821289
0.08506155014038086
0.0702364444732666
0.055304765701293945
0.040944814682006836
0.028722763061523438
0.11543679237365723
0.09194111824035645
0.07784533500671387
0.06390500068664551
0.049898386001586914
0.03577733039855957
0.11020278930664062
0.10579061508178711
0.0918416976928711
0.07767248153686523
0.06368589401245117
0.049527883529663086
0.03554129600524902
0.03651094436645508
0.09233641624450684
0.09501910209655762
0.0808565616607666
0.06632447242736816
0.05189347267150879
0.03398466110229492
0.10632634162902832
0.09229588508605957
0.07777953147888184
0.06333637237548828
0.04838681221008301
0.03422808647155762
0.10697031021118164
0.08735990524291992
0.05551743507385254
0.04634237289428711
0.04055166244506836
0.11027145385742188
0.09237027168273926
0.07823657989501953
0.06441092491149902
0.05081772804260254
0.05432319641113281
0.03940701484680176
0.11591815948486328
0.09599971771240234
0.08202672004699707
0.0675051212310791
0.05321073532104492
0.038652658462524414
0.0236208438873291
0.09702110290527344
0.08478999137878418
0.07392430305480957
0.06515884399414062
0.05140423774719238
0.0367281436920166
0.11084175109863281
0.08692646026611328
0.07282280921936035
0.05588841438293457
0.04073286056518555
0.03692030906677246
0.10963892936706543
0.0855252742767334
0.07131767272949219
0.056389570236206055
0.04140591621398926
0.04108715057373047
0.10637116432189941
0.09238696098327637
0.08532238006591797
0.07141542434692383
0.0571138858795166
0.0421144962310791
0.02776336669921875
0.09117269515991211
0.08017206192016602
0.06592321395874023
0.06435823440551758
0.04796576499938965
0.033385276794433594
0.10088324546813965
0.08329033851623535
0.07447552680969238
0.06373858451843262
0.04937148094177246
0.03502607345581055
0.02154374122619629
0.09740042686462402
0.09757232666015625
0.08305811882019043
0.06916236877441406
0.054567575454711914
0.03290700912475586
0.11394691467285156
0.09202003479003906
0.0778648853302002
0.06973028182983398
0.05556368827819824
0.040924787521362305
0.10848617553710938
0.08695340156555176
0.07299423217773438
0.06219673156738281
0.048280954360961914
0.04421401023864746
0.030247926712036133
0.09079408645629883
0.08438801765441895
0.06912899017333984
0.05471396446228027
0.037912845611572266
0.02079296112060547
0.10030817985534668
0.08593058586120605
0.07449460029602051
0.06299662590026855
0.048410892486572266
0.034513235092163086
0.11200237274169922
0.09264659881591797
0.08160924911499023
0.06703925132751465
0.05097389221191406
0.028625965118408203
0.10402083396911621
0.09013509750366211
0.0758364200592041
0.05826377868652344
0.04463005065917969
0.030238866806030273
0.10954856872558594
0.09640669822692871
0.0820777416229248
0.07526469230651855
0.05990338325500488
0.05442500114440918
0.04169774055480957
0.10696887969970703
0.08655261993408203
0.07282614707946777
0.05762743949890137
0.036547183990478516
0.10848689079284668
0.08581185340881348
0.07735800743103027
0.06318521499633789
0.05236983299255371
0.046140432357788086
0.03404736518859863
0.10080289840698242
0.08334159851074219
0.06903934478759766
0.05837416648864746
0.04420733451843262
0.03460288047790527
0.10914731025695801
0.09545516967773438
0.08485889434814453
0.07058835029602051
0.05621480941772461
0.05382585525512695
0.04144930839538574
0.10700058937072754
0.10148930549621582
0.08690881729125977
0.07220816612243652
0.05728268623352051
0.042870521545410156
0.028528213500976562
0.09756159782409668
0.08443474769592285
0.0701913833618164
0.06421732902526855
0.04972553253173828
0.03499627113342285
0.11245989799499512
0.09848308563232422
0.08397436141967773
0.06887698173522949
0.05379438400268555
0.044149160385131836
0.02930426597595215
0.10856342315673828
0.08465862274169922
0.06991839408874512
0.06159543991088867
0.04683065414428711
0.0402829647064209
0.026335954666137695
0.09129023551940918
0.08041691780090332
0.0700688362121582
0.055721282958984375
0.04157543182373047
0.03189206123352051
0.12487959861755371
0.10097742080688477
0.0863959789276123
0.07167744636535645
0.05792045593261719
0.04388689994812012
0.11800026893615723
0.09302306175231934
0.07845211029052734
0.06433534622192383
0.05720710754394531
0.047049760818481445
0.11083292961120605
0.08884119987487793
0.07704377174377441
0.06267333030700684
0.04454922676086426
0.03027033805847168
0.10707974433898926
0.08635187149047852
0.07190632820129395
0.061789512634277344
0.04739809036254883
0.026999473571777344
0.10941696166992188
0.10380434989929199
0.08977723121643066
0.07523608207702637
0.060660362243652344
0.046402692794799805
0.03287529945373535
0.09625101089477539
0.09940552711486816
0.0854494571685791
0.07116508483886719
0.04934978485107422
0.03538775444030762
0.10870790481567383
0.08578038215637207
0.07149648666381836
0.06111025810241699
0.05010700225830078
0.03513002395629883
0.02095198631286621
0.11459064483642578
0.09762334823608398
0.08347940444946289
0.069305419921875
0.05430293083190918
0.03925585746765137
0.10660958290100098
0.0822305679321289
0.08067607879638672
0.06622767448425293
0.05131673812866211
0.0367588996887207
0.1137077808380127
0.10284113883972168
0.0883643627166748
0.07384204864501953
0.0589442253112793
0.05937933921813965
0.045099496841430664
0.10965204238891602
0.10205292701721191
0.08512711524963379
0.0717010498046875
0.058579444885253906
0.04967999458312988
0.03503894805908203
0.11351394653320312
0.08360052108764648
0.06949472427368164
0.06787657737731934
0.055106163024902344
0.04077434539794922
0.10806894302368164
0.08248472213745117
0.07029390335083008
0.0653524398803711
0.051007747650146484
0.036470651626586914
0.11701345443725586
0.0971839427947998
0.08344292640686035
0.06866669654846191
0.05419111251831055
0.040299177169799805
0.03145647048950195
0.09760332107543945
0.0939481258392334
0.08012604713439941
0.06558060646057129
0.05197739601135254
0.037238121032714844
0.111785888671875
0.08586263656616211
0.07111430168151855
0.0734243392944336
0.05921149253845215
0.045470476150512695
0.031340837478637695
0.09932971000671387
0.09305524826049805
0.07511186599731445
0.06085658073425293
0.0464015007019043
0.028629302978515625
0.09664249420166016
0.08778619766235352
0.07228207588195801
0.05812644958496094
0.04372596740722656
0.03006744384765625
0.11058211326599121
0.09700727462768555
0.08909726142883301
0.16777658462524414
0.15345287322998047
0.14772725105285645
0.13422417640686035
0.11979055404663086
0.10466122627258301
0.09452676773071289
0.08013153076171875
0.07881522178649902
0.14063143730163574
0.12999868392944336
0.11630415916442871
0.10869812965393066
0.09356260299682617
0.07904505729675293
0.06460070610046387
0.050237417221069336
0.03544449806213379
0.08513069152832031
0.0760352611541748
0.06229209899902344
0.048735618591308594
0.04317593574523926
0.028973817825317383
0.10498976707458496
0.16800212860107422
0.15736889839172363
0.15939950942993164
0.14173173904418945
0.12457919120788574
0.11032462120056152
0.09176921844482422
0.08161115646362305
0.13298606872558594
0.14303207397460938
0.11338281631469727
0.09925627708435059
0.08588433265686035
0.06807184219360352
0.053106069564819336
0.0408015251159668
0.09904956817626953
0.08336448669433594
0.06519556045532227
0.05894780158996582
0.04386544227600098
0.03397631645202637
0.10715484619140625
0.18128538131713867
0.16161203384399414
0.14891815185546875
0.13448309898376465
0.11983299255371094
0.12135696411132812
0.10652470588684082
0.09294486045837402
0.07872128486633301
0.055651187896728516
0.11580705642700195
0.10105466842651367
0.07812976837158203
0.08078861236572266
0.06920981407165527
0.051971435546875
0.03730010986328125
0.09226822853088379
0.1775369644165039
0.19190216064453125
0.17772626876831055
0.16785502433776855
0.1696615219116211
0.15476465225219727
0.1388096809387207
0.12445068359375
0.11007118225097656
0.09718608856201172
0.08249306678771973
0.06741189956665039
0.2080686092376709
0.20084023475646973
0.18686604499816895
0.17219161987304688
0.1541883945465088
0.14001107215881348
0.12509417533874512
0.1102910041809082
0.09247660636901855
0.1486668586730957
0.14739394187927246
0.13322997093200684
0.08576440811157227
0.07175850868225098
0.05176520347595215
0.03770875930786133
0.02364826202392578
0.09669995307922363
0.1804049015045166
0.17980599403381348
0.16478991508483887
0.15467429161071777
0.13933277130126953
0.1245722770690918
0.11049342155456543
0.09942197799682617
0.0923311710357666
0.07808184623718262
0.06363129615783691
0.22890901565551758
0.21512675285339355
0.22710156440734863
0.20608973503112793
0.19192218780517578
0.17449378967285156
0.16000914573669434
0.14475369453430176
0.1305077075958252
0.11615705490112305
0.1018681526184082
0.15700030326843262
0.1469283103942871
0.13334131240844727
0.12011098861694336
0.08468174934387207
0.06442952156066895
0.050142526626586914
0.04504871368408203
0.11101579666137695
0.19806814193725586
0.18146085739135742
0.17287993431091309
0.15867066383361816
0.17421436309814453
0.1600339412689209
0.14757180213928223
0.13147640228271484
0.11652612686157227
0.10227108001708984
0.08780717849731445
0.07243895530700684
0.2250654697418213
0.21081137657165527
0.181929349899292
0.1679236888885498
0.1539926528930664
0.13934016227722168
0.12427902221679688
0.11010146141052246
0.09553980827331543
0.1593482494354248
0.15176010131835938
0.13748645782470703
0.11960363388061523
0.10553765296936035
0.08488655090332031
0.08666372299194336
0.0724036693572998
0.057091474533081055
0.04259324073791504
0.10768866539001465
0.180558443069458
0.1664416790008545
0.15223431587219238
0.14211702346801758
0.12699294090270996
0.13351964950561523
0.11956286430358887
0.10526347160339355
0.09100031852722168
0.07648038864135742
0.22184348106384277
0.21874117851257324
0.1878809928894043
0.17366981506347656
0.15875887870788574
0.15372467041015625
0.14254307746887207
0.12862610816955566
0.11468100547790527
0.10078859329223633
0.1635298728942871
0.15475082397460938
0.140516996383667
0.13004016876220703
0.12277364730834961
0.08494353294372559
0.09281730651855469
0.0788264274597168
0.06483888626098633
0.04978060722351074
0.10011768341064453
0.07817387580871582
0.060555458068847656
0.03977036476135254
0.11015748977661133
0.08732008934020996
0.1712045669555664
0.1597909927368164
0.14820599555969238
0.13253188133239746
0.12136316299438477
0.10140299797058105
0.0911707878112793
0.07243752479553223
0.14266443252563477
0.1282956600189209
0.11635589599609375
0.12426543235778809
0.10179328918457031
0.08726358413696289
0.07139873504638672
0.06004190444946289
0.0475916862487793
0.09937000274658203
0.07407450675964355
0.06664276123046875
0.05133652687072754
0.05452680587768555
0.03987598419189453
0.10259103775024414
0.08666610717773438
0.07239151000976562
0.06534123420715332
0.05109000205993652
0.03681468963623047
0.11029624938964844
0.11071014404296875
0.0985107421875
0.08432745933532715
0.0697472095489502
0.0546114444732666
0.039714813232421875
0.10539722442626953
0.08177638053894043
0.0845022201538086
0.06948375701904297
0.055253028869628906
0.039826154708862305
0.11618208885192871
0.0987396240234375
0.0847017765045166
0.07036733627319336
0.058940887451171875
0.04420185089111328
0.029985904693603516
0.0911407470703125
0.07669353485107422
0.073333740234375
0.05888032913208008
0.04443860054016113
0.030409812927246094
0.09973311424255371
0.08536505699157715
0.07413673400878906
0.07192420959472656
0.05769705772399902
0.043146610260009766
0.028925180435180664
0.09701681137084961
0.08462119102478027
0.06923556327819824
0.05561971664428711
0.050069570541381836
0.035027503967285156
0.11017990112304688
0.1215357780456543
0.10906767845153809
0.0963435173034668
0.08289575576782227
0.06940627098083496
0.05428647994995117
0.039972782135009766
0.10169649124145508
0.07976961135864258
0.06529426574707031
0.059418439865112305
0.04517626762390137
0.03050684928894043
0.09200763702392578
0.07803106307983398
0.06380963325500488
0.04941558837890625
0.03522801399230957
0.022756576538085938
0.109710693359375
0.10350632667541504
0.08856487274169922
0.07398176193237305
0.05938577651977539
0.04347538948059082
0.10970258712768555
0.08149290084838867
0.06840300559997559
0.05874919891357422
0.044733524322509766
0.0417482852935791
0.1072838306427002
0.11479020118713379
0.09772157669067383
0.08286595344543457
0.06697368621826172
0.05190086364746094
0.03774547576904297
0.0968008041381836
0.08960318565368652
0.07154440879821777
0.056626319885253906
0.03879714012145996
0.11232161521911621
0.08954071998596191
0.0751955509185791
0.06083869934082031
0.053412437438964844
0.03898882865905762
0.024551868438720703
0.11232709884643555
0.09438657760620117
0.0800938606262207
0.06583428382873535
0.05186104774475098
0.03684592247009277
0.022622108459472656
0.10090231895446777
0.08443665504455566
0.06995129585266113
0.06223320960998535
0.047781944274902344
0.03306078910827637
0.11244416236877441
0.09293699264526367
0.08268976211547852
0.06809759140014648
0.05053424835205078
0.046143293380737305
0.03174448013305664
0.10327744483947754
0.0965280532836914
0.0820455551147461
0.06475639343261719
0.04594731330871582
0.03204202651977539
0.09270429611206055
0.08990097045898438
0.07543015480041504
0.060514211654663086
0.04673123359680176
0.03225088119506836
0.11180543899536133
0.08889245986938477
0.05904841423034668
0.0444486141204834
0.02673959732055664
0.11161136627197266
0.08823895454406738
0.08164453506469727
0.06368231773376465
0.04912137985229492
0.03452801704406738
0.1110846996307373
0.08566164970397949
0.07100319862365723
0.059824466705322266
0.055306434631347656
0.04065394401550293
0.026460886001586914
0.09671950340270996
0.09825444221496582
0.0807344913482666
0.06606078147888184
0.05172395706176758
0.037004709243774414
0.11657953262329102
0.09192180633544922
0.07447123527526855
0.0600738525390625
0.04203343391418457
0.027724027633666992
0.11159706115722656
0.0886678695678711
0.08069062232971191
0.06321144104003906
0.048871755599975586
0.03464245796203613
0.11014270782470703
0.10268163681030273
0.09113764762878418
0.07691264152526855
0.06229591369628906
0.04747915267944336
0.044938087463378906
0.10804605484008789
0.08152961730957031
0.06843686103820801
0.05977058410644531
0.040001869201660156
0.037274837493896484
0.10518336296081543
0.09633421897888184
0.08290648460388184
0.06836557388305664
0.047548770904541016
0.03303408622741699
0.10743165016174316
0.10398626327514648
0.08894705772399902
0.07460927963256836
0.06057333946228027
0.04609560966491699
0.032109737396240234
0.09488058090209961
0.08077120780944824
0.06924176216125488
0.05485057830810547
0.04050874710083008
0.037708282470703125
0.10587191581726074
0.08988070487976074
0.0765843391418457
0.06230783462524414
0.0474696159362793
0.03135967254638672
0.12139010429382324
0.09253358840942383
0.07731485366821289
0.06361246109008789
0.048505544662475586
0.033884525299072266
0.11565804481506348
0.1020195484161377
0.08509969711303711
0.07961368560791016
0.06221508979797363
0.048271894454956055
0.0369265079498291
0.10476493835449219
0.08135175704956055
0.07908511161804199
0.06078028678894043
0.04600858688354492
0.027177810668945312
0.09171056747436523
0.09001660346984863
0.07599878311157227
0.0618593692779541
0.04794955253601074
0.03354358673095703
0.02693462371826172
0.09412169456481934
0.08173704147338867
0.0717158317565918
0.048979997634887695
0.045384883880615234
0.11109662055969238
0.09588336944580078
0.08190727233886719
0.057315826416015625
0.04214978218078613
0.03175973892211914
0.10402035713195801
0.0849909782409668
0.08434414863586426
0.06947922706604004
0.05528974533081055
0.03997349739074707
0.10983467102050781
0.09697914123535156
0.08301568031311035
0.06888318061828613
0.05967283248901367
0.0514683723449707
0.03687143325805664
0.13010120391845703
0.1166379451751709
0.09861207008361816
0.08462095260620117
0.07034754753112793
0.05553245544433594
0.04104304313659668
0.10858893394470215
0.10559749603271484
0.08710098266601562
0.07370829582214355
0.0595855712890625
0.045374155044555664
0.030910253524780273
0.10588669776916504
0.10260391235351562
0.08859705924987793
0.07429862022399902
0.05992269515991211
0.0452878475189209
0.1132049560546875
0.08468866348266602
0.07091426849365234
0.05677461624145508
0.04195141792297363
0.03570199012756348
0.12168216705322266
0.09584283828735352
0.08158731460571289
0.06746077537536621
0.06254220008850098
0.049074411392211914
0.0346527099609375
0.11056089401245117
0.0971684455871582
0.08276581764221191
0.06911492347717285
0.05521988868713379
0.041481971740722656
0.10713315010070801
0.09220504760742188
0.0842888355255127
0.07020020484924316
0.05177783966064453
0.03734230995178223
0.023787498474121094
0.10106587409973145
0.08313417434692383
0.06483268737792969
0.04757380485534668
0.038430213928222656
0.03290534019470215
0.11274552345275879
0.09471416473388672
0.0771946907043457
0.058760881423950195
0.045012712478637695
0.03077983856201172
0.11773324012756348
0.10081028938293457
0.08661365509033203
0.07220792770385742
0.05822157859802246
0.044420480728149414
0.03034520149230957
0.100738525390625
0.0607302188873291
0.052274227142333984
0.032886505126953125
0.1091310977935791
0.10420989990234375
0.09000301361083984
0.07567286491394043
0.06741499900817871
0.0533299446105957
0.03951001167297363
0.10614871978759766
0.08281397819519043
0.06847476959228516
0.0698857307434082
0.0677022933959961
0.0545041561126709
0.11348247528076172
0.11402606964111328
0.1000826358795166
0.0859687328338623
0.07112884521484375
0.060059547424316406
0.04566788673400879
0.11827635765075684
0.09675812721252441
0.08175897598266602
0.06782889366149902
0.05385851860046387
0.0402684211730957
0.02597665786743164
0.10093522071838379
0.08448386192321777
0.07019424438476562
0.06570887565612793
0.054100990295410156
0.03203988075256348
0.10656499862670898
0.09488034248352051
0.08046460151672363
0.06576871871948242
0.047898292541503906
0.03309440612792969
0.11111092567443848
0.08649253845214844
0.07744503021240234
0.06248021125793457
0.06126093864440918
0.0469052791595459
0.03455495834350586
0.1013941764831543
0.08186650276184082
0.06789994239807129
0.05501127243041992
0.054764509201049805
0.03986620903015137
0.1072075366973877
0.0916287899017334
0.07763528823852539
0.06445884704589844
0.044934988021850586
0.03196144104003906
0.01907491683959961
0.09615731239318848
0.0849003791809082
0.08115315437316895
0.06660628318786621
0.05161023139953613
0.03635835647583008
0.1092073917388916
0.09504127502441406
0.08527755737304688
0.08041810989379883
0.05168032646179199
0.03692817687988281
0.11178731918334961
0.08708691596984863
0.07284688949584961
0.05920839309692383
0.045934438705444336
0.041991233825683594
0.11560463905334473
0.09052753448486328
0.07539153099060059
0.0679783821105957
0.05341529846191406
0.03867459297180176
0.0250091552734375
0.10630536079406738
0.08696532249450684
0.07266950607299805
0.05879545211791992
0.04459381103515625
0.04160809516906738
0.11563444137573242
0.09658980369567871
0.08242988586425781
0.06903219223022461
0.05968070030212402
0.045496225357055664
0.03861117362976074
0.11004042625427246
0.09885478019714355
0.10196256637573242
0.08742523193359375
0.0727086067199707
0.055487632751464844
0.04190373420715332
0.11218547821044922
0.08348608016967773
0.06645560264587402
0.0534062385559082
0.04783058166503906
0.035626888275146484
0.09962701797485352
0.08282637596130371
0.06485652923583984
0.05656552314758301
0.05532336235046387
0.04108619689941406
0.12200593948364258
0.09809112548828125
0.08309531211853027
0.06815719604492188
0.052977800369262695
0.04537606239318848
0.11474490165710449
0.08664822578430176
0.07246255874633789
0.06132769584655762
0.047209978103637695
0.02928018569946289
0.09763526916503906
0.08323407173156738
0.07784318923950195
0.06359505653381348
0.0490422248840332
0.03507661819458008
0.0327761173248291
0.09100484848022461
0.08046507835388184
0.06949687004089355
0.05512809753417969
0.04019665718078613
0.03171801567077637
0.1061248779296875
0.08627080917358398
0.07177543640136719
0.05744028091430664
0.04462885856628418
0.031960248947143555
0.1091775894165039
0.1136469841003418
0.10006189346313477
0.08563685417175293
0.0706322193145752
0.05573749542236328
0.04169774055480957
0.12366247177124023
0.09822463989257812
0.08373093605041504
0.06904387474060059
0.05556297302246094
0.04137563705444336
0.10997200012207031
0.09657716751098633
0.08243966102600098
0.0684354305267334
0.02721381187438965
0.10443520545959473
0.08777832984924316
0.08028697967529297
0.06589746475219727
0.051497459411621094
0.03755378723144531
0.03163552284240723
0.10161805152893066
0.09474682807922363
0.08028221130371094
0.06504273414611816
0.050681114196777344
0.039306640625
0.1194448471069336
0.10537242889404297
0.09130692481994629
0.07692384719848633
0.06224560737609863
0.04756283760070801
0.0323793888092041
0.11310148239135742
0.08705258369445801
0.07239699363708496
0.057134389877319336
0.04305124282836914
0.03621625900268555
0.10833263397216797
0.09523630142211914
0.08716773986816406
0.07323050498962402
0.1011815071105957
0.08624649047851562
0.07117938995361328
0.11036205291748047
0.07582306861877441
0.05820965766906738
0.07243013381958008
0.05532383918762207
0.09372401237487793
0.0833139419555664
0.07220077514648438
0.058168649673461914
0.04033684730529785
0.028838634490966797
0.09932160377502441
0.08055496215820312
0.07416868209838867
0.05933189392089844
0.04537558555603027
0.030544281005859375
0.09278750419616699
0.08181285858154297
0.06686878204345703
0.06121683120727539
0.05192971229553223
0.04298710823059082
0.10539984703063965
0.0831446647644043
0.07416415214538574
0.06023144721984863
0.0476226806640625
0.03368234634399414
0.1131901741027832
0.09493708610534668
0.08095216751098633
0.08260130882263184
0.07053256034851074
0.06082320213317871
0.04696321487426758
0.10810589790344238
0.09248518943786621
0.0796971321105957
0.06493639945983887
0.05002331733703613
0.044122934341430664
0.12615036964416504
0.10626745223999023
0.09232378005981445
0.07833075523376465
0.06385040283203125
0.04980587959289551
0.040399789810180664
0.09710407257080078
0.0789182186126709
0.06697225570678711
0.05772113800048828
0.06143951416015625
0.04691505432128906
0.10465788841247559
0.09044003486633301
0.07549524307250977
0.060415029525756836
0.045557498931884766
0.03488731384277344
0.02254486083984375
0.09525370597839355
0.07830643653869629
0.07027840614318848
0.055349111557006836
0.04123187065124512
0.02634119987487793
0.10016632080078125
0.10593867301940918
0.09138321876525879
0.0769805908203125
0.06277585029602051
0.04821658134460449
0.03345680236816406
0.10315918922424316
0.08652496337890625
0.08002281188964844
0.0655055046081543
0.05092453956604004
0.036504507064819336
0.12389421463012695
0.09013938903808594
0.07518649101257324
0.061151742935180664
0.047303199768066406
0.030171632766723633
0.10427284240722656
0.08382463455200195
0.0709681510925293
0.060927391052246094
0.04782295227050781
0.03369617462158203
0.025052309036254883
0.08945822715759277
0.07718491554260254
0.07782959938049316
0.06325531005859375
0.05041623115539551
0.03676176071166992
0.10776138305664062
0.08624815940856934
0.07203841209411621
0.057383060455322266
0.04497051239013672
0.0406646728515625
0.10726022720336914
0.09284234046936035
0.0908975601196289
0.07647490501403809
0.0629110336303711
0.048729896545410156
0.034175872802734375
0.10918617248535156
0.08377575874328613
0.06603765487670898
0.05223584175109863
0.037256479263305664
0.10910391807556152
0.09677910804748535
0.09115862846374512
0.07679963111877441
0.06031918525695801
0.045614004135131836
0.035193443298339844
0.11055707931518555
0.09665226936340332
0.08423805236816406
0.07105588912963867
0.06726932525634766
0.053064823150634766
0.03863930702209473
0.11037397384643555
0.09614372253417969
0.08863687515258789
0.08340644836425781
0.06596565246582031
0.051967620849609375
0.03689122200012207
0.10561656951904297
0.08174467086791992
0.06828808784484863
0.059421539306640625
0.044649362564086914
0.030403852462768555
0.10842084884643555
0.09758472442626953
0.08347606658935547
0.0654447078704834
0.05466961860656738
0.04025530815124512
0.10808658599853516
0.09357905387878418
0.0861501693725586
0.07190918922424316
0.057741403579711914
0.03692817687988281
0.022467851638793945
0.09157896041870117
0.08751678466796875
0.0808720588684082
0.06688809394836426
0.05265951156616211
0.03815054893493652
0.10797524452209473
0.08328080177307129
0.0742042064666748
0.06286978721618652
0.04889941215515137
0.0345606803894043
0.024451255798339844
0.08901572227478027
0.07732844352722168
0.07811164855957031
0.0635828971862793
0.05015444755554199
0.035848379135131836
0.10644888877868652
0.08595848083496094
0.08255314826965332
0.06838870048522949
0.05407834053039551
0.036081552505493164
0.11345577239990234
0.0985269546508789
0.08056759834289551
0.06348323822021484
0.047444820404052734
0.03122687339782715
0.019104719161987305
0.08948254585266113
0.0806732177734375
0.08060026168823242
0.06575417518615723
0.05152273178100586
0.034909725189208984
0.09275555610656738
0.08188319206237793
0.06768321990966797
0.053809404373168945
0.04089164733886719
0.03565621376037598
0.11049532890319824
0.08562731742858887
0.06812691688537598
0.055925846099853516
0.05797243118286133
0.040256500244140625
0.09174489974975586
0.08030509948730469
0.07242226600646973
0.05849957466125488
0.04893136024475098
0.043962717056274414
0.03537797927856445
0.09630656242370605
0.08583450317382812
0.0706489086151123
0.05634737014770508
0.05217409133911133
0.03209948539733887
0.09598994255065918
0.10466599464416504
0.09304237365722656
0.07851314544677734
0.06398272514343262
0.04997372627258301
0.11147379875183105
0.08681726455688477
0.07278132438659668
0.05991506576538086
0.04775285720825195
0.0455327033996582
0.032387495040893555
0.09122180938720703
0.08067846298217773
0.06642365455627441
0.05300784111022949
0.04062628746032715
0.03199195861816406
0.1046900749206543
0.09356546401977539
0.08405542373657227
0.06959891319274902
0.05747199058532715
0.042687416076660156
0.0980234146118164
0.08286190032958984
0.07299423217773438
0.0680532455444336
0.05315089225769043
0.041829824447631836
0.10773086547851562
0.08727860450744629
0.07328391075134277
0.05910062789916992
0.04507088661193848
0.03583407402038574
0.11364984512329102
0.09907317161560059
0.08512330055236816
0.07861614227294922
0.06433367729187012
0.05031991004943848
0.03538680076599121
0.030626773834228516
0.08838462829589844
0.07448554039001465
0.06570672988891602
0.0546417236328125
0.04047822952270508
0.026454448699951172
0.09938836097717285
0.08530974388122559
0.07085514068603516
0.05638718605041504
0.04543614387512207
0.03781938552856445
0.11191797256469727
0.08709263801574707
0.07301592826843262
0.06335687637329102
0.05271100997924805
0.03825998306274414
0.024609088897705078
0.10432291030883789
0.08440351486206055
0.07332015037536621
0.05884838104248047
0.050879716873168945
0.0374598503112793
0.02299952507019043
0.10113930702209473
0.08417034149169922
0.06996369361877441
0.056310415267944336
0.048627614974975586
0.03589057922363281
0.10849213600158691
0.08331155776977539
0.07419967651367188
0.06025838851928711
0.05290341377258301
0.02442002296447754
0.10189342498779297
0.08384943008422852
0.08652353286743164
0.07512354850769043
0.06017303466796875
0.04639577865600586
0.10204458236694336
0.08478665351867676
0.06985759735107422
0.05592799186706543
0.04176807403564453
0.03527712821960449
0.10618901252746582
0.08378911018371582
0.07265615463256836
0.060100555419921875
0.060616493225097656
0.03878188133239746
0.10683917999267578
0.0854341983795166
0.08438825607299805
0.07010936737060547
0.0552058219909668
0.040433406829833984
0.02566051483154297
0.09431886672973633
0.08100485801696777
0.08376097679138184
0.06905388832092285
0.05422472953796387
0.039777517318725586
0.1106877326965332
0.09752511978149414
0.08584165573120117
0.0773777961730957
0.06698107719421387
0.055512189865112305
0.04084014892578125
0.026876211166381836
0.0988156795501709
0.08499526977539062
0.07100129127502441
0.06052207946777344
0.05385637283325195
0.0408172607421875
0.10930609703063965
0.0904695987701416
0.07759261131286621
0.07161402702331543
0.05712747573852539
0.0396728515625
0.026577472686767578
0.09198546409606934
0.085357666015625
0.07201147079467773
0.05783414840698242
0.04363870620727539
0.038120269775390625
0.10508131980895996
0.0841517448425293
0.06989765167236328
0.07120418548583984
0.057723045349121094
0.04323744773864746
0.029062747955322266
0.09522533416748047
0.0836489200592041
0.06908726692199707
0.061344146728515625
0.04711341857910156
0.1145634651184082
0.1048896312713623
0.08997082710266113
0.07513928413391113
0.06026172637939453
0.04571127891540527
0.031563520431518555
0.08928966522216797
0.0836496353149414
0.06851530075073242
0.05420279502868652
0.04025888442993164
0.035890817642211914
0.10290217399597168
0.10044074058532715
0.08290219306945801
0.06826376914978027
0.05306077003479004
0.03873705863952637
0.09298181533813477
0.09573888778686523
0.08144307136535645
0.06699132919311523
0.05907177925109863
0.044647932052612305
0.10820388793945312
0.09139299392700195
0.08343625068664551
0.07293152809143066
0.05787348747253418
0.043996334075927734
0.030054330825805664
0.11462926864624023
0.10004448890686035
0.08557987213134766
0.07151007652282715
0.0596468448638916
0.046828508377075195
0.10686445236206055
0.08919405937194824
0.06731510162353516
0.05207705497741699
0.03878378868103027
0.11487412452697754
0.09817957878112793
0.08365488052368164
0.08819961547851562
0.0806727409362793
0.06602072715759277
0.05244946479797363
0.03863859176635742
0.0876302719116211
0.07906937599182129
0.06458568572998047
0.05042409896850586
0.042649030685424805
0.02888011932373047
0.09288716316223145
0.07418704032897949
0.06819558143615723
0.055409908294677734
0.04041743278503418
0.11313319206237793
0.0921480655670166
0.08681941032409668
0.06959342956542969
0.06552672386169434
0.05259561538696289
0.03604888916015625
0.10539746284484863
0.08544087409973145
0.07470226287841797
0.05965471267700195
0.04751181602478027
0.03620409965515137
0.023409128189086914
0.10487008094787598
0.08752059936523438
0.0732884407043457
0.05909013748168945
0.04414176940917969
0.03766775131225586
0.11057090759277344
0.09641909599304199
0.08382344245910645
0.08131051063537598
0.06740546226501465
0.05470633506774902
0.03983330726623535
0.028484821319580078
0.1001577377319336
0.0878899097442627
0.07394075393676758
0.06058192253112793
0.04663228988647461
0.02918863296508789
0.10686922073364258
0.08642792701721191
0.07646536827087402
0.07118964195251465
0.05724501609802246
0.043308258056640625
0.029359817504882812
0.10038161277770996
0.0824275016784668
0.07484722137451172
0.05961036682128906
0.045622825622558594
0.031463623046875
0.018346548080444336
0.09379029273986816
0.08128476142883301
0.06639862060546875
0.05077791213989258
0.04091024398803711
0.026601076126098633
0.11941671371459961
0.10127639770507812
0.08638978004455566
0.06882834434509277
0.05462646484375
0.040186405181884766
0.09678363800048828
0.08275794982910156
0.06878280639648438
0.056115150451660156
0.04114031791687012
0.039163827896118164
0.10354232788085938
0.09302353858947754
0.08464622497558594
0.07199978828430176
0.057979583740234375
0.04387164115905762
0.10808467864990234
0.10040926933288574
0.08630561828613281
0.07195854187011719
0.057843685150146484
0.04680824279785156
0.11057734489440918
0.10000371932983398
0.08506417274475098
0.0701301097869873
0.07293391227722168
0.05354714393615723
0.03992772102355957
0.10973310470581055
0.08484172821044922
0.08339953422546387
0.06925535202026367
0.05457425117492676
0.04021596908569336
0.11025738716125488
0.08349752426147461
0.07023906707763672
0.059777021408081055
0.049371957778930664
0.03705000877380371
0.10992622375488281
0.09576988220214844
0.08178377151489258
0.06831717491149902
0.06823301315307617
0.053637027740478516
0.04031658172607422
0.10668206214904785
0.08402013778686523
0.06976675987243652
0.06904482841491699
0.05521249771118164
0.04162001609802246
0.10098886489868164
0.08346080780029297
0.07076811790466309
0.07087039947509766
0.053125619888305664
0.03884387016296387
0.10695910453796387
0.09399700164794922
0.08007264137268066
0.06630086898803711
0.05467033386230469
0.042810916900634766
0.035669565200805664
0.10746145248413086
0.08571076393127441
0.0709226131439209
0.06135416030883789
0.04712271690368652
0.04394817352294922
0.112274169921875
0.10931849479675293
0.09132552146911621
0.07630443572998047
0.06195807456970215
0.04745888710021973
0.03395581245422363
0.1141819953918457
0.08337616920471191
0.06910967826843262
0.05930280685424805
0.05003213882446289
0.12628602981567383
0.09609413146972656
0.09573817253112793
0.09077858924865723
0.07660174369812012
0.06175565719604492
0.044474124908447266
0.1096029281616211
0.10374259948730469
0.08893585205078125
0.07769060134887695
0.0631871223449707
0.04882240295410156
0.0333859920501709
0.08877110481262207
0.0795133113861084
0.05696916580200195
0.0578157901763916
0.04407143592834473
0.030319929122924805
0.09350872039794922
0.08336663246154785
0.06924939155578613
0.05979132652282715
0.045475006103515625
0.031120777130126953
0.10757994651794434
0.10634088516235352
0.09239721298217773
0.08117222785949707
0.074798583984375
0.06579780578613281
0.05339384078979492
0.03931069374084473
0.09618926048278809
0.08328557014465332
0.0693049430847168
0.06804013252258301
0.05312395095825195
0.03802752494812012
0.1057276725769043
0.10010433197021484
0.08513283729553223
0.07121992111206055
0.05736112594604492
0.03942370414733887
0.10278034210205078
0.0861656665802002
0.06817269325256348
0.05436372756958008
0.04822826385498047
0.03278636932373047
0.10021042823791504
0.08641719818115234
0.0728764533996582
0.053601980209350586
0.06293654441833496
0.04913496971130371
0.10855627059936523
0.08624434471130371
0.07226800918579102
0.07626199722290039
0.06230616569519043
0.04836845397949219
0.03390192985534668
0.10759186744689941
0.0919961929321289
0.07736563682556152
0.06290769577026367
0.049130916595458984
0.03478074073791504
0.11187982559204102
0.08899521827697754
0.08184432983398438
0.06656169891357422
0.052329301834106445
0.042592763900756836
0.028369665145874023
0.10670781135559082
0.0974893569946289
0.08858036994934082
0.07521796226501465
0.06091880798339844
0.04649829864501953
0.031439781188964844
0.10050487518310547
0.08456921577453613
0.0706174373626709
0.05863237380981445
0.050385475158691406
0.028516054153442383
0.08810663223266602
0.08592629432678223
0.07099580764770508
0.057054758071899414
0.03977799415588379
0.025408267974853516
0.09924888610839844
0.08279871940612793
0.07036852836608887
0.0649566650390625
0.05701470375061035
0.04276251792907715
0.028481006622314453
0.09412193298339844
0.08005452156066895
0.06577873229980469
0.04715466499328613
0.029351472854614258
0.1105656623840332
0.10058712959289551
0.09381937980651855
0.07641458511352539
0.06213855743408203
0.047922611236572266
0.03416633605957031
0.029367685317993164
0.08685803413391113
0.07532167434692383
0.06372952461242676
0.06104469299316406
0.04707789421081543
0.03263258934020996
0.11548304557800293
0.09724068641662598
0.08202028274536133
0.0680243968963623
0.05792403221130371
0.043793678283691406
0.10356879234313965
0.09654450416564941
0.08241629600524902
0.06792044639587402
0.05397486686706543
0.11400437355041504
0.10026860237121582
0.08982324600219727
0.07384824752807617
0.06333780288696289
0.043181419372558594
0.029787063598632812
0.10467910766601562
0.08919382095336914
0.07413721084594727
0.059897661209106445
0.04498004913330078
0.03056645393371582
0.10692262649536133
0.08240413665771484
0.06920862197875977
0.059874534606933594
0.04564857482910156
0.03133082389831543
0.023939132690429688
0.11400246620178223
0.10550117492675781
0.09043455123901367
0.07646059989929199
0.0614621639251709
0.04751849174499512
0.10633683204650879
0.09548020362854004
0.08196616172790527
0.06693720817565918
0.05202841758728027
0.03702282905578613
0.10482168197631836
0.09647130966186523
0.07564926147460938
0.06158947944641113
0.04762434959411621
0.03341341018676758
0.11358880996704102
0.09177565574645996
0.07787513732910156
0.06362271308898926
0.04940533638000488
0.03446030616760254
0.022851943969726562
0.09063720703125
0.07950067520141602
0.0644369125366211
0.053836822509765625
0.03982114791870117
0.03546881675720215
0.09953975677490234
0.08500337600708008
0.07047533988952637
0.055459022521972656
0.04078960418701172
0.028259754180908203
0.10716962814331055
0.09989309310913086
0.08480095863342285
0.07044482231140137
0.05635356903076172
0.05078291893005371
0.036551713943481445
0.0969855785369873
0.0791158676147461
0.06635618209838867
0.05384469032287598
0.0499720573425293
0.041289567947387695
0.10862565040588379
0.08598017692565918
0.07740998268127441
0.06303071975708008
0.04869651794433594
0.03390169143676758
0.019995450973510742
0.09048771858215332
0.08811569213867188
0.06969165802001953
0.05601978302001953
0.041741371154785156
0.02684926986694336
0.10646510124206543
0.0885624885559082
0.08516335487365723
0.06336355209350586
0.04892253875732422
0.03451204299926758
0.10566449165344238
0.08336877822875977
0.08476901054382324
0.06976604461669922
0.05502009391784668
0.03981590270996094
0.025603532791137695
0.09638571739196777
0.0899507999420166
0.07555913925170898
0.06111550331115723
0.0467832088470459
0.04006838798522949
0.1125173568725586
0.08469128608703613
0.07732915878295898
0.06297802925109863
0.04865074157714844
0.03420591354370117
0.022283315658569336
0.0943748950958252
0.07990336418151855
0.06563448905944824
0.055365562438964844
0.048136234283447266
0.03547978401184082
0.10899949073791504
0.09649920463562012
0.08194112777709961
0.06723308563232422
0.05282163619995117
0.03925061225891113
0.10587048530578613
0.08349323272705078
0.07152915000915527
0.06186175346374512
0.05423283576965332
0.03960728645324707
0.02548980712890625
0.09794282913208008
0.08511137962341309
0.07308077812194824
0.05884742736816406
0.0463714599609375
0.032660484313964844
0.10773897171020508
0.08227896690368652
0.0708622932434082
0.0661625862121582
0.051535606384277344
0.03358936309814453
0.11315512657165527
0.09908318519592285
0.08501958847045898
0.07524871826171875
0.06067180633544922
0.04662442207336426
0.03182578086853027
0.10834336280822754
0.08468270301818848
0.07047510147094727
0.0610194206237793
0.04591846466064453
0.04249215126037598
0.1068110466003418
0.08146238327026367
0.06898808479309082
0.06279158592224121
0.04190707206726074
0.02774333953857422
0.09306955337524414
0.09207677841186523
0.07774209976196289
0.0627443790435791
0.048235416412353516
0.033828020095825195
0.115020751953125
0.08889365196228027
0.07444930076599121
0.059670448303222656
0.04549741744995117
0.03652548789978027
0.020563125610351562
0.09844708442687988
0.08706545829772949
0.073394775390625
0.0585629940032959
0.04400777816772461
0.029799461364746094
0.10538697242736816
0.08201980590820312
0.0693502426147461
0.06437468528747559
0.05018925666809082
0.03545665740966797
0.10723066329956055
0.09407711029052734
0.07998967170715332
0.06555318832397461
0.051119327545166016
0.035956621170043945
0.10932040214538574
0.08159518241882324
0.06864047050476074
0.0738058090209961
0.05962419509887695
0.04536271095275879
0.10622358322143555
0.08479928970336914
0.06947541236877441
0.055823326110839844
0.05027627944946289
0.03644108772277832
0.022156715393066406
0.11581206321716309
0.10294795036315918
0.08884501457214355
0.07514238357543945
0.06096959114074707
0.04673051834106445
0.03251290321350098
0.0908365249633789
0.07398009300231934
0.07069945335388184
0.0560152530670166
0.0413970947265625
0.026423215866088867
0.09404802322387695
0.09852719306945801
0.08097267150878906
0.06606864929199219
0.05176901817321777
0.03444194793701172
0.09114360809326172
0.07948613166809082
0.06343245506286621
0.04921603202819824
0.03517341613769531
0.11491823196411133
0.09683656692504883
0.08284687995910645
0.06896162033081055
0.05381631851196289
0.0355532169342041
0.11040019989013672
0.09617853164672852
0.08558368682861328
0.07394814491271973
0.06008124351501465
0.04587984085083008
0.03641104698181152
0.11097598075866699
0.10692381858825684
0.0905752182006836
0.07608819007873535
0.061609506607055664
0.046616315841674805
0.04533839225769043
0.1074516773223877
0.0889887809753418
0.08002257347106934
0.07134056091308594
0.056830644607543945
0.1233062744140625
0.10144448280334473
0.08726310729980469
0.0729990005493164
0.05840778350830078
0.04390239715576172
0.026312589645385742
0.09133744239807129
0.07762932777404785
0.07586503028869629
0.06150317192077637
0.046881914138793945
0.03301095962524414
0.10765552520751953
0.08602213859558105
0.07951951026916504
0.06450748443603516
0.05050492286682129
0.03594017028808594
0.11218380928039551
0.10769081115722656
0.09310221672058105
0.07888507843017578
0.06465458869934082
0.044095516204833984
0.029578685760498047
0.10122036933898926
0.08955955505371094
0.07549500465393066
0.06058692932128906
0.05527043342590332
0.04132080078125
0.02736830711364746
0.0972745418548584
0.08333635330200195
0.06932473182678223
0.06913161277770996
0.05472517013549805
0.04765605926513672
0.10843396186828613
0.0860440731048584
0.07573342323303223
0.061666011810302734
0.047165632247924805
0.03317856788635254
0.10841131210327148
0.1001429557800293
0.08621406555175781
0.07256007194519043
0.06372618675231934
0.04929065704345703
0.03586077690124512
0.0329742431640625
0.0971522331237793
0.0858006477355957
0.07177352905273438
0.06874322891235352
0.05450010299682617
0.04031538963317871
0.10667014122009277
0.08321762084960938
0.07725000381469727
0.06304144859313965
0.04821634292602539
0.03399252891540527
0.11261868476867676
0.10533785820007324
0.09103560447692871
0.08071327209472656
0.06287479400634766
0.0530390739440918
0.05827784538269043
0.10387706756591797
0.07716965675354004
0.07019233703613281
0.05614972114562988
0.051845550537109375
0.03793668746948242
0.11905384063720703
0.0992276668548584
0.08440089225769043
0.0752255916595459
0.05722641944885254
0.04185914993286133
0.09663033485412598
0.08025670051574707
0.06511449813842773
0.05081892013549805
0.05469942092895508
0.03981471061706543
0.10314559936523438
0.08325457572937012
0.08629846572875977
0.07189702987670898
0.05746746063232422
0.043209075927734375
0.1380929946899414
0.12424969673156738
0.10730290412902832
0.09305477142333984
0.0772407054901123
0.06288576126098633
0.04873800277709961
0.11429858207702637
0.0882577896118164
0.0741877555847168
0.05983853340148926
0.04475736618041992
0.03188300132751465
0.11878824234008789
0.08992981910705566
0.07570815086364746
0.0572512149810791
0.04272580146789551
0.028511762619018555
0.09319281578063965
0.07878327369689941
0.07921004295349121
0.06449294090270996
0.04636216163635254
0.03215527534484863
0.11754345893859863
0.09762024879455566
0.07953572273254395
0.06118607521057129
0.0513918399810791
0.03683066368103027
0.11410331726074219
0.09218573570251465
0.07779502868652344
0.06306862831115723
0.0449984073638916
0.029734134674072266
0.11085176467895508
0.08493232727050781
0.0744328498840332
0.06314635276794434
0.04946756362915039
0.0310060977935791
0.10318899154663086
0.09709000587463379
0.08304738998413086
0.06866741180419922
0.05383157730102539
0.036290645599365234
0.10353374481201172
0.08842039108276367
0.07439661026000977
0.07350349426269531
0.04353189468383789
0.11099576950073242
0.09200549125671387
0.07794642448425293
0.08012604713439941
0.07103443145751953
0.05399060249328613
0.03917121887207031
0.10407519340515137
0.08362579345703125
0.06978964805603027
0.0561826229095459
0.0456538200378418
0.025795459747314453
0.11415266990661621
0.0998537540435791
0.08464765548706055
0.07035946846008301
0.056089162826538086
0.04145002365112305
0.10608482360839844
0.1035459041595459
0.0901174545288086
0.07650613784790039
0.06138277053833008
0.04725837707519531
0.032324790954589844
0.09776830673217773
0.09558629989624023
0.08230876922607422
0.06807446479797363
0.05390501022338867
0.03921985626220703
0.02493882179260254
0.09077024459838867
0.08052492141723633
0.07620835304260254
0.06195473670959473
0.046671390533447266
0.032385826110839844
0.10375308990478516
0.09024310111999512
0.07597064971923828
0.06173563003540039
0.04760003089904785
0.03765726089477539
0.028981685638427734
0.1105649471282959
0.09263372421264648
0.07838296890258789
0.0492854118347168
0.03479480743408203
0.11416506767272949
0.08579039573669434
0.07167625427246094
0.07845592498779297
0.06419658660888672
0.049308061599731445
0.03449273109436035
0.09486556053161621
0.10613560676574707
0.0907890796661377
0.07397007942199707
0.0585939884185791
0.04442429542541504
0.11221742630004883
0.09679841995239258
0.08089733123779297
0.06303691864013672
0.04937243461608887
0.034882307052612305
0.10696148872375488
0.08046555519104004
0.07229399681091309
0.0572659969329834
0.054412126541137695
0.038202762603759766
0.10753321647644043
0.08327555656433105
0.07494592666625977
0.061313629150390625
0.05780172348022461
0.04684257507324219
0.09636306762695312
0.08136916160583496
0.06724715232849121
0.05721855163574219
0.05785655975341797
0.04420733451843262
0.1082000732421875
0.08487319946289062
0.0757303237915039
0.06409430503845215
0.04922223091125488
0.04127168655395508
0.029231548309326172
0.08706188201904297
0.07849621772766113
0.0704948902130127
0.056884765625
0.04292750358581543
0.037035465240478516
0.11127924919128418
0.08538365364074707
0.07022356986999512
0.06463789939880371
0.05517101287841797
0.04374337196350098
0.10611319541931152
0.10418939590454102
0.086151123046875
0.07103371620178223
0.056687355041503906
0.03831934928894043
0.10847210884094238
0.08362650871276855
0.06566095352172852
0.053986549377441406
0.05789661407470703
0.044234275817871094
0.10753631591796875
0.08909225463867188
0.07423233985900879
0.060198068618774414
0.045525550842285156
0.03754425048828125
0.10518383979797363
0.08632898330688477
0.07206439971923828
0.05744600296020508
0.04026007652282715
0.02667403221130371
0.09791421890258789
0.09581804275512695
0.08082342147827148
0.06589937210083008
0.06094789505004883
0.0493624210357666
0.10917115211486816
0.07893490791320801
0.07242703437805176
0.0575413703918457
0.05392265319824219
0.04150509834289551
0.09035301208496094
0.08151030540466309
0.06700921058654785
0.05726313591003418
0.045865774154663086
0.03229260444641113
0.10568618774414062
0.08513092994689941
0.07113909721374512
0.05391216278076172
0.04486274719238281
0.034397125244140625
0.0911552906036377
0.09081292152404785
0.07678341865539551
0.06257295608520508
0.04875016212463379
0.034011125564575195
0.1050424575805664
0.08582019805908203
0.07448482513427734
0.06021380424499512
0.046225786209106445
0.029980182647705078
0.11073660850524902
0.09689855575561523
0.0819554328918457
0.07451295852661133
0.05956077575683594
0.045805931091308594
0.031781673431396484
0.0913693904876709
0.08934926986694336
0.07195568084716797
0.05721688270568848
0.02764749526977539
0.10140228271484375
0.09215497970581055
0.08122014999389648
0.06672787666320801
0.05228161811828613
0.031096935272216797
0.10822224617004395
0.08996295928955078
0.07497668266296387
0.06048417091369629
0.04561042785644531
0.032399654388427734
0.01968836784362793
0.0914609432220459
0.08088827133178711
0.07395195960998535
0.05950522422790527
0.04508662223815918
0.03284263610839844
0.10615158081054688
0.08682012557983398
0.07850432395935059
0.07276248931884766
0.05836081504821777
0.04407858848571777
0.10971713066101074
0.09655475616455078
0.08191657066345215
0.07160449028015137
0.057305335998535156
0.0524144172668457
0.03488302230834961
0.10024809837341309
0.08498859405517578
0.07401156425476074
0.05961728096008301
0.04468178749084473
0.03659319877624512
0.10950994491577148
0.08848953247070312
0.08358955383300781
0.06853222846984863
0.05419039726257324
0.039943695068359375
0.11903500556945801
0.10461163520812988
0.08767867088317871
0.07329702377319336
0.05931401252746582
0.05683708190917969
0.04179048538208008
0.1086874008178711
0.08630990982055664
0.07402467727661133
0.05852007865905762
0.04953646659851074
0.04260683059692383
0.029722929000854492
0.09664654731750488
0.0915675163269043
0.07741832733154297
0.05911588668823242
0.04482007026672363
0.030794858932495117
0.10416054725646973
0.08567953109741211
0.07168817520141602
0.06469202041625977
0.05384325981140137
0.03978848457336426
0.02516484260559082
0.09376668930053711
0.08641409873962402
0.07121419906616211
0.05338263511657715
0.04629349708557129
0.033747196197509766
0.10278010368347168
0.09419631958007812
0.08000636100769043
0.06643795967102051
0.05235481262207031
0.03821969032287598
0.026803255081176758
0.09966039657592773
0.0791633129119873
0.06514096260070801
0.0560755729675293
0.03813052177429199
0.032745361328125
0.09372830390930176
0.07985591888427734
0.0681450366973877
0.056455373764038086
0.04136848449707031
0.02624225616455078
0.09298920631408691
0.08246612548828125
0.062478065490722656
0.049132585525512695
0.044877052307128906
0.028017044067382812
0.09937930107116699
0.0853431224822998
0.0710151195526123
0.05601668357849121
0.03922009468078613
0.029017210006713867
0.1022343635559082
0.10169172286987305
0.08825969696044922
0.07387781143188477
0.05648040771484375
0.04187893867492676
0.11128568649291992
0.10046148300170898
0.0858154296875
0.08247804641723633
0.04476594924926758
0.030889511108398438
0.10403227806091309
0.08950185775756836
0.07549309730529785
0.058181047439575195
0.0444033145904541
0.03634953498840332
0.11002659797668457
0.10638761520385742
0.10029125213623047
0.08614850044250488
0.07224583625793457
0.044821739196777344
0.030050992965698242
0.09873604774475098
0.0843815803527832
0.07587432861328125
0.06197667121887207
0.04772591590881348
0.03782844543457031
0.11256861686706543
0.09240484237670898
0.07615518569946289
0.06197643280029297
0.04812479019165039
0.03919100761413574
0.10867643356323242
0.09740447998046875
0.10384750366210938
0.08955693244934082
0.07470226287841797
0.06073617935180664
0.04079151153564453
0.10407638549804688
0.0864865779876709
0.07589459419250488
0.061591386795043945
0.04707479476928711
0.03201651573181152
0.11223793029785156
0.08695840835571289
0.07258462905883789
0.08389115333557129
0.06884431838989258
0.05438041687011719
0.04035520553588867
0.09108662605285645
0.0797114372253418
0.0778803825378418
0.06327104568481445
0.04944181442260742
0.03435850143432617
0.09097170829772949
0.0744476318359375
0.06882905960083008
0.054496049880981445
0.04037141799926758
0.025677919387817383
0.10959506034851074
0.08863639831542969
0.07353639602661133
0.06667637825012207
0.05240511894226074
0.03789806365966797
0.0235593318939209
0.09697675704956055
0.08573246002197266
0.07879877090454102
0.06413555145263672
0.04954218864440918
0.03434014320373535
0.10676908493041992
0.08376812934875488
0.08582568168640137
0.07517075538635254
0.06174468994140625
0.04417681694030762
0.10349297523498535
0.08135080337524414
0.08464550971984863
0.0701143741607666
0.053008079528808594
0.03812575340270996
0.10622715950012207
0.08748102188110352
0.07693171501159668
0.06756830215454102
0.06593751907348633
0.05130505561828613
0.03610563278198242
0.09710240364074707
0.08389115333557129
0.06994485855102539
0.06209683418273926
0.06155705451965332
0.05022120475769043
0.11602783203125
0.0897517204284668
0.07100176811218262
0.05307173728942871
0.03559160232543945
0.021502017974853516
0.11185455322265625
0.09290671348571777
0.07782602310180664
0.06283879280090332
0.04879403114318848
0.034729719161987305
0.1103062629699707
0.10063505172729492
0.08348369598388672
0.06927680969238281
0.062351226806640625
0.04203009605407715
0.1075129508972168
0.08610868453979492
0.07764697074890137
0.06289243698120117
0.04870724678039551
0.03742337226867676
0.10687804222106934
0.09668111801147461
0.07822084426879883
0.06398200988769531
0.05001425743103027
0.03109455108642578
0.09059548377990723
0.089080810546875
0.07441234588623047
0.06008005142211914
0.045490264892578125
0.03501605987548828
0.11177349090576172
0.08919763565063477
0.07418513298034668
0.060157060623168945
0.04694962501525879
0.11641335487365723
0.09951257705688477
0.08458590507507324
0.07046627998352051
0.056160926818847656
0.05337214469909668
0.04104304313659668
0.1187739372253418
0.09485387802124023
0.08062744140625
0.07469391822814941
0.0611419677734375
0.043213844299316406
0.10890936851501465
0.0879507064819336
0.06860995292663574
0.05902886390686035
0.04419827461242676
0.02763533592224121
0.10445594787597656
0.08300447463989258
0.07446670532226562
0.06033778190612793
0.048750877380371094
0.04513120651245117
0.030656814575195312
0.10360121726989746
0.08314299583435059
0.06939315795898438
0.05750012397766113
0.07053971290588379
0.0561373233795166
0.042288780212402344
0.09626197814941406
0.0830831527709961
0.07138490676879883
0.06069350242614746
0.05282926559448242
0.03981447219848633
0.10771441459655762
0.08613371849060059
0.07707762718200684
0.062249183654785156
0.048648834228515625
0.043946027755737305
0.03515887260437012
0.09981751441955566
0.0970754623413086
0.08198046684265137
0.06780433654785156
0.05321836471557617
0.039281368255615234
0.10913848876953125
0.08440256118774414
0.04809403419494629
0.04791116714477539
0.03268265724182129
0.10015583038330078
0.08668088912963867
0.09570479393005371
0.07745885848999023
0.0625157356262207
0.047562360763549805
0.10715270042419434
0.08126378059387207
0.06716132164001465
0.05739331245422363
0.042272090911865234
0.027971267700195312
0.10713458061218262
0.10161614418029785
0.08797097206115723
0.07370185852050781
0.05236458778381348
0.038082122802734375
0.11215472221374512
0.0885159969329834
0.0739133358001709
0.05981707572937012
0.056391000747680664
0.04170107841491699
0.02641582489013672
0.09552907943725586
0.09832429885864258
0.08434629440307617
0.07037711143493652
0.05636262893676758
0.042404890060424805
0.027451753616333008
0.09756278991699219
0.0831148624420166
0.06894111633300781
0.06700515747070312
0.053177833557128906
0.03891706466674805
0.10904192924499512
0.09429454803466797
0.08657336235046387
0.0722959041595459
0.05785369873046875
0.040823936462402344
0.02724146842956543
0.09124183654785156
0.07421612739562988
0.06110882759094238
0.04856085777282715
0.03991389274597168
0.025756120681762695
0.10494709014892578
0.08670902252197266
0.07221484184265137
0.058831214904785156
0.058829307556152344
0.04482579231262207
0.02946758270263672
0.10495352745056152
0.08746099472045898
0.08566761016845703
0.07123684883117676
0.05779290199279785
0.0401301383972168
0.10929298400878906
0.08891153335571289
0.08945202827453613
0.07628178596496582
0.0617673397064209
0.044289350509643555
0.029765844345092773
0.1049947738647461
0.09057927131652832
0.07555484771728516
0.06182432174682617
0.04754829406738281
0.029695987701416016
0.10357475280761719
0.08730745315551758
0.08041262626647949
0.06097292900085449
0.04584813117980957
0.031499624252319336
0.10866570472717285
0.08704018592834473
0.07288265228271484
0.059499263763427734
0.05402517318725586
0.04908561706542969
0.03489232063293457
0.09103274345397949
0.079620361328125
0.06838774681091309
0.05393695831298828
0.03955698013305664
0.02571272850036621
0.10372662544250488
0.08643221855163574
0.07534480094909668
0.06110525131225586
0.046691179275512695
0.04066634178161621
0.11153054237365723
0.08681249618530273
0.08284735679626465
0.07423710823059082
0.060959815979003906
0.047751665115356445
0.033674001693725586
0.08985567092895508
0.09678125381469727
0.08264517784118652
0.06797599792480469
0.05352377891540527
0.03842616081237793
0.10970902442932129
0.09655308723449707
0.08172464370727539
0.06734037399291992
0.05289506912231445
0.03770899772644043
0.10830259323120117
0.0994424819946289
0.08921337127685547
0.09160089492797852
0.07769894599914551
0.06346869468688965
0.04959535598754883
0.03547835350036621
0.09548020362854004
0.07804155349731445
0.061392784118652344
0.05422663688659668
0.03979158401489258
0.040909767150878906
0.10597562789916992
0.08202719688415527
0.06810522079467773
0.05908632278442383
0.04318070411682129
0.03644108772277832
0.02246546745300293
0.09792828559875488
0.08113765716552734
0.08278799057006836
0.06790757179260254
0.05176496505737305
0.03693199157714844
0.10475540161132812
0.08848047256469727
0.07364511489868164
0.059069156646728516
0.0448918342590332
0.032030582427978516
0.025934457778930664
0.09441924095153809
0.0803232192993164
0.06609702110290527
0.05402946472167969
0.04561781883239746
0.0365450382232666
0.10529661178588867
0.08180570602416992
0.08130431175231934
0.0671851634979248
0.05213618278503418
0.03772544860839844
0.11093711853027344
0.10104918479919434
0.11808252334594727
0.1317131519317627
0.10228252410888672
0.0884103775024414
0.10914945602416992
0.08250713348388672
0.07718563079833984
0.06279850006103516
0.04719090461730957
0.032688140869140625
0.09671640396118164
0.08406901359558105
0.06991434097290039
0.0752565860748291
0.06093907356262207
0.04623007774353027
0.11024022102355957
0.096038818359375
0.08140969276428223
0.07416868209838867
0.06410670280456543
0.051270484924316406
0.03656888008117676
0.11064386367797852
0.0874025821685791
0.06931257247924805
0.04785466194152832
0.03302121162414551
0.01976799964904785
0.09913229942321777
0.08576011657714844
0.07163739204406738
0.06473922729492188
0.05056023597717285
0.03535962104797363
0.020334959030151367
0.09732985496520996
0.0831453800201416
0.06826996803283691
0.05407309532165527
0.0400691032409668
0.02664804458618164
0.10970139503479004
0.08655977249145508
0.07237005233764648
0.05876612663269043
0.04635906219482422
0.037412405014038086
0.02310037612915039
0.09795022010803223
0.08281707763671875
0.0745241641998291
0.06029844284057617
0.04557180404663086
0.03101801872253418
0.1080160140991211
0.085052490234375
0.0698404312133789
0.05357980728149414
0.04309415817260742
0.030686140060424805
0.10074830055236816
0.0955805778503418
0.08128046989440918
0.06727266311645508
0.05225634574890137
0.037889957427978516
0.023311853408813477
0.08946442604064941
0.08104944229125977
0.06649112701416016
0.05284452438354492
0.0400393009185791
0.036921024322509766
0.1048126220703125
0.09337687492370605
0.0783839225769043
0.06067609786987305
0.04248166084289551
0.02989673614501953
0.1083059310913086
0.09436726570129395
0.07559061050415039
0.06088137626647949
0.04639577865600586
0.03224015235900879
0.1094062328338623
0.09762859344482422
0.08021116256713867
0.07332611083984375
0.059618473052978516
0.04541730880737305
0.11421728134155273
0.09656000137329102
0.08591461181640625
0.07251548767089844
0.05470991134643555
0.03681826591491699
0.03478670120239258
0.10131216049194336
0.08172941207885742
0.08567023277282715
0.07193684577941895
0.054784536361694336
0.03703951835632324
0.10577988624572754
0.08557343482971191
0.07091927528381348
0.06779646873474121
0.053559303283691406
0.038332223892211914
0.02371978759765625
0.09453964233398438
0.09364604949951172
0.08126306533813477
0.05939841270446777
0.044725894927978516
0.030831575393676758
0.09815621376037598
0.08239507675170898
0.07385516166687012
0.059762001037597656
0.04011058807373047
0.027802228927612305
0.1060187816619873
0.08360791206359863
0.0776515007019043
0.06325984001159668
0.048795223236083984
0.03436112403869629
0.025007247924804688
0.09056425094604492
0.07720017433166504
0.06781578063964844
0.061010122299194336
0.04586005210876465
0.03172659873962402
0.10468149185180664
0.08675646781921387
0.07595658302307129
0.061604976654052734
0.042816162109375
0.0332028865814209
0.10817384719848633
0.08382320404052734
0.06934380531311035
0.056471824645996094
0.056729793548583984
0.0387883186340332
0.10872268676757812
0.08498311042785645
0.07369112968444824
0.054439544677734375
0.039519309997558594
0.02480340003967285
0.10575199127197266
0.09122967720031738
0.07613468170166016
0.06158852577209473
0.05317974090576172
0.03890228271484375
0.025237083435058594
0.0791311264038086
0.06721258163452148
0.055498600006103516
0.04293417930603027
0.0343172550201416
0.13585495948791504
0.12458324432373047
0.10987710952758789
0.09522390365600586
0.07420730590820312
0.059601783752441406
0.0455784797668457
0.11313176155090332
0.09059476852416992
0.07661700248718262
0.0618128776550293
0.047631263732910156
0.03336668014526367
0.11300969123840332
0.09331464767456055
0.07878708839416504
0.0764772891998291
0.06182122230529785
0.04712843894958496
0.03272414207458496
0.10508847236633301
0.09904074668884277
0.08437418937683105
0.07008123397827148
0.05574774742126465
0.04157447814941406
0.026829004287719727
0.08914375305175781
0.08414459228515625
0.06997394561767578
0.055557966232299805
0.04144287109375
0.027415037155151367
0.10442662239074707
0.08649492263793945
0.07165408134460449
0.06469964981079102
0.04973721504211426
0.039139509201049805
0.024831533432006836
0.09130668640136719
0.08044266700744629
0.08236336708068848
0.0680696964263916
0.05379509925842285
0.031456708908081055
0.11540675163269043
0.09839868545532227
0.0844888687133789
0.06973576545715332
0.0557863712310791
0.041040897369384766
0.02877020835876465
0.1025540828704834
0.08462858200073242
0.07027721405029297
0.06701922416687012
0.05489706993103027
0.026697635650634766
0.09465956687927246
0.09267163276672363
0.07844424247741699
0.06397747993469238
0.05009102821350098
0.035968780517578125
0.02150726318359375
0.09089779853820801
0.08314728736877441
0.06872987747192383
0.054795265197753906
0.03990006446838379
0.026107072830200195
0.10910463333129883
0.08611369132995605
0.08553910255432129
0.07047033309936523
0.056386709213256836
0.041402339935302734
0.12198185920715332
0.09759664535522461
0.08333444595336914
0.06954336166381836
0.03550124168395996
0.10815286636352539
0.08927035331726074
0.08037281036376953
0.06621241569519043
0.05194520950317383
0.03686356544494629
0.1078805923461914
0.08496904373168945
0.06974649429321289
0.05663633346557617
0.047400474548339844
0.03249335289001465
0.026569128036499023
0.09109926223754883
0.07735276222229004
0.06626391410827637
0.05176520347595215
0.03411579132080078
0.029936552047729492
0.09952902793884277
0.08527803421020508
0.07091856002807617
0.05683326721191406
0.04241681098937988
0.02982497215270996
0.11192631721496582
0.08842658996582031
0.07394695281982422
0.05900430679321289
0.04498910903930664
0.03631424903869629
0.10496878623962402
0.08653688430786133
0.07571578025817871
0.061243295669555664
0.04692220687866211
0.03343772888183594
0.02427816390991211
0.09147858619689941
0.07779693603515625
0.08122968673706055
0.06611013412475586
0.051612138748168945
0.03741645812988281
0.10959887504577637
0.08568692207336426
0.07073712348937988
0.05736279487609863
0.05835318565368652
0.043881893157958984
0.029276371002197266
0.09388184547424316
0.07987833023071289
0.06541109085083008
0.052335500717163086
0.04965543746948242
0.0285184383392334
0.11627745628356934
0.09939122200012207
0.08527636528015137
0.07010555267333984
0.0554201602935791
0.04057812690734863
0.026236772537231445
0.11338019371032715
0.09644556045532227
0.08222293853759766
0.06803154945373535
0.05335688591003418
0.03892040252685547
0.024670124053955078
0.09481668472290039
0.0807182788848877
0.06984758377075195
0.05570864677429199
0.041535139083862305
0.03627133369445801
0.11180949211120605
0.08645367622375488
0.07189822196960449
0.057915687561035156
0.05270075798034668
0.03816342353820801
0.11893391609191895
0.09827756881713867
0.08083963394165039
0.07818484306335449
0.05999183654785156
0.045546531677246094
0.031342506408691406
0.09105801582336426
0.09511160850524902
0.08110737800598145
0.06366848945617676
0.049216508865356445
0.034819602966308594
0.09326171875
0.0788583755493164
0.03605484962463379
0.02428889274597168
0.1141824722290039
0.09294509887695312
0.0747842788696289
0.05691194534301758
0.039200544357299805
0.025325536727905273
0.10097599029541016
0.09065532684326172
0.07645177841186523
0.06261301040649414
0.04800057411193848
0.04154157638549805
0.027012348175048828
0.10111784934997559
0.08625173568725586
0.07205533981323242
0.05730557441711426
0.042282819747924805
0.028192758560180664
0.10579490661621094
0.08711671829223633
0.0881493091583252
0.07592988014221191
0.06241869926452637
0.04794430732727051
0.11702728271484375
0.08434224128723145
0.07985949516296387
0.06798958778381348
0.05402803421020508
0.04008054733276367
0.11009335517883301
0.09647703170776367
0.09928369522094727
0.08486747741699219
0.07042169570922852
0.05619621276855469
0.038590431213378906
0.10909676551818848
0.09179162979125977
0.08090782165527344
0.07014870643615723
0.06238698959350586
0.047931671142578125
0.026493549346923828
0.09162354469299316
0.08134078979492188
0.07395792007446289
0.06589388847351074
0.0524592399597168
0.03902888298034668
0.10643720626831055
0.09323620796203613
0.09022402763366699
0.07520890235900879
0.0610201358795166
0.046563148498535156
0.03227686882019043
0.09780168533325195
0.08445358276367188
0.08012747764587402
0.06529855728149414
0.050946950912475586
0.0368039608001709
0.11354947090148926
0.09624791145324707
0.08259963989257812
0.06934022903442383
0.05661129951477051
0.05689072608947754
0.04410099983215332
0.11336207389831543
0.0947566032409668
0.08099222183227539
0.07121968269348145
0.05638742446899414
0.042783260345458984
0.027668237686157227
0.0909731388092041
0.07762956619262695
0.06865429878234863
0.05084490776062012
0.04107546806335449
0.027149438858032227
0.09273028373718262
0.09313583374023438
0.0810861587524414
0.06478285789489746
0.04713249206542969
0.03252458572387695
0.09897708892822266
0.08342981338500977
0.08116817474365234
0.06682300567626953
0.046308279037475586
0.03201556205749512
0.11219620704650879
0.09131360054016113
0.07416057586669922
0.06030678749084473
0.042682647705078125
0.03835582733154297
0.10977768898010254
0.0953066349029541
0.08478975296020508
0.0674600601196289
0.05224156379699707
0.035212039947509766
0.023065805435180664
0.10340428352355957
0.0834798812866211
0.06930327415466309
0.07087373733520508
0.05670499801635742
0.04292559623718262
0.02894306182861328
0.09503650665283203
0.08773541450500488
0.07598686218261719
0.05454206466674805
0.04014706611633301
0.025708436965942383
0.10581374168395996
0.08588504791259766
0.07174372673034668
0.05885744094848633
0.0466616153717041
0.04373455047607422
0.029233217239379883
0.09165334701538086
0.08072757720947266
0.06568670272827148
0.0511782169342041
0.03741264343261719
0.028500795364379883
0.09040975570678711
0.08172154426574707
0.06739616394042969
0.05733895301818848
0.04681396484375
0.02938365936279297
0.08403515815734863
0.06897377967834473
0.055634498596191406
0.05201387405395508
0.038709163665771484
0.12139368057250977
0.09654951095581055
0.08258605003356934
0.0687110424041748
0.054657697677612305
0.04039120674133301
0.0261385440826416
0.08894634246826172
0.08846068382263184
0.07367992401123047
0.0557098388671875
0.04173588752746582
0.027829647064208984
0.10060548782348633
0.08852005004882812
0.07310128211975098
0.058844566345214844
0.051132917404174805
0.023038387298583984
0.09306812286376953
0.083251953125
0.07226300239562988
0.05820870399475098
0.043550968170166016
0.030539989471435547
0.09653854370117188
0.08162140846252441
0.06668829917907715
0.04960513114929199
0.037873029708862305
0.025730371475219727
0.10602355003356934
0.0865180492401123
0.07536625862121582
0.06101655960083008
0.043523550033569336
0.03015589714050293
0.11282229423522949
0.09598612785339355
0.0880134105682373
0.07384324073791504
0.05893540382385254
0.044892072677612305
0.03048539161682129
0.09096956253051758
0.08019280433654785
0.06585168838500977
0.05546140670776367
0.04051613807678223
0.026578903198242188
0.10997223854064941
0.08637428283691406
0.07287049293518066
0.05959606170654297
0.055791616439819336
0.041365861892700195
0.026180267333984375
0.08937978744506836
0.08411312103271484
0.06974315643310547
0.05530190467834473
0.04102635383605957
0.030429363250732422
0.10973119735717773
0.08582663536071777
0.07106828689575195
0.06454896926879883
0.05019831657409668
0.03522992134094238
0.019901514053344727
0.12336921691894531
0.10739684104919434
0.09256410598754883
0.07709169387817383
0.06210446357727051
0.0475461483001709
0.11301159858703613
0.08603358268737793
0.07056427001953125
0.07247042655944824
0.058676719665527344
0.04416489601135254
0.10848689079284668
0.09611272811889648
0.08430767059326172
0.07613682746887207
0.06192636489868164
0.046830177307128906
0.02755451202392578
0.0939478874206543
0.0789957046508789
0.06469297409057617
0.051078081130981445
0.027283668518066406
0.10648775100708008
0.08584785461425781
0.07656025886535645
0.06215500831604004
0.04897451400756836
0.041496992111206055
0.02726578712463379
0.09174680709838867
0.07798361778259277
0.0721278190612793
0.06563282012939453
0.05380845069885254
0.039997100830078125
0.11860013008117676
0.09564399719238281
0.08112025260925293
0.06665205955505371
0.052581787109375
0.037941694259643555
0.024035930633544922
0.09150862693786621
0.07780838012695312
0.06312966346740723
0.06001472473144531
0.0385129451751709
0.02414226531982422
0.09948492050170898
0.08524203300476074
0.08168196678161621
0.06366109848022461
0.04923510551452637
0.03154301643371582
0.09135293960571289
0.08277201652526855
0.068359375
0.05763649940490723
0.0468897819519043
0.03596210479736328
0.10946488380432129
0.08639287948608398
0.08850669860839844
0.07402682304382324
0.059606075286865234
0.044981956481933594
0.03327608108520508
0.10526132583618164
0.08982515335083008
0.07182884216308594
0.05790448188781738
0.04320573806762695
0.02585625648498535
0.10200262069702148
0.09037399291992188
0.08441686630249023
0.06301355361938477
0.04856753349304199
0.03427433967590332
0.11279082298278809
0.08914852142333984
0.07494282722473145
0.06026768684387207
0.04645037651062012
0.033814191818237305
0.026760101318359375
0.09150385856628418
0.08759689331054688
0.07594060897827148
0.06444358825683594
0.05279684066772461
0.03860211372375488
0.10480284690856934
0.08247733116149902
0.07004809379577637
0.06312298774719238
0.048833608627319336
0.0343630313873291
0.022571086883544922
0.09091544151306152
0.08057093620300293
0.06618809700012207
0.06405782699584961
0.04960179328918457
0.03460836410522461
0.11281847953796387
0.09302663803100586
0.0785980224609375
0.06411266326904297
0.04322648048400879
0.03818702697753906
0.10456323623657227
0.08335447311401367
0.07449889183044434
0.07470870018005371
0.06113791465759277
0.0466461181640625
0.03179144859313965
0.09148764610290527
0.07798385620117188
0.0651712417602539
0.059005022048950195
0.044635772705078125
0.030239343643188477
0.10736203193664551
0.08274435997009277
0.07039856910705566
0.06849479675292969
0.05438971519470215
0.039983272552490234
0.025520801544189453
0.09531927108764648
0.09724140167236328
0.08253240585327148
0.06492233276367188
0.05085897445678711
0.03732419013977051
0.10786867141723633
0.09875011444091797
0.08458328247070312
0.06678366661071777
0.04852938652038574
0.03956866264343262
0.10797977447509766
0.09728050231933594
0.07580924034118652
0.061635732650756836
0.04738736152648926
0.03286004066467285
0.10562777519226074
0.0860745906829834
0.07130622863769531
0.061350107192993164
0.0475919246673584
0.03289794921875
0.029227256774902344
0.09840202331542969
0.09688854217529297
0.08721041679382324
0.07276177406311035
0.058367252349853516
0.0441286563873291
0.02973794937133789
0.0915517807006836
0.08104252815246582
0.07334733009338379
0.06162881851196289
0.04712533950805664
0.032309770584106445
0.11943745613098145
0.09526300430297852
0.08049964904785156
0.06612706184387207
0.05146360397338867
0.03704500198364258
0.022493362426757812
0.08983731269836426
0.08081269264221191
0.06644630432128906
0.06218862533569336
0.04960966110229492
0.03627371788024902
0.10612702369689941
0.08698582649230957
0.08910727500915527
0.0751955509185791
0.060880184173583984
0.04622697830200195
0.031774044036865234
0.09990429878234863
0.07933521270751953
0.06640434265136719
0.05378580093383789
0.04119729995727539
0.0317385196685791
0.10750055313110352
0.08226299285888672
0.07010459899902344
0.06324648857116699
0.04935288429260254
0.03540492057800293
0.02413320541381836
0.10717082023620605
0.09347939491271973
0.07925558090209961
0.06494498252868652
0.050493717193603516
0.035985708236694336
0.11451959609985352
0.0994420051574707
0.09057855606079102
0.07944798469543457
0.0573272705078125
0.04300355911254883
0.02862548828125
0.09178304672241211
0.08134746551513672
0.07321548461914062
0.05846977233886719
0.04408431053161621
0.029195547103881836
0.10690975189208984
0.0895535945892334
0.07535004615783691
0.06065630912780762
0.04614090919494629
0.04585981369018555
0.0315699577331543
0.08929085731506348
0.08042407035827637
0.06920528411865234
0.0544431209564209
0.03995394706726074
0.03278827667236328
0.10385465621948242
0.08332395553588867
0.08270859718322754
0.07147073745727539
0.05706024169921875
0.04271984100341797
0.028424978256225586
0.0988621711730957
0.08145475387573242
0.06888747215270996
0.06334853172302246
0.047959327697753906
0.0337066650390625
0.10477828979492188
0.08632040023803711
0.07520675659179688
0.061025142669677734
0.04640388488769531
0.036599159240722656
0.02254629135131836
0.09207653999328613
0.0776512622833252
0.06504130363464355
0.05587935447692871
0.05047178268432617
0.035741567611694336
0.11556768417358398
0.09833550453186035
0.08590555191040039
0.07170605659484863
0.05728030204772949
0.04191875457763672
0.027728796005249023
0.1105661392211914
0.09282946586608887
0.07848501205444336
0.0640420913696289
0.04940342903137207
0.03504681587219238
0.10556387901306152
0.08951926231384277
0.0816490650177002
0.06716728210449219
0.05265307426452637
0.03821682929992676
0.023899078369140625
0.0965738296508789
0.1019895076751709
0.08843660354614258
0.07418608665466309
0.059737205505371094
0.04526710510253906
0.031023740768432617
0.09539651870727539
0.08503389358520508
0.07647514343261719
0.07012033462524414
0.05545830726623535
0.04093170166015625
0.10748982429504395
0.08311724662780762
0.07070446014404297
0.058211326599121094
0.0564115047454834
0.03603553771972656
0.10607194900512695
0.08612632751464844
0.08875751495361328
0.07425475120544434
0.05993175506591797
0.04555988311767578
0.030402183532714844
0.09487390518188477
0.0808866024017334
0.0664064884185791
0.05267477035522461
0.04019951820373535
0.03529930114746094
0.11032867431640625
0.08576369285583496
0.07120132446289062
0.07454895973205566
0.06076383590698242
0.04654264450073242
0.032160043716430664
0.09720611572265625
0.08327484130859375
0.0686798095703125
0.06450557708740234
0.05016040802001953
0.03592371940612793
