0.10420846939086914
0.09354019165039062
0.07455849647521973
0.06570601463317871
0.05126309394836426
0.03738999366760254
0.12764739990234375
0.10074114799499512
0.08675289154052734
0.07182860374450684
0.05784773826599121
0.04292941093444824
0.10690021514892578
0.08658194541931152
0.0721290111541748
0.05838441848754883
0.0607757568359375
0.04666423797607422
0.03211355209350586
0.10487055778503418
0.08557558059692383
0.07136368751525879
0.05806994438171387
0.05274057388305664
0.03870677947998047
0.12705779075622559
0.0993962287902832
0.08543634414672852
0.06742167472839355
0.05374956130981445
0.039440155029296875
0.10795235633850098
0.08601617813110352
0.07187271118164062
0.06257390975952148
0.048352956771850586
0.04363727569580078
0.10855507850646973
0.08873701095581055
0.07695221900939941
0.06319165229797363
0.045230865478515625
0.0412144660949707
0.10744452476501465
0.09472846984863281
0.09402036666870117
0.07979559898376465
0.06534337997436523
0.05050086975097656
0.11743378639221191
0.07920002937316895
0.07556748390197754
0.06088995933532715
0.04691672325134277
0.03204345703125
0.09156322479248047
0.09570431709289551
0.08147835731506348
0.0671536922454834
0.05258011817932129
0.03828716278076172
0.1054074764251709
0.08318400382995605
0.07439565658569336
0.06325149536132812
0.05229020118713379
0.03793978691101074
0.022776365280151367
0.09184432029724121
0.08178496360778809
0.06814026832580566
0.07060837745666504
0.05666685104370117
0.038617610931396484
0.09515023231506348
0.08701086044311523
0.07207131385803223
0.05841660499572754
0.043981313705444336
0.029160499572753906
0.12567973136901855
0.10777950286865234
0.09363126754760742
0.09561967849731445
0.08354663848876953
0.07280349731445312
0.058905601501464844
0.09599947929382324
0.07843899726867676
0.07615780830383301
0.0603938102722168
0.11059856414794922
0.09945440292358398
0.08346796035766602
0.07188892364501953
0.0683889389038086
0.060306549072265625
0.045868873596191406
0.10849523544311523
0.08523344993591309
0.07116484642028809
0.05740499496459961
0.047853708267211914
0.04228472709655762
0.10716414451599121
0.10696268081665039
0.09277486801147461
0.07818102836608887
0.06404232978820801
0.04972410202026367
0.03575873374938965
0.09167647361755371
0.07757806777954102
0.06539058685302734
0.0512852668762207
0.03321218490600586
0.01944875717163086
0.09476780891418457
0.08636641502380371
0.07926464080810547
0.06834006309509277
0.054163217544555664
0.0390474796295166
0.02487349510192871
0.09709739685058594
0.08303117752075195
0.06887960433959961
0.05373072624206543
0.04213547706604004
0.02753448486328125
0.10241532325744629
0.08585238456726074
0.06772637367248535
0.05425882339477539
0.04710650444030762
0.03209567070007324
0.09609389305114746
0.08138227462768555
0.06735467910766602
0.05737614631652832
0.043079376220703125
0.028287172317504883
0.11225318908691406
0.09842371940612793
0.08404207229614258
0.06993794441223145
0.05479931831359863
0.04060673713684082
0.08109116554260254
0.07242631912231445
0.059038400650024414
0.04523634910583496
0.04007458686828613
0.03175830841064453
0.10771775245666504
0.08978557586669922
0.0758213996887207
0.061219215393066406
0.043004512786865234
0.02688288688659668
0.10304641723632812
0.09761381149291992
0.0832376480102539
0.06821393966674805
0.05389809608459473
0.033264875411987305
0.1073145866394043
0.0883481502532959
0.07346391677856445
0.06315970420837402
0.06540536880493164
0.05113053321838379
0.03678750991821289
0.09967207908630371
0.09451794624328613
0.08161425590515137
0.06732654571533203
0.05213117599487305
0.037706613540649414
0.1072092056274414
0.09911298751831055
0.08500957489013672
0.07045698165893555
0.055956363677978516
0.04200553894042969
0.10902643203735352
0.0922098159790039
0.08149003982543945
0.06716656684875488
0.06899714469909668
0.05510830879211426
0.04016709327697754
0.10155129432678223
0.09372949600219727
0.07930970191955566
0.06468319892883301
0.031989336013793945
0.10676956176757812
0.08849501609802246
0.08196544647216797
0.06828093528747559
0.04065752029418945
0.03205418586730957
0.09223175048828125
0.07867980003356934
0.06609606742858887
0.05452275276184082
0.041771888732910156
0.03845357894897461
0.1274116039276123
0.11812114715576172
0.1041727066040039
0.09007573127746582
0.07596707344055176
0.061151742935180664
0.04683232307434082
0.11855816841125488
0.09758162498474121
0.07982754707336426
0.06182694435119629
0.05110597610473633
0.02828383445739746
0.09116005897521973
0.08255791664123535
0.08051371574401855
0.0606379508972168
0.04664134979248047
0.03141498565673828
0.10141158103942871
0.09050679206848145
0.07252001762390137
0.058090925216674805
0.04198932647705078
0.03523135185241699
0.11491847038269043
0.08907699584960938
0.07419157028198242
0.06291961669921875
0.04894137382507324
0.03395962715148926
0.10560345649719238
0.07846951484680176
0.07097196578979492
0.06942629814147949
0.05543851852416992
0.04047369956970215
0.1149146556854248
0.09435009956359863
0.09185338020324707
0.09065747261047363
0.08211421966552734
0.06765985488891602
0.10878324508666992
0.08083438873291016
0.07068467140197754
0.07406163215637207
0.061757802963256836
0.04797768592834473
0.09186816215515137
0.08050274848937988
0.06554555892944336
0.06013178825378418
0.037940025329589844
0.024428844451904297
0.09393763542175293
0.08003783226013184
0.0708467960357666
0.06023883819580078
0.04564785957336426
0.031171083450317383
0.1101226806640625
0.09356880187988281
0.08400654792785645
0.0691065788269043
0.06297707557678223
0.051911354064941406
0.03558826446533203
0.09188246726989746
0.09618139266967773
0.07833313941955566
0.06419897079467773
0.04974031448364258
0.03533172607421875
0.0979759693145752
0.0926675796508789
0.0847928524017334
0.07050848007202148
0.055940866470336914
0.03837442398071289
0.10863161087036133
0.1090383529663086
0.09491968154907227
0.08036208152770996
0.06692624092102051
0.052613019943237305
0.12111067771911621
0.09275007247924805
0.077423095703125
0.09915995597839355
0.08636951446533203
0.07137656211853027
0.12112307548522949
0.11692237854003906
0.10444235801696777
0.0860602855682373
0.07130956649780273
0.0564725399017334
0.1096794605255127
0.07904601097106934
0.06475949287414551
0.049683332443237305
0.04417061805725098
0.10821127891540527
0.09053897857666016
0.07687830924987793
0.07211565971374512
0.053987979888916016
0.035475730895996094
0.10713887214660645
0.08849740028381348
0.07988309860229492
0.04635429382324219
0.11784934997558594
0.10058474540710449
0.08634424209594727
0.09516668319702148
0.08079957962036133
0.06622695922851562
0.05162334442138672
0.11058163642883301
0.10661172866821289
0.09838271141052246
0.0839228630065918
0.06911754608154297
0.05411720275878906
0.039690494537353516
0.11083197593688965
0.10248732566833496
0.09419083595275879
0.08011317253112793
0.047775983810424805
0.029823780059814453
0.10003924369812012
0.0983891487121582
0.08439874649047852
0.07047891616821289
0.056475162506103516
0.042168378829956055
0.027472972869873047
0.0984351634979248
0.08628010749816895
0.06486940383911133
0.0816497802734375
0.06848907470703125
0.055945396423339844
0.09110331535339355
0.09131526947021484
0.07611274719238281
0.06129741668701172
0.04454398155212402
0.029705524444580078
0.10464024543762207
0.09537792205810547
0.08141160011291504
0.0664970874786377
0.05150198936462402
0.037558555603027344
0.023662805557250977
0.10254502296447754
0.09017801284790039
0.07536101341247559
0.060430288314819336
0.04584693908691406
0.031012535095214844
0.10580039024353027
0.08897995948791504
0.07488679885864258
0.06093263626098633
0.04691934585571289
0.03279447555541992
0.1327822208404541
0.11836671829223633
0.10441064834594727
0.09023928642272949
0.07625126838684082
0.06209254264831543
0.04782438278198242
0.033557891845703125
0.10259294509887695
0.08903694152832031
0.07486796379089355
0.06033635139465332
0.04590654373168945
0.027998685836791992
0.09330582618713379
0.08594751358032227
0.07143735885620117
0.05699491500854492
0.04204607009887695
0.028957843780517578
0.10900688171386719
0.08336353302001953
0.07026052474975586
0.056215763092041016
0.04227495193481445
0.11034965515136719
0.08779668807983398
0.07366061210632324
0.0598297119140625
0.05257773399350.04807782173156738
0.03316998481750488
0.11317253112792969
0.0995488166809082
0.08558392524719238
0.07106375694274902
0.056760549545288086
0.04218721389770508
0.027141571044921875
0.0981893539428711
0.08224987983703613
0.0731806755065918
0.055739641189575195
0.05269455909729004
0.040471553802490234
0.10426807403564453
0.08820915222167969
0.09038305282592773
0.06809449195861816
0.05293107032775879
0.038522958755493164
0.10451698303222656
0.08040022850036621
0.08184671401977539
0.0669260025024414
0.0519406795501709
0.03780102729797363
0.11572861671447754
0.0898282527923584
0.08312463760375977
0.07358026504516602
0.06243300437927246
0.047438621520996094
0.033086538314819336
0.09247255325317383
0.08110213279724121
0.06685733795166016
0.05209159851074219
0.03570365905761719
0.021833419799804688
0.12350130081176758
0.10557055473327637
0.09125018119812012
0.07702803611755371
0.06265115737915039
0.048302650451660156
0.033907413482666016
0.10384726524353027
0.08491826057434082
0.07795119285583496
0.06406378746032715
0.04947066307067871
0.03029179573059082
0.11642217636108398
0.0945286750793457
0.08038854598999023
0.06178689002990723
0.04763531684875488
0.033014774322509766
0.10961675643920898
0.10052871704101562
0.08967900276184082
0.07801985740661621
0.06420588493347168
0.05018162727355957
0.0362093448638916
0.08931446075439453
0.0780022144317627
0.0769507884979248
0.06254267692565918
0.04574179649353027
0.02739572525024414
0.0986177921295166
0.0896463394165039
0.0783839225769043
0.07027626037597656
0.05568957328796387
0.04179120063781738
0.1162118911743164
0.09033989906311035
0.0823061466217041
0.06773900985717773
0.05167531967163086
0.029324769973754883
0.11170291900634766
0.09077739715576172
0.07647132873535156
0.06266903877258301
0.049041748046875
0.03357887268066406
0.11053895950317383
0.10044002532958984
0.08611512184143066
0.07173466682434082
0.05637788772583008
0.05608725547790527
0.043343544006347656
0.1135103702545166
0.08751463890075684
0.07738304138183594
0.05765056610107422
0.03656935691833496
0.10992169380187988
0.0870053768157959
0.07775497436523438
0.06357908248901367
0.04940366744995117
0.040329694747924805
0.025311946868896484
0.11510610580444336
0.09420204162597656
0.07989263534545898
0.06532788276672363
0.0511474609375
0.03672051429748535
0.11020326614379883
0.0995490550994873
0.08559846878051758
0.07132172584533691
0.056946516036987305
0.044092416763305664
0.03493833541870117
0.1099393367767334
0.08733129501342773
0.07616806030273438
0.07487058639526367
0.060663461685180664
0.04625868797302246
0.03191685676574707
0.1138908863067627
0.09965872764587402
0.08815312385559082
0.07316756248474121
0.05861973762512207
0.04388594627380371
0.11688733100891113
0.11007022857666016
0.09555387496948242
0.08045434951782227
0.06536984443664551
0.05057573318481445
0.03572273254394531
0.10370421409606934
0.08857011795043945
0.07383370399475098
0.05851387977600098
0.043741703033447266
0.04431581497192383
0.030379533767700195
0.10393905639648438
0.08904814720153809
0.0746774673461914
0.060324668884277344
0.04617595672607422
0.031194210052490234
0.10682988166809082
0.08646559715270996
0.07873964309692383
0.06403446197509766
0.04961705207824707
0.038329362869262695
0.10868263244628906
0.08369779586791992
0.07492518424987793
0.0712893009185791
0.05717778205871582
0.04387831687927246
0.10896658897399902
0.0924074649810791
0.08193135261535645
0.06755805015563965
0.04943227767944336
0.03515219688415527
0.10559296607971191
0.09715056419372559
0.0845632553100586
0.07021093368530273
0.05581212043762207
0.03483390808105469
0.11438250541687012
0.09041428565979004
0.0763857364654541
0.06184577941894531
0.0585782527923584
0.0443267822265625
0.03080129623413086
0.09669971466064453
0.10055923461914062
0.08745121955871582
0.07317495346069336
0.0513615608215332
0.03740072250366211
0.10349321365356445
0.08285856246948242
0.07407331466674805
0.0593106746673584
0.05567741394042969
0.04070234298706055
0.026524782180786133
0.10461544990539551
0.08765411376953125
0.07351231575012207
0.05934453010559082
0.04435539245605469
0.04107022285461426
0.10962152481079102
0.0864410400390625
0.07216811180114746
0.05788540840148926
0.04507756233215332
0.03611183166503906
0.12170195579528809
0.11769676208496094
0.10375285148620605
0.0895681381225586
0.07467389106750488
0.0602116584777832
0.04592609405517578
0.11964535713195801
0.1208503246307373
0.10392141342163086
0.0896153450012207
0.07453012466430664
0.06041455268859863
0.04576587677001953
0.11440634727478027
0.09787797927856445
0.08639836311340332
0.06840348243713379
0.05459475517272949
0.0400698184967041
0.10898399353027344
0.0830237865447998
0.07065558433532715
0.05800294876098633
0.05131030082702637
0.04022097587585449
0.1307065486907959
0.11087608337402344
0.09713459014892578
0.08315539360046387
0.06868648529052734
0.0547943115234375
0.04051375389099121
0.10542631149291992
0.09107112884521484
0.0772402286529541
0.06269574165344238
0.049094200134277344
0.034354448318481445
0.10947251319885254
0.09077692031860352
0.08225560188293457
0.06833434104919434
0.054116010665893555
0.0403749942779541
0.026245832443237305
0.09746479988098145
0.08660292625427246
0.07558035850524902
0.06133079528808594
0.046875953674316406
0.029103517532348633
0.09535336494445801
0.09856319427490234
0.08456301689147949
0.07041192054748535
0.05601143836975098
0.04120969772338867
0.11148405075073242
0.10560131072998047
0.09354472160339355
0.17077898979187012
0.1574094295501709
0.16288280487060547
0.14937996864318848
0.13494658470153809
0.11981749534606934
0.10560035705566406
0.09119701385498047
0.07688665390014648
0.14141631126403809
0.12746715545654297
0.128617525100708
0.10306191444396973
0.08792352676391602
0.07342362403869629
0.058992862701416016
0.04463672637939453
0.029854536056518555
0.08822774887084961
0.0732564926147461
0.06118202209472656
0.049102067947387695
0.0434575080871582
0.03268718719482422
0.10624480247497559
0.16915130615234375
0.1583571434020996
0.14811468124389648
0.1304466724395752
0.1132967472076416
0.10926485061645508
0.09071707725524902
0.07644534111022949
0.14987683296203613
0.13591670989990234
0.10625910758972168
0.09213590621948242
0.07876443862915039
0.06816887855529785
0.054373741149902344
0.04207587242126465
0.10206317901611328
0.08013153076171875
0.07442975044250488
0.06061196327209473
0.04552626609802246
0.03910350799560547
0.10828518867492676
0.18210625648498535
0.1621088981628418
0.1525731086730957
0.1381378173828125
0.12316060066223145
0.11558985710144043
0.09969711303710938
0.0854043960571289
0.07117676734924316
0.048113346099853516
0.11388826370239258
0.09913825988769531
0.07790613174438477
0.0777895450592041
0.06535673141479492
0.048120737075805664
0.03345060348510742
0.09408855438232422
0.18447184562683105
0.17039084434509277
0.1562032699584961
0.1565694808959961
0.14179515838623047
0.1268911361694336
0.11095285415649414
0.09659886360168457
0.08222031593322754
0.09068107604980469
0.0760035514831543
0.060930490493774414
0.2085273265838623
0.1722545623779297
0.1637401580810547
0.14907479286193848
0.13514328002929688
0.12097454071044922
0.12420535087585449
0.10940265655517578
0.09497904777526855
0.15586066246032715
0.14511680603027344
0.13406062126159668
0.08660173416137695
0.07259654998779297
0.049451589584350586
0.03539085388183594
0.022481918334960938
0.10009312629699707
0.1886913776397705
0.1741647720336914
0.15914034843444824
0.1490333080291748
0.14670562744140625
0.13195157051086426
0.11787176132202148
0.10362362861633301
0.08901476860046387
0.07475733757019043
0.060308218002319336
0.23389792442321777
0.22011804580688477
0.20328116416931152
0.1822648048400879
0.18709063529968262
0.17156434059143066
0.1570889949798584
0.14183616638183594
0.12759160995483398
0.11324214935302734
0.0989539623260498
0.15796804428100586
0.15409111976623535
0.14050817489624023
0.12679028511047363
0.0827629566192627
0.06958127021789551
0.055303096771240234
0.04073905944824219
0.11247086524963379
0.20245718955993652
0.18546533584594727
0.17108845710754395
0.16118168830871582
0.14620018005371094
0.13615179061889648
0.12212109565734863
0.12944769859313965
0.11450719833374023
0.10025167465209961
0.08578944206237793
0.07042455673217773
0.24093222618103020.24007177352905273
0.22581982612609863
0.1879127025604248
0.17392683029174805
0.16000151634216309
0.14535021781921387
0.11594533920288086
0.10176730155944824
0.08721613883972168
0.16280865669250488
0.17497920989990234
0.16178560256958008
0.143906831741333
0.12984180450439453
0.10793447494506836
0.09379291534423828
0.07952547073364258
0.06421256065368652
0.049714088439941406
0.10507416725158691
0.17540836334228516
0.1669318675994873
0.15273022651672363
0.13869023323059082
0.13196587562561035
0.11711812019348145
0.10315418243408203
0.08885645866394043
0.08484411239624023
0.07033133506774902
0.23656845092773438
0.22913408279418945
0.1982712745666504
0.18405437469482422
0.16913557052612305
0.16434383392333984
0.14937973022460938
0.13544631004333496
0.12148070335388184
0.10755681991577148
0.17174577713012695
0.17738604545593262
0.16315364837646484
0.14846134185791016
0.13408398628234863
0.09624433517456055
0.08128976821899414
0.06729316711425781
0.053305864334106445
0.03824925422668457
0.10025644302368164
0.09044718742370605
0.07282781600952148
0.037950754165649414
0.11023902893066406
0.0933530330657959
0.17628860473632812
0.16232752799987793
0.14848756790161133
0.14129328727722168
0.12331295013427734
0.10334086418151855
0.08839011192321777
0.07019209861755371
0.14620757102966309
0.13102960586547852
0.11664748191833496
0.10416626930236816
0.08762240409851074
0.08079814910888672
0.06988096237182617
0.049414634704589844
0.03527331352233887
0.09728550910949707
0.09393906593322754
0.07922720909118652
0.06389737129211426
0.04937863349914551
0.034720659255981445
0.12274742126464844
0.10048699378967285
0.08622145652770996
0.07192826271057129
0.05767965316772461
0.043411970138549805
0.12468528747558594
0.1068112850189209
0.09268712997436523
0.07850170135498047
0.06392431259155273
0.04879164695739746
0.03389573097229004
0.11077380180358887
0.0848844051361084
0.07076573371887207
0.05974245071411133
0.05479311943054199
0.04028463363647461
0.11042380332946777
0.09672331809997559
0.08591508865356445
0.07158279418945312
0.05277061462402344
0.03936004638671875
0.033102989196777344
0.09130072593688965
0.08949041366577148
0.06847906112670898
0.05401945114135742
0.03957653045654297
0.025547266006469727
0.10969185829162598
0.09167885780334473
0.07718586921691895
0.06276607513427734
0.048532724380493164
0.03398418426513672
0.025760889053344727
0.10036063194274902
0.08426523208618164
0.06887459754943848
0.0556488037109375
0.04354119300842285
0.03632378578186035
0.11328458786010742
0.09888887405395508
0.08493185043334961
0.07654452323913574
0.0771942138671875
0.06371235847473145
0.048593997955322266
0.034281015396118164
0.09689688682556152
0.09221410751342773
0.07774806022644043
0.06260967254638672
0.04834127426147461
0.03365302085876465
0.09066581726074219
0.0823516845703125
0.06812620162963867
0.05373573303222656
0.03956294059753418
0.0249636173248291
0.10668826103210449
0.08675670623779297
0.07484674453735352
0.06392383575439453
0.04933667182922363
0.03343009948730469
0.12330079078674316
0.0948331356048584
0.07982683181762695
0.06519031524658203
0.05116701126098633
0.03672337532043457
0.10919594764709473
0.09230232238769531
0.07756948471069336
0.07195138931274414
0.056062936782836914
0.04098248481750488
0.026826858520507812
0.08748126029968262
0.08046126365661621
0.06627964973449707
0.05137181282043457
0.03354334831237793
0.10428643226623535
0.09032511711120605
0.0759892463684082
0.061635494232177734
0.04723834991455078
0.03403663635253906
0.0217740535736084
0.10921430587768555
0.1001882553100586
0.08778977394104004
0.07480740547180176
0.061248064041137695
0.046408891677856445
0.03223228454589844
0.11392903327941895
0.09746336936950684
0.084197998046875
0.06939268112182617
0.0549321174621582
0.04020810127258301
0.11942195892333984
0.09992218017578125
0.08618569374084473
0.07158064842224121
0.05402064323425293
0.04254937171936035
0.028153419494628906
0.10337424278259277
0.09801530838012695
0.08353257179260254
0.06624364852905273
0.04743337631225586
0.033525943756103516
0.10948777198791504
0.09127068519592285
0.07679152488708496
0.061873435974121094
0.048091888427734375
0.033611297607421875
0.1085057258605957
0.08917832374572754
0.05933976173400879
0.044739723205566406
0.027025461196899414
0.10646295547485352
0.0924074649810791
0.08330726623535156
0.06534457206726074
0.050783395767211914
0.03618955612182617
0.1177971363067627
0.09237480163574219
0.07771611213684082
0.06204700469970703
0.04769611358642578
0.03304147720336914
0.01920151710510254
0.0948183536529541
0.08123493194580078
0.06909441947937012
0.05443096160888672
0.04791140556335449
0.03527569770812988
0.10459280014038086
0.09273505210876465
0.08254170417785645
0.06813693046569824
0.05008745193481445
0.03576993942260742
0.10334253311157227
0.09258866310119629
0.0784451961517334
0.06096220016479492
0.0466306209564209
0.03241443634033203
0.11347842216491699
0.09921932220458984
0.0846245288848877
0.07752776145935059
0.06291723251342773
0.06007552146911621
0.042707204818725586
0.11517572402954102
0.0882718563079834
0.0730595588684082
0.059075117111206055
0.03929424285888672
0.030486583709716797
0.10196948051452637
0.08711028099060059
0.07715153694152832
0.0688481330871582
0.04998159408569336
0.0354762077331543
0.1075446605682373
0.0861515998840332
0.07725667953491211
0.06292724609375
0.04889369010925293
0.038988351821899414
0.027859926223754883
0.09140682220458984
0.08096694946289062
0.07296943664550781
0.0585789680480957
0.04423666000366211
0.029074668884277344
0.11257219314575195
0.0896608829498291
0.07635903358459473
0.062082767486572266
0.058118581771850586
0.040434837341308594
0.11115574836730957
0.09606409072875977
0.08084630966186523
0.06713294982910156
0.05202317237854004
0.03740191459655762
0.11964130401611328
0.1060035228729248
0.08907866477966309
0.07554030418395996
0.058130502700805664
0.045497894287109375
0.033722639083862305
0.12137413024902344
0.0924992561340332
0.07886433601379395
0.06055259704589844
0.04578113555908203
0.0334475040435791
0.09174180030822754
0.09334707260131836
0.07932877540588379
0.06518912315368652
0.051279306411743164
0.03685426712036133
0.02278900146484375
0.09416651725769043
0.08521366119384766
0.0700984001159668
0.0564732551574707
0.04306626319885254
0.12874507904052734
0.09958004951477051
0.08557271957397461
0.060970306396484375
0.04579520225524902
0.03134512901306152
0.10410499572753906
0.08186602592468262
0.07220339775085449
0.05734086036682129
0.04368996620178223
0.04036736488342285
0.10810732841491699
0.09695625305175781
0.0955355167388916
0.08089518547058105
0.06662797927856445
0.05216097831726074
0.03755474090576172
0.11038422584533691
0.09742569923400879
0.0849306583404541
0.07094454765319824
0.06060314178466797
0.04579663276672363
0.043265342712402344
0.10867452621459961
0.09030270576477051
0.07807564735412598
0.06469297409057617
0.05858659744262695
0.04437518119812012
0.02990865707397461
0.10591244697570801
0.08257389068603516
0.07109284400939941
0.05935335159301758
0.046956539154052734
0.034372568130493164
0.10822629928588867
0.08186149597167969
0.0680856704711914
0.06711387634277344
0.05229520797729492
0.03729820251464844
0.11515402793884277
0.09615087509155273
0.08190107345581055
0.06777048110961914
0.05988788604736328
0.04648017883300781
0.03206610679626465
0.09582233428955078
0.08116006851196289
0.06675362586975098
0.054046630859375
0.04541015625
0.04172682762145996
0.11584973335266113
0.09485912322998047
0.08053016662597656
0.06643557548522949
0.04801225662231445
0.03870558738708496
0.034464359283447266
0.0978994369506836
0.08349108695983887
0.07737159729003906
0.05916738510131836
0.04483199119567871
0.02992725372314453
0.09164094924926758
0.07928800582885742
0.06177544593811035
0.0559229850769043
0.043500423431396484
0.029274463653564453
0.11764097213745117
0.10071802139282227
0.08652114868164062
0.07211518287658691
0.058129310607910156
0.04432821273803711
0.030252456665039062
0.10082030296325684
0.06081533432006836
0.04576301574707031
0.02935338020324707
0.11675143241882324
0.09456539154052734
0.08035063743591309
0.07307934761047363
0.05862855911254883
0.04396247863769531
0.02993321418762207
0.10621476173400879
0.08288002014160156
0.06853985786437988
0.073291301720.06003165245056152
0.04593491554260254
0.10950279235839844
0.09516549110412598
0.08817744255065918
0.08197784423828125
0.07255935668945312
0.05814528465270996
0.04374575614929199
0.1069791316986084
0.08139371871948242
0.06865334510803223
0.06024646759033203
0.04628443717956543
0.03624606132507324
0.027401208877563477
0.09865522384643555
0.09477853775024414
0.08048224449157715
0.06567001342773438
0.05096888542175293
0.028901100158691406
0.10445737838745117
0.08284306526184082
0.07013344764709473
0.0573115348815918
0.04131960868835449
0.0373687744140625
0.10898756980895996
0.08458685874938965
0.08910441398620605
0.07676434516906738
0.06060385704040527
0.04789137840270996
0.035736799240112305
0.09929823875427246
0.07976889610290527
0.08070087432861328
0.06615209579467773
0.051818132400512695
0.036913156509399414
0.11041522026062012
0.10221624374389648
0.0882272720336914
0.07425975799560547
0.05944991111755371
0.044684410095214844
0.02999734878540039
0.11085772514343262
0.09591436386108398
0.08168697357177734
0.06713223457336426
0.05213475227355957
0.03688216209411621
0.11021161079406738
0.09238505363464355
0.08138060569763184
0.08323788642883301
0.055464744567871094
0.04117774963378906
0.11637520790100098
0.095001220703125
0.08075737953186035
0.06544256210327148
0.05011558532714844
0.03568863868713379
0.11048197746276855
0.10431623458862305
0.08918523788452148
0.07445311546325684
0.059882164001464844
0.04513835906982422
0.03146553039550781
0.1141507625579834
0.09769439697265625
0.08506536483764648
0.0721426010131836
0.057945966720581055
0.04407215118408203
0.11343550682067871
0.09756970405578613
0.09889364242553711
0.0844876766204834
0.06982254981994629
0.055628299713134766
0.044666290283203125
0.10875940322875977
0.09940028190612793
0.09514331817626953
0.08060956001281738
0.06589460372924805
0.0486750602722168
0.03509211540222168
0.11675500869750977
0.09418249130249023
0.07715392112731934
0.06286358833312988
0.045171260833740234
0.030927658081054688
0.1025857925415039
0.08707666397094727
0.06685352325439453
0.05725431442260742
0.054121971130371094
0.0398867130279541
0.11473941802978516
0.10497379302978516
0.0903928279876709
0.07622432708740234
0.061126708984375
0.04610133171081543
0.10900330543518066
0.0956258773803711
0.08144545555114746
0.06686186790466309
0.05273103713989258
0.034798383712768555
0.11358261108398438
0.09673380851745605
0.08267545700073242
0.06841826438903809
0.053863525390625
0.039896488189697266
0.0312647819519043
0.09877300262451172
0.08440923690795898
0.07010030746459961
0.0636434555053711
0.0517425537109375
0.03857541084289551
0.1070394515991211
0.09914612770080566
0.08722853660583496
0.07246828079223633
0.05789995193481445
0.043370723724365234
0.11230874061584473
0.09728240966796875
0.0880746841430664
0.07366418838500977
0.05866265296936035
0.04775500297546387
0.03373241424560547
0.10655522346496582
0.08436274528503418
0.06988215446472168
0.06433439254760742
0.05007004737854004
0.03582358360290527
0.10808300971984863
0.09579944610595703
0.08485603332519531
0.07085776329040527
0.02963733673095703
0.09951233863830566
0.08521008491516113
0.07276082038879395
0.0701596736907959
0.05777478218078613
0.04384183883666992
0.02946758270263672
0.10267376899719238
0.08233261108398438
0.07609128952026367
0.0643622875213623
0.050006866455078125
0.03550982475280762
0.11060690879821777
0.09315729141235352
0.09329628944396973
0.07892036437988281
0.06424260139465332
0.049560546875
0.034375667572021484
0.12039422988891602
0.09434175491333008
0.07968306541442871
0.0644078254699707
0.05002737045288086
0.035650014877319336
0.1356649398803711
0.15132951736450195
0.14201593399047852
0.14459943771362305
0.13034510612487793
0.11540746688842773
0.10598158836364746
0.1396782398223877
0.10501337051391602
0.08724617958068848
0.07440185546875
0.06256532669067383
0.09502911567687988
0.08416271209716797
0.08405590057373047
0.07001590728759766
0.05217123031616211
0.038198232650756836
0.10053849220275879
0.09550881385803223
0.07436370849609375
0.059526920318603516
0.04556989669799805
0.030737876892089844
0.09131431579589844
0.09824037551879883
0.08558464050292969
0.07349753379821777
0.059545278549194336
0.04591798782348633
0.10833144187927246
0.08353400230407715
0.07456302642822266
0.060630083084106445
0.04808664321899414
0.03417015075683594
0.11055731773376465
0.09537053108215332
0.08458852767944336
0.07193326950073242
0.06037616729736328
0.04736828804016113
0.035422325134277344
0.11041665077209473
0.08993816375732422
0.07586431503295898
0.07769131660461426
0.06638360023498535
0.044992685317993164
0.10441732406616211
0.08300232887268066
0.08353567123413086
0.07842183113098145
0.06395554542541504
0.04991412162780762
0.03536677360534668
0.10812735557556152
0.09535551071166992
0.08124637603759766
0.06641340255737305
0.0515902042388916
0.04470348358154297
0.10768389701843262
0.08223891258239746
0.07764077186584473
0.06256866455078125
0.04771161079406738
0.043956756591796875
0.029763460159301758
0.0983576774597168
0.09479689598083496
0.07332873344421387
0.05839204788208008
0.04427456855773926
0.029386281967163086
0.10473418235778809
0.09018373489379883
0.07563495635986328
0.06124424934387207
0.04705548286437988
0.041493892669677734
0.030288219451904297
0.09909200668334961
0.08866024017333984
0.0737466812133789
0.06438875198364258
0.05451631546020508
0.04508352279663086
0.10901951789855957
0.09374642372131348
0.0787973403930664
0.06476187705993652
0.050909996032714844
0.033777713775634766
0.10277175903320312
0.08417463302612305
0.07438063621520996
0.06258583068847656
0.0494837760925293
0.03476834297180176
0.035627126693725586
0.08995842933654785
0.08794903755187988
0.07378387451171875
0.05919694900512695
0.04455208778381348
0.030889272689819336
0.10591697692871094
0.08667683601379395
0.07981467247009277
0.06474852561950684
0.05047345161437988
0.036254167556762695
0.1169133186340332
0.10009574890136719
0.0860450267791748
0.08496880531311035
0.07195353507995605
0.05777478218078613
0.043219804763793945
0.1077110767364502
0.08426117897033691
0.06985354423522949
0.04581856727600098
0.03083634376525879
0.11548042297363281
0.11261105537414551
0.09841346740722656
0.08404684066772461
0.0675654411315918
0.05451178550720215
0.0430448055267334
0.11528921127319336
0.10070228576660156
0.08574604988098145
0.07802367210388184
0.06326985359191895
0.04906058311462402
0.03464078903198242
0.11461758613586426
0.10006213188171387
0.08412814140319824
0.08410835266113281
0.0666646957397461
0.052666425704956055
0.037589073181152344
0.11130547523498535
0.10000252723693848
0.08471465110778809
0.0673987865447998
0.05261588096618652
0.03836774826049805
0.1126103401184082
0.09132122993469238
0.08053874969482422
0.06251740455627441
0.04796433448791504
0.033544063568115234
0.11098957061767578
0.09088778495788574
0.0885307788848877
0.07712054252624512
0.06295990943908691
0.04214763641357422
0.027688264846801758
0.09253787994384766
0.0784914493560791
0.06886720657348633
0.06327247619628906
0.04905414581298828
0.034546613693237305
0.10633587837219238
0.08367490768432617
0.07460904121398926
0.06943893432617188
0.059983253479003906
0.04565095901489258
0.0307009220123291
0.08951330184936523
0.07768034934997559
0.06486344337463379
0.05229067802429199
0.04400157928466797
0.037152767181396484
0.11996245384216309
0.09396576881408691
0.07976460456848145
0.06559205055236816
0.05128145217895508
0.03635764122009277
0.11117434501647949
0.09624385833740234
0.09006738662719727
0.07204198837280273
0.05411672592163086
0.03939366340637207
0.0254361629486084
0.09242033958435059
0.07786202430725098
0.06865835189819336
0.057003021240234375
0.04279184341430664
0.03221583366394043
0.09400010108947754
0.08253026008605957
0.07177591323852539
0.0634005069732666
0.04852724075317383
0.033832550048828125
0.10853910446166992
0.08367443084716797
0.07103133201599121
0.06585955619812012
0.05094027519226074
0.03303265571594238
0.09227132797241211
0.09283685684204102
0.07887578010559082
0.07316756248474121
0.05923724174499512
0.04523825645446777
0.030934810638427734
0.09048271179199219
0.07908201217651367
0.06388521194458008
0.05339407920837402
0.0395052433013916
0.019471406936645508
0.11065196990966797
0.09581804275512695
0.08491730690000.06150364875793457
0.05126786231994629
0.037268638610839844
0.1085042953491211
0.08429598808288574
0.07544398307800293
0.06126856803894043
0.06125307083129883
0.04832029342651367
0.0344693660736084
0.091339111328125
0.07754015922546387
0.0754861831665039
0.06127309799194336
0.04705524444580078
0.02866506576538086
0.1046590805053711
0.08933472633361816
0.07521772384643555
0.0607457160949707
0.03992462158203125
0.03489494323730469
0.09341955184936523
0.08301568031311035
0.07888650894165039
0.06450295448303223
0.049596548080444336
0.03528404235839844
0.11088252067565918
0.09449172019958496
0.08049798011779785
0.06631255149841309
0.05228281021118164
0.03746843338012695
0.11050748825073242
0.10908198356628418
0.0951392650604248
0.08112692832946777
0.0668330192565918
0.052816152572631836
0.03788447380065918
0.02271270751953125
0.08846187591552734
0.08467555046081543
0.07068610191345215
0.05636906623840332
0.04602646827697754
0.032010555267333984
0.0962839126586914
0.08903694152832031
0.07459545135498047
0.06012845039367676
0.0455930233001709
0.031157732009887695
0.111968994140625
0.0871438980102539
0.07306170463562012
0.06008434295654297
0.04766559600830078
0.03872871398925781
0.025084972381591797
0.10148024559020996
0.09165835380554199
0.07736992835998535
0.06289482116699219
0.04793357849121094
0.04232025146484375
0.03220248222351074
0.11511588096618652
0.09879064559936523
0.08458924293518066
0.07001566886901855
0.05205130577087402
0.03781557083129883
0.1063075065612793
0.09313607215881348
0.08694744110107422
0.07300043106079102
0.0589599609375
0.02845621109008789
0.10232281684875488
0.09884786605834961
0.08122873306274414
0.06343412399291992
0.0484769344329834
0.033550262451171875
0.1021428108215332
0.09792661666870117
0.08299589157104492
0.06906509399414062
0.054898738861083984
0.040876150131225586
0.10625505447387695
0.0838174819946289
0.0726771354675293
0.07376337051391602
0.05940508842468262
0.03701615333557129
0.10479950904846191
0.08225178718566895
0.08852529525756836
0.07424569129943848
0.0593419075012207
0.04456520080566406
0.029780864715576172
0.10654950141906738
0.09076952934265137
0.0765678882598877
0.061856985092163086
0.04703164100646973
0.032598018646240234
0.11083555221557617
0.1054685115814209
0.09154415130615234
0.0766594409942627
0.06240725517272949
0.05530738830566406
0.04063534736633301
0.026671886444091797
0.09895491600036621
0.08504915237426758
0.07105469703674316
0.05710029602050781
0.04293513298034668
0.039154052734375
0.11543393135070801
0.10271334648132324
0.08787369728088379
0.07376337051391602
0.05927133560180664
0.041826725006103516
0.024332523345947266
0.09019804000854492
0.08223176002502441
0.06888556480407715
0.0626068115234375
0.052640676498413086
0.03438544273376465
0.09967780113220215
0.08147025108337402
0.0695195198059082
0.057431936264038086
0.05124640464782715
0.03676128387451172
0.02258610725402832
0.09720420837402344
0.08370661735534668
0.06914520263671875
0.05815482139587402
0.0439298152923584
0.11155986785888672
0.08824777603149414
0.07332372665405273
0.07234001159667969
0.06076455116271973
0.04622030258178711
0.03207278251647949
0.09137630462646484
0.0803685188293457
0.06523323059082031
0.05134153366088867
0.04246711730957031
0.03130197525024414
0.11974000930786133
0.09887814521789551
0.08133387565612793
0.06669473648071289
0.05149197578430176
0.03716897964477539
0.09134984016418457
0.08544182777404785
0.07486319541931152
0.0604245662689209
0.04604339599609375
0.03135061264038086
0.11440467834472656
0.0934450626373291
0.09098315238952637
0.07728838920593262
0.06222939491271973
0.050469398498535156
0.03788256645202637
0.09252595901489258
0.09600043296813965
0.08154869079589844
0.07346582412719727
0.05961966514587402
0.04570460319519043
0.10504794120788574
0.08560633659362793
0.07443094253540039
0.06137704849243164
0.04376220703125
0.11331844329833984
0.09826421737670898
0.08374190330505371
0.07383918762207031
0.06182408332824707
0.054572343826293945
0.04103565216064453
0.027231693267822266
0.0935063362121582
0.07849836349487305
0.06399655342102051
0.0635538101196289
0.05611419677734375
0.042311906814575195
0.09030556678771973
0.07219243049621582
0.06353974342346191
0.05212545394897461
0.04030799865722656
0.11955022811889648
0.11096739768981934
0.09709787368774414
0.0798635482788086
0.06587648391723633
0.05293726921081543
0.03638911247253418
0.10338258743286133
0.08548641204833984
0.07830452919006348
0.07043337821960449
0.05829215049743652
0.04615044593811035
0.03130030632019043
0.1016988754272461
0.0879673957824707
0.07373309135437012
0.059534311294555664
0.04459381103515625
0.03934073448181152
0.10854578018188477
0.10013675689697266
0.10331034660339355
0.08826136589050293
0.07434773445129395
0.06164741516113281
0.046769142150878906
0.03224778175354004
0.09514594078063965
0.08506584167480469
0.07759356498718262
0.06424379348754883
0.05028939247131348
0.03496503829956055
0.1051638126373291
0.08306455612182617
0.08397531509399414
0.07006287574768066
0.05610370635986328
0.04216265678405762
0.02822589874267578
0.10035896301269531
0.09646034240722656
0.08803439140319824
0.07279324531555176
0.058803558349609375
0.044641733169555664
0.0314943790435791
0.09074544906616211
0.08546829223632812
0.08308982849121094
0.0657358169555664
0.05064678192138672
0.033057451248168945
0.1069941520690918
0.08807039260864258
0.07317662239074707
0.05561494827270508
0.05471396446228027
0.040281057357788086
0.09393525123596191
0.08057665824890137
0.08616161346435547
0.0696558952331543
0.05466437339782715
0.0377197265625
0.10701394081115723
0.09201645851135254
0.07407593727111816
0.06011033058166504
0.04590868949890137
0.03179788589477539
0.12946367263793945
0.10117840766906738
0.08706855773925781
0.07272100448608398
0.05860614776611328
0.04504036903381348
0.12953829765319824
0.11537504196166992
0.10043025016784668
0.08519864082336426
0.07080960273742676
0.05001688003540039
0.03638935089111328
0.10619211196899414
0.08130168914794922
0.0829932689666748
0.06885075569152832
0.05417060852050781
0.03981137275695801
0.11662721633911133
0.09802985191345215
0.07945632934570312
0.06542587280273438
0.05175375938415527
0.03723311424255371
0.1314847469329834
0.11378288269042969
0.09978723526000977
0.0858464241027832
0.07121515274047852
0.05661463737487793
0.04390144348144531
0.10665655136108398
0.08414149284362793
0.07328510284423828
0.05876278877258301
0.047014713287353516
0.03342556953430176
0.1156156063079834
0.09564518928527832
0.08084821701049805
0.0659186840057373
0.04816627502441406
0.03591728210449219
0.10909056663513184
0.09409856796264648
0.09239840507507324
0.07813119888305664
0.06464982032775879
0.05070352554321289
0.0360257625579834
0.10756230354309082
0.08246803283691406
0.06987237930297852
0.06477785110473633
0.0547788143157959
0.04322195053100586
0.13205337524414062
0.11838102340698242
0.10037994384765625
0.0853574275970459
0.07100963592529297
0.05650925636291504
0.043007612228393555
0.11429810523986816
0.08349227905273438
0.06922578811645508
0.06244158744812012
0.051418304443359375
0.13346266746520996
0.10640168190002441
0.10292387008666992
0.08916687965393066
0.07498288154602051
0.06013607978820801
0.042853355407714844
0.11245274543762207
0.09317445755004883
0.07835149765014648
0.08269739151000977
0.0681920051574707
0.053826332092285156
0.038388729095458984
0.09384536743164062
0.08577275276184082
0.06323790550231934
0.04884052276611328
0.04137110710144043
0.028513193130493164
0.0916130542755127
0.08341479301452637
0.0772247314453125
0.06309938430786133
0.048772573471069336
0.03406858444213867
0.13585972785949707
0.12398672103881836
0.11004900932312012
0.0955052375793457
0.08153939247131348
0.06761574745178223
0.053240299224853516
0.039145469665527344
0.09622597694396973
0.09476494789123535
0.08266401290893555
0.06767964363098145
0.05275869369506836
0.03766226768493652
0.10789632797241211
0.08886361122131348
0.07388997077941895
0.06878352165222168
0.05384111404418945
0.03589677810668945
0.1004490852355957
0.08630633354187012
0.06831932067871094
0.06797146797180176
0.05304908752441406
0.03358149528503418
0.10005021095275879
0.08276057243347168
0.0714728832244873
0.07271456718444824
0.058211326599121094
0.04426574707030.05289912223815918
0.038954734802246094
0.10701298713684082
0.08304643630981445
0.07130122184753418
0.06530070304870605
0.0513453483581543
0.037409067153930664
0.022942781448364258
0.09624862670898438
0.08634686470031738
0.07522177696228027
0.06357169151306152
0.04979276657104492
0.03544282913208008
0.10677576065063477
0.08410191535949707
0.08243894577026367
0.06715631484985352
0.05292320251464844
0.03913617134094238
0.02491307258605957
0.1008291244506836
0.0982961654663086
0.08431553840637207
0.06996464729309082
0.055658578872680664
0.04123711585998535
0.026178836822509766
0.09524035453796387
0.08681344985961914
0.0812685489654541
0.0668632984161377
0.05188465118408203
0.029992103576660156
0.09105849266052246
0.0765676498413086
0.07359051704406738
0.061020851135253906
0.04375004768371582
0.029379606246948242
0.09787154197692871
0.09295010566711426
0.07854795455932617
0.06485557556152344
0.05124521255493164
0.03698873519897461
0.022705793380737305
0.09221816062927246
0.08164095878601074
0.07185602188110352
0.0532383918762207
0.035436391830444336
0.11141681671142578
0.10120487213134766
0.0876932144165039
0.07410812377929688
0.05983924865722656
0.05254077911376953
0.03878974914550781
0.02454829216003418
0.08739852905273438
0.07567405700683594
0.06726741790771484
0.05232501029968262
0.047609567642211914
0.03442692756652832
0.09556078910827637
0.08054590225219727
0.06856131553649902
0.05457568168640137
0.04087638854980469
0.03404974937438965
0.11044526100158691
0.10055065155029297
0.08642244338989258
0.07286310195922852
0.05956864356994629
0.10961651802062988
0.10892820358276367
0.1032111644744873
0.0872337818145752
0.07201790809631348
0.05185222625732422
0.03725290298461914
0.10562849044799805
0.09008431434631348
0.07502532005310059
0.060785770416259766
0.045867919921875
0.031461477279663086
0.10782051086425781
0.08613872528076172
0.07426881790161133
0.05946040153503418
0.04528021812438965
0.04043936729431152
0.02870011329650879
0.10282611846923828
0.0858004093170166
0.07072091102600098
0.06279301643371582
0.0478057861328125
0.04981493949890137
0.10467529296875
0.09091377258300781
0.07736635208129883
0.06232881546020508
0.047405242919921875
0.032372474670410156
0.11248660087585449
0.08708524703979492
0.06625986099243164
0.06229233741760254
0.048336029052734375
0.034126996994018555
0.12788128852844238
0.10458159446716309
0.09067702293395996
0.07642245292663574
0.06220293045043945
0.0479886531829834
0.0324552059173584
0.09805870056152344
0.08317685127258301
0.06810522079467773
0.053417205810546875
0.04774022102355957
0.03500699996948242
0.11200952529907227
0.09747195243835449
0.08294367790222168
0.06792712211608887
0.05325651168823242
0.039305686950683594
0.10770106315612793
0.09258437156677246
0.0907285213470459
0.07637786865234375
0.062287092208862305
0.04793548583984375
0.03321433067321777
0.097412109375
0.08281397819519043
0.07976579666137695
0.06783914566040039
0.05349922180175781
0.039046525955200195
0.10939598083496094
0.08648467063903809
0.07156682014465332
0.06431126594543457
0.049987077713012695
0.03519129753112793
0.021287202835083008
0.09108352661132812
0.0820167064666748
0.0670309066772461
0.061280012130737305
0.047009944915771484
0.0321199893951416
0.10785841941833496
0.08693170547485352
0.07269930839538574
0.06527566909790039
0.050841331481933594
0.036431074142456055
0.10669088363647461
0.08385276794433594
0.07870292663574219
0.06369948387145996
0.04895305633544922
0.03374886512756348
0.03153181076049805
0.11279177665710449
0.0958714485168457
0.08146810531616211
0.06701827049255371
0.05266976356506348
0.03890824317932129
0.10918521881103516
0.08356547355651855
0.08143138885498047
0.06707906723022461
0.052751779556274414
0.038329362869262695
0.024686336517333984
0.09201216697692871
0.07753968238830566
0.07744097709655762
0.05907559394836426
0.045059919357299805
0.03039836883544922
0.09353804588317871
0.07945728302001953
0.07404112815856934
0.059342145919799805
0.044931650161743164
0.03136157989501953
0.10685205459594727
0.09068822860717773
0.07677888870239258
0.06180572509765625
0.06302905082702637
0.04862070083618164
0.03454947471618652
0.11866283416748047
0.10033965110778809
0.08181452751159668
0.06757068634033203
0.055088043212890625
0.041362762451171875
0.11074113845825195
0.08638334274291992
0.07304167747497559
0.07329106330871582
0.05866503715515137
0.04071855545043945
0.11122918128967285
0.09716296195983887
0.09780025482177734
0.07973051071166992
0.06514406204223633
0.05109357833862305
0.03629350662231445
0.1094655990600586
0.08542847633361816
0.07555794715881348
0.07277774810791016
0.058277130126953125
0.04396200180053711
0.1077418327331543
0.08495426177978516
0.08191967010498047
0.06700730323791504
0.046111106872558594
0.03194284439086914
0.10428643226623535
0.08968949317932129
0.07534623146057129
0.060347795486450195
0.04583883285522461
0.03143143653869629
0.10965991020202637
0.08687710762023926
0.07244277000427246
0.06913161277770996
0.054955244064331055
0.04067564010620117
0.02469921112060547
0.09264230728149414
0.07786273956298828
0.07639932632446289
0.061573028564453125
0.047016143798828125
0.03280782699584961
0.10834836959838867
0.08268356323242188
0.07716608047485352
0.06275272369384766
0.04856300354003906
0.033830881118774414
0.10769033432006836
0.08732795715332031
0.07319235801696777
0.0590975284576416
0.04666900634765625
0.03984951972961426
0.11581015586853027
0.10285711288452148
0.08901500701904297
0.07665133476257324
0.06262612342834473
0.04836916923522949
0.11079812049865723
0.09240198135375977
0.07708859443664551
0.06266951560974121
0.0485076904296875
0.03467154502868652
0.02039361000061035
0.09781813621520996
0.08809733390808105
0.07366228103637695
0.05995631217956543
0.06115078926086426
0.04691815376281738
0.032701730728149414
0.09830331802368164
0.08096933364868164
0.06311750411987305
0.04842400550842285
0.03380417823791504
0.023619413375854492
0.09509015083312988
0.08062577247619629
0.06462740898132324
0.0585024356842041
0.04421234130859375
0.026886701583862305
0.09167337417602539
0.09163975715637207
0.07030510902404785
0.05275678634643555
0.03870701789855957
0.10974788665771484
0.09006428718566895
0.07608151435852051
0.07410001754760742
0.05895853042602539
0.04069089889526367
0.11161184310913086
0.09687685966491699
0.08594107627868652
0.07111191749572754
0.05800271034240723
0.04896402359008789
0.03776383399963379
0.11197376251220703
0.09780144691467285
0.09352231025695801
0.08201789855957031
0.06754422187805176
0.05254936218261719
0.038301706314086914
0.1079246997833252
0.08939218521118164
0.07728743553161621
0.06426310539245605
0.05902385711669922
0.10758209228515625
0.09536600112915039
0.0811913013458252
0.06692743301391602
0.052336931228637695
0.03783011436462402
0.020238161087036133
0.0923459529876709
0.0782463550567627
0.06966996192932129
0.05856609344482422
0.04395294189453125
0.030080080032348633
0.11191916465759277
0.09981155395507812
0.08566808700561523
0.0706472396850586
0.056642770767211914
0.04207634925842285
0.11299324035644531
0.0978853702545166
0.08329582214355469
0.07669520378112793
0.06250929832458496
0.04200911521911621
0.02754044532775879
0.1083676815032959
0.08997797966003418
0.0759127140045166
0.06099891662597656
0.04815340042114258
0.05107378959655762
0.03736448287963867
0.0977330207824707
0.08946704864501953
0.08362865447998047
0.06940865516662598
0.05500364303588867
0.040581464767456055
0.10962200164794922
0.07966828346252441
0.07083415985107422
0.05676865577697754
0.0495305061340332
0.0355527400970459
0.1113893985748291
0.09750652313232422
0.09247326850891113
0.08509969711303711
0.07090950012207031
0.056466102600097656
0.04281425476074219
0.028523921966552734
0.10629439353942871
0.09036397933959961
0.08422660827636719
0.07125067710876465
0.057006120681762695
0.04282188415527344
0.1260221004486084
0.10271859169006348
0.08838939666748047
0.07417440414428711
0.059351444244384766
0.04512810707092285
0.11013340950012207
0.10087847709655762
0.0865774154663086
0.07319235801696777
0.07683515548706055
0.07560133934020996
0.057672739028930664
0.10539627075195312
0.08796977996826172
0.08183145523071289
0.07802748680114746
0.06426000595092773
0.05064654350280762
0.1334078311920166
0.11357951164245605
0.10173869132995605
0.08720.0386204719543457
0.0913698673248291
0.09771370887756348
0.08601164817810059
0.07073044776916504
0.056359291076660156
0.04146528244018555
0.1054983139038086
0.0943460464477539
0.07932424545288086
0.06493330001831055
0.06032419204711914
0.04655885696411133
0.11035537719726562
0.09896254539489746
0.09560394287109375
0.08137321472167969
0.06346249580383301
0.04910874366760254
0.03496670722961426
0.11080312728881836
0.0886080265045166
0.08568954467773438
0.07134628295898438
0.056267738342285156
0.04262566566467285
0.11206555366516113
0.08320903778076172
0.06898713111877441
0.05118441581726074
0.04658651351928711
0.03383350372314453
0.09312319755554199
0.08569717407226562
0.07164907455444336
0.056929588317871094
0.042203426361083984
0.030894994735717773
0.10238885879516602
0.08967232704162598
0.07987737655639648
0.06153082847595215
0.04685378074645996
0.03186345100402832
0.10438895225524902
0.08307695388793945
0.0813758373260498
0.06666064262390137
0.04859185218811035
0.03332829475402832
0.10790753364562988
0.0895848274230957
0.07523131370544434
0.060758113861083984
0.04706907272338867
0.037291526794433594
0.11011767387390137
0.09682774543762207
0.08278584480285645
0.0684061050415039
0.05357050895690918
0.03603005409240723
0.12653589248657227
0.10560941696166992
0.09157514572143555
0.07742166519165039
0.04404258728027344
0.12303495407104492
0.09956049919128418
0.08549380302429199
0.08562827110290527
0.07066845893859863
0.05363106727600098
0.03882336616516113
0.09790229797363281
0.08100771903991699
0.07033014297485352
0.06050395965576172
0.046393632888793945
0.02651357650756836
0.09398889541625977
0.07996034622192383
0.07317233085632324
0.058885812759399414
0.0446171760559082
0.03882718086242676
0.10610795021057129
0.08608317375183105
0.07193589210510254
0.06896185874938965
0.05383944511413574
0.03971576690673828
0.024782180786132812
0.09780144691467285
0.10637331008911133
0.09371757507324219
0.07948851585388184
0.06531882286071777
0.05063223838806152
0.03634929656982422
0.09089827537536621
0.08064746856689453
0.06651878356933594
0.059755563735961914
0.0444796085357666
0.030194997787475586
0.10692358016967773
0.10053277015686035
0.08625960350036621
0.07202363014221191
0.05788850784301758
0.04352140426635742
0.030956268310546875
0.10045123100280762
0.09532451629638672
0.08107948303222656
0.051981449127197266
0.03748965263366699
0.11421346664428711
0.08583855628967285
0.08950424194335938
0.07499837875366211
0.06073307991027832
0.045844078063964844
0.031027793884277344
0.0948951244354248
0.08239364624023438
0.06704950332641602
0.06293010711669922
0.058218955993652344
0.044783830642700195
0.1049654483795166
0.08264565467834473
0.08062052726745605
0.06666159629821777
0.05300426483154297
0.0385136604309082
0.1072230339050293
0.0839223861694336
0.0702061653137207
0.05926370620727539
0.04914140701293945
0.0312952995300293
0.10567426681518555
0.08633208274841309
0.07993531227111816
0.06630158424377441
0.04865002632141113
0.03470492362976074
0.11185169219970703
0.09685730934143066
0.08273553848266602
0.06834244728088379
0.05358600616455078
0.0435025691986084
0.10834908485412598
0.08490753173828125
0.07239627838134766
0.07692241668701172
0.06204843521118164
0.0478520393371582
0.0330195426940918
0.08915877342224121
0.07858514785766602
0.07567763328552246
0.062064170837402344
0.0481107234954834
0.03383517265319824
0.1062016487121582
0.09255337715148926
0.08892178535461426
0.07413387298583984
0.06014704704284668
0.04611325263977051
0.10823273658752441
0.09064435958862305
0.07260704040527344
0.06156039237976074
0.04722261428833008
0.034314870834350586
0.106658935546875
0.08687973022460938
0.06669116020202637
0.05401349067687988
0.04094386100769043
0.028612375259399414
0.10768651962280273
0.09833550453186035
0.0834817886352539
0.0731968879699707
0.05852556228637695
0.04076862335205078
0.09530425071716309
0.07395625114440918
0.06624817848205566
0.057486534118652344
0.040308475494384766
0.030459165573120117
0.10869741439819336
0.09514045715332031
0.0801384449005127
0.06520485877990723
0.050289154052734375
0.04024672508239746
0.1112065315246582
0.08197879791259766
0.06723928451538086
0.05639076232910156
0.03877973556518555
0.03758955001831055
0.09234237670898438
0.07859683036804199
0.06626605987548828
0.06400704383850098
0.049184322357177734
0.035601139068603516
0.1038808822631836
0.09539246559143066
0.08139848709106445
0.06343698501586914
0.048966169357299805
0.031185150146484375
0.09117817878723145
0.08273863792419434
0.07219219207763672
0.05797219276428223
0.04414629936218262
0.047344207763671875
0.10699748992919922
0.08589887619018555
0.07137608528137207
0.061100006103515625
0.0471186637878418
0.03361225128173828
0.1088094711303711
0.09693694114685059
0.08520126342773438
0.0708615779876709
0.05590248107910156
0.05658888816833496
0.03698086738586426
0.09441614151000977
0.08017230033874512
0.06277155876159668
0.0490269660949707
0.024721145629882812
0.10357952117919922
0.0887913703918457
0.08412289619445801
0.07141590118408203
0.05994915962219238
0.03926515579223633
0.10838651657104492
0.09929323196411133
0.08430647850036621
0.06981348991394043
0.05493807792663574
0.04071831703186035
0.026204824447631836
0.0946202278137207
0.08056378364562988
0.06613278388977051
0.05262327194213867
0.049561500549316406
0.03426480293273926
0.12256550788879395
0.09974241256713867
0.08461999893188477
0.07037591934204102
0.055971622467041016
0.04169011116027832
0.11253619194030762
0.09568333625793457
0.0810389518737793
0.06834101676940918
0.06248831748962402
0.04488348960876465
0.02937626838684082
0.10247588157653809
0.08501100540161133
0.07755708694458008
0.06569623947143555
0.050762176513671875
0.03629899024963379
0.11292624473571777
0.08515048027038574
0.07282304763793945
0.06346988677978516
0.04913496971130371
0.042249202728271484
0.12221145629882812
0.1077878475189209
0.10471200942993164
0.09033679962158203
0.07635331153869629
0.06254982948303223
0.04777860641479492
0.10658049583435059
0.08985280990600586
0.07565021514892578
0.058541297912597656
0.04619407653808594
0.03333401679992676
0.021116971969604492
0.09667229652404785
0.09448862075805664
0.0803227424621582
0.06201481819152832
0.04771995544433594
0.03368878364562988
0.11700916290283203
0.09509658813476562
0.08109498023986816
0.06709671020507812
0.05263519287109375
0.03857874870300293
0.023954391479492188
0.09397745132446289
0.0960235595703125
0.08082079887390137
0.06298565864562988
0.04869508743286133
0.034262895584106445
0.1028592586517334
0.09104299545288086
0.07685065269470215
0.0632791519165039
0.060720205307006836
0.0457921028137207
0.03223395347595215
0.09506106376647949
0.07692718505859375
0.0713956356048584
0.05748581886291504
0.039531707763671875
0.025175809860229492
0.09368181228637695
0.07679867744445801
0.06371521949768066
0.05036473274230957
0.04421091079711914
0.029086589813232422
0.09100461006164551
0.08249902725219727
0.06573700904846191
0.051772356033325195
0.03733205795288086
0.026483774185180664
0.09591960906982422
0.0818789005279541
0.06754755973815918
0.06552481651306152
0.0487363338470459
0.03346872329711914
0.1053466796875
0.0862586498260498
0.07282209396362305
0.0627133846282959
0.04896402359008789
0.03783726692199707
0.10926365852355957
0.09693121910095215
0.08226561546325684
0.07579183578491211
0.03808879852294922
0.02421426773071289
0.10069823265075684
0.09769749641418457
0.08501935005187988
0.06771278381347656
0.05393385887145996
0.038993120193481445
0.10810565948486328
0.0996854305267334
0.09193682670593262
0.08940410614013672
0.07550716400146484
0.048084259033203125
0.03331327438354492
0.0969853401184082
0.08144474029541016
0.08335590362548828
0.06944823265075684
0.055190086364746094
0.0399775505065918
0.1095120906829834
0.0829157829284668
0.0789494514465332
0.06742000579833984
0.053574323654174805
0.03860878944396973
0.12139153480529785
0.10396409034729004
0.08985400199890137
0.07557487487792969
0.07741785049438477
0.0634603500366211
0.04351472854614258
0.10190844535827637
0.0828850269317627
0.06865334510803223
0.058228254318237305
0.04990434646606445
0.0348508358001709
0.10863161087036133
0.08786916732788086
0.0735015869140625
0.05907773971557617
0.06623291969299316
0.052679300300.06481075286865234
0.051580.09398794174194336
0.07920551300048828
0.08495163917541504
0.07033205032348633
0.056501150131225586
0.04141688346862793
0.09104442596435547
0.08077073097229004
0.06646442413330078
0.052123308181762695
0.038005828857421875
0.03819918632507324
0.10625505447387695
0.08554959297180176
0.08420801162719727
0.07291269302368164
0.05865073204040527
0.044146060943603516
0.0337681770324707
0.09904909133911133
0.08578896522521973
0.07554149627685547
0.06087660789489746
0.04628276824951172
0.03700423240661621
0.11218833923339844
0.08328080177307129
0.06921887397766113
0.05526423454284668
0.04697465896606445
0.03687930107116699
0.10547900199890137
0.08785057067871094
0.0726773738861084
0.05814337730407715
0.041036367416381836
0.027302980422973633
0.111236572265625
0.08638739585876465
0.08539938926696777
0.07169675827026367
0.05782294273376465
0.04320931434631348
0.028032302856445312
0.10025310516357422
0.08036136627197266
0.0783529281616211
0.06437158584594727
0.04744148254394531
0.03250932693481445
0.10244059562683105
0.08737635612487793
0.06863284111022949
0.0507049560546875
0.04239225387573242
0.02828192710876465
0.09813904762268066
0.0968327522277832
0.0817575454711914
0.06677079200744629
0.05272555351257324
0.03866243362426758
0.11020255088806152
0.09300732612609863
0.07816433906555176
0.06905317306518555
0.05137920379638672
0.030669212341308594
0.1075737476348877
0.08286643028259277
0.06987428665161133
0.056952476501464844
0.05107235908508301
0.03720235824584961
0.11167311668395996
0.08793997764587402
0.06947588920593262
0.0552365779876709
0.05519390106201172
0.037108659744262695
0.09062933921813965
0.08914995193481445
0.07857012748718262
0.06424570083618164
0.049657344818115234
0.03712630271911621
0.11790966987609863
0.0953669548034668
0.08036160469055176
0.06634283065795898
0.05213594436645508
0.11291027069091797
0.09600830078125
0.08108115196228027
0.0677335262298584
0.055338144302368164
0.042186737060546875
0.0279238224029541
0.10234975814819336
0.08387136459350586
0.08118629455566406
0.06714391708374023
0.05348825454711914
0.035530805587768555
0.11554193496704102
0.10149621963500977
0.0821537971496582
0.0685269832611084
0.05368828773498535
0.03298044204711914
0.10797643661499023
0.10484719276428223
0.09209179878234863
0.0779578685760498
0.06583118438720703
0.05126237869262695
0.03677558898925781
0.10373592376708984
0.09155464172363281
0.08324909210205078
0.06900739669799805
0.05404472351074219
0.03964424133300781
0.025802135467529297
0.09929728507995605
0.0935361385345459
0.08240056037902832
0.06820559501647949
0.05404496192932129
0.039595603942871094
0.10967588424682617
0.08910083770751953
0.07434821128845215
0.07697010040283203
0.06263136863708496
0.04760265350341797
0.033287763595581055
0.09785270690917969
0.08437848091125488
0.06928324699401855
0.05635690689086914
0.04404163360595703
0.03721117973327637
0.11246371269226074
0.0837864875793457
0.06112074851989746
0.05043148994445801
0.03339076042175293
0.10532474517822266
0.09421753883361816
0.08027958869934082
0.06632709503173828
0.05622076988220215
0.041306495666503906
0.10706567764282227
0.08133482933044434
0.07092452049255371
0.05684161186218262
0.041713714599609375
0.03383898735046387
0.1050879955291748
0.0860602855682373
0.07242226600646973
0.05850529670715332
0.04686236381530762
0.03258800506591797
0.12306332588195801
0.09942269325256348
0.08482027053833008
0.07255053520202637
0.05811786651611328
0.043421268463134766
0.028135061264038086
0.11645030975341797
0.09951281547546387
0.08552789688110352
0.07155847549438477
0.05754375457763672
0.043586015701293945
0.028632402420043945
0.0896761417388916
0.07777523994445801
0.07201623916625977
0.058019161224365234
0.04980278015136719
0.03554725646972656
0.10929536819458008
0.08476710319519043
0.08914446830749512
0.07597756385803223
0.06154322624206543
0.04451394081115723
0.030931472778320312
0.09108233451843262
0.08426022529602051
0.06922221183776855
0.05475330352783203
0.04099535942077637
0.026824951171875
0.10320210456848145
0.09337973594665527
0.07888460159301758
0.06459665298461914
0.050295114517211914
0.03628683090209961
0.020928621292114258
0.09785890579223633
0.08474040031433105
0.07474637031555176
0.06366920471191406
0.0502321720123291
0.032573699951171875
0.11232757568359375
0.10122895240783691
0.0871119499206543
0.06906604766845703
0.05454564094543457
0.044359683990478516
0.031133413314819336
0.09239792823791504
0.08147621154785156
0.06646037101745605
0.052731990814208984
0.04638195037841797
0.02853679656982422
0.10669732093811035
0.0867757797241211
0.0732429027557373
0.05799388885498047
0.051294565200805664
0.039183855056762695
0.11495399475097656
0.09279632568359375
0.07864022254943848
0.06429052352905273
0.04982900619506836
0.035605430603027344
0.022083759307861328
0.09798407554626465
0.08295297622680664
0.06811237335205078
0.05365300178527832
0.03926968574523926
0.03136610984802246
0.10886549949645996
0.08595848083496094
0.07149171829223633
0.06179094314575195
0.04738473892211914
0.03672170639038086
0.1115562915802002
0.08687233924865723
0.07264447212219238
0.05911588668823242
0.04918956756591797
0.048372507095336914
0.034003496170043945
0.0977025032043457
0.08374857902526855
0.06960868835449219
0.05494213104248047
0.04458332061767578
0.03705954551696777
0.10523438453674316
0.08872365951538086
0.07745909690856934
0.06308412551879883
0.048641204833984375
0.03345775604248047
0.13295340538024902
0.11988353729248047
0.10582900047302246
0.09100198745727539
0.07709288597106934
0.06286120414733887
0.048990488052368164
0.03487372398376465
0.10658884048461914
0.09770512580871582
0.08387017250061035
0.06892943382263184
0.05448317527770996
0.04360151290893555
0.1058952808380127
0.08194136619567871
0.0680227279663086
0.05568885803222656
0.05428624153137207
0.05184054374694824
0.03830409049987793
0.09626078605651855
0.08430075645446777
0.07326889038085938
0.06196141242980957
0.04583024978637695
0.03100299835205078
0.10657882690429688
0.09167027473449707
0.0806434154510498
0.06607532501220703
0.05190324783325195
0.03760099411010742
0.03125786781311035
0.09097456932067871
0.07728457450866699
0.08090806007385254
0.06749892234802246
0.052590370178222656
0.034616708755493164
0.10551166534423828
0.08182358741760254
0.07595348358154297
0.06183648109436035
0.04679298400878906
0.032382965087890625
0.14678359031677246
0.14238619804382324
0.15954995155334473
0.1448206901550293
0.11540389060974121
0.10153484344482422
0.11417603492736816
0.08099150657653809
0.06192898750305176
0.051279306411743164
0.0404813289642334
0.03103947639465332
0.09685564041137695
0.08739686012268066
0.08167648315429688
0.06732320785522461
0.05300784111022949
0.03832268714904785
0.1102151870727539
0.09929537773132324
0.08466720581054688
0.07033801078796387
0.05613112449645996
0.051570892333984375
0.03686952590942383
0.10501909255981445
0.0989689826965332
0.08086895942687988
0.05940985679626465
0.04751992225646973
0.03317904472351074
0.10189294815063477
0.08496785163879395
0.07083439826965332
0.0583343505859375
0.053157806396484375
0.03796648979187012
0.0229489803314209
0.09425187110900879
0.0832509994506836
0.07843708992004395
0.06545877456665039
0.05145907402038574
0.03659677505493164
0.10465884208679199
0.08696484565734863
0.07278203964233398
0.05878591537475586
0.053347110748291016
0.04616999626159668
0.03304290771484375
0.09800052642822266
0.08986330032348633
0.0761570930480957
0.058527469635009766
0.04379582405090332
0.02924060821533203
0.10498690605163574
0.08586740493774414
0.07760190963745117
0.05966758728027344
0.039000749588012695
0.02677774429321289
0.1008601188659668
0.09797906875610352
0.0836787223815918
0.06967043876647949
0.05465364456176758
0.04028677940368652
0.025708675384521484
0.09439492225646973
0.08039045333862305
0.08156275749206543
0.06728291511535645
0.052655696868896484
0.03774690628051758
0.10484457015991211
0.08675265312194824
0.07175898551940918
0.061182498931884766
0.042992591857910156
0.030404329299926758
0.10833287239074707
0.08727335929870605
0.06849813461303711
0.057694196701049805
0.04321575164794922
0.03293967247009277
0.10966348648071289
0.08473491668701172
0.07784056663513184
0.06260967254638672
0.048897743225097656
0.0.06071281433105469
0.046515464782714844
0.11164069175720215
0.09741950035095215
0.0832972526550293
0.07009482383728027
0.05408644676208496
0.037157535552978516
0.038181304931640625
0.09977412223815918
0.10137224197387695
0.08708691596984863
0.07340764999389648
0.05626106262207031
0.03851580619812012
0.1101980209350586
0.08658766746520996
0.0719289779663086
0.0584256649017334
0.04609346389770508
0.04559636116027832
0.030989408493041992
0.09215736389160156
0.08200430870056152
0.07216954231262207
0.05031323432922363
0.03564715385437012
0.02844834327697754
0.09867668151855469
0.08950638771057129
0.07553791999816895
0.07328486442565918
0.053374528884887695
0.03923201560974121
0.10902547836303711
0.0841677188873291
0.07505106925964355
0.0725400447845459
0.05807971954345703
0.04364418983459473
0.02922821044921875
0.0893869400024414
0.07761383056640625
0.08248186111450195
0.06795239448547363
0.05279064178466797
0.03865361213684082
0.10747456550598145
0.09076261520385742
0.0766746997833252
0.06231522560119629
0.04352426528930664
0.028527259826660156
0.10917973518371582
0.08738565444946289
0.08373904228210449
0.06871914863586426
0.05387139320373535
0.035929203033447266
0.1068418025970459
0.08639264106750488
0.07874894142150879
0.05586552619934082
0.04094076156616211
0.02622532844543457
0.10381698608398438
0.08282303810119629
0.07602810859680176
0.061487436294555664
0.05676674842834473
0.043763160705566406
0.030106782913208008
0.07971525192260742
0.06768918037414551
0.05599188804626465
0.04684925079345703
0.03222990036010742
0.1193082332611084
0.10226631164550781
0.08755755424499512
0.07290816307067871
0.051894426345825195
0.0416407585144043
0.03346371650695801
0.10372400283813477
0.09186863899230957
0.08292078971862793
0.06813716888427734
0.05397844314575195
0.039713382720947266
0.10860061645507812
0.09449172019958496
0.07996988296508789
0.06859064102172852
0.053937673568725586
0.045714378356933594
0.03131532669067383
0.10627079010009766
0.08567428588867188
0.07100915908813477
0.05688881874084473
0.055527687072753906
0.04369544982910156
0.03138852119445801
0.08959364891052246
0.09016060829162598
0.07598733901977539
0.06157088279724121
0.0474543571472168
0.02981281280517578
0.10247611999511719
0.08457779884338379
0.07805609703063965
0.06299686431884766
0.04802560806274414
0.03372645378112793
0.028760910034179688
0.09827566146850586
0.08404541015625
0.07018542289733887
0.05589771270751953
0.04162955284118652
0.02409219741821289
0.10019302368164062
0.09339332580566406
0.07948875427246094
0.06473684310913086
0.050787925720214844
0.036043643951416016
0.0220186710357666
0.10015654563903809
0.08586645126342773
0.07499837875366211
0.06007695198059082
0.044954776763916016
0.025204896926879883
0.11800289154052734
0.10399651527404785
0.08976149559020996
0.07529330253601074
0.061408042907714844
0.04728555679321289
0.03282308578491211
0.09195733070373535
0.07752203941345215
0.06469178199768066
0.07369208335876465
0.059984683990478516
0.04501008987426758
0.1071310043334961
0.08425474166870117
0.07597637176513672
0.0646669864654541
0.05059218406677246
0.035613059997558594
0.10817241668701172
0.0888671875
0.07460665702819824
0.06975865364074707
0.03938794136047363
0.10608792304992676
0.0861048698425293
0.07207489013671875
0.05790829658508301
0.04364156723022461
0.03580069541931152
0.10894441604614258
0.08925628662109375
0.07403039932250977
0.06013822555541992
0.045722007751464844
0.040029287338256836
0.02569103240966797
0.09198546409606934
0.0809640884399414
0.0668325424194336
0.05233001708984375
0.04433703422546387
0.032054901123046875
0.10681796073913574
0.09256148338317871
0.0782003402709961
0.06411290168762207
0.04969358444213867
0.03525972366333008
0.10460162162780762
0.08342647552490234
0.07409453392028809
0.06964302062988281
0.0552372932434082
0.041254281997680664
0.11126017570495605
0.08750104904174805
0.07346940040588379
0.06908798217773438
0.054772377014160156
0.039838314056396484
0.02540111541748047
0.08994603157043457
0.08777785301208496
0.07363080978393555
0.058504581451416016
0.04400992393493652
0.038176536560058594
0.10496783256530762
0.09781932830810547
0.09157109260559082
0.07744359970092773
0.06374120712280273
0.04926729202270508
0.03466057777404785
0.0950627326965332
0.08105778694152832
0.0665891170501709
0.05599522590637207
0.0443880558013916
0.0232541561126709
0.10171246528625488
0.09154510498046875
0.07743597030639648
0.062265634536743164
0.04758000373840332
0.0459749698638916
0.032584428787231445
0.10185551643371582
0.08491969108581543
0.07700228691101074
0.06281685829162598
0.04814267158508301
0.033705711364746094
0.026940107345581055
0.09013986587524414
0.08874201774597168
0.07437539100646973
0.06022906303405762
0.046053409576416016
0.03155827522277832
0.10954523086547852
0.08418488502502441
0.07120084762573242
0.06550884246826172
0.051254987716674805
0.034305572509765625
0.11056351661682129
0.09350776672363281
0.07607531547546387
0.06156110763549805
0.04509234428405762
0.04169821739196777
0.031618356704711914
0.09858894348144531
0.09077596664428711
0.0763399600982666
0.05889558792114258
0.044443607330322266
0.03004622459411621
0.09759211540222168
0.0888521671295166
0.04404425621032715
0.030146121978759766
0.1056973934173584
0.10361456871032715
0.08545947074890137
0.0675804615020752
0.049857139587402344
0.032006263732910156
0.10387277603149414
0.09437823295593262
0.08017420768737793
0.06633353233337402
0.05172085762023926
0.03714394569396973
0.028829097747802734
0.09218668937683105
0.07731986045837402
0.06461739540100098
0.06561088562011719
0.05058622360229492
0.03649091720581055
0.12373638153076172
0.10241293907165527
0.08841776847839355
0.0739281177520752
0.06041097640991211
0.04593658447265625
0.11254620552062988
0.0888822078704834
0.0749063491821289
0.06409835815429688
0.05286002159118652
0.03892087936401367
0.11419892311096191
0.10308218002319336
0.08902907371520996
0.07460784912109375
0.06016349792480469
0.05042600631713867
0.03818845748901367
0.11006546020507812
0.08921337127685547
0.08016681671142578
0.07335734367370605
0.0664217472076416
0.05352783203125
0.03209686279296875
0.09261345863342285
0.08199024200439453
0.0679173469543457
0.0671226978302002
0.05273747444152832
0.038641929626464844
0.10689616203308105
0.08703184127807617
0.07605552673339844
0.061040639877319336
0.04685211181640625
0.033461570739746094
0.026432275772094727
0.09654927253723145
0.08506560325622559
0.08565425872802734
0.07082247734069824
0.05646824836730957
0.04232358932495117
0.11776256561279297
0.10044026374816895
0.08678460121154785
0.07236981391906738
0.0578610897064209
0.04826545715332031
0.033830881118774414
0.11132526397705078
0.09596967697143555
0.08543252944946289
0.07108569145202637
0.07027411460876465
0.0560915470123291
0.03897690773010254
0.0917961597442627
0.08766388893127441
0.07343745231628418
0.05562233924865723
0.04958462715148926
0.03636670112609863
0.09388136863708496
0.08574485778808594
0.07239794731140137
0.05791163444519043
0.03977775573730469
0.02487325668334961
0.0994412899017334
0.08733677864074707
0.08014917373657227
0.06580710411071777
0.045293331146240234
0.031003236770629883
0.10516953468322754
0.09636402130126953
0.07921719551086426
0.06536316871643066
0.04773855209350586
0.03377103805541992
0.11098647117614746
0.09232044219970703
0.09007573127746582
0.07791352272033691
0.06270265579223633
0.045070648193359375
0.031058788299560547
0.11725926399230957
0.0973367691040039
0.083160400390625
0.06785392761230469
0.053678035736083984
0.03989863395690918
0.025916576385498047
0.09806203842163086
0.0850379467010498
0.06982564926147461
0.05189108848571777
0.04096651077270508
0.026535749435424805
0.10388827323913574
0.08714771270751953
0.07619857788085938
0.06168770790100098
0.04760551452636719
0.034705400466918945
0.030477523803710938
0.09277582168579102
0.08129262924194336
0.06625127792358398
0.060883522033691406
0.04521489143371582
0.030864715576171875
0.09305500984191895
0.07912826538085938
0.06668639183044434
0.0683600902557373
0.055650949478149414
0.038216590881347656
0.08510756492614746
0.06608080863952637
0.05837440490722656
0.04208493232727051
0.032845258712768555
0.10645174980163574
0.10026955604553223
0.09419727325439453
0.08139419555664062
0.06945538520812988
0.0550.04101848602294922
0.09104585647583008
0.07806873321533203
0.06328845024108887
0.05930805206298828
0.04533958435058594
0.031433820724487305
0.10666489601135254
0.08767819404602051
0.07225370407104492
0.05799555778503418
0.053022146224975586
0.024927616119384766
0.09096264839172363
0.08645343780517578
0.07221746444702148
0.05815553665161133
0.04349684715270996
0.04178881645202637
0.0934286117553711
0.08196616172790527
0.06703925132751465
0.04962301254272461
0.03789186477661133
0.02890801429748535
0.10908770561218262
0.08619141578674316
0.07168102264404297
0.06728553771972656
0.049797773361206055
0.03540611267089844
0.11608052253723145
0.0992436408996582
0.09125375747680664
0.07708382606506348
0.06217598915100098
0.04813194274902344
0.03372526168823242
0.10394167900085449
0.08947205543518066
0.07512187957763672
0.06073617935180664
0.04578280448913574
0.0315244197845459
0.1070718765258789
0.08679628372192383
0.07642245292663574
0.06205940246582031
0.047369956970214844
0.04258251190185547
0.027405261993408203
0.09146523475646973
0.09053397178649902
0.07616329193115234
0.0617218017578125
0.04744315147399902
0.03215742111206055
0.11291360855102539
0.08900833129882812
0.0776512622833252
0.08026719093322754
0.06592035293579102
0.050950050354003906
0.035622358322143555
0.10762214660644531
0.09165167808532715
0.07681965827941895
0.06134772300720215
0.046361446380615234
0.03379058837890625
0.10991954803466797
0.10256242752075195
0.08765459060668945
0.07291436195373535
0.05828356742858887
0.043251991271972656
0.11035561561584473
0.09630918502807617
0.08121299743652344
0.06748056411743164
0.0552670955657959
0.050345659255981445
0.03107476234436035
0.08895325660705566
0.0762324333190918
0.06718063354492188
0.05253767967224121
0.02414846420288086
0.10646319389343262
0.09258723258972168
0.07819032669067383
0.07222604751586914
0.0585169792175293
0.04329395294189453
0.029056310653686523
0.10441040992736816
0.09036827087402344
0.07613539695739746
0.061727046966552734
0.04765582084655762
0.03369712829589844
0.10894012451171875
0.08938384056091309
0.07486653327941895
0.07143497467041016
0.05737113952636719
0.042731285095214844
0.028825759887695312
0.10129141807556152
0.08394598960876465
0.06926250457763672
0.05492830276489258
0.03342080116271973
0.019050121307373047
0.09355020523071289
0.07973098754882812
0.08230257034301758
0.06428194046020508
0.049855947494506836
0.03216385841369629
0.09322237968444824
0.07974720001220703
0.07710456848144531
0.062098026275634766
0.048145294189453125
0.034681081771850586
0.1095278263092041
0.08646488189697266
0.08972477912902832
0.07524442672729492
0.060822486877441406
0.04619765281677246
0.03291678428649902
0.10823965072631836
0.08976054191589355
0.07175660133361816
0.0578310489654541
0.04313206672668457
0.025784969329833984
0.1040956974029541
0.09374260902404785
0.08009147644042969
0.05868196487426758
0.0442357063293457
0.02994251251220703
0.10678553581237793
0.08671092987060547
0.07870912551879883
0.06404495239257812
0.055708885192871094
0.04118537902832031
0.02655506134033203
0.09456324577331543
0.08389115333557129
0.06949973106384277
0.054833412170410156
0.04841208457946777
0.03850054740905762
0.1069040298461914
0.09750103950500488
0.08307743072509766
0.06780672073364258
0.053505659103393555
0.03903007507324219
0.024288654327392578
0.09736418724060059
0.08936524391174316
0.0749826431274414
0.06020712852478027
0.045743703842163086
0.030748367309570312
0.11984729766845703
0.09660124778747559
0.08215951919555664
0.0676727294921875
0.046785831451416016
0.032328128814697266
0.10655474662780762
0.08992958068847656
0.07578110694885254
0.06134796142578125
0.046823978424072266
0.03329062461853027
0.025559425354003906
0.09156465530395508
0.08149528503417969
0.07988452911376953
0.0652163028717041
0.05083942413330078
0.03644132614135742
0.11023974418640137
0.10116147994995117
0.08944487571716309
0.0742025375366211
0.0600886344909668
0.04568219184875488
0.031217098236083984
0.09734988212585449
0.09583497047424316
0.08112668991088867
0.06351852416992188
0.04844045639038086
0.03412485122680664
0.10795068740844727
0.08342695236206055
0.07128620147705078
0.05997204780578613
0.04172515869140625
0.03165006637573242
0.10291433334350586
0.0902254581451416
0.06875324249267578
0.054579734802246094
0.040331363677978516
0.02580428123474121
0.10061812400817871
0.09647488594055176
0.08171200752258301
0.06723999977111816
0.05347013473510742
0.03853726387023926
0.023430347442626953
0.09625506401062012
0.08153915405273438
0.06839704513549805
0.05582547187805176
0.04331803321838379
0.03100895881652832
0.01859140396118164
0.10619950294494629
0.09221124649047852
0.0778052806854248
0.0633847713470459
0.0488741397857666
0.0340580940246582
0.1068258285522461
0.0862112045288086
0.08109664916992188
0.06935286521911621
0.054695844650268555
0.040277719497680664
0.025710105895996094
0.09774231910705566
0.0868825912475586
0.07764315605163574
0.06334996223449707
0.0489504337310791
0.03425478935241699
0.10620546340942383
0.09037256240844727
0.07608437538146973
0.062166690826416016
0.04784989356994629
0.033876895904541016
0.0211789608001709
0.10652589797973633
0.08864831924438477
0.0737299919128418
0.05922389030456543
0.0448455810546875
0.030381202697753906
0.10526156425476074
0.08229422569274902
0.0701296329498291
0.06331276893615723
0.049417734146118164
0.03547048568725586
0.035009145736694336
0.1037900447845459
0.0885610580444336
0.07433843612670898
0.060028076171875
0.045577049255371094
0.03106975555419922
0.11150598526000977
0.08966851234436035
0.07600069046020508
0.0670480728149414
0.05164170265197754
0.037325143814086914
0.02294778823852539
0.10432147979736328
0.09025883674621582
0.07584166526794434
0.061089515686035156
0.046703338623046875
0.0318143367767334
0.10698628425598145
0.0863199234008789
0.07211565971374512
0.06134796142578125
0.046838998794555664
0.04588007926940918
0.03158974647521973
0.08931446075439453
0.08046722412109375
0.07245421409606934
0.057689666748046875
0.0431978702545166
0.027933359146118164
0.11260604858398438
0.10125088691711426
0.0867924690246582
0.07230758666992188
0.05788779258728027
0.04354524612426758
0.0292510986328125
0.09903812408447266
0.08469891548156738
0.07347655296325684
0.05321145057678223
0.037816524505615234
0.031815528869628906
0.10282135009765625
0.08952188491821289
0.07528042793273926
0.06109142303466797
0.04646778106689453
0.03964877128601074
0.03190183639526367
0.08995485305786133
0.08117318153381348
0.07786703109741211
0.06337571144104004
0.04800581932067871
0.03326845169067383
0.12130594253540039
0.10156822204589844
0.08828949928283691
0.07553267478942871
0.0611116886138916
0.04574990272521973
0.03155875205993652
0.09623908996582031
0.07756257057189941
0.06818842887878418
0.059932708740234375
0.0453028678894043
0.030948162078857422
0.10558652877807617
0.10272502899169922
0.0890049934387207
0.07452225685119629
0.060007333755493164
0.04557085037231445
0.03126335144042969
0.11767220497131348
0.10012602806091309
0.08523106575012207
0.07097434997558594
0.05652427673339844
0.042054176330566406
0.027811288833618164
0.10684680938720703
0.09090447425842285
0.07616257667541504
0.06196451187133789
0.04729628562927246
0.03276824951171875
0.1074516773223877
0.08635520935058594
0.07210874557495117
0.06999802589416504
0.0558624267578125
0.034130096435546875
0.10597896575927734
0.08619356155395508
0.07118606567382812
0.057356834411621094
0.054119110107421875
0.039755821228027344
0.024599313735961914
0.10657596588134766
0.09258770942687988
0.07809758186340332
0.0631570816040039
0.04883408546447754
0.03455829620361328
0.1073760986328125
0.09608030319213867
0.08152437210083008
0.06728148460388184
0.052779197692871094
0.04567146301269531
0.033013343811035156
0.08934855461120605
0.0881962776184082
0.07361125946044922
0.05840897560119629
0.04405832290649414
0.02982354164123535
0.1063394546508789
0.08328914642333984
