0.0975637435913086
0.1096029281616211
0.09061837196350098
0.0756676197052002
0.06419968605041504
0.050530195236206055
0.10484004020690918
0.08422613143920898
0.0740513801574707
0.05913519859313965
0.04949760437011719
0.037728309631347656
0.10485529899597168
0.09032344818115234
0.07587027549743652
0.06154775619506836
0.047965049743652344
0.03465390205383301
0.02531576156616211
0.10089230537414551
0.08215665817260742
0.0857696533203125
0.07138872146606445
0.05384111404418945
0.03979992866516113
0.10869193077087402
0.08792781829833984
0.07364702224731445
0.05562758445739746
0.04195666313171387
0.028181791305541992
0.1230614185333252
0.10112619400024414
0.08698320388793945
0.07316827774047852
0.05893659591674805
0.044113874435424805
0.1143488883972168
0.09233736991882324
0.07969784736633301
0.0725252628326416
0.05457019805908203
0.040643930435180664
0.11507821083068848
0.10253620147705078
0.08850741386413574
0.07427692413330078
0.05983757972717285
0.04499554634094238
0.11760950088500977
0.08252406120300293
0.06755232810974121
0.05287599563598633
0.03848886489868164
0.023610591888427734
0.09375834465026855
0.09620380401611328
0.08197760581970215
0.06765270233154297
0.053078651428222656
0.038785457611083984
0.11079931259155273
0.0861971378326416
0.07189488410949707
0.06881141662597656
0.05426788330078125
0.039911508560180664
0.024748802185058594
0.10633444786071777
0.09138917922973633
0.07777619361877441
0.07475829124450684
0.061174631118774414
0.04312562942504883
0.08602738380432129
0.0809638500213623
0.0660243034362793
0.05237579345703125
0.04835224151611328
0.03479480743408203
0.11582565307617188
0.11368584632873535
0.0995473861694336
0.08450841903686523
0.08113455772399902
0.06938958168029785
0.05640244483947754
0.09822344779968262
0.08234333992004395
0.06835770606994629
0.0646216869354248
0.10866427421569824
0.11435794830322266
0.09837126731872559
0.08246350288391113
0.06787967681884766
0.052782535552978516
0.03803610801696777
0.1278238296508789
0.10094618797302246
0.08687019348144531
0.0724482536315918
0.05778050422668457
0.03963828086853027
0.1175847053527832
0.0924217700958252
0.07822513580322266
0.06363129615783691
0.04949593544006348
0.04383277893066406
0.032000064849853516
0.09525728225708008
0.0840609073638916
0.0661628246307373
0.04846668243408203
0.03409719467163086
0.02033686637878418
0.09717130661010742
0.08655667304992676
0.07161855697631836
0.06088709831237793
0.054515838623046875
0.039404869079589844
0.025231361389160156
0.10062670707702637
0.08620333671569824
0.07190585136413574
0.05674338340759277
0.04172325134277344
0.0271151065826416
0.10725712776184082
0.08843302726745605
0.07030892372131348
0.06670737266540527
0.05161571502685547
0.03659629821777344
0.09319829940795898
0.07859945297241211
0.07729148864746094
0.06291556358337402
0.04861307144165039
0.03341221809387207
0.09163308143615723
0.08652305603027344
0.07214140892028809
0.05803656578063965
0.042903900146484375
0.03536248207092285
0.08362674713134766
0.07251882553100586
0.05913043022155762
0.04532480239868164
0.03275585174560547
0.021176576614379883
0.09888219833374023
0.08694267272949219
0.07987737655639648
0.06528806686401367
0.0470731258392334
0.029488086700439453
0.10323667526245117
0.09914493560791016
0.08654308319091797
0.07152485847473145
0.057209014892578125
0.03657388687133789
0.10753393173217773
0.0847024917602539
0.0719151496887207
0.06694364547729492
0.053041696548461914
0.03875422477722168
0.024411439895629883
0.09999656677246094
0.08773326873779297
0.07263302803039551
0.05833864212036133
0.04706120491027832
0.03265070915222168
0.1054537296295166
0.09238171577453613
0.0868065357208252
0.07300662994384766
0.05851244926452637
0.04456186294555664
0.10713076591491699
0.09581708908081055
0.08163785934448242
0.0673069953918457
0.0532994270324707
0.04023265838623047
0.03272056579589844
0.10514092445373535
0.09116911888122559
0.07674193382263184
0.06211686134338379
0.029424667358398438
0.10700321197509766
0.08862924575805664
0.0695185661315918
0.07045650482177734
0.04286646842956543
0.02926158905029297
0.09252214431762695
0.07879304885864258
0.07744526863098145
0.06355023384094238
0.04858565330505371
0.03657221794128418
0.1105501651763916
0.09610199928283691
0.08734488487243652
0.08044815063476562
0.06638550758361816
0.051577091217041016
0.03726315498352051
0.1098470687866211
0.09482717514038086
0.08408451080322266
0.07133960723876953
0.053497314453125
0.025582075119018555
0.09656071662902832
0.08198356628417969
0.06805586814880371
0.05159449577331543
0.0375981330871582
0.02603888511657715
0.10167288780212402
0.0972740650177002
0.07928276062011719
0.06485319137573242
0.048750877380371094
0.03452754020690918
0.1117715835571289
0.1123952865600586
0.09752655029296875
0.08270001411437988
0.06871843338012695
0.052817583084106445
0.11506271362304688
0.08956170082092285
0.08424496650695801
0.07211041450500488
0.0581209659576416
0.04314756393432617
0.11507391929626465
0.09457540512084961
0.07965087890625
0.06470918655395508
0.05059647560119629
0.03613424301147461
0.10904526710510254
0.08100223541259766
0.07092022895812988
0.05597877502441406
0.04146289825439453
0.03896784782409668
0.09219956398010254
0.07726788520812988
0.062299251556396484
0.05007171630859375
0.042227745056152344
0.028717041015625
0.09171175956726074
0.09049654006958008
0.07610344886779785
0.062178850173950195
0.047577619552612305
0.03309917449951172
0.11034584045410156
0.09709620475769043
0.08242201805114746
0.07873845100402832
0.067535400390625
0.05287504196166992
0.03704237937927246
0.09226679801940918
0.08179020881652832
0.0673837661743164
0.0613095760345459
0.04980134963989258
0.03682279586791992
0.11027407646179199
0.0976414680480957
0.08316779136657715
0.06887650489807129
0.05430793762207031
0.03674197196960449
0.11119222640991211
0.09389805793762207
0.08391070365905762
0.06936788558959961
0.05592226982116699
0.047815799713134766
0.11732935905456543
0.08089017868041992
0.061559438705444336
0.048249244689941406
0.039482831954956055
0.024495363235473633
0.11609792709350586
0.11462664604187012
0.0983729362487793
0.0809624195098877
0.06597161293029785
0.0510258674621582
0.10115170478820801
0.09128689765930176
0.0769960880279541
0.06191539764404297
0.049004554748535156
0.12654948234558105
0.10620403289794922
0.09254050254821777
0.07833480834960938
0.06189894676208496
0.043392181396484375
0.12384247779846191
0.0929422378540039
0.07812786102294922
0.04459261894226074
0.11809897422790527
0.11584329605102539
0.10161733627319336
0.08749055862426758
0.0731210708618164
0.06197357177734375
0.04738569259643555
0.13266372680664062
0.11845827102661133
0.10344624519348145
0.08897256851196289
0.07416200637817383
0.05915713310241699
0.04473233222961426
0.11103630065917969
0.09836435317993164
0.08139300346374512
0.0821371078491211
0.05461621284484863
0.03748488426208496
0.09807777404785156
0.08354520797729492
0.07278275489807129
0.06684017181396484
0.05284690856933594
0.03855419158935547
0.023858308792114258
0.09974360466003418
0.10033988952636719
0.0932772159576416
0.07910561561584473
0.0641477108001709
0.04965949058532715
0.09130287170410156
0.08300638198852539
0.0761563777923584
0.06485915184020996
0.04811382293701172
0.03328132629394531
0.11992549896240234
0.1064760684967041
0.10138273239135742
0.08734726905822754
0.07234740257263184
0.05839109420776367
0.04539155960083008
0.09805893898010254
0.08245515823364258
0.06763982772827148
0.058074951171875
0.04751753807067871
0.03268933296203613
0.10311245918273926
0.08923530578613281
0.08400654792785645
0.07216000556945801
0.05853128433227539
0.04441070556640625
0.11059141159057617
0.1028590202331543
0.09207487106323242
0.07791328430175781
0.06392717361450195
0.04977536201477051
0.03564715385437012
0.027299880981445312
0.08960103988647461
0.07950973510742188
0.06534838676452637
0.051451921463012695
0.0389101505279541
0.029062509536743164
0.09354257583618164
0.08284497261047363
0.07477617263793945
0.06034255027770996
0.04539370536804199
0.0312347412109375
0.11837124824523926
0.09241461753845215
0.06056928634643555
0.04606366157531738
0.03545951843261719
0.11057043075561523
0.08416438102722168
0.07169651985168457
0.059602975845336914
0.052695274353027344
0.03901839256286621
0.03740119934082031
0.1052846908569336
0.09255075454711914
0.0827169418334961
0.06820249557495117
0.053899526596069336
0.03932547569274902
0.024279117584228516
0.09498953819274902
0.08492827415466309
0.07416510581970215
0.06318783760070801
0.05284929275512695
0.03917288780212402
0.10655403137207031
0.08779239654541016
0.09193229675292969
0.07047057151794434
0.055312395095825195
0.04090523719787598
0.11338567733764648
0.08927798271179199
0.07507109642028809
0.060148000717163086
0.04517388343811035
0.031037569046020508
0.1086435317993164
0.08600139617919922
0.07524871826171875
0.07148957252502441
0.05719590187072754
0.042197465896606445
0.027846097946166992
0.09801769256591797
0.08671832084655762
0.07557344436645508
0.0625150203704834
0.04612326622009277
0.03154253959655762
0.09876203536987305
0.08342862129211426
0.08645224571228027
0.07223916053771973
0.05786418914794922
0.04351925849914551
0.029124975204467773
0.10263609886169434
0.0837090015411377
0.08402132987976074
0.07013082504272461
0.05553579330444336
0.03387594223022461
0.10437917709350586
0.08595538139343262
0.08335351943969727
0.06472969055175781
0.05055856704711914
0.03592038154602051
0.1065826416015625
0.0936121940612793
0.07965302467346191
0.06505060195922852
0.05112314224243164
0.0370943546295166
0.02713155746459961
0.08894467353820801
0.08109879493713379
0.0692451000213623
0.05483675003051758
0.03803610801696777
0.020940542221069336
0.10036849975585938
0.08610415458679199
0.08722877502441406
0.0722804069519043
0.05768775939941406
0.04378938674926758
0.11868023872375488
0.0928046703338623
0.07870054244995117
0.06412267684936523
0.04805636405944824
0.02875232696533203
0.10419201850891113
0.09403204917907715
0.07973361015319824
0.06216120719909668
0.04853248596191406
0.04021143913269043
0.10978960990905762
0.1030876636505127
0.09323287010192871
0.07885384559631348
0.06348538398742676
0.04893302917480469
0.03484201431274414
0.10711169242858887
0.08687615394592285
0.07651710510253906
0.05572986602783203
0.03525066375732422
0.1162409782409668
0.09332060813903809
0.08272600173950195
0.07837033271789551
0.06394338607788086
0.04949331283569336
0.03446626663208008
0.10100841522216797
0.08040261268615723
0.07860541343688965
0.06624484062194824
0.052072763442993164
0.03764748573303223
0.11246848106384277
0.09519124031066895
0.08803105354309082
0.07375979423522949
0.05938529968261719
0.04538893699645996
0.031459808349609375
0.10924553871154785
0.08379673957824707
0.0863962173461914
0.07170248031616211
0.05677628517150879
0.04236578941345215
0.028023242950439453
0.10811209678649902
0.10392355918884277
0.08967900276184082
0.07466745376586914
0.06011676788330078
0.04537391662597656
0.11285185813903809
0.10201764106750488
0.09223294258117676
0.08191657066345215
0.06684041023254395
0.0520474910736084
0.03719639778137207
0.12449383735656738
0.10058021545410156
0.08583760261535645
0.07051706314086914
0.05574440956115723
0.04195046424865723
0.02800130844116211
0.099212646484375
0.08432269096374512
0.06995248794555664
0.05559539794921875
0.041437625885009766
0.02772688865661621
0.10587930679321289
0.0822594165802002
0.07644224166870117
0.06173348426818848
0.04731488227844238
0.033278703689575195
0.11165976524353027
0.08667683601379395
0.07210540771484375
0.059148550033569336
0.053568124771118164
0.04246044158935547
0.11094331741333008
0.08545851707458496
0.07721590995788574
0.06284332275390625
0.044718027114868164
0.030438899993896484
0.1072690486907959
0.08654427528381348
0.07209920883178711
0.061952829360961914
0.05420112609863281
0.036843299865722656
0.10462069511413574
0.08312797546386719
0.07465076446533203
0.06011819839477539
0.06151127815246582
0.04725837707519531
0.033731698989868164
0.09642553329467773
0.09325337409973145
0.08649444580078125
0.07221674919128418
0.05040621757507324
0.03644824028015137
0.11285901069641113
0.08992338180541992
0.07564210891723633
0.06088376045227051
0.04643130302429199
0.048212528228759766
0.03403973579406738
0.10005640983581543
0.08646416664123535
0.07602429389953613
0.06186270713806152
0.04686474800109863
0.031816959381103516
0.10674524307250977
0.0927283763885498
0.07845234870910645
0.06399679183959961
0.04908490180969238
0.03452610969543457
0.10885429382324219
0.0970311164855957
0.08442902565002441
0.07183527946472168
0.058721065521240234
0.0460355281829834
0.033556461334228516
0.11198306083679199
0.09891772270202637
0.08727812767028809
0.07298040390014648
0.06192159652709961
0.04781746864318848
0.040318965911865234
0.11036467552185059
0.0918121337890625
0.0777120590209961
0.05971074104309082
0.04590153694152832
0.03137636184692383
0.10620808601379395
0.09264850616455078
0.08526420593261719
0.06725215911865234
0.05289793014526367
0.038358211517333984
0.10819530487060547
0.09217119216918945
0.08161735534667969
0.06685185432434082
0.052381038665771484
0.043457984924316406
0.029190778732299805
0.08930850028991699
0.0773775577545166
0.07227849960327148
0.05774211883544922
0.044142961502075195
0.029405832290649414
0.11227965354919434
0.08635616302490234
0.07160758972167969
0.06492948532104492
0.05385303497314453
0.040120840072631836
0.025992870330810547
0.09991836547851562
0.09830307960510254
0.08035874366760254
0.0661017894744873
0.05164623260498047
0.033873558044433594
0.1002354621887207
0.09911060333251953
0.0836026668548584
0.06944608688354492
0.055045366287231445
0.040242910385131836
0.12112569808959961
0.10833072662353516
0.09338521957397461
0.18951201438903809
0.17275619506835938
0.15854334831237793
0.1450345516204834
0.1306018829345703
0.11547374725341797
0.10125851631164551
0.0890340805053711
0.07853555679321289
0.13864564895629883
0.1437227725982666
0.1376025676727295
0.11597657203674316
0.10127830505371094
0.08676695823669434
0.07232165336608887
0.057958126068115234
0.04316449165344238
0.08526802062988281
0.09051179885864258
0.07676506042480469
0.06367850303649902
0.04983186721801758
0.03562140464782715
0.10277056694030762
0.16605186462402344
0.15420031547546387
0.14590167999267578
0.13136816024780273
0.1273212432861328
0.11307549476623535
0.09451985359191895
0.0802454948425293
0.14647364616394043
0.14513039588928223
0.11554169654846191
0.10142016410827637
0.08804821968078613
0.0702362060546875
0.05526995658874512
0.04298853874206543
0.09919404983520508
0.08354806900024414
0.08147168159484863
0.06764554977416992
0.05255460739135742
0.0386354923248291
0.10776853561401367
0.17947673797607422
0.16486787796020508
0.15023255348205566
0.13579535484313965
0.12081646919250488
0.10711240768432617
0.08862066268920898
0.08698129653930664
0.07453560829162598
0.0514836311340332
0.11630821228027344
0.11428666114807129
0.09136724472045898
0.07704901695251465
0.06286883354187012
0.045624732971191406
0.03095269203186035
0.0930321216583252
0.17769145965576172
0.1698319911956787
0.15946698188781738
0.14529919624328613
0.13051819801330566
0.12375068664550781
0.1078031063079834
0.09680056571960449
0.08243560791015625
0.08272790908813477
0.06804513931274414
0.05296659469604492
0.21398353576660156
0.17883992195129395
0.16888928413391113
0.15883755683898926
0.1408395767211914
0.12665081024169922
0.11173224449157715
0.09692215919494629
0.07910895347595215
0.15491080284118652
0.14076972007751465
0.12659740447998047
0.09052252769470215
0.07656383514404297
0.058123111724853516
0.04687380790710449
0.03472542762756348
0.09478259086608887
0.18066048622131348
0.17012953758239746
0.15511322021484375
0.14612340927124023
0.1307828426361084
0.11955451965332031
0.11545300483703613
0.10121726989746094
0.08660769462585449
0.07235383987426758
0.0642240047454834
0.22392797470092773
0.2160956859588623
0.1992630958557129
0.17870807647705078
0.1663963794708252
0.15443181991577148
0.14327406883239746
0.12803030014038086
0.13167262077331543
0.11732959747314453
0.1030416488647461
0.15534114837646484
0.15053296089172363
0.136946439743042
0.12322640419006348
0.08580470085144043
0.06926298141479492
0.054981231689453125
0.040415287017822266
0.10864758491516113
0.20545530319213867
0.19872570037841797
0.1843571662902832
0.17013835906982422
0.15514612197875977
0.14095783233642578
0.12691760063171387
0.12208104133605957
0.10713791847229004
0.09288430213928223
0.07842183113098145
0.06305480003356934
0.22230219841003418
0.2220911979675293
0.18419456481933594
0.17018413543701172
0.15963506698608398
0.14499211311340332
0.11558842658996582
0.10140609741210938
0.08684587478637695
0.15752291679382324
0.1487584114074707
0.1344900131225586
0.1170816421508789
0.10496950149536133
0.08498907089233398
0.07283949851989746
0.06714868545532227
0.05184459686279297
0.037348031997680664
0.10515880584716797
0.17780804634094238
0.16369104385375977
0.16121530532836914
0.1467273235321045
0.13159847259521484
0.1167440414428711
0.10582971572875977
0.09153866767883301
0.07727813720703125
0.06945466995239258
0.22501111030578613
0.21477031707763672
0.18390655517578125
0.1702582836151123
0.1808159351348877
0.16682720184326172
0.1518561840057373
0.13792181015014648
0.12395596504211426
0.1100320816040039
0.16553068161010742
0.15160846710205078
0.16691374778747559
0.15222764015197754
0.13785028457641602
0.10001063346862793
0.08505582809448242
0.07105851173400879
0.05707073211669922
0.04201340675354004
0.10043525695800781
0.07404136657714844
0.05895709991455078
0.0397489070892334
0.11415266990661621
0.09071063995361328
0.17346477508544922
0.15993452072143555
0.15207505226135254
0.13409733772277832
0.14245390892028809
0.12248873710632324
0.10753750801086426
0.08876299858093262
0.14091777801513672
0.13193178176879883
0.12157964706420898
0.12320160865783691
0.10072040557861328
0.08618688583374023
0.07031369209289551
0.053887367248535156
0.03976130485534668
0.09956669807434082
0.08729767799377441
0.07259583473205566
0.05727243423461914
0.04277801513671875
0.028133630752563477
0.10082006454467773
0.08355283737182617
0.0725107192993164
0.05821704864501953
0.04395937919616699
0.030974864959716797
0.10834693908691406
0.11073493957519531
0.0966033935546875
0.0824131965637207
0.06783127784729004
0.05269575119018555
0.03779888153076172
0.10778474807739258
0.08189535140991211
0.06968927383422852
0.06347441673278809
0.05481410026550293
0.04030466079711914
0.11054682731628418
0.0936741828918457
0.08477091789245605
0.07044029235839844
0.05231833457946777
0.039421796798706055
0.03320622444152832
0.09143829345703125
0.08351516723632812
0.06250238418579102
0.04804348945617676
0.03360104560852051
0.020697593688964844
0.10004448890686035
0.09954047203063965
0.0850534439086914
0.0706334114074707
0.05639934539794922
0.04184770584106445
0.02762603759765625
0.10369253158569336
0.08759498596191406
0.07220339775085449
0.05781149864196777
0.05038714408874512
0.035344600677490234
0.11033320426940918
0.11667799949645996
0.10272622108459473
0.08854985237121582
0.07509613037109375
0.06160569190979004
0.04648566246032715
0.03217148780822754
0.10546255111694336
0.08354043960571289
0.06906723976135254
0.05392885208129883
0.03966355323791504
0.026775121688842773
0.0922842025756836
0.07441926002502441
0.06019282341003418
0.04708218574523926
0.04827284812927246
0.0336756706237793
0.10023331642150879
0.0843057632446289
0.08826971054077148
0.07524514198303223
0.06237149238586426
0.04646658897399902
0.12346696853637695
0.09859013557434082
0.08358955383300781
0.06895232200622559
0.05492806434631348
0.040482521057128906
0.1096193790435791
0.10293340682983398
0.08587074279785156
0.0755150318145752
0.05963635444641113
0.044565677642822266
0.030426740646362305
0.08956766128540039
0.0764932632446289
0.0729067325592041
0.05799508094787598
0.04016590118408203
0.1093599796295166
0.086578369140625
0.07548761367797852
0.06468963623046875
0.05029654502868652
0.03586697578430176
0.025037527084350586
0.10256147384643555
0.08462095260620117
0.0703277587890625
0.06383705139160156
0.055117130279541016
0.04010772705078125
0.02588367462158203
0.09520101547241211
0.09395098686218262
0.07947134971618652
0.06466007232666016
0.050199031829833984
0.03547501564025879
0.10792827606201172
0.09423565864562988
0.08050537109375
0.06635308265686035
0.05988359451293945
0.045165300369262695
0.030759811401367188
0.09821295738220215
0.0853879451751709
0.07407593727111816
0.0567929744720459
0.03798341751098633
0.02895522117614746
0.0930490493774414
0.07842040061950684
0.06395173072814941
0.060925960540771484
0.04715085029602051
0.032671213150024414
0.10561656951904297
0.08298516273498535
0.06461095809936523
0.05001950263977051
0.032305240631103516
0.10850739479064941
0.08566522598266602
0.06929826736450195
0.0643315315246582
0.04977607727050781
0.03518271446228027
0.111541748046875
0.08611893653869629
0.07146024703979492
0.07507920265197754
0.06072998046875
0.04606962203979492
0.031874895095825195
0.11414837837219238
0.09919977188110352
0.08167886734008789
0.06700491905212402
0.05266714096069336
0.037947654724121094
0.10685181617736816
0.0854496955871582
0.06800293922424316
0.05432868003845215
0.03838968276977539
0.038330793380737305
0.10532164573669434
0.08281683921813965
0.07404756546020508
0.056569814682006836
0.04599285125732422
0.03177046775817871
0.11977100372314453
0.10551071166992188
0.09091591835021973
0.07667851448059082
0.0620574951171875
0.04723787307739258
0.03559279441833496
0.11208415031433105
0.08517885208129883
0.06996583938598633
0.06491422653198242
0.04514431953430176
0.0302276611328125
0.10221242904663086
0.09691548347473145
0.08349061012268066
0.06895089149475098
0.04813551902770996
0.03362250328063965
0.11417794227600098
0.0892937183380127
0.0742487907409668
0.05991315841674805
0.04589033126831055
0.03625130653381348
0.02227616310119629
0.08926200866699219
0.08427858352661133
0.06949520111083984
0.055104732513427734
0.040764808654785156
0.0342411994934082
0.10618162155151367
0.09398412704467773
0.0806882381439209
0.06641292572021484
0.051573991775512695
0.03832101821899414
0.12839722633361816
0.10223555564880371
0.08701658248901367
0.07356953620910645
0.05846595764160156
0.043845176696777344
0.11976194381713867
0.1061241626739502
0.08921265602111816
0.07567739486694336
0.06487202644348145
0.05093717575073242
0.035986900329589844
0.1132056713104248
0.08433032035827637
0.07069563865661621
0.052384138107299805
0.03761482238769531
0.025530099868774414
0.0918276309967041
0.07974529266357422
0.07459902763366699
0.07220673561096191
0.0583035945892334
0.04387927055358887
0.029813051223754883
0.09684014320373535
0.08190679550170898
0.07531023025512695
0.05257225036621094
0.03793191909790039
0.11122894287109375
0.09600162506103516
0.08201861381530762
0.057424068450927734
0.04225349426269531
0.03395986557006836
0.10732674598693848
0.08429574966430664
0.06919527053833008
0.0560154914855957
0.05279374122619629
0.037490129470825195
0.10821890830993652
0.09715938568115234
0.08319497108459473
0.07236289978027344
0.05810284614562988
0.04387807846069336
0.031139135360717773
0.10840797424316406
0.09749817848205566
0.08499670028686523
0.07102584838867188
0.057355403900146484
0.04450845718383789
0.035665035247802734
0.10886931419372559
0.09437251091003418
0.08256912231445312
0.06918668746948242
0.054750680923461914
0.04053473472595215
0.02607274055480957
0.11431336402893066
0.09040045738220215
0.0806729793548584
0.06638455390930176
0.05201244354248047
0.03738069534301758
0.11049914360046387
0.08896088600158691
0.08345580101013184
0.0693204402923584
0.05449557304382324
0.03949880599975586
0.11199808120727539
0.08615994453430176
0.07190394401550293
0.058409690856933594
0.04993152618408203
0.03646445274353027
0.022680044174194336
0.09253931045532227
0.08143901824951172
0.06704449653625488
0.05414605140686035
0.0505061149597168
0.036777496337890625
0.12323546409606934
0.10224437713623047
0.08791208267211914
0.07381606101989746
0.055391788482666016
0.04096531867980957
0.027410268783569336
0.10445547103881836
0.09562158584594727
0.07732486724853516
0.059113264083862305
0.044777870178222656
0.029872894287109375
0.09175944328308105
0.07603240013122559
0.0762782096862793
0.05785179138183594
0.04410505294799805
0.029872894287109375
0.10011100769042969
0.09950423240661621
0.08531379699707031
0.0709078311920166
0.05692172050476074
0.043122291564941406
0.029046058654785156
0.10097289085388184
0.060939788818359375
0.04955124855041504
0.028557777404785156
0.10678553581237793
0.09849882125854492
0.08428955078125
0.06995964050292969
0.055498361587524414
0.040830373764038086
0.02679920196533203
0.10117554664611816
0.08359360694885254
0.08742046356201172
0.0729825496673584
0.05904221534729004
0.0558774471282959
0.10906600952148438
0.10172104835510254
0.09574627876281738
0.0907440185546875
0.07590913772583008
0.06148862838745117
0.047088623046875
0.12495207786560059
0.09711265563964844
0.08210611343383789
0.06817460060119629
0.054203033447265625
0.04061293601989746
0.026322364807128906
0.09795999526977539
0.08191680908203125
0.06953859329223633
0.06010246276855469
0.045411109924316406
0.027030467987060547
0.10162019729614258
0.08240365982055664
0.07314801216125488
0.0702219009399414
0.05235576629638672
0.03754687309265137
0.11162543296813965
0.08700966835021973
0.07307863235473633
0.06815028190612793
0.05094194412231445
0.03658246994018555
0.024233102798461914
0.0986480712890625
0.08262944221496582
0.06866955757141113
0.06525421142578125
0.050928592681884766
0.03602480888366699
0.10948872566223145
0.09174060821533203
0.08775544166564941
0.07379412651062012
0.05236649513244629
0.037595272064208984
0.022907018661499023
0.09981369972229004
0.08487105369567871
0.07064461708068848
0.056932687759399414
0.04379081726074219
0.0304410457611084
0.10949563980102539
0.09525108337402344
0.08549737930297852
0.07457613945007324
0.05182600021362305
0.038451194763183594
0.10831451416015625
0.08771610260009766
0.07346892356872559
0.07154226303100586
0.05622124671936035
0.0417935848236084
0.1123049259185791
0.10124611854553223
0.09093642234802246
0.07621192932128906
0.061641693115234375
0.050902366638183594
0.037842512130737305
0.11337947845458984
0.0908365249633789
0.07654476165771484
0.07030415534973145
0.056107521057128906
0.04223346710205078
0.12256622314453125
0.10968017578125
0.09552645683288574
0.08111572265625
0.0664510726928711
0.05225729942321777
0.038715362548828125
0.11357951164245605
0.09870505332946777
0.08475041389465332
0.07790279388427734
0.06860542297363281
0.0513920783996582
0.03781008720397949
0.1091916561126709
0.09397697448730469
0.07876825332641602
0.0644845962524414
0.04679274559020996
0.03254961967468262
0.11417794227600098
0.09510493278503418
0.0748739242553711
0.060315608978271484
0.042597055435180664
0.03710031509399414
0.10393762588500977
0.08263492584228516
0.06990218162536621
0.057204484939575195
0.04825711250305176
0.03319239616394043
0.10596799850463867
0.08391499519348145
0.06973457336425781
0.05902814865112305
0.044904232025146484
0.034879446029663086
0.10280704498291016
0.08595967292785645
0.07190251350402832
0.07512569427490234
0.06057882308959961
0.046611785888671875
0.0321955680847168
0.09790968894958496
0.08354973793029785
0.06924104690551758
0.05486464500427246
0.0399327278137207
0.03874468803405762
0.11901497840881348
0.09539532661437988
0.08089303970336914
0.0657949447631836
0.05109071731567383
0.036466121673583984
0.11151385307312012
0.09307408332824707
0.08551025390625
0.07500362396240234
0.0600130558013916
0.04512190818786621
0.035433292388916016
0.10379934310913086
0.09308815002441406
0.07860231399536133
0.06391668319702148
0.049642324447631836
0.035393714904785156
0.10533738136291504
0.08382415771484375
0.07182812690734863
0.059682369232177734
0.020269393920898438
0.1013331413269043
0.09500694274902344
0.08599185943603516
0.07160210609436035
0.057201385498046875
0.043257713317871094
0.028881549835205078
0.11919808387756348
0.09885621070861816
0.08438301086425781
0.06914186477661133
0.0547785758972168
0.04028034210205078
0.11975455284118652
0.10564255714416504
0.0915830135345459
0.07719993591308594
0.06252050399780273
0.04783797264099121
0.03669381141662598
0.10733604431152344
0.09401321411132812
0.0793607234954834
0.06408810615539551
0.049707889556884766
0.035331010818481445
0.11350536346435547
0.10489702224731445
0.15338540077209473
0.1394658088684082
0.12520551681518555
0.11026549339294434
0.09519648551940918
0.10526728630065918
0.10002970695495605
0.08303570747375488
0.07508397102355957
0.061105966567993164
0.09420275688171387
0.08353543281555176
0.07243108749389648
0.06306219100952148
0.051819801330566406
0.03954148292541504
0.09971332550048828
0.08396625518798828
0.061945199966430664
0.04710268974304199
0.03314638137817383
0.026762008666992188
0.09306168556213379
0.08192873001098633
0.0704193115234375
0.05649375915527344
0.04253363609313965
0.03335261344909668
0.10751795768737793
0.10173606872558594
0.08751273155212402
0.0775139331817627
0.06006956100463867
0.04611706733703613
0.11356019973754883
0.09828829765319824
0.08221602439880371
0.07776808738708496
0.06565666198730469
0.05085015296936035
0.03735828399658203
0.10823369026184082
0.08961677551269531
0.07558989524841309
0.05964350700378418
0.0655517578125
0.04416179656982422
0.10607028007507324
0.0826420783996582
0.07094335556030273
0.07693123817443848
0.062459468841552734
0.0484163761138916
0.03386998176574707
0.1033930778503418
0.0814676284790039
0.06734800338745117
0.07465243339538574
0.06279206275939941
0.048265933990478516
0.10485100746154785
0.08572816848754883
0.08679556846618652
0.07172107696533203
0.05686187744140625
0.04478931427001953
0.03058791160583496
0.0976102352142334
0.07838201522827148
0.05891585350036621
0.05661439895629883
0.042505502700805664
0.027616024017333984
0.10331344604492188
0.08538174629211426
0.07082271575927734
0.07482123374938965
0.060623884201049805
0.0460660457611084
0.03130674362182617
0.10056519508361816
0.09190511703491211
0.08653402328491211
0.07747483253479004
0.06291818618774414
0.04852437973022461
0.11769437789916992
0.09457850456237793
0.07962918281555176
0.06559467315673828
0.0517430305480957
0.03461027145385742
0.10770869255065918
0.08672547340393066
0.07203841209411621
0.06421709060668945
0.05111241340637207
0.03639531135559082
0.022217988967895508
0.09180951118469238
0.07732152938842773
0.07183074951171875
0.057259559631347656
0.04639077186584473
0.03273749351501465
0.10814237594604492
0.09007668495178223
0.07587051391601562
0.06080222129821777
0.04653477668762207
0.0364377498626709
0.10738468170166016
0.09296274185180664
0.09373259544372559
0.07930898666381836
0.06574416160583496
0.051560163497924805
0.03700566291809082
0.11606931686401367
0.0868687629699707
0.0691230297088623
0.04507637023925781
0.03344917297363281
0.10918283462524414
0.11238622665405273
0.09818911552429199
0.08382129669189453
0.06733894348144531
0.05263113975524902
0.03835582733154297
0.11436104774475098
0.09976887702941895
0.0948641300201416
0.0796043872833252
0.06484007835388184
0.0506284236907959
0.036202192306518555
0.10848641395568848
0.11301803588867188
0.09840583801269531
0.08726644515991211
0.06982278823852539
0.05582475662231445
0.04074740409851074
0.10748052597045898
0.08826375007629395
0.07628273963928223
0.0637047290802002
0.04892873764038086
0.034680843353271484
0.10658574104309082
0.087371826171875
0.07326912879943848
0.06624007225036621
0.051694393157958984
0.03727412223815918
0.113525390625
0.09342455863952637
0.07948851585388184
0.06941652297973633
0.06396079063415527
0.04315805435180664
0.028699874877929688
0.09496831893920898
0.08754277229309082
0.07310056686401367
0.059111833572387695
0.04488348960876465
0.030376911163330078
0.10836672782897949
0.09914565086364746
0.08491015434265137
0.07038998603820801
0.05641293525695801
0.04207420349121094
0.027123451232910156
0.0945138931274414
0.09197020530700684
0.07729220390319824
0.06275582313537598
0.04932761192321777
0.03502082824707031
0.10836219787597656
0.09895634651184082
0.08475899696350098
0.07058596611022949
0.0562741756439209
0.038271188735961914
0.1169438362121582
0.10201406478881836
0.08405542373657227
0.06602787971496582
0.04810285568237305
0.04508090019226074
0.031116247177124023
0.08959674835205078
0.0774831771850586
0.06516695022583008
0.05541348457336426
0.04493570327758789
0.03284621238708496
0.09641647338867188
0.08504390716552734
0.07084178924560547
0.05630779266357422
0.041428565979003906
0.028071880340576172
0.10782909393310547
0.0831289291381836
0.07079267501831055
0.06558895111083984
0.053427696228027344
0.03552126884460449
0.10167384147644043
0.10052680969238281
0.08655929565429688
0.07262778282165527
0.05868721008300781
0.04710793495178223
0.03280997276306152
0.08751034736633301
0.08650732040405273
0.07133650779724121
0.057039499282836914
0.04315376281738281
0.022745847702026367
0.09647941589355469
0.08567357063293457
0.07146811485290527
0.06956982612609863
0.055047035217285156
0.04103994369506836
0.10656976699829102
0.08744430541992188
0.07341623306274414
0.06002497673034668
0.04786372184753418
0.04668736457824707
0.03244805335998535
0.09140920639038086
0.0841214656829834
0.07633256912231445
0.0621187686920166
0.04790043830871582
0.029509544372558594
0.1028289794921875
0.09381604194641113
0.07970213890075684
0.0697317123413086
0.04892420768737793
0.034049272537231445
0.09350466728210449
0.07840728759765625
0.07098841667175293
0.056596994400024414
0.055548906326293945
0.04123258590698242
0.12752175331115723
0.10055065155029297
0.08655476570129395
0.07236814498901367
0.05833840370178223
0.04352283477783203
0.1084442138671875
0.09621238708496094
0.10088562965393066
0.08688020706176758
0.07258844375610352
0.05857229232788086
0.04363727569580078
0.028456687927246094
0.08678364753723145
0.07776737213134766
0.07080268859863281
0.056493282318115234
0.04232597351074219
0.028311491012573242
0.10351943969726562
0.09772491455078125
0.08327507972717285
0.06880569458007812
0.05426669120788574
0.03983020782470703
0.10729432106018066
0.08813190460205078
0.07405972480773926
0.0634922981262207
0.05626201629638672
0.04181098937988281
0.028159618377685547
0.10466647148132324
0.09488821029663086
0.0805971622467041
0.06612133979797363
0.05116391181945801
0.03774523735046387
0.023282766342163086
0.09843873977661133
0.09962224960327148
0.0854184627532959
0.07084465026855469
0.052880287170410156
0.038643836975097656
0.11853551864624023
0.09895610809326172
0.08446693420410156
0.07051396369934082
0.0564725399017334
0.02596902847290039
0.09861350059509277
0.08156394958496094
0.07179808616638184
0.05806875228881836
0.04311227798461914
0.028182506561279297
0.10027432441711426
0.08496880531311035
0.07398414611816406
0.06006646156311035
0.04590129852294922
0.031879425048828125
0.10644292831420898
0.08397555351257324
0.07275223731994629
0.06385064125061035
0.05284881591796875
0.03491377830505371
0.11025619506835938
0.0853273868560791
0.07456755638122559
0.060288190841674805
0.04538536071777344
0.04134511947631836
0.026570558547973633
0.09448003768920898
0.08791685104370117
0.07372093200683594
0.06520390510559082
0.05038166046142578
0.035935163497924805
0.1086876392364502
0.09765911102294922
0.09414410591125488
0.08866596221923828
0.08116888999938965
0.06600546836853027
0.05132699012756348
0.03736257553100586
0.09709572792053223
0.07865118980407715
0.07319879531860352
0.05925273895263672
0.045088768005371094
0.030905723571777344
0.10764598846435547
0.10710024833679199
0.09226012229919434
0.07814979553222656
0.06365275382995605
0.04619550704956055
0.02868938446044922
0.1069343090057373
0.09866046905517578
0.0853109359741211
0.07113122940063477
0.056932687759399414
0.03576231002807617
0.10169649124145508
0.0815725326538086
0.06958580017089844
0.07124829292297363
0.05859565734863281
0.04411149024963379
0.029936552047729492
0.10040712356567383
0.08347153663635254
0.06890368461608887
0.0634772777557373
0.04924607276916504
0.12229466438293457
0.0989840030670166
0.08405947685241699
0.06922745704650879
0.054350852966308594
0.03980064392089844
0.025653600692749023
0.09156417846679688
0.08377528190612793
0.06863999366760254
0.05432748794555664
0.04038381576538086
0.030092477798461914
0.10318589210510254
0.08586287498474121
0.08010387420654297
0.06547212600708008
0.05027031898498535
0.03594708442687988
0.09327554702758789
0.09351277351379395
0.07921838760375977
0.06476569175720215
0.05037879943847656
0.03567957878112793
0.1084587574005127
0.091522216796875
0.07976102828979492
0.06606698036193848
0.051003217697143555
0.03712630271911621
0.027528762817382812
0.09003710746765137
0.07633304595947266
0.06406545639038086
0.07060742378234863
0.05676841735839844
0.0428614616394043
0.10712742805480957
0.08572745323181152
0.06771373748779297
0.06382226943969727
0.046881914138793945
0.12128663063049316
0.10090517997741699
0.08637404441833496
0.07225346565246582
0.06692290306091309
0.05743265151977539
0.049369096755981445
0.03556203842163086
0.09386873245239258
0.08715128898620605
0.07269072532653809
0.06239438056945801
0.053073883056640625
0.041925907135009766
0.09326338768005371
0.07456064224243164
0.06062126159667969
0.04993557929992676
0.039073944091796875
0.13410496711730957
0.11367034912109375
0.10237383842468262
0.0859074592590332
0.07192707061767578
0.058992624282836914
0.04244565963745117
0.10348320007324219
0.08206558227539062
0.07674813270568848
0.061693429946899414
0.04954385757446289
0.03740119934082031
0.0235593318939209
0.10184574127197266
0.08452224731445312
0.07381272315979004
0.05962109565734863
0.044670820236206055
0.03127932548522949
0.10862159729003906
0.0965418815612793
0.10274696350097656
0.08769917488098145
0.07378649711608887
0.06108713150024414
0.04620933532714844
0.03168916702270508
0.09737396240234375
0.08191728591918945
0.0777280330657959
0.06437826156616211
0.05042314529418945
0.032971858978271484
0.1052865982055664
0.08658957481384277
0.07257366180419922
0.0685126781463623
0.058359622955322266
0.04443478584289551
0.03048849105834961
0.10967874526977539
0.08820819854736328
0.0742194652557373
0.05897355079650879
0.04498553276062012
0.03082418441772461
0.01844620704650879
0.09096908569335938
0.08235383033752441
0.06747746467590332
0.0542445182800293
0.03916501998901367
0.029454708099365234
0.11490058898925781
0.0959770679473877
0.08108377456665039
0.0635213851928711
0.04932141304016113
0.0348820686340332
0.09415602684020996
0.08065462112426758
0.06867408752441406
0.05257558822631836
0.055022478103637695
0.038884639739990234
0.1017751693725586
0.08258724212646484
0.07079410552978516
0.05684638023376465
0.057393550872802734
0.04364347457885742
0.10820484161376953
0.09400057792663574
0.07989811897277832
0.0655519962310791
0.051438093185424805
0.03787374496459961
0.11084675788879395
0.09669017791748047
0.08353114128112793
0.07753324508666992
0.06694984436035156
0.04616832733154297
0.03254437446594238
0.10990428924560547
0.08501362800598145
0.0699615478515625
0.05582451820373535
0.05164670944213867
0.03982806205749512
0.10856294631958008
0.09027552604675293
0.08126521110534668
0.06724119186401367
0.05356955528259277
0.0390472412109375
0.10792660713195801
0.10801506042480469
0.09402751922607422
0.08008813858032227
0.06545758247375488
0.05085420608520508
0.03753304481506348
0.1183018684387207
0.09312295913696289
0.07886934280395508
0.06433844566345215
0.04943656921386719
0.03583979606628418
0.10308694839477539
0.08980154991149902
0.07501482963562012
0.060088396072387695
0.05195116996765137
0.040406227111816406
0.11612820625305176
0.10085892677307129
0.08693408966064453
0.07265996932983398
0.059178829193115234
0.04523348808288574
0.030556678771972656
0.1176910400390625
0.09206414222717285
0.07726263999938965
0.0632941722869873
0.05409121513366699
0.04015755653381348
0.11055922508239746
0.10950374603271484
0.09151029586791992
0.0764925479888916
0.06535530090332031
0.05086684226989746
0.03736424446105957
0.11140251159667969
0.08082008361816406
0.07764506340026855
0.06331777572631836
0.04901838302612305
0.12447166442871094
0.10337519645690918
0.08903074264526367
0.07526659965515137
0.06108236312866211
0.04744362831115723
0.03225874900817871
0.10789299011230469
0.0972127914428711
0.0823965072631836
0.06780362129211426
0.05329298973083496
0.04994773864746094
0.03451728820800781
0.09775590896606445
0.08275794982910156
0.06939482688903809
0.05499696731567383
0.04012250900268555
0.02602076530456543
0.09171700477600098
0.09743714332580566
0.08550047874450684
0.07137107849121094
0.05704212188720703
0.04233384132385254
0.10770440101623535
0.09641528129577637
0.09112930297851562
0.07658863067626953
0.06262087821960449
0.048694610595703125
0.04416370391845703
0.03449726104736328
0.0963277816772461
0.07982754707336426
0.0835733413696289
0.07058024406433105
0.05566549301147461
0.04056954383850098
0.11162924766540527
0.08835124969482422
0.07711148262023926
0.06216239929199219
0.047210693359375
0.029267311096191406
0.10056161880493164
0.08227038383483887
0.07052922248840332
0.05655646324157715
0.045334815979003906
0.03109884262084961
0.10037589073181152
0.08660101890563965
0.07306027412414551
0.05372118949890137
0.0608830451965332
0.04902076721191406
0.10895442962646484
0.0901343822479248
0.0839693546295166
0.07920002937316895
0.06524348258972168
0.05130624771118164
0.03683948516845703
0.10139226913452148
0.08246326446533203
0.06782364845275879
0.0571134090423584
0.043335676193237305
0.03285837173461914
0.10437703132629395
0.10093951225280762
0.08925127983093262
0.07713174819946289
0.06390142440795898
0.05076885223388672
0.0365447998046875
0.10010671615600586
0.08242273330688477
0.07373046875
0.06847476959228516
0.05417823791503906
0.03975963592529297
0.024703264236450195
0.10107731819152832
0.08514976501464844
0.08704853057861328
0.07264256477355957
0.057662248611450195
0.035768985748291016
0.0882413387298584
0.07599639892578125
0.06798863410949707
0.05726337432861328
0.03999495506286621
0.025626420974731445
0.09749841690063477
0.08615732192993164
0.07509636878967285
0.06141066551208496
0.04780006408691406
0.03463125228881836
0.022198915481567383
0.08948469161987305
0.08589816093444824
0.07162308692932129
0.052999019622802734
0.03519725799560547
0.1108713150024414
0.10745811462402344
0.0973057746887207
0.07990002632141113
0.06562352180480957
0.0514063835144043
0.03764986991882324
0.033382415771484375
0.08923482894897461
0.07543420791625977
0.07845640182495117
0.06016993522644043
0.04619789123535156
0.031752824783325195
0.09486699104309082
0.08002662658691406
0.06809043884277344
0.05410623550415039
0.04040718078613281
0.040495872497558594
0.10583949089050293
0.08260583877563477
0.07523918151855469
0.06525206565856934
0.0513150691986084
0.1110999584197998
0.10163712501525879
0.0877077579498291
0.07955813407897949
0.06434917449951172
0.044190168380737305
0.03509521484375
0.10279011726379395
0.07823395729064941
0.07271265983581543
0.06603527069091797
0.05111980438232422
0.03670525550842285
0.10500264167785645
0.08890318870544434
0.07374072074890137
0.05892682075500488
0.044693946838378906
0.03145861625671387
0.020035982131958008
0.10145235061645508
0.08868908882141113
0.07753443717956543
0.06357669830322266
0.048581600189208984
0.0497438907623291
0.10720682144165039
0.08012723922729492
0.0719761848449707
0.06517171859741211
0.05031895637512207
0.03531146049499512
0.10496234893798828
0.09848856925964355
0.07766556739807129
0.06360554695129395
0.04963994026184082
0.03542947769165039
0.12100744247436523
0.09608650207519531
0.0821828842163086
0.07314324378967285
0.058934926986694336
0.04398846626281738
0.02800297737121582
0.09391307830810547
0.07903456687927246
0.0639643669128418
0.05059385299682617
0.042448997497558594
0.03901958465576172
0.09993720054626465
0.08539986610412598
0.07087135314941406
0.05585455894470215
0.044895172119140625
0.03747987747192383
0.10731935501098633
0.08469510078430176
0.0798804759979248
0.0655355453491211
0.05144643783569336
0.03709840774536133
0.030306100845336914
0.1163642406463623
0.09607195854187012
0.08133554458618164
0.0669395923614502
0.05258798599243164
0.03813457489013672
0.11519455909729004
0.09591150283813477
0.08099579811096191
0.06661057472229004
0.052275896072387695
0.037477731704711914
0.02357172966003418
0.09061694145202637
0.08493280410766602
0.06650590896606445
0.05620002746582031
0.04192709922790527
0.027035951614379883
0.10160017013549805
0.0926661491394043
0.07844233512878418
0.056638240814208984
0.04219818115234375
0.030476808547973633
0.10590958595275879
0.08716464042663574
0.07601809501647949
0.06803631782531738
0.053299665451049805
0.03809833526611328
0.023887157440185547
0.09462904930114746
0.0902097225189209
0.07584381103515625
0.06140756607055664
0.0470733642578125
0.038698434829711914
0.12999534606933594
0.10217094421386719
0.08813190460205078
0.07377099990844727
0.05944108963012695
0.044994354248046875
0.031339406967163086
0.09799909591674805
0.0835275650024414
0.0728905200958252
0.05453228950500488
0.04052853584289551
0.02587604522705078
0.09280180931091309
0.08582901954650879
0.07127642631530762
0.05657076835632324
0.042162179946899414
0.041301727294921875
0.1061239242553711
0.08361172676086426
0.07162952423095703
0.06864619255065918
0.05860638618469238
0.043978214263916016
0.029858827590942383
0.1172785758972168
0.09834551811218262
0.07981395721435547
0.06662225723266602
0.05414628982543945
0.04042410850524902
0.11002016067504883
0.08237743377685547
0.07786321640014648
0.06429433822631836
0.049664974212646484
0.037030696868896484
0.1103827953338623
0.1171407699584961
0.10364580154418945
0.08557581901550293
0.07098984718322754
0.05693936347961426
0.04213905334472656
0.12082362174987793
0.09259366989135742
0.07838129997253418
0.06419658660888672
0.05743217468261719
0.043786048889160156
0.10509037971496582
0.08455300331115723
0.07661914825439453
0.06170845031738281
0.040814876556396484
0.029786348342895508
0.09145259857177734
0.07945680618286133
0.06712460517883301
0.05401468276977539
0.044709205627441406
0.030312776565551758
0.10680317878723145
0.08629250526428223
0.0718538761138916
0.06886577606201172
0.05469012260437012
0.04041028022766113
0.02443385124206543
0.08955645561218262
0.07736396789550781
0.06885695457458496
0.05763506889343262
0.04308676719665527
0.02888035774230957
0.10758423805236816
0.10044431686401367
0.0858449935913086
0.07142210006713867
0.05723094940185547
0.042497873306274414
0.11259579658508301
0.09302473068237305
0.0859823226928711
0.07153129577636719
0.0570828914642334
0.04189920425415039
0.11139535903930664
0.08515262603759766
0.07031702995300293
0.05682063102722168
0.05748295783996582
0.044846534729003906
0.10956144332885742
0.08448219299316406
0.07915902137756348
0.06473898887634277
0.05057215690612793
0.03673243522644043
0.02245306968688965
0.10333871841430664
0.0873861312866211
0.07294034957885742
0.07408022880554199
0.05991339683532715
0.045674800872802734
0.03145790100097656
0.09113645553588867
0.0804755687713623
0.06263113021850586
0.04793882369995117
0.033319950103759766
0.029262781143188477
0.09205460548400879
0.08629488945007324
0.07751011848449707
0.06261610984802246
0.04831814765930176
0.030991315841674805
0.09960079193115234
0.0855245590209961
0.06418418884277344
0.04663872718811035
0.035947322845458984
0.11525654792785645
0.09715437889099121
0.08678960800170898
0.072906494140625
0.057756900787353516
0.03948831558227539
0.11406898498535156
0.10924959182739258
0.09277510643005371
0.07793879508972168
0.06406188011169434
0.04985833168029785
0.04302096366882324
0.1089928150177002
0.09722614288330078
0.08279895782470703
0.07057309150695801
0.05824565887451172
0.0541839599609375
0.045005083084106445
0.12196540832519531
0.10099673271179199
0.08694839477539062
0.07203841209411621
0.060013532638549805
0.10681366920471191
0.1019754409790039
0.08780574798583984
0.07354211807250977
0.05895066261291504
0.04444432258605957
0.026854276657104492
0.09158658981323242
0.07776474952697754
0.06937456130981445
0.055014848709106445
0.040856122970581055
0.03805255889892578
0.10560774803161621
0.08614516258239746
0.0720062255859375
0.060950279235839844
0.04695582389831543
0.032552480697631836
0.11532020568847656
0.09677553176879883
0.08218121528625488
0.0845327377319336
0.07364749908447266
0.05342531204223633
0.039040327072143555
0.1035926342010498
0.08251571655273438
0.07505440711975098
0.07533550262451172
0.06393599510192871
0.0499730110168457
0.03601694107055664
0.09936404228210449
0.08365607261657715
0.07464814186096191
0.06501483917236328
0.05977272987365723
0.04655647277832031
0.10886430740356445
0.08611845970153809
0.07581043243408203
0.0700836181640625
0.055909156799316406
0.04235529899597168
0.11056065559387207
0.10027575492858887
0.10200333595275879
0.08752202987670898
0.07332277297973633
0.05887722969055176
0.04522418975830078
0.03093242645263672
0.11894059181213379
0.09896159172058105
0.08492827415466309
0.07121562957763672
0.05696368217468262
0.04277801513671875
0.10448193550109863
0.09367942810058594
0.08225560188293457
0.06804871559143066
0.05322551727294922
0.03900313377380371
0.10967421531677246
0.10909414291381836
0.09481143951416016
0.08097434043884277
0.07786321640014648
0.07443642616271973
0.05650925636291504
0.11389875411987305
0.09617137908935547
0.0924386978149414
0.07871317863464355
0.06454992294311523
0.0506284236907959
0.11508607864379883
0.09529376029968262
0.0803685188293457
0.0762019157409668
0.05820512771606445
0.04283905029296875
0.09146523475646973
0.08071184158325195
0.06557655334472656
0.06407403945922852
0.05377650260925293
0.0388944149017334
0.10329413414001465
0.08731842041015625
0.08328700065612793
0.07366657257080078
0.05924391746520996
0.04498720169067383
0.11039471626281738
0.10347604751586914
0.09858179092407227
0.08811616897583008
0.0702064037322998
0.05585193634033203
0.04171466827392578
0.11108541488647461
0.08518528938293457
0.07822751998901367
0.06389260292053223
0.048813581466674805
0.03412675857543945
0.10918116569519043
0.08690094947814941
0.07268452644348145
0.05046725273132324
0.0359349250793457
0.02307271957397461
0.09671282768249512
0.09620070457458496
0.08215165138244629
0.06742691993713379
0.04929471015930176
0.03508615493774414
0.10032081604003906
0.08646488189697266
0.07993340492248535
0.06620192527770996
0.052329301834106445
0.03734445571899414
0.10463953018188477
0.09318804740905762
0.07880544662475586
0.06408429145812988
0.05160784721374512
0.037766456604003906
0.10814070701599121
0.09924888610839844
0.08489537239074707
0.07042145729064941
0.05673074722290039
0.03826713562011719
0.10337114334106445
0.08771276473999023
0.08958125114440918
0.07550454139709473
0.060674190521240234
0.043132781982421875
0.11254549026489258
0.09162211418151855
0.07758927345275879
0.06343770027160645
0.030062437057495117
0.1079864501953125
0.09660196304321289
0.08254289627075195
0.06806468963623047
0.053079843521118164
0.036598920822143555
0.023904800415039062
0.09811139106750488
0.07799935340881348
0.06615400314331055
0.05760359764099121
0.048642873764038086
0.02877640724182129
0.10052275657653809
0.09802365303039551
0.0828242301940918
0.06853175163269043
0.0542604923248291
0.0395810604095459
0.1185753345489502
0.10346126556396484
0.09009695053100586
0.07648611068725586
0.061708927154541016
0.04759097099304199
0.03265786170959473
0.10098838806152344
0.08449673652648926
0.07470345497131348
0.06047677993774414
0.046308040618896484
0.04246401786804199
0.02819371223449707
0.08909940719604492
0.09398674964904785
0.07985711097717285
0.06559586524963379
0.050310373306274414
0.036025047302246094
0.10721111297607422
0.08629918098449707
0.07201981544494629
0.07112574577331543
0.05870795249938965
0.04434823989868164
0.02884387969970703
0.10422754287719727
0.08629703521728516
0.07204723358154297
0.05225419998168945
0.04085516929626465
0.11150503158569336
0.08356499671936035
0.07160305976867676
0.06293082237243652
0.052032470703125
0.037153005599975586
0.022339582443237305
0.11244368553161621
0.09451937675476074
0.07916927337646484
0.0623631477355957
0.046996355056762695
0.03283548355102539
0.10519289970397949
0.09033560752868652
0.08362603187561035
0.06576967239379883
0.052104949951171875
0.037613630294799805
0.11069989204406738
0.08383440971374512
0.07011222839355469
0.07304763793945312
0.05875515937805176
0.04088735580444336
0.11067509651184082
0.09266829490661621
0.08414506912231445
0.07561707496643066
0.05797123908996582
0.04401397705078125
0.09123897552490234
0.09743666648864746
0.0834050178527832
0.06906270980834961
0.054328203201293945
0.0393366813659668
0.1085042953491211
0.08821249008178711
0.07710528373718262
0.06217670440673828
0.04729628562927246
0.03415274620056152
0.033213138580322266
0.08719587326049805
0.09787273406982422
0.08336019515991211
0.06974005699157715
0.05578041076660156
0.041489362716674805
0.10837769508361816
0.08600854873657227
0.07085418701171875
0.06536602973937988
0.05926918983459473
0.046321868896484375
0.10842680931091309
0.09076499938964844
0.07272720336914062
0.06954312324523926
0.05520439147949219
0.03683757781982422
0.11211419105529785
0.08650493621826172
0.08591365814208984
0.07226872444152832
0.057129621505737305
0.04285001754760742
0.11838793754577637
0.09268403053283691
0.07781267166137695
0.06377553939819336
0.04909706115722656
0.03684282302856445
0.10791802406311035
0.08659720420837402
0.07233190536499023
0.05934762954711914
0.04217028617858887
0.028584718704223633
0.10018610954284668
0.08392930030822754
0.07665276527404785
0.06172919273376465
0.054320573806762695
0.044397592544555664
0.11133575439453125
0.08881711959838867
0.08606982231140137
0.07118034362792969
0.05356240272521973
0.03965425491333008
0.09536051750183105
0.08095955848693848
0.0728600025177002
0.058640480041503906
0.043810367584228516
0.036467552185058594
0.10390615463256836
0.08532476425170898
0.07463288307189941
0.05667853355407715
0.04220867156982422
0.025583267211914062
0.09323334693908691
0.07964968681335449
0.08340859413146973
0.0724327564239502
0.05861353874206543
0.043872833251953125
0.10730767250061035
0.09576940536499023
0.08124613761901855
0.06696605682373047
0.052977561950683594
0.0354461669921875
0.11736106872558594
0.10678315162658691
0.09183979034423828
0.07749271392822266
0.06253242492675781
0.05305647850036621
0.03644156455993652
0.09151577949523926
0.08080005645751953
0.07199382781982422
0.05726170539855957
0.02769303321838379
0.10699033737182617
0.09557318687438965
0.08587312698364258
0.071380615234375
0.05693387985229492
0.03574681282043457
0.10852813720703125
0.0933692455291748
0.07838296890258789
0.06389093399047852
0.05255866050720215
0.03834700584411621
0.023836135864257812
0.10553789138793945
0.09570145606994629
0.08196473121643066
0.06751775741577148
0.05309748649597168
0.037793636322021484
0.10634112358093262
0.08391594886779785
0.0738832950592041
0.06288766860961914
0.04848814010620117
0.0397953987121582
0.10798192024230957
0.09669041633605957
0.08205318450927734
0.0717008113861084
0.05739951133728027
0.05243515968322754
0.03490328788757324
0.10263919830322266
0.0922403335571289
0.07769346237182617
0.06329464912414551
0.04836416244506836
0.033902883529663086
0.10973525047302246
0.09226512908935547
0.07799315452575684
0.06292915344238281
0.05436086654663086
0.04425311088562012
0.1125645637512207
0.10173916816711426
0.08481287956237793
0.07386469841003418
0.05988812446594238
0.05024361610412598
0.0352330207824707
0.1289691925048828
0.10781621932983398
0.09361100196838379
0.07585883140563965
0.061739206314086914
0.04708981513977051
0.0327913761138916
0.1058964729309082
0.08797264099121094
0.0738060474395752
0.05550193786621094
0.04120683670043945
0.03646707534790039
0.10228681564331055
0.09828519821166992
0.0842897891998291
0.07029175758361816
0.055824995040893555
0.04175972938537598
0.02713322639465332
0.09773421287536621
0.08709144592285156
0.07704687118530273
0.05921769142150879
0.04492831230163574
0.030497074127197266
0.1030740737915039
0.09116673469543457
0.07697272300720215
0.0634002685546875
0.062591552734375
0.04766345024108887
0.03410506248474121
0.09996986389160156
0.08262348175048828
0.07242941856384277
0.06426644325256348
0.04631829261779785
0.031961679458618164
0.09380483627319336
0.08684730529785156
0.07946062088012695
0.06425285339355469
0.049156904220581055
0.03402423858642578
0.10302901268005371
0.09878325462341309
0.07880377769470215
0.06483268737792969
0.050390005111694336
0.033521175384521484
0.09123563766479492
0.09266304969787598
0.07833671569824219
0.06333804130554199
0.0465388298034668
0.031270742416381836
0.10245513916015625
0.08365154266357422
0.08291435241699219
0.0685429573059082
0.05115318298339844
0.03891873359680176
0.1115725040435791
0.11048603057861328
0.09581851959228516
0.0815432071685791
0.04382896423339844
0.0299532413482666
0.10076594352722168
0.08297514915466309
0.07773494720458984
0.06560730934143066
0.05183839797973633
0.03689432144165039
0.11034822463989258
0.11040854454040527
0.09586930274963379
0.08171820640563965
0.06781482696533203
0.04039287567138672
0.02562117576599121
0.09708166122436523
0.08453607559204102
0.07237720489501953
0.05847311019897461
0.04421734809875488
0.033994436264038086
0.10971689224243164
0.08625364303588867
0.07000207901000977
0.0594782829284668
0.049466848373413086
0.03450942039489746
0.10885739326477051
0.09401798248291016
0.10183024406433105
0.08754849433898926
0.07269501686096191
0.058730363845825195
0.03878450393676758
0.11524200439453125
0.09034466743469238
0.07610416412353516
0.061792850494384766
0.04727506637573242
0.03221392631530762
0.10888385772705078
0.0879826545715332
0.07361483573913574
0.05919075012207031
0.05992698669433594
0.0454716682434082
0.031447410583496094
0.09133625030517578
0.07679963111877441
0.07108163833618164
0.0564727783203125
0.04264426231384277
0.041454315185546875
0.09294509887695312
0.0778508186340332
0.06354904174804688
0.049890756607055664
0.04172492027282715
0.027052879333496094
0.12821531295776367
0.10725569725036621
0.09215402603149414
0.07767534255981445
0.06339573860168457
0.048882484436035156
0.03453183174133301
0.10324335098266602
0.08492350578308105
0.07094979286193848
0.05777788162231445
0.061652183532714844
0.04645895957946777
0.10690164566040039
0.08386993408203125
0.06981372833251953
0.06933450698852539
0.05402231216430664
0.035830020904541016
0.12679529190063477
0.1023569107055664
0.08716750144958496
0.07262849807739258
0.05552077293395996
0.04063701629638672
0.1115875244140625
0.08674311637878418
0.07234358787536621
0.06447458267211914
0.05058097839355469
0.041028738021850586
0.025846004486083984
0.10467934608459473
0.08951234817504883
0.07556271553039551
0.0615694522857666
0.06387734413146973
0.05143618583679199
0.10253596305847168
0.07900381088256836
0.0672450065612793
0.04935097694396973
0.04598689079284668
0.03188300132751465
0.10899734497070312
0.0978243350982666
0.08275079727172852
0.06777000427246094
0.05527234077453613
0.041828155517578125
0.1105499267578125
0.10994482040405273
0.09279131889343262
0.0785830020904541
0.06089925765991211
0.03958249092102051
0.10981297492980957
0.08296322822570801
0.06995129585266113
0.05701494216918945
0.048073530197143555
0.030547380447387695
0.11200261116027832
0.08823943138122559
0.06977701187133789
0.05553793907165527
0.041565895080566406
0.03780364990234375
0.09076333045959473
0.08609938621520996
0.07143545150756836
0.057109832763671875
0.04569554328918457
0.03368020057678223
0.10559630393981934
0.08751964569091797
0.07562756538391113
0.07137870788574219
0.057172536849975586
0.11319112777709961
0.10331487655639648
0.09755110740661621
0.08343744277954102
0.06913161277770996
0.05062127113342285
0.036345481872558594
0.1046137809753418
0.0872199535369873
0.0814657211303711
0.07259678840637207
0.05894589424133301
0.04098773002624512
0.11240601539611816
0.09161734580993652
0.07227659225463867
0.058649301528930664
0.04381370544433594
0.02420663833618164
0.10483455657958984
0.0831141471862793
0.07457923889160156
0.07260894775390625
0.0621185302734375
0.04755854606628418
0.03307509422302246
0.10049009323120117
0.08454704284667969
0.07079386711120605
0.06183981895446777
0.046875953674316406
0.03631019592285156
0.0388641357421875
0.09666132926940918
0.0800011157989502
0.08046770095825195
0.06796908378601074
0.05381321907043457
0.04143714904785156
0.10976028442382812
0.08921647071838379
0.08459162712097168
0.06976485252380371
0.055425167083740234
0.04040956497192383
0.026099205017089844
0.10020136833190918
0.08449840545654297
0.06940340995788574
0.06034660339355469
0.04577064514160156
0.06211042404174805
0.10937976837158203
0.0810098648071289
0.06339669227600098
0.04870963096618652
0.031662702560424805
0.10029888153076172
0.09635114669799805
0.09108853340148926
0.07284426689147949
0.05790233612060547
0.0429532527923584
0.10533952713012695
0.08512187004089355
0.07101869583129883
0.056928157806396484
0.041799068450927734
0.028065204620361328
0.11064887046813965
0.0856924057006836
0.07204270362854004
0.06250810623168945
0.04118847846984863
0.031264543533325195
0.10930609703063965
0.09302377700805664
0.07842874526977539
0.06433773040771484
0.04990339279174805
0.041649580001831055
0.026371002197265625
0.09764647483825684
0.08097577095031738
0.06889462471008301
0.05681324005126953
0.04470634460449219
0.044100284576416016
0.031124114990234375
0.09187626838684082
0.07782816886901855
0.07535743713378906
0.061356544494628906
0.047522783279418945
0.03326153755187988
0.10715913772583008
0.08807158470153809
0.07790803909301758
0.06363081932067871
0.049188852310180664
0.03329968452453613
0.028957605361938477
0.0978848934173584
0.08063960075378418
0.06559443473815918
0.051125288009643555
0.048245906829833984
0.035813093185424805
0.1081082820892334
0.09285807609558105
0.07836532592773438
0.06407761573791504
0.04977726936340332
0.03577089309692383
0.024158716201782227
0.10208821296691895
0.0845947265625
0.07126712799072266
0.06106972694396973
0.04763174057006836
0.030632495880126953
0.10950231552124023
0.09850120544433594
0.08438372611999512
0.06633758544921875
0.051816701889038086
0.03433871269226074
0.019815444946289062
0.09267973899841309
0.08166742324829102
0.06665396690368652
0.05292487144470215
0.04004025459289551
0.024085283279418945
0.10715174674987793
0.09693360328674316
0.08341026306152344
0.06395101547241211
0.04882240295410156
0.03447270393371582
0.11200642585754395
0.09007573127746582
0.07591867446899414
0.06156754493713379
0.04710578918457031
0.04682302474975586
0.03319144248962402
0.09134626388549805
0.07979893684387207
0.07609820365905762
0.0616455078125
0.04726243019104004
0.03258919715881348
0.10590267181396484
0.09610342979431152
0.08163595199584961
0.06738781929016113
0.052971839904785156
0.03882098197937012
0.11365890502929688
0.08379197120666504
0.07470321655273438
0.06058192253112793
0.0526578426361084
0.03852200508117676
0.023990154266357422
0.09190511703491211
0.08474564552307129
0.07432723045349121
0.06578636169433594
0.05134272575378418
0.03624677658081055
0.10531115531921387
0.08219099044799805
0.06923627853393555
0.06823229789733887
0.05379533767700195
0.03861045837402344
0.11800456047058105
0.10304045677185059
0.08897972106933594
0.08620333671569824
0.07230091094970703
0.05807042121887207
0.04419755935668945
0.030080080032348633
0.1016077995300293
0.08686399459838867
0.08411908149719238
0.07270574569702148
0.05827665328979492
0.0438237190246582
0.1298363208770752
0.10771775245666504
0.0942075252532959
0.08046913146972656
0.0645608901977539
0.05259895324707031
0.03861403465270996
0.09637117385864258
0.09191250801086426
0.08313727378845215
0.06825733184814453
0.05211520195007324
0.037283897399902344
0.11287355422973633
0.09473466873168945
0.07989645004272461
0.06531906127929688
0.05113959312438965
0.036821603775024414
0.02231287956237793
0.08898568153381348
0.08098363876342773
0.07489562034606934
0.0658416748046875
0.05095219612121582
0.032973527908325195
0.11573171615600586
0.09181761741638184
0.07683062553405762
0.06270408630371094
0.047667741775512695
0.03326129913330078
0.16041994094848633
0.15202856063842773
0.13749384880065918
0.12276196479797363
0.09591054916381836
0.08556413650512695
0.10942196846008301
0.09859943389892578
0.0814509391784668
0.06950497627258301
0.05493593215942383
0.040635108947753906
0.10328793525695801
0.09504532814025879
0.08090686798095703
0.06651639938354492
0.0594334602355957
0.04473304748535156
0.11041140556335449
0.10666966438293457
0.09204411506652832
0.08201932907104492
0.07165288925170898
0.05691409111022949
0.042542457580566406
0.10742926597595215
0.08460259437561035
0.07014131546020508
0.052751779556274414
0.04299354553222656
0.028655529022216797
0.09940338134765625
0.08907318115234375
0.07828116416931152
0.06779146194458008
0.05827045440673828
0.04446077346801758
0.030447721481323242
0.10093212127685547
0.09334778785705566
0.07848167419433594
0.06429457664489746
0.050293922424316406
0.035431861877441406
0.11621260643005371
0.09307312965393066
0.0788872241973877
0.07813262939453125
0.0639791488647461
0.049857139587402344
0.03553581237792969
0.10042548179626465
0.09847474098205566
0.08108687400817871
0.06344890594482422
0.04871392250061035
0.03415799140930176
0.11179113388061523
0.08883261680603027
0.07692193984985352
0.058994293212890625
0.03832602500915527
0.023450613021850586
0.10407042503356934
0.08874058723449707
0.0809793472290039
0.06697988510131836
0.05196428298950195
0.037598609924316406
0.023023605346679688
0.08959794044494629
0.07795095443725586
0.07508254051208496
0.0608065128326416
0.046180009841918945
0.03127241134643555
0.10711908340454102
0.09344935417175293
0.07845640182495117
0.06074881553649902
0.04255485534667969
0.029966354370117188
0.10857152938842773
0.08400344848632812
0.07731366157531738
0.06261229515075684
0.04812812805175781
0.03397321701049805
0.1261460781097412
0.10121774673461914
0.08379364013671875
0.07144761085510254
0.05773735046386719
0.043535709381103516
0.10843491554260254
0.09678125381469727
0.09751272201538086
0.08748197555541992
0.06969022750854492
0.05105090141296387
0.039124488830566406
0.10894060134887695
0.09287261962890625
0.07793712615966797
0.06419801712036133
0.04704546928405762
0.029300689697265625
0.1122283935546875
0.08861637115478516
0.0770876407623291
0.06358838081359863
0.04934096336364746
0.045912742614746094
0.032433271408081055
0.08921122550964355
0.08152318000793457
0.07152962684631348
0.05835151672363281
0.0436854362487793
0.03115367889404297
0.09828543663024902
0.09709644317626953
0.08312845230102539
0.06902909278869629
0.049112796783447266
0.034972190856933594
0.1084434986114502
0.08670330047607422
0.07584595680236816
0.07107734680175781
0.056616783142089844
0.04218149185180664
0.027765512466430664
0.08903193473815918
0.08344531059265137
0.08208394050598145
0.06755566596984863
0.05239439010620117
0.03825783729553223
0.10479211807250977
0.08364748954772949
0.07146024703979492
0.059223175048828125
0.05607032775878906
0.04473090171813965
0.10848283767700195
0.09020614624023438
0.07369089126586914
0.06592011451721191
0.051071882247924805
0.033123016357421875
0.10616731643676758
0.09770417213439941
0.0831146240234375
0.060222625732421875
0.045296430587768555
0.030579328536987305
0.10306882858276367
0.08887529373168945
0.0737771987915039
0.059229373931884766
0.04462075233459473
0.031481027603149414
0.023143529891967773
0.08135104179382324
0.07116079330444336
0.06800603866577148
0.05332326889038086
0.03869271278381348
0.11158084869384766
0.09848976135253906
0.08378767967224121
0.0763094425201416
0.06055045127868652
0.04599142074584961
0.031990766525268555
0.1065988540649414
0.08763718605041504
0.07366681098937988
0.058862924575805664
0.044680118560791016
0.03190732002258301
0.11359548568725586
0.09389853477478027
0.0827481746673584
0.06739926338195801
0.05274248123168945
0.04898953437805176
0.03835105895996094
0.10534095764160156
0.08511900901794434
0.07370853424072266
0.05942249298095703
0.04509234428405762
0.03847765922546387
0.02373981475830078
0.0983133316040039
0.08405661582946777
0.06988191604614258
0.061144351959228516
0.047037601470947266
0.029397964477539062
0.10188055038452148
0.08429503440856934
0.08825469017028809
0.0731956958770752
0.05822396278381348
0.04392433166503906
0.029605388641357422
0.10604310035705566
0.0918128490447998
0.07795286178588867
0.06365323066711426
0.049378156661987305
0.027042388916015625
0.1059868335723877
0.08898091316223145
0.08881831169128418
0.07407069206237793
0.06012153625488281
0.045375823974609375
0.03135061264038086
0.1140754222869873
0.0961461067199707
0.08179259300231934
0.06686019897460938
0.051733970642089844
0.02352738380432129
0.09697699546813965
0.08307886123657227
0.07400703430175781
0.05955004692077637
0.0462489128112793
0.044473886489868164
0.0328822135925293
0.09422659873962402
0.07979130744934082
0.06536436080932617
0.059786081314086914
0.044945478439331055
0.02997446060180664
0.10436177253723145
0.09180045127868652
0.08393192291259766
0.0688636302947998
0.0547795295715332
0.039794206619262695
0.11255335807800293
0.08851957321166992
0.07425665855407715
0.06923127174377441
0.04077339172363281
0.1116178035736084
0.08275794982910156
0.06872320175170898
0.0583493709564209
0.050343990325927734
0.03985118865966797
0.10603070259094238
0.08205938339233398
0.07532215118408203
0.06143593788146973
0.04701948165893555
0.03560137748718262
0.026098966598510742
0.09433412551879883
0.07697892189025879
0.06283855438232422
0.05253887176513672
0.042433738708496094
0.027721166610717773
0.09676313400268555
0.0973505973815918
0.08299446105957031
0.06890678405761719
0.05448722839355469
0.04005289077758789
0.12287759780883789
0.09937524795532227
0.08489418029785156
0.0699470043182373
0.05553317070007324
0.041548728942871094
0.10709214210510254
0.08674049377441406
0.07904267311096191
0.06456995010375977
0.05024862289428711
0.035318613052368164
0.02096843719482422
0.09175276756286621
0.08103728294372559
0.0732884407043457
0.064666748046875
0.05017542839050293
0.0359797477722168
0.10687255859375
0.08627200126647949
0.07448673248291016
0.06806135177612305
0.053759098052978516
0.03928780555725098
0.02469325065612793
0.09115290641784668
0.09243083000183105
0.07796883583068848
0.06354999542236328
0.04861330986022949
0.027478694915771484
0.10105609893798828
0.09095072746276855
0.07684326171875
0.06167292594909668
0.050359487533569336
0.035527706146240234
0.021187305450439453
0.10116696357727051
0.08423280715942383
0.07001066207885742
0.0597689151763916
0.055687904357910156
0.041257381439208984
0.027006864547729492
0.09177374839782715
0.09125781059265137
0.07689166069030762
0.0627446174621582
0.0485684871673584
0.0340733528137207
0.10893130302429199
0.09411430358886719
0.07956576347351074
0.06464219093322754
0.050382375717163086
0.033432722091674805
0.10981512069702148
0.0958702564239502
0.07843852043151855
0.06392312049865723
0.04893207550048828
0.03449606895446777
0.020294189453125
0.10623431205749512
0.09446334838867188
0.08002710342407227
0.06258249282836914
0.04812979698181152
0.03373432159423828
0.09143614768981934
0.08222007751464844
0.04107856750488281
0.027188539505004883
0.10787296295166016
0.08987593650817871
0.07496333122253418
0.05709338188171387
0.039373159408569336
0.0254518985748291
0.10307073593139648
0.09371685981750488
0.0795135498046875
0.07397127151489258
0.059365034103393555
0.0447850227355957
0.030248165130615234
0.09125208854675293
0.07990860939025879
0.06914186477661133
0.0543978214263916
0.03937387466430664
0.03243899345397949
0.10986518859863281
0.08697915077209473
0.07297730445861816
0.0676274299621582
0.05412149429321289
0.03964972496032715
0.11729073524475098
0.09612488746643066
0.08214473724365234
0.06816744804382324
0.0541994571685791
0.04026055335998535
0.1198265552520752
0.10892510414123535
0.09487271308898926
0.08045268058776855
0.0660085678100586
0.05459094047546387
0.03699183464050293
0.10938405990600586
0.09849858283996582
0.08440089225769043
0.0703437328338623
0.05614781379699707
0.04169034957885742
0.02026081085205078
0.09184598922729492
0.07828664779663086
0.08060145378112793
0.06658649444580078
0.052193403244018555
0.03809642791748047
0.10657811164855957
0.08676576614379883
0.07903933525085449
0.06402468681335449
0.049836158752441406
0.03538203239440918
0.031861305236816406
0.09816241264343262
0.09484291076660156
0.08021068572998047
0.06537342071533203
0.05102038383483887
0.03687691688537598
0.11396145820617676
0.0966339111328125
0.082977294921875
0.06941962242126465
0.056700706481933594
0.05089879035949707
0.041460275650024414
0.1106252670288086
0.10186100006103516
0.08810186386108398
0.0737450122833252
0.05890774726867676
0.04472851753234863
0.027756929397583008
0.0912010669708252
0.0777285099029541
0.07196259498596191
0.0541529655456543
0.04041433334350586
0.02648186683654785
0.09619903564453125
0.08466219902038574
0.07131171226501465
0.05336499214172363
0.03855490684509277
0.030864238739013672
0.0990900993347168
0.09654641151428223
0.08240723609924316
0.06805610656738281
0.04754066467285156
0.0332484245300293
0.10843992233276367
0.08755731582641602
0.0704050064086914
0.05731630325317383
0.04185318946838379
0.029886245727539062
0.11014914512634277
0.09159731864929199
0.08649754524230957
0.06917071342468262
0.05395340919494629
0.036324262619018555
0.03278684616088867
0.0985109806060791
0.08410000801086426
0.06993746757507324
0.055518150329589844
0.05041861534118652
0.036646366119384766
0.022665023803710938
0.10012364387512207
0.08366036415100098
0.07165741920471191
0.05020856857299805
0.035811662673950195
0.023055315017700195
0.10952520370483398
0.08959603309631348
0.0754542350769043
0.060936689376831055
0.046854257583618164
0.03819108009338379
0.023699283599853516
0.08959078788757324
0.0875709056854248
0.07252979278564453
0.05772256851196289
0.04204702377319336
0.027696609497070312
0.09231901168823242
0.08196735382080078
0.07106661796569824
0.056600332260131836
0.04236412048339844
0.02585124969482422
0.08175110816955566
0.06917905807495117
0.06422710418701172
0.047936201095581055
0.03361225128173828
0.1251537799835205
0.10030937194824219
0.08629679679870605
0.07908487319946289
0.06501364707946777
0.05074024200439453
0.0364842414855957
0.09482002258300781
0.09015178680419922
0.07537221908569336
0.057402610778808594
0.043433427810668945
0.02953791618347168
0.10088682174682617
0.09211611747741699
0.08328413963317871
0.0700533390045166
0.05648469924926758
0.028917789459228516
0.09682297706604004
0.0833897590637207
0.06914687156677246
0.06253385543823242
0.047883033752441406
0.03379702568054199
0.09370303153991699
0.09120059013366699
0.07627272605895996
0.05837559700012207
0.04477977752685547
0.030732393264770508
0.10414600372314453
0.09012627601623535
0.07562375068664551
0.06126666069030762
0.04377317428588867
0.030246257781982422
0.1194150447845459
0.10257887840270996
0.0819389820098877
0.06776261329650879
0.052854061126708984
0.038810014724731445
0.028814077377319336
0.09442448616027832
0.08329963684082031
0.07239151000976562
0.058014869689941406
0.04306292533874512
0.02880573272705078
0.10721349716186523
0.08373355865478516
0.07210874557495117
0.07719111442565918
0.06277346611022949
0.048343658447265625
0.033156394958496094
0.09453845024108887
0.08374381065368652
0.06937503814697266
0.05493450164794922
0.0471649169921875
0.031890153884887695
0.11321067810058594
0.0926666259765625
0.07791519165039062
0.0635216236114502
0.049160003662109375
0.0341944694519043
0.03584575653076172
0.09502363204956055
0.0887594223022461
0.07728242874145508
0.06181740760803223
0.04683232307434082
0.047133445739746094
0.11015844345092773
0.08976507186889648
0.08227801322937012
0.06753921508789062
0.05291008949279785
0.03787970542907715
0.11668109893798828
0.10542535781860352
0.09033012390136719
0.07566046714782715
0.061441659927368164
0.046344757080078125
0.027069568634033203
0.10422468185424805
0.08927035331726074
0.07496500015258789
0.06031084060668945
0.03147101402282715
0.12754297256469727
0.10681557655334473
0.09240889549255371
0.07799243927001953
0.06427502632141113
0.04905223846435547
0.03481340408325195
0.09512805938720703
0.0810856819152832
0.06685328483581543
0.056487083435058594
0.04242753982543945
0.02886486053466797
0.10920357704162598
0.09862327575683594
0.08742237091064453
0.07296276092529297
0.058892250061035156
0.0442509651184082
0.030343294143676758
0.08964419364929199
0.07795357704162598
0.07232069969177246
0.057993412017822266
0.03648638725280762
0.022115468978881836
0.10606980323791504
0.0937809944152832
0.0793302059173584
0.06130337715148926
0.04687690734863281
0.02918410301208496
0.09338712692260742
0.07984352111816406
0.07428669929504395
0.05928158760070801
0.045330047607421875
0.03186631202697754
0.10977363586425781
0.09067916870117188
0.07646322250366211
0.061980247497558594
0.04756331443786621
0.03738903999328613
0.022879838943481445
0.0966348648071289
0.08052515983581543
0.0675661563873291
0.053650617599487305
0.04545760154724121
0.02811717987060547
0.10437393188476562
0.08709931373596191
0.07345151901245117
0.05222821235656738
0.05126762390136719
0.03754544258117676
0.1069190502166748
0.08380794525146484
0.07792973518371582
0.06326174736022949
0.05853843688964844
0.044011831283569336
0.029379844665527344
0.1061701774597168
0.09346270561218262
0.0790705680847168
0.06440472602844238
0.04982900619506836
0.035401344299316406
0.10984969139099121
0.08826303482055664
0.07730579376220703
0.06509137153625488
0.05079817771911621
0.03632378578186035
0.021582603454589844
0.09124040603637695
0.08401179313659668
0.06962847709655762
0.05485272407531738
0.04039168357849121
0.03190326690673828
0.1217963695526123
0.09854507446289062
0.08410239219665527
0.06961584091186523
0.048729658126831055
0.034273624420166016
0.10994386672973633
0.08643078804016113
0.07227396965026855
0.06804680824279785
0.05353403091430664
0.03903365135192871
0.024010419845581055
0.09517598152160645
0.08123421669006348
0.0662679672241211
0.06165885925292969
0.04728889465332031
0.03289079666137695
0.11070418357849121
0.0922093391418457
0.08699774742126465
0.07175612449645996
0.05764198303222656
0.04323291778564453
0.028768539428710938
0.10363173484802246
0.0981438159942627
0.08343362808227539
0.06582188606262207
0.05074572563171387
0.03642916679382324
0.1114358901977539
0.08649992942810059
0.0723271369934082
0.0639944076538086
0.05314803123474121
0.03916120529174805
0.10299372673034668
0.08390974998474121
0.06243753433227539
0.04872274398803711
0.036346435546875
0.02367687225341797
0.10932064056396484
0.0897674560546875
0.07499909400939941
0.06052684783935547
0.04675793647766113
0.03633832931518555
0.021239757537841797
0.11837625503540039
0.10125088691711426
0.08627510070800781
0.07181978225708008
0.057424306869506836
0.04318547248840332
0.028794050216674805
0.09178304672241211
0.09051704406738281
0.07796144485473633
0.06355023384094238
0.0490415096282959
0.034226417541503906
0.1101689338684082
0.0923159122467041
0.08361458778381348
0.06924939155578613
0.05458641052246094
0.040167808532714844
0.025600194931030273
0.09181022644042969
0.08092212677001953
0.06655526161193848
0.05632376670837402
0.04193592071533203
0.031063318252563477
0.1084136962890625
0.08379912376403809
0.07483577728271484
0.0730733871459961
0.05876469612121582
0.0441126823425293
0.029659271240234375
0.10016512870788574
0.08281970024108887
0.06790757179260254
0.053884029388427734
0.041289567947387695
0.03419160842895508
0.11174511909484863
0.09647274017333984
0.08216214179992676
0.0681924819946289
0.054285287857055664
0.04033350944519043
0.026363611221313477
0.10760235786437988
0.08569860458374023
0.07147073745727539
0.057172298431396484
0.045871734619140625
0.03136944770812988
0.10888075828552246
0.09346413612365723
0.07980585098266602
0.06614542007446289
0.055144548416137695
0.04214930534362793
0.02879953384399414
0.09206151962280273
0.08154892921447754
0.07948517799377441
0.0657351016998291
0.05317807197570801
0.03831887245178223
0.10720038414001465
0.09309625625610352
0.07889294624328613
0.06419897079467773
0.0496823787689209
0.03528642654418945
0.02015995979309082
0.09500813484191895
0.09274744987487793
0.07924175262451172
0.06447696685791016
0.04998469352722168
0.03471970558166504
0.12658166885375977
0.1035923957824707
0.0891265869140625
0.07464122772216797
0.060220956802368164
0.04587745666503906
0.031580448150634766
0.0972287654876709
0.08483481407165527
0.07030987739562988
0.05692028999328613
0.04581570625305176
0.03292655944824219
0.10495543479919434
0.0927724838256836
0.08413386344909668
0.07563114166259766
0.06127119064331055
0.04722952842712402
0.03317403793334961
0.09008264541625977
0.07776236534118652
0.06513547897338867
0.05257248878479004
0.03903794288635254
0.034890174865722656
0.10373115539550781
0.08690524101257324
0.07264280319213867
0.06547212600708008
0.05406069755554199
0.03870701789855957
0.024517297744750977
0.10188865661621094
0.08984494209289551
0.07550358772277832
0.061060428619384766
0.04642176628112793
0.03206515312194824
0.11719775199890137
0.09249520301818848
0.07809805870056152
0.06937813758850098
0.0548701286315918
0.04043412208557129
0.026117324829101562
0.09667587280273438
0.08152651786804199
0.06870150566101074
0.05641937255859375
0.050290584564208984
0.03583240509033203
0.021592378616333008
0.09757590293884277
0.08835458755493164
0.07362556457519531
0.05943131446838379
0.0447690486907959
0.031054973602294922
0.11088943481445312
0.09252500534057617
0.0782783031463623
0.06392788887023926
0.04979586601257324
0.02806401252746582
0.10628271102905273
0.0862736701965332
0.07126641273498535
0.06070899963378906
0.04639601707458496
0.03254842758178711
0.02986454963684082
0.09001541137695312
0.09283089637756348
0.07834696769714355
0.06340694427490234
0.04908394813537598
0.03480815887451172
0.10757875442504883
0.0833292007446289
0.0805521011352539
0.06631731986999512
0.05181550979614258
0.03758716583251953
0.023207426071166992
0.0894310474395752
0.0809941291809082
0.07670211791992188
0.06150674819946289
0.047156572341918945
0.03292107582092285
0.10658740997314453
0.08694338798522949
