0.09485077857971191
0.07986974716186523
0.0648949146270752
0.051470279693603516
0.03750753402709961
0.02353644371032715
0.009282112121582031
0.10325431823730469
0.09260416030883789
0.07915496826171875
0.07194924354553223
0.05746150016784668
0.04351687431335449
0.1045999526977539
0.08653569221496582
0.07255268096923828
0.05762624740600586
0.04364752769470215
0.03407144546508789
0.10391092300415039
0.10204720497131348
0.08759403228759766
0.07327127456665039
0.05967211723327637
0.045552730560302734
0.031000614166259766
0.0977325439453125
0.0946500301361084
0.08044099807739258
0.06605410575866699
0.04850649833679199
0.034465789794921875
0.10550260543823242
0.08632779121398926
0.07537078857421875
0.06046652793884277
0.04680442810058594
0.03249764442443848
0.10768818855285645
0.10102558135986328
0.08688712120056152
0.07307291030883789
0.05884146690368652
0.044011831283569336
0.12168693542480469
0.10456275939941406
0.08966875076293945
0.0761570930480957
0.0582430362701416
0.04432249069213867
0.10701131820678711
0.09349179267883301
0.07946491241455078
0.06586480140686035
0.05349159240722656
0.04488658905029297
0.11562585830688477
0.07774925231933594
0.05557560920715332
0.04561209678649902
0.04724836349487305
0.03250384330749512
0.09056901931762695
0.07971978187561035
0.06879925727844238
0.054480791091918945
0.039908647537231445
0.03667902946472168
0.10461163520812988
0.08862924575805664
0.07433366775512695
0.0600581169128418
0.045508384704589844
0.03285813331604004
0.02593064308166504
0.09132766723632812
0.07653999328613281
0.08550882339477539
0.07110810279846191
0.05716419219970703
0.041957855224609375
0.08619070053100586
0.07636690139770508
0.06142997741699219
0.060227155685424805
0.04725384712219238
0.034151554107666016
0.10065627098083496
0.08273196220397949
0.10415935516357422
0.08911824226379395
0.0744013786315918
0.06020951271057129
0.045363426208496094
0.09449267387390137
0.09513592720031738
0.08208370208740234
0.06714844703674316
0.11392331123352051
0.10597968101501465
0.08999323844909668
0.07408833503723145
0.059516191482543945
0.04441070556640625
0.0296633243560791
0.10458946228027344
0.08073711395263672
0.07235980033874512
0.06509232521057129
0.05043506622314453
0.03229546546936035
0.1049506664276123
0.08446168899536133
0.08205175399780273
0.06748652458190918
0.05336141586303711
0.03906702995300293
0.025124549865722656
0.0885915756225586
0.09873008728027344
0.0812382698059082
0.06354856491088867
0.04546785354614258
0.03170037269592285
0.09398365020751953
0.08493208885192871
0.0699913501739502
0.05668950080871582
0.05518317222595215
0.042090415954589844
0.027922391891479492
0.0949857234954834
0.08168554306030273
0.0670320987701416
0.06110501289367676
0.04608941078186035
0.0314788818359375
0.11046838760375977
0.09197854995727539
0.07386445999145508
0.060913801193237305
0.045813560485839844
0.03079509735107422
0.09076619148254395
0.08711862564086914
0.07309961318969727
0.058715105056762695
0.04441356658935547
0.02949357032775879
0.09145522117614746
0.0784459114074707
0.07904911041259766
0.0649571418762207
0.049820661544799805
0.0356297492980957
0.08030438423156738
0.06768798828125
0.07567191123962402
0.06189322471618652
0.047410011291503906
0.03386282920837402
0.09767913818359375
0.08520960807800293
0.08936023712158203
0.07526588439941406
0.057068586349487305
0.039489030838012695
0.09975290298461914
0.084503173828125
0.07716512680053711
0.06215023994445801
0.0478367805480957
0.02720332145690918
0.1085367202758789
0.08562064170837402
0.07814526557922363
0.06392407417297363
0.050003767013549805
0.04504728317260742
0.030704021453857422
0.11207699775695801
0.09844541549682617
0.08489704132080078
0.07060885429382324
0.05541348457336426
0.040988922119140625
0.10529804229736328
0.0809319019317627
0.0841071605682373
0.07084989547729492
0.05635666847229004
0.04240679740905762
0.10869479179382324
0.08807897567749023
0.08283543586730957
0.06851053237915039
0.05450177192687988
0.04060530662536621
0.031538963317871094
0.09843039512634277
0.08023333549499512
0.0679769515991211
0.055260419845581055
0.028061866760253906
0.10811352729797363
0.08634591102600098
0.07067489624023438
0.07206416130065918
0.05102705955505371
0.037703752517700195
0.08931350708007812
0.07748055458068848
0.08515119552612305
0.07125258445739746
0.05628681182861328
0.044272422790527344
0.10736465454101562
0.1044626235961914
0.0944814682006836
0.08039522171020508
0.06628847122192383
0.051474809646606445
0.04660606384277344
0.10859894752502441
0.09347748756408691
0.07573199272155762
0.06566786766052246
0.04783940315246582
0.019940614700317383
0.0901954174041748
0.07808613777160645
0.07000589370727539
0.06250286102294922
0.049408912658691406
0.034584760665893555
0.09860086441040039
0.09871578216552734
0.08072590827941895
0.06629753112792969
0.05019569396972656
0.03597283363342285
0.11024212837219238
0.0844275951385498
0.09692692756652832
0.08210968971252441
0.06812429428100586
0.05515694618225098
0.10490942001342773
0.08037805557250977
0.07473278045654297
0.05990886688232422
0.04591655731201172
0.03094959259033203
0.10491061210632324
0.08438754081726074
0.097991943359375
0.0830543041229248
0.0689394474029541
0.054473876953125
0.10735893249511719
0.07566976547241211
0.0721886157989502
0.0572504997253418
0.04273629188537598
0.0384974479675293
0.09073495864868164
0.0791482925415039
0.07242035865783691
0.06384396553039551
0.04164838790893555
0.02813267707824707
0.09090805053710938
0.0790095329284668
0.07333183288574219
0.06672358512878418
0.05213308334350586
0.037656307220458984
0.10727763175964355
0.09556174278259277
0.09468412399291992
0.07978320121765137
0.06599664688110352
0.05133223533630371
0.03311872482299805
0.08845782279968262
0.08372020721435547
0.06586980819702148
0.05173373222351074
0.03728508949279785
0.024257898330688477
0.09681034088134766
0.09124040603637695
0.07677030563354492
0.06248307228088379
0.0479276180267334
0.0303647518157959
0.10622358322143555
0.09251618385314941
0.09177994728088379
0.07723116874694824
0.06378293037414551
0.04947686195373535
0.11429333686828613
0.09129619598388672
0.06985259056091309
0.05476832389831543
0.03981900215148926
0.02483820915222168
0.1085047721862793
0.09494161605834961
0.0743415355682373
0.06587576866149902
0.05092597007751465
0.036000967025756836
0.09631586074829102
0.06950807571411133
0.055213212966918945
0.04139351844787598
0.028561115264892578
0.10724496841430664
0.09785079956054688
0.08418560028076172
0.07567477226257324
0.057544708251953125
0.04095864295959473
0.10578703880310059
0.0776219367980957
0.07109618186950684
0.042235612869262695
0.1148519515991211
0.09275937080383301
0.0843043327331543
0.07694077491760254
0.06260418891906738
0.05405282974243164
0.04420208930969238
0.10802578926086426
0.10071015357971191
0.08573579788208008
0.07858467102050781
0.06378412246704102
0.06132864952087402
0.04972195625305176
0.10719752311706543
0.09272146224975586
0.08264350891113281
0.07271623611450195
0.040376901626586914
0.022428512573242188
0.09663891792297363
0.07948136329650879
0.08272075653076172
0.07554197311401367
0.06232166290283203
0.048021554946899414
0.0333251953125
0.09265303611755371
0.0837395191192627
0.06979584693908691
0.05561184883117676
0.04065442085266113
0.026175498962402344
0.08742761611938477
0.08170151710510254
0.06651186943054199
0.0516972541809082
0.034945011138916016
0.03380560874938965
0.09708881378173828
0.09446430206298828
0.09468698501586914
0.07978010177612305
0.06477689743041992
0.05082130432128906
0.03693389892578125
0.09490466117858887
0.07583904266357422
0.07735729217529297
0.062430381774902344
0.047846078872680664
0.03301048278808594
0.1026310920715332
0.0889134407043457
0.07482028007507324
0.060866594314575195
0.04685473442077637
0.0327301025390625
0.10773730278015137
0.09824323654174805
0.08429145812988281
0.08717560768127441
0.0731968879699707
0.059038400650024414
0.044771432876586914
0.030506134033203125
0.08725857734680176
0.08117055892944336
0.06700611114501953
0.052474260330200195
0.03804326057434082
0.025564908981323242
0.09026145935058594
0.07840347290039062
0.07249307632446289
0.06423377990722656
0.04929542541503906
0.03514719009399414
0.10601997375488281
0.09069013595581055
0.06744074821472168
0.05431509017944336
0.04014182090759277
0.10782098770141602
0.08283519744873047
0.07445287704467773
0.06063508987426758
0.04703688621520996
0.03512692451477051
0.03203630447387695
0.10551953315734863
0.08929681777954102
0.07532930374145508
0.06080770492553711
0.056479454040527344
0.04517865180969238
0.03282451629638672
0.09345698356628418
0.08067154884338379
0.0832669734954834
0.06859135627746582
0.05483388900756836
0.04015707969665527
0.1058206558227539
0.10209178924560547
0.09098601341247559
0.06869816780090332
0.05353498458862305
0.03912711143493652
0.10048818588256836
0.07876420021057129
0.07002663612365723
0.05510520935058594
0.05165696144104004
0.03865170478820801
0.10558462142944336
0.08809471130371094
0.08113241195678711
0.07056927680969238
0.05627322196960449
0.045037031173706055
0.03182840347290039
0.08815217018127441
0.07907223701477051
0.06482434272766113
0.05447959899902344
0.038088321685791016
0.023507118225097656
0.09747719764709473
0.08221673965454102
0.07027459144592285
0.0707087516784668
0.05633950233459473
0.0419917106628418
0.02759695053100586
0.10243844985961914
0.09018707275390625
0.08289575576782227
0.07007193565368652
0.05548262596130371
0.03382277488708496
0.10399508476257324
0.08206701278686523
0.07291865348815918
0.05429244041442871
0.04929852485656738
0.03935050964355469
0.11114668846130371
0.08560657501220703
0.0716395378112793
0.05807900428771973
0.046092987060546875
0.04555940628051758
0.03295183181762695
0.08766007423400879
0.0897679328918457
0.07672238349914551
0.06231522560119629
0.045514583587646484
0.027168989181518555
0.09734058380126953
0.0848088264465332
0.0700995922088623
0.05606722831726074
0.057526350021362305
0.04369211196899414
0.10613274574279785
0.09500408172607422
0.08090806007385254
0.06633186340332031
0.050267934799194336
0.027917146682739258
0.10138583183288574
0.09796380996704102
0.08366608619689941
0.06609487533569336
0.05246138572692871
0.03699803352355957
0.10716819763183594
0.0924222469329834
0.08687996864318848
0.08290767669677734
0.06754493713378906
0.05299234390258789
0.03890037536621094
0.11554145812988281
0.08954620361328125
0.07580280303955078
0.0480344295501709
0.02595043182373047
0.1047201156616211
0.08841776847839355
0.07780051231384277
0.06362318992614746
0.04919266700744629
0.04672884941101074
0.035041093826293945
0.11792874336242676
0.09868240356445312
0.08437895774841309
0.06981420516967773
0.0556337833404541
0.04120612144470215
0.10760116577148438
0.09137177467346191
0.0866098403930664
0.0723414421081543
0.0579686164855957
0.04397416114807129
0.03658890724182129
0.1057126522064209
0.08892273902893066
0.0743410587310791
0.05964088439941406
0.044714927673339844
0.04457283020019531
0.030237436294555664
0.09431743621826172
0.08305597305297852
0.08876895904541016
0.07378315925598145
0.059240102767944336
0.044531822204589844
0.10907912254333496
0.09500288963317871
0.08048462867736816
0.081787109375
0.0667109489440918
0.05191826820373535
0.03706645965576172
0.10553693771362305
0.08162641525268555
0.0713796615600586
0.07114529609680176
0.0563814640045166
0.04258918762207031
0.028636932373046875
0.08837437629699707
0.09496498107910156
0.08060312271118164
0.06624579429626465
0.052086830139160156
0.03842329978942871
0.10272741317749023
0.08103203773498535
0.0871732234954834
0.07246160507202148
0.05804133415222168
0.04400157928466797
0.10695528984069824
0.09815263748168945
0.08358407020568848
0.06946539878845215
0.05534720420837402
0.04204511642456055
0.10773515701293945
0.08739829063415527
0.07228469848632812
0.0579066276550293
0.03978276252746582
0.02668476104736328
0.10440182685852051
0.08495140075683594
0.07401323318481445
0.05966925621032715
0.0452730655670166
0.034775495529174805
0.10360097885131836
0.08844590187072754
0.0780792236328125
0.06356287002563477
0.048989295959472656
0.03473329544067383
0.021207809448242188
0.09637069702148438
0.08341431617736816
0.06946134567260742
0.06431198120117188
0.042504310607910156
0.028544187545776367
0.10236859321594238
0.0815887451171875
0.06936049461364746
0.06008124351501465
0.06107950210571289
0.04870915412902832
0.03567099571228027
0.09514474868774414
0.09862565994262695
0.08541178703308105
0.07193756103515625
0.05694246292114258
0.04189252853393555
0.10535264015197754
0.09873247146606445
0.0844564437866211
0.07000112533569336
0.05508875846862793
0.04053211212158203
0.10801124572753906
0.11654162406921387
0.10206437110900879
0.0875401496887207
0.07264018058776855
0.05817770957946777
0.04389190673828125
0.10867762565612793
0.0976104736328125
0.08638715744018555
0.07547163963317871
0.0603947639465332
0.046280860900878906
0.04316091537475586
0.10690617561340332
0.0858755111694336
0.0717771053314209
0.05377912521362305
0.044490814208984375
0.037871599197387695
0.10545563697814941
0.08154487609863281
0.08090710639953613
0.062896728515625
0.04854416847229004
0.03400707244873047
0.1077735424041748
0.0938408374786377
0.08010625839233398
0.06533145904541016
0.05118417739868164
0.039247751235961914
0.027050018310546875
0.08809924125671387
0.07943940162658691
0.06561541557312012
0.062094926834106445
0.04849958419799805
0.033759117126464844
0.10501360893249512
0.08171391487121582
0.07642531394958496
0.06250381469726562
0.04828524589538574
0.034549713134765625
0.021197080612182617
0.09578967094421387
0.08405160903930664
0.07946419715881348
0.0652170181274414
0.05076289176940918
0.03299093246459961
0.09398722648620605
0.08321189880371094
0.07113480567932129
0.05698704719543457
0.04258847236633301
0.03299689292907715
0.10768270492553711
0.10410761833190918
0.0913846492767334
0.1665332317352295
0.15860915184020996
0.14440083503723145
0.1308913230895996
0.11645770072937012
0.10303068161010742
0.09071087837219238
0.08518719673156738
0.07088565826416016
0.13729548454284668
0.12601470947265625
0.11449790000915527
0.09400343894958496
0.07886600494384766
0.06821894645690918
0.05378437042236328
0.05253148078918457
0.040813446044921875
0.09090018272399902
0.07593059539794922
0.06218361854553223
0.061940908432006836
0.04882240295410156
0.03519320487976074
0.10519623756408691
0.16714715957641602
0.15316987037658691
0.14827561378479004
0.13752079010009766
0.12037825584411621
0.10612654685974121
0.08757328987121582
0.07330060005187988
0.12994956970214844
0.1214907169342041
0.09527873992919922
0.09505248069763184
0.08630490303039551
0.06850028038024902
0.053534746170043945
0.04123044013977051
0.09794878959655762
0.07846856117248535
0.08171319961547852
0.06847929954528809
0.05339455604553223
0.03947639465332031
0.10802721977233887
0.17853236198425293
0.16066360473632812
0.14812970161437988
0.14732789993286133
0.13238930702209473
0.11446261405944824
0.09596967697143555
0.08166933059692383
0.06744170188903809
0.04439353942871094
0.1096181869506836
0.1071925163269043
0.0877678394317627
0.07345938682556152
0.05928158760070801
0.04204273223876953
0.030391693115234375
0.0950472354888916
0.18269944190979004
0.1686255931854248
0.1544475555419922
0.15216493606567383
0.15349793434143066
0.14702987670898438
0.13595271110534668
0.12791037559509277
0.11426663398742676
0.10140419006347656
0.0867304801940918
0.07166361808776855
0.2070314884185791
0.18101286888122559
0.1670398712158203
0.15236663818359375
0.13436627388000488
0.12018775939941406
0.10526823997497559
0.09253931045532227
0.08276724815368652
0.15455317497253418
0.16464996337890625
0.15280628204345703
0.10534381866455078
0.09133410453796387
0.06818771362304688
0.054122209548950195
0.04005837440490723
0.09603619575500488
0.17845439910888672
0.1721503734588623
0.15713095664978027
0.1437983512878418
0.1284470558166504
0.1251828670501709
0.11972594261169434
0.11136889457702637
0.09676551818847656
0.08250808715820312
0.06805634498596191
0.2229454517364502
0.2144155502319336
0.20105528831481934
0.18004608154296875
0.16588044166564941
0.15001821517944336
0.13740277290344238
0.12762665748596191
0.1166388988494873
0.1155860424041748
0.1036078929901123
0.1540994644165039
0.1453235149383545
0.13173913955688477
0.11931085586547852
0.08392691612243652
0.07774186134338379
0.06420278549194336
0.04988598823547363
0.10762906074523926
0.19484615325927734
0.18049979209899902
0.17173361778259277
0.15752601623535156
0.143524169921875
0.13487482070922852
0.1356983184814453
0.13198089599609375
0.12156915664672852
0.10731983184814453
0.09285664558410645
0.07748889923095703
0.22098898887634277
0.20936322212219238
0.19193410873413086
0.17792963981628418
0.16399908065795898
0.14934706687927246
0.11994123458862305
0.10575699806213379
0.09119534492492676
0.15623903274536133
0.1507415771484375
0.13646960258483887
0.11858534812927246
0.10452079772949219
0.0874168872833252
0.0927577018737793
0.07890462875366211
0.0635988712310791
0.049102783203125
0.108551025390625
0.185014009475708
0.17090153694152832
0.15669679641723633
0.14220905303955078
0.12708663940429688
0.11223721504211426
0.09984397888183594
0.10297513008117676
0.08872127532958984
0.0742032527923584
0.22113990783691406
0.23392057418823242
0.20305562019348145
0.18884658813476562
0.1846456527709961
0.17066168785095215
0.15570521354675293
0.14178180694580078
0.1278367042541504
0.11392593383789062
0.16702008247375488
0.1526498794555664
0.1384444236755371
0.1526792049407959
0.13830804824829102
0.10046815872192383
0.08551287651062012
0.07151508331298828
0.05752754211425781
0.04246997833251953
0.09743785858154297
0.07657337188720703
0.06833744049072266
0.036520957946777344
0.1082463264465332
0.08958673477172852
0.17108941078186035
0.1618192195892334
0.15171098709106445
0.13798308372497559
0.1200098991394043
0.12202930450439453
0.1070859432220459
0.08831262588500977
0.14228153228759766
0.1272449493408203
0.11536574363708496
0.13107848167419434
0.1085960865020752
0.09406113624572754
0.07819271087646484
0.05772733688354492
0.043586015701293945
0.09942841529846191
0.08216047286987305
0.06745052337646484
0.05212688446044922
0.041680335998535156
0.027039051055908203
0.10046529769897461
0.0930778980255127
0.07880377769470215
0.06450533866882324
0.05024886131286621
0.03597402572631836
0.10832691192626953
0.09179091453552246
0.07982325553894043
0.08684587478637695
0.07227206230163574
0.05713772773742676
0.04224038124084473
0.10537433624267578
0.08701705932617188
0.0729067325592041
0.05788373947143555
0.04366469383239746
0.033373117446899414
0.10762548446655273
0.09515142440795898
0.08111882209777832
0.07478475570678711
0.055979013442993164
0.04123067855834961
0.0331263542175293
0.08803701400756836
0.07571649551391602
0.06041836738586426
0.05499124526977539
0.0405573844909668
0.02653026580810547
0.10065126419067383
0.0859367847442627
0.08516073226928711
0.07074689865112305
0.056513071060180664
0.0419614315032959
0.0277402400970459
0.09511899948120117
0.08349084854125977
0.07463431358337402
0.060251474380493164
0.046272993087768555
0.03928947448730469
0.10790276527404785
0.1244363784790039
0.11069846153259277
0.09658122062683105
0.08317208290100098
0.0696864128112793
0.0545651912689209
0.040248870849609375
0.09656310081481934
0.08559918403625488
0.07935810089111328
0.06641769409179688
0.05673360824584961
0.0424044132232666
0.08946871757507324
0.07273459434509277
0.058510780334472656
0.04604482650756836
0.04301047325134277
0.028415918350219727
0.09855270385742188
0.08624625205993652
0.07794070243835449
0.06838679313659668
0.06054973602294922
0.04734921455383301
0.12716269493103027
0.0986928939819336
0.08368587493896484
0.06904840469360352
0.0550234317779541
0.04057788848876953
0.10646343231201172
0.09120965003967285
0.08375310897827148
0.08341455459594727
0.06752419471740723
0.05244183540344238
0.03828620910644531
0.08649349212646484
0.07524919509887695
0.06361699104309082
0.04870486259460449
0.03142213821411133
0.1033182144165039
0.08297514915466309
0.07426619529724121
0.05991816520690918
0.05271124839782715
0.042917728424072266
0.03127908706665039
0.09625935554504395
0.08633255958557129
0.07204937934875488
0.05779242515563965
0.04762077331542969
0.045033931732177734
0.03141427040100098
0.09420466423034668
0.09841632843017578
0.08393716812133789
0.06912612915039062
0.05466508865356445
0.03994154930114746
0.10839962959289551
0.09613490104675293
0.08240079879760742
0.06779360771179199
0.06404328346252441
0.05019402503967285
0.03579306602478027
0.0973503589630127
0.09384512901306152
0.07936453819274902
0.06207704544067383
0.04326796531677246
0.02936077117919922
0.08964776992797852
0.0908973217010498
0.07758235931396484
0.06355881690979004
0.04978036880493164
0.03529977798461914
0.1024019718170166
0.08494424819946289
0.06215333938598633
0.0475614070892334
0.029848337173461914
0.10611248016357422
0.0976858139038086
0.07921934127807617
0.06125211715698242
0.046692609786987305
0.03210043907165527
0.1127481460571289
0.08732318878173828
0.0726633071899414
0.05699443817138672
0.05013465881347656
0.035512447357177734
0.021343231201171875
0.09396505355834961
0.0802311897277832
0.06805229187011719
0.05697917938232422
0.04265332221984863
0.02793717384338379
0.1033937931060791
0.08723044395446777
0.07828450202941895
0.06762051582336426
0.05065441131591797
0.03865838050842285
0.10253095626831055
0.08483552932739258
0.08301782608032227
0.06817746162414551
0.05474686622619629
0.04163670539855957
0.10803484916687012
0.09841728210449219
0.08383011817932129
0.08114027976989746
0.0665438175201416
0.051735877990722656
0.03446221351623535
0.10479474067687988
0.0873403549194336
0.07213664054870605
0.05815434455871582
0.04893183708190918
0.036839962005615234
0.09926676750183105
0.08257174491882324
0.08192753791809082
0.06739473342895508
0.04658031463623047
0.03210306167602539
0.1058359146118164
0.10268688201904297
0.08764934539794922
0.07331228256225586
0.05927705764770508
0.044798851013183594
0.030813217163085938
0.08795166015625
0.08642721176147461
0.07705545425415039
0.06266593933105469
0.0483243465423584
0.03316330909729004
0.10300397872924805
0.09750914573669434
0.0888514518737793
0.0745840072631836
0.059784650802612305
0.04212546348571777
0.1089177131652832
0.09743952751159668
0.08222222328186035
0.06851005554199219
0.05340099334716797
0.03878045082092285
0.10879898071289062
0.09752702713012695
0.08283805847167969
0.08951401710510254
0.07383394241333008
0.05989336967468262
0.0458064079284668
0.10408902168273926
0.0772702693939209
0.08009052276611328
0.06503939628601074
0.05170607566833496
0.03329205513000488
0.09590601921081543
0.08153009414672852
0.06750655174255371
0.07052469253540039
0.05847597122192383
0.044058799743652344
0.029993534088134766
0.09419584274291992
0.08738851547241211
0.07227301597595215
0.04953622817993164
0.04096531867980957
0.1127631664276123
0.08359622955322266
0.07534527778625488
0.05075383186340332
0.045111894607543945
0.03067183494567871
0.10370635986328125
0.08360528945922852
0.06851339340209961
0.055037498474121094
0.046323537826538086
0.031017541885375977
0.10936594009399414
0.0926363468170166
0.09628510475158691
0.08318948745727539
0.06892943382263184
0.05446219444274902
0.039855241775512695
0.10850024223327637
0.09967279434204102
0.08165454864501953
0.07221603393554688
0.06114482879638672
0.05567765235900879
0.04324460029602051
0.10861349105834961
0.09380364418029785
0.08997440338134766
0.07658815383911133
0.0621492862701416
0.04793047904968262
0.0334622859954834
0.10297083854675293
0.085174560546875
0.07116818428039551
0.07170534133911133
0.057338714599609375
0.04270601272583008
0.10730504989624023
0.09685397148132324
0.08395981788635254
0.07085299491882324
0.05603384971618652
0.04103684425354004
0.10538196563720703
0.10155725479125977
0.08730888366699219
0.07317876815795898
0.05949664115905762
0.04602193832397461
0.03159928321838379
0.11229252815246582
0.09783315658569336
0.08342981338500977
0.06978130340576172
0.055960893630981445
0.042327165603637695
0.10584282875061035
0.09067535400390625
0.07988905906677246
0.06906962394714355
0.050655364990234375
0.036222219467163086
0.022697925567626953
0.09498214721679688
0.0924062728881836
0.07947182655334473
0.06202816963195801
0.04822349548339844
0.03368210792541504
0.0908515453338623
0.07499432563781738
0.07295465469360352
0.05624246597290039
0.04250383377075195
0.028273344039916992
0.09671950340270996
0.0854184627532959
0.07466483116149902
0.0638723373413086
0.0498964786529541
0.0454251766204834
0.03350543975830078
0.10629391670227051
0.06250858306884766
0.04744768142700195
0.026445627212524414
0.10542845726013184
0.09002113342285156
0.07581806182861328
0.0821683406829834
0.06771445274353027
0.05304694175720215
0.03986406326293945
0.09977507591247559
0.08206772804260254
0.06773495674133301
0.0638418197631836
0.0635840892791748
0.049484968185424805
0.10791158676147461
0.09321331977844238
0.08597135543823242
0.0862119197845459
0.0713801383972168
0.0569615364074707
0.042563438415527344
0.10830259323120117
0.08373737335205078
0.07212090492248535
0.058205366134643555
0.04423785209655762
0.03182363510131836
0.022733211517333984
0.09487438201904297
0.08365797996520996
0.08289861679077148
0.06809186935424805
0.0533907413482666
0.03132224082946777
0.10126447677612305
0.08411192893981934
0.06969809532165527
0.05616450309753418
0.040178537368774414
0.030509471893310547
0.10585975646972656
0.08292555809020996
0.07637500762939453
0.06141853332519531
0.044547319412231445
0.032414913177490234
0.03140068054199219
0.09647989273071289
0.0782160758972168
0.06966257095336914
0.055116891860961914
0.04182243347167969
0.03927254676818848
0.10638928413391113
0.0874338150024414
0.07902002334594727
0.06505775451660156
0.05774235725402832
0.04297900199890137
0.028291702270507812
0.09649944305419922
0.09520316123962402
0.08769011497497559
0.07335758209228516
0.058365821838378906
0.04311370849609375
0.10740113258361816
0.10413479804992676
0.09420275688171387
0.07973670959472656
0.050995826721191406
0.03624320030212402
0.10732698440551758
0.08281970024108887
0.07099699974060059
0.06496214866638184
0.054415225982666016
0.04138684272766113
0.10889697074890137
0.096160888671875
0.08102941513061523
0.06629633903503418
0.05173349380493164
0.03698897361755371
0.030449867248535156
0.10033202171325684
0.08299660682678223
0.08378815650939941
0.07176899909973145
0.057572126388549805
0.04369807243347168
0.11080145835876465
0.09560585021972656
0.09144115447998047
0.08017659187316895
0.0691075325012207
0.05492234230041504
0.0413813591003418
0.10683488845825195
0.10428071022033691
0.09033012390136719
0.08397579193115234
0.06926798820495605
0.05204892158508301
0.0384669303894043
0.10583209991455078
0.08286595344543457
0.07962989807128906
0.06534719467163086
0.04765653610229492
0.0334165096282959
0.1015622615814209
0.10568618774414062
0.08545804023742676
0.07089710235595703
0.05317330360412598
0.04223179817199707
0.1027367115020752
0.09783720970153809
0.08527445793151855
0.07034540176391602
0.05516648292541504
0.040091514587402344
0.10499453544616699
0.08606433868408203
0.07188653945922852
0.05730485916137695
0.043175458908081055
0.026346921920776367
0.09721064567565918
0.0822594165802002
0.07348012924194336
0.07144689559936523
0.05689883232116699
0.04293656349182129
0.028522729873657227
0.0876767635345459
0.09583210945129395
0.08152961730957031
0.0671536922454834
0.05222034454345703
0.038112640380859375
0.10291171073913574
0.09154343605041504
0.08029961585998535
0.06520962715148926
0.05050778388977051
0.03588604927062988
0.1108846664428711
0.0922086238861084
0.08430337905883789
0.06989455223083496
0.055503129959106445
0.05576157569885254
0.04268050193786621
0.10397553443908691
0.08257031440734863
0.06808590888977051
0.06851506233215332
0.05424761772155762
0.03999972343444824
0.10741281509399414
0.08655142784118652
0.07566690444946289
0.06712985038757324
0.02591729164123535
0.1016240119934082
0.08496689796447754
0.07483458518981934
0.06044793128967285
0.05005073547363281
0.036116838455200195
0.02541065216064453
0.09842967987060547
0.09853649139404297
0.0848076343536377
0.06957268714904785
0.055210113525390625
0.04071164131164551
0.10657167434692383
0.1118321418762207
0.09776687622070312
0.08338356018066406
0.06870388984680176
0.05402493476867676
0.04134249687194824
0.10399317741394043
0.08059549331665039
0.06815338134765625
0.057770490646362305
0.043399810791015625
0.039699554443359375
0.10727119445800781
0.10312342643737793
0.0916433334350586
0.07770705223083496
0.06344199180603027
0.04849648475646973
0.03342032432556152
0.10323047637939453
0.11409664154052734
0.09927129745483398
0.08019542694091797
0.06509876251220703
0.08916902542114258
0.08160758018493652
0.07039713859558105
0.06525039672851562
0.04741501808166504
0.033444881439208984
0.09894967079162598
0.07916665077209473
0.0571436882019043
0.04389238357543945
0.03525590896606445
0.0204315185546875
0.0925607681274414
0.08070254325866699
0.06576037406921387
0.05989813804626465
0.04595065116882324
0.03126120567321777
0.10419178009033203
0.08211755752563477
0.07008171081542969
0.06142473220825195
0.043976545333862305
0.030321598052978516
0.1081702709197998
0.09690666198730469
0.08752918243408203
0.0748744010925293
0.0627133846282959
0.04789423942565918
0.03426408767700195
0.1072227954864502
0.08843636512756348
0.09183549880981445
0.07387542724609375
0.05894660949707031
0.04591846466064453
0.10508918762207031
0.08452749252319336
0.07058405876159668
0.06141328811645508
0.06455874443054199
0.05052351951599121
0.03597688674926758
0.09573125839233398
0.08079123497009277
0.08352351188659668
0.06869697570800781
0.05386924743652344
0.039340972900390625
0.10471272468566895
0.08372855186462402
0.08572673797607422
0.07245373725891113
0.05972576141357422
0.04768681526184082
0.03348684310913086
0.09411454200744629
0.08042597770690918
0.05895829200744629
0.059386253356933594
0.04527401924133301
0.030382871627807617
0.10675430297851562
0.08881664276123047
0.07425403594970703
0.05985116958618164
0.05304980278015137
0.03850603103637695
0.023751258850097656
0.09723114967346191
0.09042763710021973
0.0792243480682373
0.07471251487731934
0.06017494201660156
0.05189037322998047
0.10730433464050293
0.0761420726776123
0.06321978569030762
0.06313157081604004
0.049288034439086914
0.032156944274902344
0.10092544555664062
0.08857274055480957
0.09098148345947266
0.07596135139465332
0.0628502368927002
0.04813241958618164
0.033952951431274414
0.09547567367553711
0.08085012435913086
0.06667685508728027
0.05540871620178223
0.0476374626159668
0.03832054138183594
0.10841155052185059
0.08327555656433105
0.07697129249572754
0.06190896034240723
0.04763650894165039
0.03342032432556152
0.10642075538635254
0.09810352325439453
0.08406305313110352
0.06963610649108887
0.0655522346496582
0.05341053009033203
0.038865089416503906
0.10734987258911133
0.08224844932556152
0.07404470443725586
0.05000615119934082
0.035019636154174805
0.1117253303527832
0.11408162117004395
0.1011955738067627
0.08683371543884277
0.07035136222839355
0.05564403533935547
0.04136800765991211
0.1077871322631836
0.09558510780334473
0.08315920829772949
0.08412933349609375
0.06937170028686523
0.05516314506530762
0.040738582611083984
0.10836148262023926
0.09810876846313477
0.08218502998352051
0.06862521171569824
0.056127071380615234
0.04546380043029785
0.030397415161132812
0.10773468017578125
0.0911402702331543
0.07585477828979492
0.05853986740112305
0.043768882751464844
0.029526233673095703
0.11184453964233398
0.08716773986816406
0.07305169105529785
0.06774425506591797
0.05319714546203613
0.03877615928649902
0.1130683422088623
0.09296822547912598
0.09167981147766113
0.07744026184082031
0.06327247619628906
0.04245948791503906
0.027999401092529297
0.08832263946533203
0.07686567306518555
0.06753396987915039
0.05355048179626465
0.03993940353393555
0.027283906936645508
0.10527634620666504
0.08232712745666504
0.07021737098693848
0.06398606300354004
0.06020212173461914
0.045870065689086914
0.03092050552368164
0.087890625
0.07640838623046875
0.06703424453735352
0.05251026153564453
0.03960418701171875
0.02716231346130371
0.1064305305480957
0.08450770378112793
0.0775606632232666
0.0634005069732666
0.04909515380859375
0.031098365783691406
0.10710000991821289
0.10393977165222168
0.09933876991271973
0.08280682563781738
0.06496977806091309
0.046872615814208984
0.03290200233459473
0.08862566947937012
0.07927060127258301
0.06826257705688477
0.0534212589263916
0.03919219970703125
0.0337069034576416
0.09012389183044434
0.08045411109924316
0.07639861106872559
0.061873435974121094
0.04699540138244629
0.032301902770996094
0.10930919647216797
0.09896969795227051
0.08147692680358887
0.06797218322753906
0.05301713943481445
0.03510403633117676
0.1014559268951416
0.08732390403747559
0.0733494758605957
0.05942273139953613
0.04548478126525879
0.03676652908325195
0.03696775436401367
0.08655166625976562
0.0740199089050293
0.07231879234313965
0.06657910346984863
0.05323505401611328
0.03289604187011719
0.09868454933166504
0.08872818946838379
0.07452559471130371
0.05999565124511719
0.050000667572021484
0.04511451721191406
0.11842155456542969
0.09376406669616699
0.0797274112701416
0.06554269790649414
0.05146980285644531
0.03725409507751465
0.023017406463623047
0.08813929557800293
0.07654619216918945
0.06786441802978516
0.060735464096069336
0.04652810096740723
0.028139591217041016
0.1017904281616211
0.1004481315612793
0.08632802963256836
0.0718538761138916
0.051030635833740234
0.03615260124206543
0.08971214294433594
0.08144402503967285
0.07141423225402832
0.05702471733093262
0.04211235046386719
0.039209842681884766
0.10463380813598633
0.0857548713684082
0.07176327705383301
0.05757904052734375
0.04355621337890625
0.039850711822509766
0.10871338844299316
0.09820413589477539
0.09092307090759277
0.0801994800567627
0.06591629981994629
0.05190134048461914
0.03697395324707031
0.02180314064025879
0.08649516105651855
0.09325289726257324
0.07985162734985352
0.06592178344726562
0.0517582893371582
0.03773379325866699
0.09018707275390625
0.08150172233581543
0.06705570220947266
0.060595035552978516
0.04900360107421875
0.0345759391784668
0.10638737678527832
0.09006476402282715
0.07599306106567383
0.061608314514160156
0.04744243621826172
0.037668704986572266
0.03490424156188965
0.09854674339294434
0.10292649269104004
0.09063911437988281
0.07644867897033691
0.06155824661254883
0.048152923583984375
0.03368854522705078
0.09538698196411133
0.08342766761779785
0.06922626495361328
0.055581092834472656
0.04266619682312012
0.0366673469543457
0.1068260669708252
0.08868026733398438
0.08262920379638672
0.06868386268615723
0.05464506149291992
0.024146080017089844
0.11081051826477051
0.10184693336486816
0.0892486572265625
0.0768439769744873
0.061888694763183594
0.04696536064147949
0.1016836166381836
0.08391261100769043
0.0689845085144043
0.055056095123291016
0.04089164733886719
0.03475499153137207
0.10345911979675293
0.08281373977661133
0.07183337211608887
0.07358670234680176
0.060324668884277344
0.03794288635253906
0.10690498352050781
0.08509397506713867
0.07083415985107422
0.056772470474243164
0.05124068260192871
0.03934669494628906
0.024576425552368164
0.09459257125854492
0.08304190635681152
0.07241582870483398
0.05771183967590332
0.04288482666015625
0.041719913482666016
0.10845470428466797
0.11739039421081543
0.11113810539245605
0.09625840187072754
0.08200645446777344
0.06683588027954102
0.05215620994567871
0.0381922721862793
0.09699583053588867
0.08694314956665039
0.07666635513305664
0.06272149085998535
0.04855799674987793
0.034375667572021484
0.10667872428894043
0.08958029747009277
0.08309364318847656
0.06899189949035645
0.05449724197387695
0.037039756774902344
0.020839929580688477
0.08901786804199219
0.08728289604187012
0.07393527030944824
0.05975842475891113
0.04556584358215332
0.038149118423461914
0.09951949119567871
0.08694052696228027
0.0726923942565918
0.07288408279418945
0.05813169479370117
0.0436398983001709
0.0294644832611084
0.09731864929199219
0.08660173416137695
0.07204151153564453
0.05684208869934082
0.042604923248291016
0.10516619682312012
0.08441400527954102
0.07801556587219238
0.07017040252685547
0.05530428886413574
0.0407567024230957
0.026612043380737305
0.08845686912536621
0.09409713745117188
0.07963228225708008
0.0659337043762207
0.051995277404785156
0.037554264068603516
0.10072898864746094
0.08436298370361328
0.0701289176940918
0.05550050735473633
0.040300846099853516
0.031141996383666992
0.09139370918273926
0.08415961265563965
0.08565807342529297
0.07120966911315918
0.05682182312011719
0.04212617874145508
0.10765671730041504
0.08659553527832031
0.0716695785522461
0.05982780456542969
0.059844017028808594
0.05052900314331055
0.03659629821777344
0.08788061141967773
0.0814516544342041
0.08551144599914551
0.07457113265991211
0.06072378158569336
0.04680895805358887
0.10427975654602051
0.09525561332702637
0.07336544990539551
0.05811643600463867
0.0404815673828125
0.1124267578125
0.09692096710205078
0.10482072830200195
0.09070658683776855
0.07868599891662598
0.06402850151062012
0.05045795440673828
0.03798508644104004
0.08648228645324707
0.07767486572265625
0.0631873607635498
0.053333282470703125
0.04361748695373535
0.029827356338500977
0.08701133728027344
0.07122969627380371
0.05930757522583008
0.05336189270019531
0.038369178771972656
0.11117434501647949
0.0910942554473877
0.09630179405212402
0.07907629013061523
0.06509089469909668
0.05215334892272949
0.03560662269592285
0.10318803787231445
0.08094239234924316
0.06911444664001465
0.06275749206542969
0.05393028259277344
0.04179739952087402
0.026951074600219727
0.09968447685241699
0.0829305648803711
0.06870007514953613
0.05561256408691406
0.052451372146606445
0.04175305366516113
0.10773754119873047
0.0986032485961914
0.09056377410888672
0.07551789283752441
0.06160593032836914
0.04891324043273926
0.048922061920166016
0.03527569770812988
0.09501194953918457
0.07770562171936035
0.07276439666748047
0.059413909912109375
0.045459747314453125
0.031302690505981445
0.10478830337524414
0.08184695243835449
0.09266400337219238
0.0787508487701416
0.0647895336151123
0.05084633827209473
0.036890268325805664
0.10030293464660645
0.07883358001708984
0.06667256355285645
0.053236961364746094
0.04105973243713379
0.02877664566040039
0.017512798309326172
0.08728933334350586
0.08085966110229492
0.06597638130187988
0.06292057037353516
0.04784059524536133
0.03025531768798828
0.09826493263244629
0.08162379264831543
0.06882643699645996
0.05998969078063965
0.049550533294677734
0.0408170223236084
0.0904550552368164
0.08229899406433105
0.06833171844482422
0.058936119079589844
0.04395914077758789
0.027021169662475586
0.10033750534057617
0.08784794807434082
0.0734701156616211
0.05951261520385742
0.04531264305114746
0.03120589256286621
0.11027646064758301
0.08511877059936523
0.07102775573730469
0.07035374641418457
0.056246042251586914
0.04268145561218262
0.10744309425354004
0.1061699390411377
0.09124016761779785
0.07601451873779297
0.0616307258605957
0.047501564025878906
0.033883094787597656
0.1041872501373291
0.09357237815856934
0.07854366302490234
0.06439590454101562
0.04971504211425781
0.03535580635070801
0.10850715637207031
0.09551024436950684
0.07693958282470703
0.06291055679321289
0.0492398738861084
0.03472113609313965
0.11039376258850098
0.09269452095031738
0.07965540885925293
0.06755328178405762
0.07071185111999512
0.0564727783203125
0.04337954521179199
0.1054532527923584
0.08611226081848145
0.08442473411560059
0.06989884376525879
0.05499601364135742
0.041397809982299805
0.10521078109741211
0.08524131774902344
0.08047103881835938
0.06554961204528809
0.047799110412597656
0.03351712226867676
0.10577082633972168
0.08966493606567383
0.07793855667114258
0.06879234313964844
0.06917476654052734
0.05652952194213867
0.04248452186584473
0.1045083999633789
0.09108519554138184
0.07960772514343262
0.06564664840698242
0.05355262756347656
0.04396939277648926
0.10912775993347168
0.1045682430267334
0.08657264709472656
0.07156181335449219
0.05721783638000488
0.044371604919433594
0.044808149337768555
0.10821938514709473
0.08945655822753906
0.08055734634399414
0.06745672225952148
0.05339193344116211
0.12646842002868652
0.09904813766479492
0.08470463752746582
0.09110164642333984
0.07692503929138184
0.06207919120788574
0.04479646682739258
0.1099553108215332
0.09356451034545898
0.08197903633117676
0.06739425659179688
0.05954384803771973
0.045194387435913086
0.029776811599731445
0.08756017684936523
0.08136534690856934
0.06870484352111816
0.05825686454772949
0.04338669776916504
0.029285192489624023
0.10477852821350098
0.09453821182250977
0.08434462547302246
0.07021474838256836
0.05588555335998535
0.04118013381958008
0.10675621032714844
0.09517407417297363
0.08676862716674805
0.07222366333007812
0.07895088195800781
0.06504559516906738
0.0506744384765625
0.036581993103027344
0.09608817100524902
0.07868123054504395
0.07100391387939453
0.056021928787231445
0.04172778129577637
0.03905820846557617
0.10496091842651367
0.09121394157409668
0.07624292373657227
0.06128668785095215
0.04633975028991699
0.028406381607055664
0.0998525619506836
0.09565973281860352
0.07766938209533691
0.06368827819824219
0.04876112937927246
0.02929091453552246
0.09688210487365723
0.08170104026794434
0.08780646324157715
0.06776595115661621
0.05325603485107422
0.03930926322937012
0.10794520378112793
0.0813751220703125
0.0736384391784668
0.07638740539550781
0.062436580657958984
0.04849863052368164
0.034032344818115234
0.09453082084655762
0.07824492454528809
0.06899189949035645
0.05454301834106445
0.04787015914916992
0.03588747978210449
0.10318398475646973
0.09548449516296387
0.08147907257080078
0.06618928909301758
0.0586550235748291
0.044870853424072266
0.030643463134765625
0.09806323051452637
0.08453035354614258
0.08831167221069336
0.07500123977661133
0.06156444549560547
0.04786968231201172
0.03319215774536133
0.09348630905151367
0.09273600578308105
0.07878661155700684
0.06437325477600098
0.04939460754394531
0.027503013610839844
0.08704662322998047
0.07454323768615723
0.06306242942810059
0.05637836456298828
0.0391085147857666
0.02473902702331543
0.11477947235107422
0.10480427742004395
0.09050941467285156
0.07682251930236816
0.06321239471435547
0.04909944534301758
0.03488779067993164
0.09299683570861816
0.07889866828918457
0.06462550163269043
0.04600262641906738
0.03583407402038574
0.1102902889251709
0.09673166275024414
0.08500003814697266
0.06949234008789062
0.05717349052429199
0.04809880256652832
0.034349918365478516
0.028908967971801758
0.09241843223571777
0.08492541313171387
0.07133746147155762
0.05303835868835449
0.03907012939453125
0.03570842742919922
0.09276390075683594
0.0758965015411377
0.07885265350341797
0.0648660659790039
0.05116534233093262
0.03651618957519531
0.10238361358642578
0.08126306533813477
0.07399344444274902
0.06871390342712402
0.05840587615966797
0.10900545120239258
0.09673285484313965
0.08899855613708496
0.07302045822143555
0.05886960029602051
0.05907773971557617
0.044539451599121094
0.1055445671081543
0.07863807678222656
0.06416082382202148
0.06450605392456055
0.04959416389465332
0.03518080711364746
0.10433077812194824
0.08432626724243164
0.0691683292388916
0.0629432201385498
0.04871821403503418
0.03386735916137695
0.01978278160095215
0.09561991691589355
0.09160351753234863
0.07652854919433594
0.06255388259887695
0.04757809638977051
0.03364300727844238
0.10294008255004883
0.08229422569274902
0.06874799728393555
0.06658601760864258
0.059118032455444336
0.045464277267456055
0.10405445098876953
0.0919342041015625
0.07111406326293945
0.05705547332763672
0.043091773986816406
0.036217451095581055
0.10545682907104492
0.08440089225769043
0.07681846618652344
0.06256985664367676
0.04835104942321777
0.03340578079223633
0.025333881378173828
0.08880376815795898
0.07805848121643066
0.06616806983947754
0.05481600761413574
0.048938751220703125
0.035813093185424805
0.09052562713623047
0.0813148021697998
0.08080124855041504
0.06579208374023438
0.05112290382385254
0.03717231750488281
0.1055903434753418
0.10750961303710938
0.09392881393432617
0.07999563217163086
0.06591081619262695
0.0515599250793457
0.036833763122558594
0.09569835662841797
0.1005849838256836
0.08627843856811523
0.07188773155212402
0.057702064514160156
0.04351544380187988
0.10569334030151367
0.08486390113830566
0.0764622688293457
0.06549930572509766
0.056397438049316406
0.04160737991333008
0.02770233154296875
0.09014272689819336
0.08371591567993164
0.0686795711517334
0.06304049491882324
0.05002140998840332
0.03547930717468262
0.10022974014282227
0.08489990234375
0.07378149032592773
0.05198240280151367
0.04764056205749512
0.03571462631225586
0.10793161392211914
0.09929227828979492
0.0865633487701416
0.0752711296081543
0.06131863594055176
0.046122074127197266
0.03190970420837402
0.09376263618469238
0.09505748748779297
0.08066701889038086
0.06621885299682617
0.05187225341796875
0.03811287879943848
0.10784769058227539
0.08785581588745117
0.0738215446472168
0.059461355209350586
0.04565930366516113
0.04675579071044922
0.03312277793884277
0.08902335166931152
0.07894396781921387
0.06787729263305664
0.049512624740600586
0.03549814224243164
0.031180620193481445
0.09101486206054688
0.08089709281921387
0.07369565963745117
0.06304407119750977
0.04864072799682617
0.03507256507873535
0.11863064765930176
0.10549783706665039
0.09158635139465332
0.07661080360412598
0.06232643127441406
0.04769158363342285
0.033570289611816406
0.11008810997009277
0.09115815162658691
0.08210253715515137
0.06840395927429199
0.05617856979370117
0.04250359535217285
0.10690116882324219
0.08805060386657715
0.07471108436584473
0.06113457679748535
0.04650306701660156
0.03333616256713867
0.10831165313720703
0.09570026397705078
0.08719921112060547
0.06913185119628906
0.05843186378479004
0.055939674377441406
0.04181838035583496
0.11164402961730957
0.0875387191772461
0.07333803176879883
0.059163808822631836
0.04405546188354492
0.04422426223754883
0.10380244255065918
0.0895695686340332
0.07861161231994629
0.06370258331298828
0.04280853271484375
0.028641939163208008
0.09031271934509277
0.08116888999938965
0.07345962524414062
0.06596755981445312
0.051464080810546875
0.03706240653991699
0.10662627220153809
0.08492064476013184
0.07704401016235352
0.06227278709411621
0.04808950424194336
0.03381013870239258
0.027903318405151367
0.08855319023132324
0.08609580993652344
0.07242226600646973
0.05758953094482422
0.04303312301635742
0.028827905654907227
0.10406088829040527
0.08400511741638184
0.0694117546081543
0.05630159378051758
0.0550074577331543
0.04134941101074219
0.10607624053955078
0.08226394653320312
0.07042694091796875
0.0613713264465332
0.05373716354370117
0.03856253623962402
0.10912489891052246
0.10220861434936523
0.08944511413574219
0.07630085945129395
0.06254005432128906
0.04838681221008301
0.10318470001220703
0.08366918563842773
0.06834673881530762
0.0583953857421875
0.044234275817871094
0.03088068962097168
0.024541616439819336
0.09397196769714355
0.08334755897521973
0.07547569274902344
0.06177496910095215
0.04760313034057617
0.033364295959472656
0.031919002532958984
0.08819890022277832
0.08233880996704102
0.06449604034423828
0.0498049259185791
0.035186767578125
0.020214557647705078
0.0908668041229248
0.07889413833618164
0.07011127471923828
0.05521512031555176
0.04091811180114746
0.035088539123535156
0.09013056755065918
0.07848620414733887
0.06592440605163574
0.05439257621765137
0.041411638259887695
0.1080162525177002
0.10012650489807129
0.08613324165344238
0.07224369049072266
0.05709409713745117
0.03882598876953125
0.1232447624206543
0.10850834846496582
0.09202933311462402
0.07719850540161133
0.06333398818969727
0.049135446548461914
0.03986215591430664
0.10793614387512207
0.09609746932983398
0.08533763885498047
0.07438898086547852
0.05991721153259277
0.04492378234863281
0.03198957443237305
0.10656547546386719
0.09083437919616699
0.08805704116821289
0.07315444946289062
0.05863785743713379
0.10488748550415039
0.08415651321411133
0.07202482223510742
0.059674978256225586
0.04696512222290039
0.037664175033569336
0.02008676528930664
0.08815336227416992
0.07971954345703125
0.06928086280822754
0.0668635368347168
0.05224752426147461
0.03837275505065918
0.10600829124450684
0.08172798156738281
0.06966829299926758
0.06397843360900879
0.04998970031738281
0.035425424575805664
0.1094655990600586
0.09595131874084473
0.08473324775695801
0.07052397727966309
0.056298017501831055
0.04660224914550781
0.03209257125854492
0.10005450248718262
0.08102273941040039
0.08491206169128418
0.07000374794006348
0.05605745315551758
0.04208874702453613
0.02813243865966797
0.09647750854492188
0.07732295989990234
0.06614232063293457
0.05496788024902344
0.04830455780029297
0.03821301460266113
0.11186861991882324
0.08191323280334473
0.07159209251403809
0.0575253963470459
0.04302668571472168
0.029559850692749023
0.10871481895446777
0.10231256484985352
0.10129499435424805
0.08681559562683105
0.0726170539855957
0.05817270278930664
0.04452061653137207
0.030230045318603516
0.10172724723815918
0.08503007888793945
0.07100629806518555
0.05729532241821289
0.0430448055267334
0.03025960922241211
0.1038808822631836
0.08851957321166992
0.08116412162780762
0.07193565368652344
0.057947397232055664
0.04473757743835449
0.11388421058654785
0.10134553909301758
0.09627127647399902
0.09816575050354004
0.08793950080871582
0.0729062557220459
0.054975032806396484
0.11263537406921387
0.09044241905212402
0.07563114166259766
0.061585426330566406
0.05250072479248047
0.03859138488769531
0.10260796546936035
0.09847235679626465
0.08353662490844727
0.06901335716247559
0.05100750923156738
0.03564286231994629
0.09021353721618652
0.07927346229553223
0.08046841621398926
0.06519532203674316
0.050847530364990234
0.03596687316894531
0.10462021827697754
0.08555197715759277
0.07051324844360352
0.06115388870239258
0.04673504829406738
0.03732609748840332
0.1092989444732666
0.1013796329498291
0.08444356918334961
0.07238984107971191
0.05648088455200195
0.05669593811035156
0.04258012771606445
0.11983609199523926
0.08996915817260742
0.07589530944824219
0.06154966354370117
0.04646944999694824
0.03638648986816406
0.10564184188842773
0.0823972225189209
0.07454085350036621
0.05233359336853027
0.037802934646606445
0.023589611053466797
0.08978962898254395
0.07777285575866699
0.07869839668273926
0.06398272514343262
0.0458531379699707
0.031645774841308594
0.10023665428161621
0.08172440528869629
0.08048510551452637
0.062137603759765625
0.047460317611694336
0.03246951103210449
0.10688138008117676
0.09183692932128906
0.0774533748626709
0.06897091865539551
0.05090808868408203
0.0356442928314209
0.10633182525634766
0.08147478103637695
0.07286214828491211
0.06190967559814453
0.04822540283203125
0.029763221740722656
0.10247421264648438
0.09424114227294922
0.08019590377807617
0.06582450866699219
0.05098986625671387
0.03345179557800293
0.10370397567749023
0.08716464042663574
0.09048843383789062
0.07634377479553223
0.042968034744262695
0.10673260688781738
0.09055185317993164
0.07649755477905273
0.07152223587036133
0.05654144287109375
0.039482831954956055
0.024661540985107422
0.09582948684692383
0.09160709381103516
0.07777929306030273
0.06417489051818848
0.0500645637512207
0.0357670783996582
0.0903787612915039
0.07892656326293945
0.07241439819335938
0.05812859535217285
0.04385805130004883
0.029178857803344727
0.10536003112792969
0.08460760116577148
0.08892416954040527
0.07672309875488281
0.0615997314453125
0.04747653007507324
0.032544612884521484
0.09455728530883789
0.08367514610290527
0.07039880752563477
0.057349443435668945
0.06554198265075684
0.050862789154052734
0.03658175468444824
0.08793187141418457
0.07910847663879395
0.06832432746887207
0.05407214164733887
0.03878974914550781
0.03680610656738281
0.10140728950500488
0.08239412307739258
0.07037162780761719
0.0649254322052002
0.05408024787902832
0.03972125053405762
0.02421736717224121
0.09709429740905762
0.0816488265991211
0.06970953941345215
0.04620480537414551
0.031723737716674805
0.10798168182373047
0.08837246894836426
0.07426667213439941
0.06664061546325684
0.0523834228515625
0.037496089935302734
0.036377668380737305
0.09479069709777832
0.0878901481628418
0.08261299133300781
0.06887125968933105
0.05350494384765625
0.039337873458862305
0.1016089916229248
0.08493590354919434
0.07291984558105469
0.0649409294128418
0.0512847900390625
0.03679513931274414
0.11094880104064941
0.08408236503601074
0.07035946846008301
0.05533432960510254
0.04276728630065918
0.026750564575195312
0.11102843284606934
0.08611416816711426
0.07253456115722656
0.07877969741821289
0.061127662658691406
0.04716777801513672
0.08987951278686523
0.08071780204772949
0.0666038990020752
0.05625009536743164
0.045207977294921875
0.03860831260681152
0.10908174514770508
0.08531928062438965
0.07480049133300781
0.05987143516540527
0.04558229446411133
0.03321337699890137
0.020325422286987305
0.08885836601257324
0.07764124870300293
0.07835698127746582
0.06474828720092773
0.05079245567321777
0.03897285461425781
0.10530257225036621
0.08803653717041016
0.07606196403503418
0.061276912689208984
0.047292470932006836
0.04253864288330078
0.10542917251586914
0.09264922142028809
0.07462549209594727
0.05951118469238281
0.04516768455505371
0.03293466567993164
0.12053799629211426
0.09903192520141602
0.0868523120880127
0.0737752914428711
0.05864119529724121
0.04436159133911133
0.10716724395751953
0.08822751045227051
0.07690572738647461
0.06659102439880371
0.05872607231140137
0.041236162185668945
0.08956241607666016
0.09131979942321777
0.07726263999938965
0.06278252601623535
0.045647621154785156
0.03206372261047363
0.09761881828308105
0.09066486358642578
0.07566714286804199
0.06074190139770508
0.04607534408569336
0.045751333236694336
0.10955357551574707
0.09537887573242188
0.08393025398254395
0.07159304618835449
0.055214881896972656
0.041525840759277344
0.08930611610412598
0.08022022247314453
0.0757136344909668
0.06607532501220703
0.05125117301940918
0.03878355026245117
0.10301899909973145
0.0810544490814209
0.0723116397857666
0.06924057006835938
0.05506467819213867
0.03738808631896973
0.0953216552734375
0.08098578453063965
0.06692981719970703
0.05791640281677246
0.0440983772277832
0.04153251647949219
0.10430121421813965
0.08771777153015137
0.07319235801696777
0.05891132354736328
0.0449221134185791
0.032707929611206055
0.10830879211425781
0.09290361404418945
0.08314251899719238
0.0688014030456543
0.0575098991394043
0.05623674392700195
0.036734580993652344
0.08890843391418457
0.0795283317565918
0.06213259696960449
0.056989431381225586
0.029778480529785156
0.10143709182739258
0.08452892303466797
0.07524752616882324
0.06436347961425781
0.060777902603149414
0.03990340232849121
0.10607719421386719
0.08243155479431152
0.07277655601501465
0.07198190689086914
0.05711507797241211
0.04289674758911133
0.028385400772094727
0.08817100524902344
0.07679867744445801
0.07556390762329102
0.06338143348693848
0.04896974563598633
0.033667802810668945
0.10324525833129883
0.08284616470336914
0.08525276184082031
0.07100248336791992
0.056595802307128906
0.042313575744628906
0.11139512062072754
0.09774065017700195
0.0896308422088623
0.08341073989868164
0.06910943984985352
0.05149531364440918
0.033353567123413086
0.0993809700012207
0.08368587493896484
0.0691370964050293
0.07079315185546875
0.056676387786865234
0.04266095161437988
0.10840725898742676
0.0870058536529541
0.07273149490356445
0.06253290176391602
0.05842161178588867
0.04479861259460449
0.1103510856628418
0.1003274917602539
0.08340334892272949
0.06975150108337402
0.06838417053222656
0.05459260940551758
0.03954291343688965
0.10578012466430664
0.09528899192810059
0.08108854293823242
0.07523512840270996
0.06185293197631836
0.047359466552734375
0.03306937217712402
0.09672069549560547
0.08004331588745117
0.07551121711730957
0.05721330642700195
0.04291939735412598
0.028890609741210938
0.10134410858154297
0.09105563163757324
0.07706236839294434
0.06306600570678711
0.04860043525695801
0.034534454345703125
0.023788928985595703
0.08771467208862305
0.07933735847473145
0.06413841247558594
0.0508573055267334
0.0365755558013916
0.028662681579589844
0.09965896606445312
0.09314107894897461
0.07895588874816895
0.0653843879699707
0.05129361152648926
0.04964590072631836
0.03609299659729004
0.09380793571472168
0.07857918739318848
0.06456351280212402
0.059011220932006836
0.04106736183166504
0.026714324951171875
0.0921323299407959
0.07856082916259766
0.07412409782409668
0.058919429779052734
0.0438234806060791
0.02869248390197754
0.09566140174865723
0.08144187927246094
0.06146383285522461
0.055136919021606445
0.04071664810180664
0.02386617660522461
0.09041690826416016
0.07862997055053711
0.06635308265686035
0.05652880668640137
0.05165457725524902
0.037299156188964844
0.09905028343200684
0.08541512489318848
0.08676910400390625
0.0734860897064209
0.056096553802490234
0.04149603843688965
0.10840916633605957
0.09282493591308594
0.09499168395996094
0.08072447776794434
0.043007850646972656
0.029131650924682617
0.10468888282775879
0.08677482604980469
0.07275915145874023
0.05883669853210449
0.04506492614746094
0.0301206111907959
0.1073305606842041
0.0955207347869873
0.08300089836120605
0.07747960090637207
0.06358695030212402
0.03616690635681152
0.021399259567260742
0.09617972373962402
0.08043813705444336
0.07035303115844727
0.059789180755615234
0.04553937911987305
0.030329465866088867
0.11279869079589844
0.08591556549072266
0.06966304779052734
0.062204599380493164
0.05557584762573242
0.04274415969848633
0.10776996612548828
0.09965991973876953
0.08555436134338379
0.07126712799072266
0.05666232109069824
0.04499650001525879
0.027218103408813477
0.10596919059753418
0.08107113838195801
0.06683015823364258
0.05371570587158203
0.0428318977355957
0.031510353088378906
0.10553860664367676
0.08273577690124512
0.09011197090148926
0.0782618522644043
0.0632178783416748
0.04875516891479492
0.034731388092041016
0.08903312683105469
0.07850313186645508
0.06449723243713379
0.05820202827453613
0.04438161849975586
0.02930617332458496
0.08991289138793945
0.08307623863220215
0.0687723159790039
0.05443382263183594
0.04574179649353027
0.041052818298339844
0.10181117057800293
0.08784151077270508
0.07605385780334473
0.061580657958984375
0.047304391860961914
0.03389310836791992
0.031986236572265625
0.09923315048217773
0.08093786239624023
0.08169841766357422
0.06709527969360352
0.05253267288208008
0.03737497329711914
0.10839557647705078
0.08249497413635254
0.07721328735351562
0.06244945526123047
0.047130584716796875
0.02895355224609375
0.10234546661376953
0.08654451370239258
0.07136297225952148
0.05682563781738281
0.039719343185424805
0.03600287437438965
0.1058351993560791
0.08300566673278809
0.08301210403442383
0.06927728652954102
0.05538129806518555
0.04074811935424805
0.025552749633789062
0.10104727745056152
0.08112668991088867
0.07670283317565918
0.06271123886108398
0.04577946662902832
0.03084874153137207
0.10122442245483398
0.07779502868652344
0.0748741626739502
0.05698657035827637
0.03955268859863281
0.025476932525634766
0.09546041488647461
0.08162641525268555
0.07000851631164551
0.05503058433532715
0.04098820686340332
0.02914595603942871
0.10905981063842773
0.10306620597839355
0.09216761589050293
0.07796573638916016
0.060281991958618164
0.03896450996398926
0.10664677619934082
0.0880887508392334
0.07299208641052246
0.05822014808654785
0.044039011001586914
0.03762531280517578
0.10895848274230957
0.08493518829345703
0.08241438865661621
0.06818056106567383
0.05420827865600586
0.03527641296386719
0.08925485610961914
0.07457470893859863
0.06928658485412598
0.054962873458862305
0.04387640953063965
0.03416943550109863
0.10256528854370117
0.08930039405822754
0.0742940902709961
0.060266733169555664
0.04615592956542969
0.1064605712890625
0.09880900382995605
0.08729267120361328
0.0731818675994873
0.05887770652770996
0.04036879539489746
0.02609395980834961
0.10143017768859863
0.08272576332092285
0.06850624084472656
0.0623166561126709
0.048677682876586914
0.030729293823242188
0.10574793815612793
0.08685684204101562
0.08178949356079102
0.06816911697387695
0.05333137512207031
0.032624244689941406
0.10408473014831543
0.08530640602111816
0.07465195655822754
0.060524702072143555
0.048401832580566406
0.04813981056213379
0.035291194915771484
0.09746551513671875
0.1087636947631836
0.09500789642333984
0.0807487964630127
0.06578636169433594
0.05137944221496582
0.03921651840209961
0.0941622257232666
0.07892036437988281
0.06943535804748535
0.055240631103515625
0.05359458923339844
0.03915143013000488
0.10686326026916504
0.08508682250976562
0.07605409622192383
0.07721400260925293
0.06287527084350586
0.04784703254699707
0.033532142639160156
0.09687924385070801
0.08278608322143555
0.1058645248413086
0.09169363975524902
0.07710838317871094
0.06358957290649414
0.10941100120544434
0.0934443473815918
0.05717921257019043
0.042507171630859375
0.02550339698791504
0.10126137733459473
0.08872294425964355
0.08440446853637695
0.0661630630493164
0.05122113227844238
0.044085025787353516
0.10380935668945312
0.07673835754394531
0.0756368637084961
0.061551809310913086
0.04642224311828613
0.0315706729888916
0.10394454002380371
0.09224534034729004
0.0890200138092041
0.07475709915161133
0.05341768264770508
0.03913545608520508
0.10343694686889648
0.0881197452545166
0.07352352142333984
0.05942893028259277
0.061189889907836914
0.046500444412231445
0.031215190887451172
0.09468483924865723
0.0826871395111084
0.08164381980895996
0.06768488883972168
0.05367422103881836
0.0397186279296875
0.024766206741333008
0.08882737159729004
0.07953548431396484
0.06536865234375
0.05591917037963867
0.05264568328857422
0.039542436599731445
0.10713481903076172
0.1044008731842041
0.09230971336364746
0.07803177833557129
0.06358885765075684
0.04655885696411133
0.03297615051269531
0.08793306350708008
0.0732109546661377
0.06364607810974121
0.04918265342712402
0.038976430892944336
0.03025507926940918
0.10183930397033691
0.09198594093322754
0.07749390602111816
0.0695035457611084
0.05520033836364746
0.04119110107421875
0.02583456039428711
0.09441614151000977
0.08326363563537598
0.07332205772399902
0.05889439582824707
0.04888343811035156
0.031230926513671875
0.10610175132751465
0.0908353328704834
0.08005571365356445
0.06512737274169922
0.058901071548461914
0.04143095016479492
0.02690863609313965
0.08804559707641602
0.07647347450256348
0.06682157516479492
0.06381583213806152
0.05087161064147949
0.033025503158569336
0.10335969924926758
0.09287238121032715
0.07935237884521484
0.05989670753479004
0.05064511299133301
0.0363006591796875
0.10597062110900879
0.08908987045288086
0.07812905311584473
0.07665419578552246
0.06365585327148438
0.04943680763244629
0.03485560417175293
0.08848214149475098
0.07541203498840332
0.07881355285644531
0.065338134765625
0.05095958709716797
0.036286115646362305
0.10284233093261719
0.0821831226348877
0.08485889434814453
0.07154607772827148
0.057137489318847656
0.04298591613769531
0.11336421966552734
0.08318781852722168
0.0771942138671875
0.06307244300842285
0.0480344295501709
0.03389477729797363
0.030113697052001953
0.09362936019897461
0.07967615127563477
0.06553816795349121
0.05605506896972656
0.04826045036315918
0.036263227462768555
0.11328673362731934
0.08776211738586426
0.07292437553405762
0.058538198471069336
0.04409289360046387
0.039786577224731445
0.10705900192260742
0.10175466537475586
0.08770465850830078
0.07288193702697754
0.058981895446777344
0.0499420166015625
0.036086320877075195
0.028638124465942383
0.09564566612243652
0.08017992973327637
0.07874584197998047
0.0687556266784668
0.05789899826049805
0.047579050064086914
0.10526037216186523
0.08130812644958496
0.0673830509185791
0.058153390884399414
0.04738450050354004
0.03543281555175781
0.021456003189086914
0.09490513801574707
0.07997632026672363
0.07525110244750977
0.07066059112548828
0.05452418327331543
0.039691925048828125
0.10382628440856934
0.08402705192565918
0.07577919960021973
0.061208248138427734
0.047029733657836914
0.04145526885986328
0.02695465087890625
0.08785152435302734
0.07958197593688965
0.06536388397216797
0.05682063102722168
0.04191923141479492
0.024559736251831055
0.10242462158203125
0.08080673217773438
0.06802058219909668
0.06581497192382812
0.05077409744262695
0.03636360168457031
0.10744237899780273
0.13359951972961426
0.11904311180114746
0.10430288314819336
0.07485556602478027
0.06098198890686035
0.10791611671447754
0.07692480087280273
0.06201291084289551
0.051361799240112305
0.04886960983276367
0.03437089920043945
0.09403419494628906
0.08969855308532715
0.0755457878112793
0.06114816665649414
0.04682517051696777
0.03212332725524902
0.11128354072570801
0.11267423629760742
0.0990149974822998
0.08469057083129883
0.07048344612121582
0.0553739070892334
0.0406646728515625
0.10432720184326172
0.08317279815673828
0.06854701042175293
0.05494213104248047
0.04010796546936035
0.02576136589050293
0.1116189956665039
0.10014939308166504
0.08602190017700195
0.0716404914855957
0.05745267868041992
0.04224801063537598
0.0272216796875
0.08810997009277344
0.07610726356506348
0.06335711479187012
0.051047325134277344
0.042104244232177734
0.027250289916992188
0.1038362979888916
0.10169029235839844
0.08750724792480469
0.07280683517456055
0.05864667892456055
0.0445256233215332
0.03020477294921875
0.09661269187927246
0.0849466323852539
0.06756043434143066
0.05809521675109863
0.04337143898010254
0.028818607330322266
0.10187315940856934
0.08170843124389648
0.07866382598876953
0.06072640419006348
0.040056467056274414
0.025164127349853516
0.09849357604980469
0.08452486991882324
0.07022237777709961
0.057157039642333984
0.04721426963806152
0.032854557037353516
0.018921375274658203
0.09141063690185547
0.07740497589111328
0.06786608695983887
0.0535891056060791
0.03927469253540039
0.029476404190063477
0.10404276847839355
0.08260607719421387
0.0696563720703125
0.05703568458557129
0.03884625434875488
0.03304886817932129
0.11740732192993164
0.09284281730651855
0.07406163215637207
0.05935311317443848
0.05321812629699707
0.03906679153442383
0.10590815544128418
0.08717536926269531
0.06976056098937988
0.05509829521179199
0.04318594932556152
0.03088665008544922
0.10712337493896484
0.0922391414642334
0.08720898628234863
0.08521699905395508
0.0674428939819336
0.04880499839782715
0.03374004364013672
0.1015779972076416
0.08507871627807617
0.07014799118041992
0.05641007423400879
0.051038265228271484
0.036122798919677734
0.10348224639892578
0.08148622512817383
0.06896424293518066
0.060372352600097656
0.04613184928894043
0.040541887283325195
0.027779579162597656
0.0883643627166748
0.07644057273864746
0.0791177749633789
0.05725431442260742
0.04258275032043457
0.02868938446044922
0.10939884185791016
0.09653592109680176
0.0825653076171875
0.06846451759338379
0.048546552658081055
0.03440427780151367
0.10891079902648926
0.08405208587646484
0.07686233520507812
0.06943798065185547
0.05901694297790527
0.044586181640625
0.03016972541809082
0.10095524787902832
0.0869452953338623
0.0723886489868164
0.057856082916259766
0.042704105377197266
0.028580665588378906
0.10373497009277344
0.0852515697479248
0.09174919128417969
0.07739448547363281
0.05953836441040039
0.044708251953125
0.10521173477172852
0.08895087242126465
0.07243776321411133
0.05740189552307129
0.050045013427734375
0.0349581241607666
0.1061251163482666
0.08238720893859863
0.07607007026672363
0.0565187931060791
0.04160118103027344
0.026885032653808594
0.09971022605895996
0.08728337287902832
0.07218813896179199
0.05764031410217285
0.052733421325683594
0.03845715522766113
0.024792909622192383
0.07767367362976074
0.06606364250183105
0.06612992286682129
0.05713534355163574
0.04251456260681152
0.11114621162414551
0.09410262107849121
0.09171628952026367
0.08589053153991699
0.06488299369812012
0.05027937889099121
0.03625774383544922
0.09988284111022949
0.08633947372436523
0.07237052917480469
0.05756831169128418
0.05111336708068848
0.03687644004821777
0.10714507102966309
0.08979034423828125
0.08063030242919922
0.06527566909790039
0.06686234474182129
0.05217456817626953
0.037769317626953125
0.10471272468566895
0.08081555366516113
0.07145571708679199
0.0668797492980957
0.05255389213562012
0.03838181495666504
0.023636817932128906
0.08899235725402832
0.08885431289672852
0.07468008995056152
0.060262203216552734
0.046144962310791016
0.02850341796875
0.10389280319213867
0.08596158027648926
0.08112549781799316
0.06606745719909668
0.05109667778015137
0.03679966926574707
0.022484302520751953
0.09163665771484375
0.08048701286315918
0.0666341781616211
0.052358150482177734
0.052193403244018555
0.030920982360839844
0.1097879409790039
0.09278011322021484
0.07886958122253418
0.06411552429199219
0.05016827583312988
0.03542327880859375
0.028931856155395508
0.09621620178222656
0.09063148498535156
0.08472013473510742
0.06979537010192871
0.05467081069946289
0.026465654373168945
0.09484553337097168
0.0883183479309082
0.08940386772155762
0.07494473457336426
0.06105804443359375
0.0469357967376709
0.032474517822265625
0.10320925712585449
0.10256052017211914
0.08813714981079102
0.07418966293334961
0.059290170669555664
0.044284820556640625
0.10392427444458008
0.08273959159851074
0.0820622444152832
0.06699109077453613
0.05290627479553223
0.03791975975036621
0.10933327674865723
0.0832676887512207
0.0813755989074707
0.07193541526794434
0.03789496421813965
0.10445880889892578
0.0984044075012207
0.08466219902038574
0.07049751281738281
0.05622744560241699
0.04114246368408203
0.11032629013061523
0.08713459968566895
0.07191133499145508
0.05801820755004883
0.043601274490356445
0.03368496894836426
0.026882410049438477
0.09174013137817383
0.09046363830566406
0.07795405387878418
0.06583166122436523
0.0481874942779541
0.03346514701843262
0.09037017822265625
0.07837510108947754
0.06949257850646973
0.06743454933166504
0.05397820472717285
0.0395510196685791
0.1029050350189209
0.08202314376831055
0.07285881042480469
0.05791878700256348
0.04744887351989746
0.03687310218811035
0.10627865791320801
0.09184432029724121
0.07781600952148438
0.06333398818969727
0.06073403358459473
0.045804738998413086
0.03136730194091797
0.08863353729248047
0.07690763473510742
0.07137703895568848
0.05626106262207031
0.041765451431274414
0.027572154998779297
0.10381650924682617
0.10353255271911621
0.08858895301818848
0.07410025596618652
0.05978560447692871
0.04530668258666992
0.0307004451751709
0.08899569511413574
0.0793917179107666
0.08015322685241699
0.06723165512084961
0.052297115325927734
0.031153202056884766
0.1011197566986084
0.08424067497253418
0.09154725074768066
0.07638359069824219
0.06169843673706055
0.046857595443725586
0.032515764236450195
0.0986182689666748
0.08168315887451172
0.07771801948547363
0.0635371208190918
0.04886913299560547
0.03444266319274902
0.027241945266723633
0.08887553215026855
0.09498786926269531
0.08062124252319336
0.06647443771362305
0.052298784255981445
0.03780412673950195
0.10681462287902832
0.08549737930297852
0.08147954940795898
0.06656527519226074
0.05230712890625
0.03535866737365723
0.10677242279052734
0.1105809211730957
0.09398937225341797
0.07947802543640137
0.061277151107788086
0.04683279991149902
0.032628774642944336
0.08837652206420898
0.07649612426757812
0.06751489639282227
0.050081729888916016
0.03618335723876953
0.023709535598754883
0.09051227569580078
0.08768796920776367
0.042882442474365234
0.028985977172851562
0.10464215278625488
0.08549046516418457
0.07263302803039551
0.058091163635253906
0.040376901626586914
0.022527217864990234
0.10155653953552246
0.09573578834533691
0.08153009414672852
0.0676887035369873
0.05307817459106445
0.038507938385009766
0.023973941802978516
0.08838033676147461
0.07553601264953613
0.07637929916381836
0.06162762641906738
0.046597957611083984
0.03250241279602051
0.10292911529541016
0.08579039573669434
0.0875847339630127
0.07310104370117188
0.059584856033325195
0.045110225677490234
0.11072301864624023
0.08381032943725586
0.06983208656311035
0.07099533081054688
0.05786323547363281
0.04392385482788086
0.10749030113220215
0.09549522399902344
0.08353829383850098
0.07767438888549805
0.06324005126953125
0.04902076721191406
0.03489112854003906
0.11228704452514648
0.0914316177368164
0.07732844352722168
0.06365489959716797
0.05826687812805176
0.05259823799133301
0.03194856643676758
0.08966684341430664
0.08006095886230469
0.06598401069641113
0.053124189376831055
0.050959110260009766
0.037926673889160156
0.10526490211486816
0.08236289024353027
0.07355356216430664
0.05854296684265137
0.05619549751281738
0.04330110549926758
0.03007197380065918
0.09754753112792969
0.08046579360961914
0.06786704063415527
0.0549314022064209
0.052382707595825195
0.03824567794799805
0.10766959190368652
0.09271478652954102
0.08757662773132324
0.07317113876342773
0.058660030364990234
0.04491281509399414
0.03449869155883789
0.10828375816345215
0.0912785530090332
0.07961201667785645
0.0671694278717041
0.06629490852355957
0.05561971664428711
0.039170265197753906
0.10373735427856445
0.09331679344177246
0.08144712448120117
0.06363582611083984
0.0498967170715332
0.03596329689025879
0.09550786018371582
0.08064818382263184
0.0672922134399414
0.057100534439086914
0.038969993591308594
0.024065256118774414
0.09819388389587402
0.08550810813903809
0.07136702537536621
0.0578310489654541
0.04276442527770996
0.028480052947998047
0.10060334205627441
0.09413433074951172
0.07699084281921387
0.06313896179199219
0.04551577568054199
0.03155040740966797
0.10641980171203613
0.09735798835754395
0.08342432975769043
0.06608915328979492
0.05087137222290039
0.045632123947143555
0.03531289100646973
0.1009829044342041
0.09876823425292969
0.08460021018981934
0.06929492950439453
0.05511903762817383
0.04133939743041992
0.027356863021850586
0.09429621696472168
0.08971834182739258
0.07976675033569336
0.058318138122558594
0.04392099380493164
0.029482364654541016
0.10052871704101562
0.08269548416137695
0.08812308311462402
0.07361078262329102
0.05952739715576172
0.04533982276916504
0.03082728385925293
0.09104204177856445
0.07948517799377441
0.06444597244262695
0.0503995418548584
0.03664684295654297
0.03653407096862793
0.08959031105041504
0.07782125473022461
0.06879448890686035
0.06434178352355957
0.0501093864440918
0.032671213150024414
0.08114457130432129
0.06768608093261719
0.06581926345825195
0.049524784088134766
0.03519845008850098
0.1047356128692627
0.09024953842163086
0.07624626159667969
0.06237173080444336
0.0569148063659668
0.04265093803405762
0.028397560119628906
0.0950779914855957
0.07766413688659668
0.07803010940551758
0.06006646156311035
0.04609203338623047
0.03218507766723633
0.0977180004119873
0.09929585456848145
0.0838766098022461
0.06961774826049805
0.05527234077453613
0.028091907501220703
0.08969283103942871
0.0821828842163086
0.07779788970947266
0.06374073028564453
0.049080610275268555
0.03499269485473633
0.09311676025390625
0.08453202247619629
0.06960558891296387
0.05170917510986328
0.03811383247375488
0.03432106971740723
0.10326695442199707
0.09508824348449707
0.0805814266204834
0.06622147560119629
0.048725128173828125
0.0343327522277832
0.10690474510192871
0.09288215637207031
0.07439851760864258
0.07970666885375977
0.06556844711303711
0.051531076431274414
0.0371251106262207
0.0882716178894043
0.07876348495483398
0.06441760063171387
0.05123591423034668
0.04154157638549805
0.02728891372680664
0.10764670372009277
0.09046292304992676
0.0769643783569336
0.06259369850158691
0.04790329933166504
0.03346872329711914
0.02935481071472168
0.08849453926086426
0.08962440490722656
0.07525205612182617
0.06080889701843262
0.04652905464172363
0.031244277954101562
0.10522174835205078
0.08822178840637207
0.0734713077545166
0.05907893180847168
0.05193781852722168
0.03699135780334473
0.02167987823486328
0.09393668174743652
0.09378981590270996
0.07896685600280762
0.06349635124206543
0.04851055145263672
0.03395342826843262
0.10666775703430176
0.09137821197509766
0.07591795921325684
0.06117391586303711
0.046545982360839844
0.03151750564575195
0.1124119758605957
0.09476900100708008
0.07966399192810059
0.0763406753540039
0.06212973594665527
0.047033071517944336
0.027757883071899414
0.08762860298156738
0.07822990417480469
0.07280707359313965
0.058161258697509766
0.029320478439331055
0.10683393478393555
0.09288573265075684
0.07848691940307617
0.0640716552734375
0.06026482582092285
0.04504752159118652
0.03081035614013672
0.08840394020080566
0.07992434501647949
0.06570053100585938
0.05226588249206543
0.050343990325927734
0.03831982612609863
0.10244202613830566
0.09485006332397461
0.08033061027526855
0.06586194038391113
0.05178999900817871
0.037148237228393555
0.02598857879638672
0.08956456184387207
0.08816385269165039
0.0734853744506836
0.059151411056518555
0.03764462471008301
0.02327418327331543
0.09141016006469727
0.08473896980285645
0.07029056549072266
0.05226564407348633
0.037841796875
0.021965980529785156
0.09051632881164551
0.08163690567016602
0.06722521781921387
0.05337071418762207
0.04783487319946289
0.04047536849975586
0.10683083534240723
0.08486700057983398
0.07064700126647949
0.07255291938781738
0.058138132095336914
0.04351449012756348
0.02898406982421875
0.09521770477294922
0.08874177932739258
0.07853245735168457
0.06461334228515625
0.04991436004638672
0.03256392478942871
0.10245537757873535
0.08559274673461914
0.08518385887145996
0.0637822151184082
0.04933667182922363
0.03504347801208496
0.10468506813049316
0.08872509002685547
0.07452821731567383
0.059853553771972656
0.04572486877441406
0.03303194046020508
0.030635595321655273
0.08961367607116699
0.08339929580688477
0.07978940010070801
0.06512975692749023
0.05055403709411621
0.036125898361206055
0.10970401763916016
0.0849452018737793
0.07369208335876465
0.058431148529052734
0.04413199424743652
0.04330325126647949
0.02857065200805664
0.08781790733337402
0.08620572090148926
0.07835268974304199
0.0635838508605957
0.04912066459655762
0.03412508964538574
0.10470819473266602
0.08277463912963867
0.07367634773254395
0.05920267105102539
0.0479888916015625
0.03354215621948242
0.11631035804748535
0.09279727935791016
0.07864069938659668
0.06419682502746582
0.04967212677001953
0.035169124603271484
0.025515317916870117
0.08994126319885254
0.07998037338256836
0.06502747535705566
0.051859140396118164
0.049379825592041016
0.03604006767272949
0.10701560974121094
0.08825397491455078
0.08034944534301758
0.0715339183807373
0.05742812156677246
0.04302048683166504
0.02855682373046875
0.09411120414733887
0.09795212745666504
0.08324170112609863
0.06563067436218262
0.050551414489746094
0.036234140396118164
0.10511064529418945
0.08924126625061035
0.08961153030395508
0.07181644439697266
0.05356121063232422
0.03854227066040039
0.10563254356384277
0.08072304725646973
0.06979727745056152
0.055632591247558594
0.04138636589050293
0.026860952377319336
0.10059690475463867
0.08882880210876465
0.07406806945800781
0.07050561904907227
0.06122398376464844
0.04706597328186035
0.032171010971069336
0.09543490409851074
0.0868220329284668
0.07824897766113281
0.06380438804626465
0.04941153526306152
0.03517484664916992
0.02552056312561035
0.09409570693969727
0.08010601997375488
0.06570172309875488
0.05535244941711426
0.05252265930175781
0.03852415084838867
0.10472917556762695
0.08494424819946289
0.07352209091186523
0.05916118621826172
0.04450273513793945
0.03466367721557617
0.020101547241210938
0.1110684871673584
0.0968315601348877
0.08246135711669922
0.06815862655639648
0.0537569522857666
0.03905844688415527
0.10481810569763184
0.08573722839355469
0.07145118713378906
0.05842900276184082
0.057093143463134766
0.04244828224182129
0.027997255325317383
0.0966191291809082
0.09313535690307617
0.0782163143157959
0.06371021270751953
0.049332618713378906
0.034868717193603516
0.10424399375915527
0.08468770980834961
0.07037687301635742
0.06767678260803223
0.05377912521362305
0.03982877731323242
0.025859355926513672
0.09810972213745117
0.09583497047424316
0.08161139488220215
0.06730055809020996
0.052849531173706055
0.03834176063537598
0.10580229759216309
0.08914065361022949
0.07870745658874512
0.06505107879638672
0.056076765060424805
0.041758060455322266
0.027379274368286133
0.08981442451477051
0.08341383934020996
0.06900453567504883
0.05425381660461426
0.039869070053100586
0.02963542938232422
0.1037909984588623
0.09728550910949707
0.08307862281799316
0.06838274002075195
0.05394434928894043
0.039546966552734375
0.02441859245300293
0.08948135375976562
0.0824429988861084
0.07884335517883301
0.06485939025878906
0.05037331581115723
0.0351104736328125
0.10262155532836914
0.08232307434082031
0.0700674057006836
0.07235836982727051
0.05794644355773926
0.04360508918762207
0.029308795928955078
0.10494756698608398
0.08702206611633301
0.07249021530151367
0.05221748352050781
0.04661059379577637
0.03448963165283203
0.10187888145446777
0.09152030944824219
0.07727599143981934
0.06308484077453613
0.04845929145812988
0.03427290916442871
0.02039170265197754
0.08865833282470703
0.07958555221557617
0.06510400772094727
0.06721758842468262
0.05185270309448242
0.03711533546447754
0.10230636596679688
0.08220553398132324
0.0735476016998291
0.05935025215148926
0.04518580436706543
0.04339933395385742
0.030190706253051758
0.09562325477600098
0.0889289379119873
0.07458615303039551
0.06014442443847656
0.04550647735595703
0.031154155731201172
0.10779643058776855
0.08309483528137207
0.0849456787109375
0.07046675682067871
0.0559542179107666
0.0415186882019043
0.02720189094543457
0.09575438499450684
0.08372187614440918
0.07540130615234375
0.06115317344665527
0.046705007553100586
0.03223609924316406
0.02749180793762207
0.09553718566894531
0.08374977111816406
0.0690162181854248
0.05571413040161133
0.049236297607421875
0.03844451904296875
0.10660648345947266
0.09469962120056152
0.08044934272766113
0.06609630584716797
0.05195307731628418
0.030219316482543945
0.12526917457580566
0.10466742515563965
0.08965921401977539
0.07515072822570801
0.06082725524902344
0.04645538330078125
0.031297922134399414
0.08862423896789551
0.08368396759033203
0.06920266151428223
0.054276227951049805
0.03995561599731445
0.03020763397216797
0.10415124893188477
0.08526349067687988
0.0707085132598877
0.05741262435913086
0.04818558692932129
0.0339663028717041
0.020006179809570312
0.08925247192382812
0.0868828296661377
0.07229971885681152
0.05709695816040039
0.042745351791381836
0.028508901596069336
0.10326218605041504
