0.09726715087890625
0.0946958065032959
0.08130407333374023
0.07550191879272461
0.06374597549438477
0.050482749938964844
0.10653972625732422
0.09205412864685059
0.07809305191040039
0.06316876411437988
0.056035757064819336
0.04218769073486328
0.11000251770019531
0.08974838256835938
0.07530403137207031
0.06455254554748535
0.050961971282958984
0.036852359771728516
0.02230215072631836
0.10435795783996582
0.09487223625183105
0.08066296577453613
0.06627559661865234
0.048728227615356445
0.03468751907348633
0.10830569267272949
0.09784889221191406
0.0841672420501709
0.06655168533325195
0.053197622299194336
0.0388951301574707
0.11103701591491699
0.08910107612609863
0.07495760917663574
0.061142921447753906
0.046911001205444336
0.0340576171875
0.11371612548828125
0.08681440353393555
0.07056808471679688
0.0697939395904541
0.051839590072631836
0.03790616989135742
0.11077690124511719
0.09385490417480469
0.0798194408416748
0.06680083274841309
0.05822873115539551
0.043399810791015625
0.1172645092010498
0.07914113998413086
0.05696439743041992
0.043201446533203125
0.03082895278930664
0.017878055572509766
0.0932459831237793
0.09066486358642578
0.07644104957580566
0.062117576599121094
0.0475461483001709
0.03325343132019043
0.12751269340515137
0.10487627983093262
0.09057927131652832
0.07630300521850586
0.06174969673156738
0.04739093780517578
0.032228708267211914
0.0897970199584961
0.07764339447021484
0.07552075386047363
0.061264991760253906
0.04739236831665039
0.039602041244506836
0.09169530868530273
0.07728290557861328
0.06233787536621094
0.061963796615600586
0.04753518104553223
0.0327146053314209
0.09873390197753906
0.0836343765258789
0.07234764099121094
0.07960677146911621
0.0700986385345459
0.05943632125854492
0.04459691047668457
0.09592390060424805
0.08204531669616699
0.07772660255432129
0.06697869300842285
0.11045956611633301
0.1115574836730957
0.09845089912414551
0.082550048828125
0.0679621696472168
0.05286812782287598
0.038124799728393555
0.10597896575927734
0.09179449081420898
0.07772564888000488
0.06331014633178711
0.04865312576293945
0.030526161193847656
0.1050572395324707
0.08579397201538086
0.07502532005310059
0.07611083984375
0.063140869140625
0.04882693290710449
0.03486180305480957
0.09484982490539551
0.07995033264160156
0.06204724311828613
0.0497441291809082
0.043122291564941406
0.03094315528869629
0.09472870826721191
0.08632707595825195
0.07138848304748535
0.05750846862792969
0.055757761001586914
0.04064464569091797
0.026469707489013672
0.09701037406921387
0.0796205997467041
0.06363320350646973
0.05423092842102051
0.039218902587890625
0.028133153915405273
0.10233664512634277
0.08295488357543945
0.06685471534729004
0.051007986068725586
0.051733970642089844
0.037543296813964844
0.11026740074157715
0.09555435180664062
0.0815267562866211
0.0671393871307373
0.05283474922180176
0.03763175010681152
0.09341955184936523
0.0827488899230957
0.0826272964477539
0.0693061351776123
0.05482602119445801
0.04176187515258789
0.08315920829772949
0.07569384574890137
0.06230521202087402
0.0482172966003418
0.03725314140319824
0.02729511260986328
0.10090279579162598
0.08327698707580566
0.08568882942199707
0.07227826118469238
0.05406951904296875
0.036484718322753906
0.11326360702514648
0.09547066688537598
0.08109426498413086
0.0660707950592041
0.05175495147705078
0.03112030029296875
0.10717535018920898
0.08826971054077148
0.07338261604309082
0.06309223175048828
0.049175262451171875
0.039549827575683594
0.030065536499023438
0.09705090522766113
0.08740615844726562
0.07231521606445312
0.058020591735839844
0.04282522201538086
0.028964996337890625
0.1069800853729248
0.08193540573120117
0.07673907279968262
0.062192678451538086
0.0476984977722168
0.04346585273742676
0.1088862419128418
0.09207606315612793
0.07789754867553711
0.06428837776184082
0.05207943916320801
0.04390239715576172
0.04189157485961914
0.09961485862731934
0.08462834358215332
0.08265376091003418
0.06826233863830566
0.035575151443481445
0.10947895050048828
0.08770895004272461
0.06859254837036133
0.05659079551696777
0.03511309623718262
0.026692628860473633
0.0994102954864502
0.08499336242675781
0.0732872486114502
0.05939126014709473
0.044426679611206055
0.032413482666015625
0.1081700325012207
0.10569190979003906
0.09174370765686035
0.07764673233032227
0.07767629623413086
0.06286835670471191
0.04854989051818848
0.10973191261291504
0.0946657657623291
0.09142088890075684
0.07342672348022461
0.05558180809020996
0.02766585350036621
0.10336661338806152
0.09672904014587402
0.08368778228759766
0.06396222114562988
0.04996442794799805
0.034737348556518555
0.10120511054992676
0.0828714370727539
0.07115626335144043
0.05673646926879883
0.0411069393157959
0.04050254821777344
0.1248636245727539
0.11500382423400879
0.10498595237731934
0.09017562866210938
0.07619690895080566
0.06028580665588379
0.10552048683166504
0.08219695091247559
0.06806731224060059
0.05470108985900879
0.04836630821228027
0.033434391021728516
0.12224435806274414
0.09989142417907715
0.09589743614196777
0.08397936820983887
0.0698697566986084
0.05540943145751953
0.1123802661895752
0.08395886421203613
0.07858920097351074
0.06365275382995605
0.049139976501464844
0.03977537155151367
0.08893728256225586
0.07483577728271484
0.06173110008239746
0.06498003005981445
0.042784690856933594
0.029266357421875
0.1036224365234375
0.08952927589416504
0.07513022422790527
0.06120634078979492
0.046605825424194336
0.038909196853637695
0.10991430282592773
0.11443376541137695
0.09975862503051758
0.08484792709350586
0.0710451602935791
0.056375741958618164
0.03815937042236328
0.0953671932220459
0.08431196212768555
0.06986784934997559
0.05574345588684082
0.04129195213317871
0.03146624565124512
0.09980583190917969
0.08925795555114746
0.07810473442077637
0.06382513046264648
0.04926252365112305
0.031700849533081055
0.11420989036560059
0.09328866004943848
0.07916498184204102
0.07383084297180176
0.06043696403503418
0.046132564544677734
0.12410569190979004
0.08751964569091797
0.06606554985046387
0.05096602439880371
0.036011695861816406
0.021990537643432617
0.12414026260375977
0.12343168258666992
0.1035771369934082
0.08484315872192383
0.06985044479370117
0.05491495132446289
0.09610652923583984
0.06772017478942871
0.06373476982116699
0.0589604377746582
0.04379081726074219
0.11013340950012207
0.10790777206420898
0.0977482795715332
0.08388829231262207
0.06617116928100586
0.047669410705566406
0.1090388298034668
0.08334684371948242
0.07359194755554199
0.04006552696228027
0.12434983253479004
0.09983563423156738
0.0855855941772461
0.0714561939239502
0.05709195137023926
0.04441499710083008
0.05199146270751953
0.12014198303222656
0.1093449592590332
0.09433937072753906
0.0798642635345459
0.06505608558654785
0.06966948509216309
0.05525326728820801
0.11068940162658691
0.10239791870117188
0.0941016674041748
0.08002448081970215
0.04767584800720215
0.02972269058227539
0.11395478248596191
0.10005021095275879
0.0860595703125
0.07213997840881348
0.05813741683959961
0.043833017349243164
0.029135942459106445
0.10585331916809082
0.11862754821777344
0.10072445869445801
0.08656954765319824
0.07324337959289551
0.059210777282714844
0.08852386474609375
0.08287906646728516
0.06767487525939941
0.05285930633544922
0.03610587120056152
0.034520626068115234
0.10052251815795898
0.08232402801513672
0.07563233375549316
0.06572937965393066
0.061527252197265625
0.04759788513183594
0.033698320388793945
0.10232663154602051
0.09689068794250488
0.08207178115844727
0.0671396255493164
0.05255556106567383
0.037720680236816406
0.10268044471740723
0.07957959175109863
0.0710763931274414
0.057131052017211914
0.05736207962036133
0.043595314025878906
0.11290359497070312
0.09849119186401367
0.0845329761505127
0.07849669456481934
0.07377362251281738
0.05962204933166504
0.04535531997680664
0.031089305877685547
0.08923172950744629
0.09132790565490723
0.0771646499633789
0.06263303756713867
0.048203468322753906
0.030295133590698242
0.09314870834350586
0.08590459823608398
0.07463431358337402
0.06020021438598633
0.04525256156921387
0.03109455108642578
0.10890769958496094
0.08740782737731934
0.05557513236999512
0.05195450782775879
0.0377812385559082
0.11420106887817383
0.09744620323181152
0.08331155776977539
0.06948089599609375
0.0558772087097168
0.042188405990600586
0.036275386810302734
0.11202812194824219
0.09888291358947754
0.0883784294128418
0.07386302947998047
0.05955934524536133
0.044985055923461914
0.029938697814941406
0.09693026542663574
0.08806920051574707
0.08259463310241699
0.0665125846862793
0.0546109676361084
0.03994178771972656
0.10371112823486328
0.08259105682373047
0.07091927528381348
0.06063055992126465
0.04547405242919922
0.031067609786987305
0.10316586494445801
0.09810757637023926
0.08475351333618164
0.07017040252685547
0.0553889274597168
0.04125547409057617
0.11125349998474121
0.08534979820251465
0.07128357887268066
0.058630943298339844
0.046265363693237305
0.03316521644592285
0.02777862548828125
0.09114718437194824
0.0768594741821289
0.07493066787719727
0.05678963661193848
0.04039430618286133
0.025813817977905273
0.09860897064208984
0.10305619239807129
0.08874225616455078
0.07452559471130371
0.06015896797180176
0.04581332206726074
0.0314180850982666
0.09737539291381836
0.08736991882324219
0.0728597640991211
0.05896615982055664
0.04437422752380371
0.02401280403137207
0.12168169021606445
0.09974956512451172
0.08559012413024902
0.06695556640625
0.052782535552978516
0.03814291954040527
0.10842370986938477
0.09350919723510742
0.07955098152160645
0.06494832038879395
0.051021575927734375
0.036992788314819336
0.02302098274230957
0.0906670093536377
0.08090591430664062
0.07228803634643555
0.0608515739440918
0.04405641555786133
0.0257110595703125
0.09806656837463379
0.09760546684265137
0.08423304557800293
0.06928515434265137
0.05469202995300293
0.04079389572143555
0.10892295837402344
0.08987236022949219
0.07577395439147949
0.06119728088378906
0.04513144493103027
0.03294062614440918
0.11016488075256348
0.08924150466918945
0.07493734359741211
0.05736565589904785
0.04740333557128906
0.031954288482666016
0.10951924324035645
0.1150968074798584
0.10076212882995605
0.08637404441833496
0.07100343704223633
0.05644941329956055
0.04235649108886719
0.11977815628051758
0.0937812328338623
0.08003807067871094
0.052269935607910156
0.030181169509887695
0.12485742568969727
0.10193729400634766
0.08794355392456055
0.07375669479370117
0.05932354927062988
0.044873714447021484
0.029847145080566406
0.1067805290222168
0.0858757495880127
0.07531952857971191
0.06439995765686035
0.05479240417480469
0.04037332534790039
0.11206364631652832
0.09478425979614258
0.08082866668701172
0.07781672477722168
0.06345558166503906
0.049462080001831055
0.03491854667663574
0.10879659652709961
0.08694052696228027
0.08947086334228516
0.07477736473083496
0.059851884841918945
0.04543900489807129
0.031097412109375
0.09750843048095703
0.0811011791229248
0.07197237014770508
0.056971073150634766
0.04305458068847656
0.0301363468170166
0.10920429229736328
0.09569025039672852
0.08447742462158203
0.08003115653991699
0.06495523452758789
0.050162553787231445
0.03531050682067871
0.10515403747558594
0.08506107330322266
0.07032561302185059
0.05864286422729492
0.05125761032104492
0.03747439384460449
0.023524045944213867
0.08938002586364746
0.08049964904785156
0.06613755226135254
0.05634617805480957
0.042195796966552734
0.034857749938964844
0.1034708023071289
0.09944820404052734
0.08487224578857422
0.07015514373779297
0.05573415756225586
0.04169487953186035
0.10750293731689453
0.08310413360595703
0.07804155349731445
0.06724429130554199
0.053133487701416016
0.039832353591918945
0.11411619186401367
0.08524346351623535
0.07012128829956055
0.056035757064819336
0.03982400894165039
0.03667116165161133
0.10697460174560547
0.08631110191345215
0.08762001991271973
0.07326841354370117
0.0588688850402832
0.03789067268371582
0.10628008842468262
0.08636093139648438
0.07233905792236328
0.06199359893798828
0.051171302795410156
0.040111541748046875
0.02659320831298828
0.09808850288391113
0.08871769905090332
0.07912588119506836
0.06484794616699219
0.04303407669067383
0.02907252311706543
0.10556745529174805
0.08948540687561035
0.08282351493835449
0.06806373596191406
0.05361151695251465
0.03862953186035156
0.024451255798339844
0.09687519073486328
0.08060216903686523
0.07551217079162598
0.06755590438842773
0.052561283111572266
0.03751087188720703
0.10658574104309082
0.08220648765563965
0.07686948776245117
0.0624239444732666
0.0475163459777832
0.0329585075378418
0.11377835273742676
0.09958744049072266
0.091796875
0.07729053497314453
0.062398672103881836
0.05438566207885742
0.0431218147277832
0.10967898368835449
0.11526918411254883
0.10248947143554688
0.08950161933898926
0.0750882625579834
0.060979366302490234
0.046331167221069336
0.1244211196899414
0.09450745582580566
0.08040118217468262
0.06240034103393555
0.048590660095214844
0.03406572341918945
0.10783648490905762
0.08547210693359375
0.07134294509887695
0.05750298500061035
0.04315996170043945
0.0339350700378418
0.10625767707824707
0.0919489860534668
0.0782170295715332
0.0676116943359375
0.06002974510192871
0.04617047309875488
0.031902313232421875
0.08913660049438477
0.08062005043029785
0.07356142997741699
0.06581783294677734
0.05222129821777344
0.03748035430908203
0.1152348518371582
0.09258699417114258
0.07784461975097656
0.06391477584838867
0.04969429969787598
0.03595256805419922
0.02202010154724121
0.09919214248657227
0.09290504455566406
0.07496237754821777
0.060706377029418945
0.046251535415649414
0.028479337692260742
0.09988856315612793
0.0872650146484375
0.07500410079956055
0.06085658073425293
0.04645895957946777
0.031659841537475586
0.10845422744750977
0.10044264793395996
0.08549785614013672
0.1725907325744629
0.15583539009094238
0.14162349700927734
0.1295769214630127
0.11706256866455078
0.10381841659545898
0.09839820861816406
0.08400464057922363
0.06969714164733887
0.1384732723236084
0.12693333625793457
0.11529994010925293
0.11550259590148926
0.10036969184875488
0.08585572242736816
0.07236027717590332
0.05800223350524902
0.04320859909057617
0.08697700500488281
0.0725717544555664
0.06079697608947754
0.04871678352355957
0.040131568908691406
0.02899169921875
0.10475564002990723
0.17110395431518555
0.17022061347961426
0.15667176246643066
0.13899564743041992
0.12184333801269531
0.1075892448425293
0.08903264999389648
0.07475996017456055
0.13283967971801758
0.12266349792480469
0.09301328659057617
0.09190201759338379
0.0785379409790039
0.06072711944580078
0.04576253890991211
0.03345847129821777
0.09902143478393555
0.09447765350341797
0.08261632919311523
0.06953549385070801
0.054456472396850586
0.0405428409576416
0.1045684814453125
0.1811351776123047
0.161590576171875
0.15537118911743164
0.14815592765808105
0.13318514823913574
0.11525774002075195
0.09676527976989746
0.08246445655822754
0.0682377815246582
0.05586409568786621
0.11571884155273438
0.10422158241271973
0.08130311965942383
0.0669853687286377
0.052813053131103516
0.037397146224975586
0.028459787368774414
0.08986616134643555
0.17916250228881836
0.16568970680236816
0.1539163589477539
0.1423931121826172
0.133530855178833
0.13785338401794434
0.12191009521484375
0.10755300521850586
0.09317421913146973
0.08030009269714355
0.0656118392944336
0.05053400993347168
0.20804214477539062
0.1752614974975586
0.16490840911865234
0.15024065971374512
0.1322345733642578
0.1458725929260254
0.1338357925415039
0.1190335750579834
0.10121774673461914
0.15101027488708496
0.14085125923156738
0.12668752670288086
0.09797024726867676
0.08397245407104492
0.060828208923339844
0.04676198959350586
0.0326993465423584
0.09655547142028809
0.1835618019104004
0.16903448104858398
0.15400910377502441
0.1424269676208496
0.1354532241821289
0.12070989608764648
0.10976123809814453
0.10231852531433105
0.08771324157714844
0.0734562873840332
0.059004783630371094
0.22562909126281738
0.21232366561889648
0.1974163055419922
0.18204021453857422
0.16788363456726074
0.16975188255310059
0.15527725219726562
0.14002442359924316
0.13163018226623535
0.1179499626159668
0.1036679744720459
0.1599135398864746
0.1524803638458252
0.14225029945373535
0.13921642303466797
0.09519457817077637
0.07493400573730469
0.06064486503601074
0.04607796669006348
0.11090469360351562
0.19612622261047363
0.18143820762634277
0.1801619529724121
0.1692979335784912
0.15431451797485352
0.14012837409973145
0.12608861923217773
0.1099846363067627
0.09503531455993652
0.0807795524597168
0.06833672523498535
0.05943918228149414
0.25252342224121094
0.2382667064666748
0.2004549503326416
0.1864469051361084
0.1725153923034668
0.15786218643188477
0.12845611572265625
0.11427140235900879
0.09970903396606445
0.15932130813598633
0.15182757377624512
0.15571045875549316
0.1378326416015625
0.12376737594604492
0.10186028480529785
0.08771896362304688
0.07345199584960938
0.05814051628112793
0.04364466667175293
0.10753226280212402
0.1903848648071289
0.1762678623199463
0.16205763816833496
0.14756083488464355
0.1324303150177002
0.11757373809814453
0.10360836982727051
0.10379886627197266
0.0905907154083252
0.07905459403991699
0.22458863258361816
0.21457719802856445
0.18371033668518066
0.1743297576904297
0.15941739082336426
0.14616680145263672
0.1465129852294922
0.136033296585083
0.13639545440673828
0.1224818229675293
0.16518878936767578
0.16219782829284668
0.16388368606567383
0.14919734001159668
0.13482022285461426
0.09698009490966797
0.08202433586120605
0.06802701950073242
0.05403852462768555
0.03898119926452637
0.09829425811767578
0.07391476631164551
0.058782339096069336
0.03226351737976074
0.11010622978210449
0.09110164642333984
0.18435454368591309
0.18353796005249023
0.18041729927062988
0.16243648529052734
0.14444947242736816
0.12447714805603027
0.1095266342163086
0.09075188636779785
0.14989686012268066
0.1347203254699707
0.1314382553100586
0.11707544326782227
0.0945892333984375
0.08007597923278809
0.06421279907226562
0.043749094009399414
0.0413815975189209
0.09722542762756348
0.07851481437683105
0.06380414962768555
0.053920745849609375
0.04434561729431152
0.029706716537475586
0.1006927490234375
0.08346986770629883
0.07646846771240234
0.06913900375366211
0.05488777160644531
0.04061245918273926
0.11359763145446777
0.09572076797485352
0.08158540725708008
0.06826162338256836
0.05556440353393555
0.042261600494384766
0.03763532638549805
0.1074221134185791
0.08181881904602051
0.06956982612609863
0.059641361236572266
0.053544044494628906
0.039331912994384766
0.1101844310760498
0.1030128002166748
0.08898210525512695
0.07465386390686035
0.0619969367980957
0.0472559928894043
0.03303933143615723
0.09119558334350586
0.09502696990966797
0.07464337348937988
0.060189247131347656
0.04574751853942871
0.031720638275146484
0.10303235054016113
0.08501958847045898
0.07052779197692871
0.06045818328857422
0.04945731163024902
0.03491330146789551
0.020693302154541016
0.10027575492858887
0.08417892456054688
0.06878829002380371
0.05559706687927246
0.05354428291320801
0.04142880439758301
0.10826802253723145
0.09631133079528809
0.09588050842285156
0.08774542808532715
0.07617974281311035
0.06934738159179688
0.054234981536865234
0.03998827934265137
0.10153937339782715
0.07961440086364746
0.0651392936706543
0.05173659324645996
0.039402008056640625
0.026646852493286133
0.09195756912231445
0.07420969009399414
0.06371784210205078
0.06254935264587402
0.04836893081665039
0.033765316009521484
0.1033790111541748
0.08415722846984863
0.07797074317932129
0.0634009838104248
0.04880332946777344
0.03289365768432617
0.10734772682189941
0.08474111557006836
0.07283782958984375
0.06190943717956543
0.047895193099975586
0.03345203399658203
0.10724878311157227
0.09224843978881836
0.08102178573608398
0.06968069076538086
0.05379033088684082
0.03870844841003418
0.03796529769897461
0.08743143081665039
0.08035778999328613
0.06616497039794922
0.0512537956237793
0.033425331115722656
0.10899043083190918
0.08621764183044434
0.08457016944885254
0.0702204704284668
0.055821895599365234
0.04139232635498047
0.02695488929748535
0.09904241561889648
0.08440208435058594
0.08700728416442871
0.0735628604888916
0.05959773063659668
0.0445859432220459
0.03102564811706543
0.10059213638305664
0.08412694931030273
0.06964659690856934
0.06853008270263672
0.05517840385437012
0.042062997817993164
0.11224532127380371
0.09621000289916992
0.08902812004089355
0.07727217674255371
0.05971097946166992
0.04498291015625
0.03057551383972168
0.10003662109375
0.08523917198181152
0.07075715065002441
0.05736875534057617
0.049828529357910156
0.036469221115112305
0.09284067153930664
0.07816958427429199
0.0704796314239502
0.05557584762573242
0.0417933464050293
0.027312040328979492
0.10519671440124512
0.08585190773010254
0.05952906608581543
0.044936180114746094
0.027222633361816406
0.10639452934265137
0.08551859855651855
0.06914281845092773
0.06423354148864746
0.05374622344970703
0.039246320724487305
0.11097478866577148
0.08555245399475098
0.07089447975158691
0.06743121147155762
0.05308413505554199
0.03842520713806152
0.024231910705566406
0.09477519989013672
0.08426165580749512
0.08318972587585449
0.06852197647094727
0.05418539047241211
0.03946661949157715
0.10447478294372559
0.08530044555664062
0.0811605453491211
0.0667564868927002
0.0487065315246582
0.034389495849609375
0.10497355461120605
0.08614706993103027
0.0720052719116211
0.05836057662963867
0.05201387405395508
0.03779315948486328
0.10829544067382812
0.113800048828125
0.1053776741027832
0.0924985408782959
0.07788586616516113
0.06306695938110352
0.045690298080444336
0.11166763305664062
0.08476376533508301
0.06955146789550781
0.05632424354553223
0.038305044174194336
0.030381202697753906
0.10193967819213867
0.09389591217041016
0.08530116081237793
0.07076883316040039
0.04995393753051758
0.035440921783447266
0.10746383666992188
0.08606696128845215
0.08464717864990234
0.07031726837158203
0.05628252029418945
0.041805267333984375
0.027820110321044922
0.10450339317321777
0.0903937816619873
0.07560491561889648
0.06120872497558594
0.04686570167541504
0.03170371055603027
0.10390090942382812
0.08669400215148926
0.07339859008789062
0.05989241600036621
0.05074572563171387
0.03306722640991211
0.11098790168762207
0.08574938774108887
0.07766914367675781
0.06396245956420898
0.04885411262512207
0.03423905372619629
0.10983633995056152
0.09844350814819336
0.0836944580078125
0.09136795997619629
0.07468438148498535
0.06074357032775879
0.045790672302246094
0.1067659854888916
0.08128857612609863
0.06765985488891602
0.06716394424438477
0.05268716812133789
0.03395247459411621
0.09358429908752441
0.08299875259399414
0.06897997856140137
0.0678701400756836
0.053972721099853516
0.03954887390136719
0.025482654571533203
0.09409832954406738
0.08517622947692871
0.07005882263183594
0.04768109321594238
0.04104924201965332
0.11595892906188965
0.10470342636108398
0.09276294708251953
0.06816864013671875
0.0529942512512207
0.038543701171875
0.11363482475280762
0.09060549736022949
0.07550644874572754
0.06064105033874512
0.046454668045043945
0.04213452339172363
0.10977625846862793
0.1135098934173584
0.1012880802154541
0.08713603019714355
0.07287383079528809
0.05840706825256348
0.04380059242248535
0.11032247543334961
0.1007080078125
0.08619570732116699
0.08162140846252441
0.06735539436340332
0.05254173278808594
0.038053274154663086
0.10657453536987305
0.09779739379882812
0.07929778099060059
0.06590509414672852
0.05146646499633789
0.0383150577545166
0.030449390411376953
0.10403323173522949
0.08696436882019043
0.07296252250671387
0.0592954158782959
0.04689311981201172
0.0383763313293457
0.11012434959411621
0.08179807662963867
0.06802511215209961
0.05447864532470703
0.05150246620178223
0.03920722007751465
0.11156487464904785
0.08572506904602051
0.07147026062011719
0.06166481971740723
0.06204104423522949
0.048573970794677734
0.03415226936340332
0.09225344657897949
0.07769393920898438
0.07211780548095703
0.061777591705322266
0.04789328575134277
0.034159183502197266
0.11230874061584473
0.09477972984313965
0.08045721054077148
0.06636285781860352
0.04793977737426758
0.04800748825073242
0.03513765335083008
0.1171579360961914
0.09953880310058594
0.08160662651062012
0.0634005069732666
0.049065351486206055
0.034162282943725586
0.0934596061706543
0.07588386535644531
0.0712120532989502
0.05278825759887695
0.03904271125793457
0.024811744689941406
0.10612177848815918
0.10063815116882324
0.08985638618469238
0.07545638084411621
0.06147027015686035
0.0476686954498291
0.03359222412109375
0.09878945350646973
0.057418107986450195
0.05144143104553223
0.030445337295532227
0.1065528392791748
0.09485101699829102
0.0806422233581543
0.06631255149841309
0.051851749420166016
0.037755727767944336
0.02921462059020996
0.10105061531066895
0.08011126518249512
0.0818929672241211
0.07152295112609863
0.06824016571044922
0.0548701286315918
0.10892105102539062
0.1013936996459961
0.08744955062866211
0.07333564758300781
0.07061076164245605
0.056197404861450195
0.04179835319519043
0.11141228675842285
0.08357501029968262
0.06857466697692871
0.056557655334472656
0.04440879821777344
0.03584694862365723
0.021560192108154297
0.1043243408203125
0.08786797523498535
0.0735619068145752
0.06493568420410156
0.05024099349975586
0.028172969818115234
0.10337090492248535
0.08225131034851074
0.07611870765686035
0.0614323616027832
0.04356122016906738
0.02875494956970215
0.11101841926574707
0.09111642837524414
0.08432364463806152
0.06935954093933105
0.05825448036193848
0.043898582458496094
0.031548500061035156
0.09814167022705078
0.08248329162597656
0.06852388381958008
0.05818676948547363
0.04385876655578613
0.03651857376098633
0.10718178749084473
0.10164165496826172
0.08764839172363281
0.07367658615112305
0.05224800109863281
0.03747701644897461
0.02278900146484375
0.10552477836608887
0.09059429168701172
0.08052968978881836
0.06599235534667969
0.050997018814086914
0.03972291946411133
0.1120002269744873
0.09417033195495605
0.08119320869445801
0.06841039657592773
0.04156899452209473
0.02866649627685547
0.11172103881835938
0.08702445030212402
0.07277774810791016
0.05918169021606445
0.04591012001037598
0.03356647491455078
0.1119842529296875
0.09430551528930664
0.07917666435241699
0.06444525718688965
0.04987621307373047
0.03627490997314453
0.03768157958984375
0.10105466842651367
0.0908823013305664
0.0798346996307373
0.06597232818603516
0.051770925521850586
0.03789639472961426
0.1124274730682373
0.0968785285949707
0.08935904502868652
0.08295583724975586
0.07296252250671387
0.059229373931884766
0.04575014114379883
0.11307740211486816
0.09820413589477539
0.08424997329711914
0.07129502296447754
0.06197381019592285
0.0478978157043457
0.034323930740356445
0.12212896347045898
0.0934298038482666
0.07639288902282715
0.0621030330657959
0.044411420822143555
0.030168771743774414
0.1133882999420166
0.0943136215209961
0.07408857345581055
0.05954098701477051
0.04182720184326172
0.027583837509155273
0.103759765625
0.0862281322479248
0.07502126693725586
0.06009054183959961
0.04952073097229004
0.03446841239929199
0.10776853561401367
0.08374619483947754
0.08687949180603027
0.07230234146118164
0.058171749114990234
0.040239810943603516
0.09939289093017578
0.08632540702819824
0.07870340347290039
0.0644538402557373
0.049900054931640625
0.0359342098236084
0.02982020378112793
0.11037230491638184
0.0960090160369873
0.08169984817504883
0.0673224925994873
0.05238914489746094
0.03828120231628418
0.10414767265319824
0.0862274169921875
0.07496380805969238
0.05987191200256348
0.04516935348510742
0.03193259239196777
0.10912871360778809
0.0929269790649414
0.08140325546264648
0.07346987724304199
0.062120914459228516
0.05463695526123047
0.04060864448547363
0.10567092895507812
0.08704948425292969
0.07256269454956055
0.0578770637512207
0.04360342025756836
0.033603668212890625
0.10516786575317383
0.08367371559143066
0.08236026763916016
0.06836223602294922
0.027141571044921875
0.09903550148010254
0.09124398231506348
0.07681131362915039
0.06241488456726074
0.04801368713378906
0.04799604415893555
0.03414034843444824
0.1015939712524414
0.08483433723449707
0.07370114326477051
0.0649559497833252
0.05240035057067871
0.040880680084228516
0.1097862720489502
0.09248948097229004
0.080352783203125
0.0829477310180664
0.06827545166015625
0.05359339714050293
0.0384068489074707
0.10518789291381836
0.09074997901916504
0.07609915733337402
0.06082510948181152
0.04644489288330078
0.032068729400634766
0.1113128662109375
0.09969210624694824
0.13366127014160156
0.11973357200622559
0.10547304153442383
0.09053492546081543
0.07546544075012207
0.13074207305908203
0.09621548652648926
0.0785226821899414
0.05814528465270996
0.04109954833984375
0.09402608871459961
0.08326101303100586
0.0806574821472168
0.06662130355834961
0.04877829551696777
0.03772330284118652
0.09927105903625488
0.09362459182739258
0.07160258293151855
0.056760311126708984
0.042803287506103516
0.02797245979309082
0.09275937080383301
0.08900260925292969
0.07901573181152344
0.07441043853759766
0.061251163482666016
0.046560049057006836
0.1053614616394043
0.08623719215393066
0.08768844604492188
0.0737600326538086
0.05631065368652344
0.04237723350524902
0.1094815731048584
0.09802579879760742
0.0819547176361084
0.07674813270568848
0.06459593772888184
0.04977846145629883
0.03590846061706543
0.1350104808807373
0.11387515068054199
0.09773731231689453
0.07976055145263672
0.06482362747192383
0.04342818260192871
0.10553669929504395
0.08922433853149414
0.08383750915527344
0.0828855037689209
0.06841278076171875
0.054369211196899414
0.03982067108154297
0.09703373908996582
0.09502863883972168
0.09087443351745605
0.07604718208312988
0.06122541427612305
0.04668998718261719
0.10991382598876953
0.08447146415710449
0.06952047348022461
0.05620217323303223
0.044972896575927734
0.04715442657470703
0.032987117767333984
0.09522867202758789
0.08162093162536621
0.06015157699584961
0.04564356803894043
0.041397809982299805
0.026514530181884766
0.10011482238769531
0.08270883560180664
0.08050084114074707
0.06611418724060059
0.05191445350646973
0.03736281394958496
0.029048442840576172
0.10015225410461426
0.0879206657409668
0.07679009437561035
0.06605911254882812
0.051483869552612305
0.03706479072570801
0.11052370071411133
0.07701611518859863
0.0707695484161377
0.056740760803222656
0.04289078712463379
0.025758743286132812
0.10417652130126953
0.08379435539245605
0.0924685001373291
0.07744860649108887
0.06433725357055664
0.049619436264038086
0.03543996810913086
0.09450292587280273
0.08702373504638672
0.0728614330291748
0.05827784538269043
0.04363703727722168
0.02997589111328125
0.11465573310852051
0.09601974487304688
0.08181047439575195
0.06673836708068848
0.05246329307556152
0.0382390022277832
0.10723280906677246
0.09967589378356934
0.0856330394744873
0.07120180130004883
0.05763673782348633
0.05048680305480957
0.038245439529418945
0.10722064971923828
0.08373737335205078
0.06600022315979004
0.04603123664855957
0.03601670265197754
0.10904240608215332
0.11226367950439453
0.09806418418884277
0.08369684219360352
0.0672144889831543
0.05250692367553711
0.038231849670410156
0.11052823066711426
0.09662771224975586
0.08421540260314941
0.0744633674621582
0.07349467277526855
0.059541940689086914
0.04512739181518555
0.10832977294921875
0.09937000274658203
0.08344292640686035
0.07253456115722656
0.05509209632873535
0.04151177406311035
0.03399920463562012
0.10727262496948242
0.08172345161437988
0.0818333625793457
0.06785297393798828
0.05307745933532715
0.03882956504821777
0.10641789436340332
0.08403921127319336
0.07198762893676758
0.05586051940917969
0.05546116828918457
0.0419008731842041
0.11007404327392578
0.10760807991027832
0.09367799758911133
0.07943058013916016
0.0652616024017334
0.04444742202758789
0.02998661994934082
0.1011965274810791
0.09012746810913086
0.07568502426147461
0.06169605255126953
0.047467947006225586
0.032959699630737305
0.10579180717468262
0.08325934410095215
0.0741581916809082
0.06921029090881348
0.055242300033569336
0.04090309143066406
0.028042078018188477
0.08898782730102539
0.09329366683959961
0.0803227424621582
0.06628131866455078
0.052858591079711914
0.03855299949645996
0.10648012161254883
0.08588552474975586
0.0824441909790039
0.07191801071166992
0.05761289596557617
0.03961062431335449
0.11319732666015625
0.10863399505615234
0.09068107604980469
0.07264328002929688
0.05471611022949219
0.03661513328552246
0.02583026885986328
0.09138655662536621
0.08382129669189453
0.06956362724304199
0.05471229553222656
0.040480852127075195
0.023809432983398438
0.10261988639831543
0.08769106864929199
0.07348251342773438
0.05894827842712402
0.04406929016113281
0.02938985824584961
0.10756039619445801
0.08614969253540039
0.07175397872924805
0.05826234817504883
0.04331016540527344
0.02678656578063965
0.09728717803955078
0.09624195098876953
0.08228063583374023
0.07486104965209961
0.06092715263366699
0.04692530632019043
0.03262019157409668
0.09276437759399414
0.07797122001647949
0.06276869773864746
0.04951596260070801
0.04160666465759277
0.030973434448242188
0.10929703712463379
0.09447169303894043
0.0802602767944336
0.06572794914245605
0.051198720932006836
0.047463178634643555
0.11126351356506348
0.09634709358215332
0.08231878280639648
0.06813573837280273
0.054064035415649414
0.03984332084655762
0.025597095489501953
0.10432934761047363
0.09009313583374023
0.07583308219909668
0.061614274978637695
0.047397613525390625
0.0290071964263916
0.1044912338256836
0.09350228309631348
0.07940125465393066
0.06947851181030273
0.048679351806640625
0.03380703926086426
0.09327244758605957
0.09650444984436035
0.08229351043701172
0.06789994239807129
0.059494972229003906
0.04669523239135742
0.11072468757629395
0.08225750923156738
0.06825709342956543
0.06900382041931152
0.05498361587524414
0.04017066955566406
0.11038541793823242
0.09609532356262207
0.08426451683044434
0.07247209548950195
0.07017350196838379
0.05895352363586426
0.04402637481689453
0.028845548629760742
0.09098672866821289
0.0932321548461914
0.08050155639648438
0.06618952751159668
0.05202007293701172
0.0379946231842041
0.0910801887512207
0.08289670944213867
0.06844949722290039
0.06827259063720703
0.05374026298522949
0.03930497169494629
0.10710763931274414
0.0945899486541748
0.08052563667297363
0.06613731384277344
0.0519709587097168
0.03751564025878906
0.02761673927307129
0.11080360412597656
0.09426283836364746
0.0827484130859375
0.06827735900878906
0.053314924240112305
0.03987908363342285
0.025411605834960938
0.10463166236877441
0.09077978134155273
0.07658052444458008
0.062013864517211914
0.04406285285949707
0.03273296356201172
0.11492443084716797
0.09560894966125488
0.08111906051635742
0.06716728210449219
0.053127288818359375
0.02262425422668457
0.12054777145385742
0.10253286361694336
0.08492326736450195
0.06714630126953125
0.052205801010131836
0.03731250762939453
0.10011100769042969
0.0916900634765625
0.07676053047180176
0.06283044815063477
0.04866480827331543
0.034642934799194336
0.10620951652526855
0.09699821472167969
0.08387255668640137
0.06943774223327637
0.055075883865356445
0.03269028663635254
0.10468173027038574
0.08891844749450684
0.07791423797607422
0.06363415718078613
0.04873013496398926
0.033956050872802734
0.030888795852661133
0.09615588188171387
0.0940103530883789
0.07981395721435547
0.06510066986083984
0.05027198791503906
0.03582501411437988
0.11054348945617676
0.09750103950500488
0.0976262092590332
0.08275079727172852
0.06850075721740723
0.05333256721496582
0.04210186004638672
0.02814769744873047
0.09879040718078613
0.08165335655212402
0.06765961647033691
0.069305419921875
0.05514669418334961
0.04096341133117676
0.10749125480651855
0.10345077514648438
0.09665441513061523
0.0838923454284668
0.07008790969848633
0.052828073501586914
0.0355377197265625
0.09204673767089844
0.08216214179992676
0.07547926902770996
0.0613100528717041
0.04711556434631348
0.02594923973083496
0.10138916969299316
0.10288214683532715
0.08965635299682617
0.07583260536193848
0.06119370460510254
0.0467071533203125
0.0325322151184082
0.09514641761779785
0.08362722396850586
0.07813429832458496
0.06436705589294434
0.05099821090698242
0.10638761520385742
0.08530831336975098
0.07556343078613281
0.07315206527709961
0.05828452110290527
0.04374051094055176
0.02959918975830078
0.09140944480895996
0.08028125762939453
0.0747215747833252
0.06041574478149414
0.046472787857055664
0.0339658260345459
0.10077428817749023
0.08228468894958496
0.07335782051086426
0.06475424766540527
0.049560546875
0.03524017333984375
0.0929574966430664
0.08222770690917969
0.07913875579833984
0.06469440460205078
0.0503082275390625
0.03560805320739746
0.11061239242553711
0.09993314743041992
0.08501434326171875
0.07131433486938477
0.05625128746032715
0.0423741340637207
0.028438806533813477
0.08830428123474121
0.07618212699890137
0.0639197826385498
0.05594587326049805
0.042101144790649414
0.0283052921295166
0.10497355461120605
0.0854942798614502
0.07175302505493164
0.05913257598876953
0.04150581359863281
0.11484265327453613
0.09814190864562988
0.0836174488067627
0.07700133323669434
0.0649862289428711
0.05032992362976074
0.036759138107299805
0.02389359474182129
0.09324955940246582
0.0782477855682373
0.06758761405944824
0.06169319152832031
0.04776287078857422
0.03396773338317871
0.10560059547424316
0.08689332008361816
0.07295083999633789
0.057106971740722656
0.04210519790649414
0.1129465103149414
0.09533238410949707
0.08475089073181152
0.06753039360046387
0.05354666709899902
0.05695486068725586
0.04041552543640137
0.12457013130187988
0.10354995727539062
0.08978509902954102
0.07473039627075195
0.06258130073547363
0.05043792724609375
0.035587310791015625
0.09930992126464844
0.08092546463012695
0.07560157775878906
0.06141042709350586
0.04645967483520508
0.032173871994018555
0.1084897518157959
0.10668492317199707
0.09176135063171387
0.0767068862915039
0.06279802322387695
0.05730438232421875
0.042435407638549805
0.027915477752685547
0.1000528335571289
0.08111095428466797
0.06715822219848633
0.05543637275695801
0.04999113082885742
0.032549381256103516
0.12236380577087402
0.0974888801574707
0.08348989486694336
0.06957173347473145
0.0556185245513916
0.04169321060180664
0.027745485305786133
0.10948777198791504
0.08801817893981934
0.07402753829956055
0.05878090858459473
0.04848957061767578
0.04193472862243652
0.029976367950439453
0.0885009765625
0.08202648162841797
0.07387614250183105
0.05653238296508789
0.04144787788391113
0.02386164665222168
0.10082507133483887
0.10230755805969238
0.08769392967224121
0.07013726234436035
0.05593585968017578
0.04149603843688965
0.09672784805297852
0.0827035903930664
0.08097672462463379
0.06307721138000488
0.048079729080200195
0.031134843826293945
0.10342764854431152
0.10315895080566406
0.08521533012390137
0.07125282287597656
0.057059288024902344
0.042948246002197266
0.11291646957397461
0.08463287353515625
0.07052421569824219
0.058130741119384766
0.046396493911743164
0.04547882080078125
0.1104586124420166
0.09993362426757812
0.08499932289123535
0.07010245323181152
0.06567931175231934
0.047478675842285156
0.03591585159301758
0.10952901840209961
0.08463907241821289
0.06958556175231934
0.059098243713378906
0.04443168640136719
0.030464887619018555
0.10839605331420898
0.08657479286193848
0.06800246238708496
0.058264732360839844
0.04460024833679199
0.03625226020812988
0.10976457595825195
0.09574723243713379
0.09161734580993652
0.07768464088439941
0.06305527687072754
0.04845237731933594
0.03513073921203613
0.10659313201904297
0.08399581909179688
0.08343505859375
0.0689096450805664
0.05400729179382324
0.04040837287902832
0.1009669303894043
0.08343195915222168
0.07074737548828125
0.06681394577026367
0.04907059669494629
0.0347900390625
0.11552214622497559
0.09693360328674316
0.09512567520141602
0.0808568000793457
0.06737542152404785
0.05342864990234375
0.03875088691711426
0.10735583305358887
0.0856626033782959
0.0708777904510498
0.0689840316772461
0.05475044250488281
0.040811777114868164
0.11039876937866211
0.10929107666015625
0.0969088077545166
0.0818946361541748
0.06754827499389648
0.05304884910583496
0.03954505920410156
0.10909509658813477
0.0806732177734375
0.07508134841918945
0.06075453758239746
0.04645586013793945
0.12944412231445312
0.11061859130859375
0.09627676010131836
0.0825188159942627
0.06834745407104492
0.05351400375366211
0.036237478256225586
0.12222456932067871
0.11257266998291016
0.09775400161743164
0.0831601619720459
0.0686485767364502
0.05428194999694824
0.03884458541870117
0.10454630851745605
0.08954834938049316
0.06699800491333008
0.05259203910827637
0.03771543502807617
0.023613929748535156
0.09668850898742676
0.08231067657470703
0.06818246841430664
0.06754398345947266
0.05322384834289551
0.03851628303527832
0.11284184455871582
0.0989370346069336
0.08498716354370117
0.07517457008361816
0.06121182441711426
0.04746675491333008
0.038147926330566406
0.024059057235717773
0.1009836196899414
0.08597183227539062
0.07199549674987793
0.05701255798339844
0.05239462852478027
0.0386810302734375
0.10578179359436035
0.0850534439086914
0.07008051872253418
0.06308150291442871
0.05269026756286621
0.03611469268798828
0.10675358772277832
0.08997607231140137
0.08019876480102539
0.0662233829498291
0.05129599571228027
0.03182506561279297
0.1033775806427002
0.10258603096008301
0.08904552459716797
0.069000244140625
0.054491519927978516
0.04054665565490723
0.11565232276916504
0.09696149826049805
0.08306646347045898
0.06711959838867188
0.053159475326538086
0.039223432540893555
0.024758577346801758
0.10419797897338867
0.09406828880310059
0.07943367958068848
0.06497573852539062
0.05118703842163086
0.036835432052612305
0.10577845573425293
0.08366274833679199
0.07164359092712402
0.06934356689453125
0.06003999710083008
0.04790067672729492
0.035063982009887695
0.09975194931030273
0.08567404747009277
0.07169485092163086
0.05782961845397949
0.0543665885925293
0.04206132888793945
0.028635263442993164
0.0967247486114502
0.10128498077392578
0.08733487129211426
0.0729222297668457
0.05794167518615723
0.03604888916015625
0.09001994132995605
0.07572698593139648
0.0639350414276123
0.05337405204772949
0.039711952209472656
0.027422666549682617
0.09737348556518555
0.08590579032897949
0.07150578498840332
0.07245945930480957
0.06117391586303711
0.04692244529724121
0.03264045715332031
0.10076665878295898
0.08324861526489258
0.06896615028381348
0.050341129302978516
0.03253769874572754
0.10852217674255371
0.10389924049377441
0.09038829803466797
0.07297658920288086
0.0587003231048584
0.04895520210266113
0.04906463623046875
0.034955501556396484
0.08684015274047852
0.09409356117248535
0.08167552947998047
0.06338214874267578
0.049408912658691406
0.03496289253234863
0.1009678840637207
0.08272600173950195
0.06750607490539551
0.05351066589355469
0.039809465408325195
0.026854991912841797
0.10543656349182129
0.08606195449829102
0.07588481903076172
0.06139540672302246
0.04745221138000488
0.13643765449523926
0.1226966381072998
0.10875964164733887
0.0927736759185791
0.07756304740905762
0.05957221984863281
0.047000885009765625
0.1225423812866211
0.09563565254211426
0.08056378364562988
0.06632089614868164
0.05139923095703125
0.03698444366455078
0.1309826374053955
0.10608553886413574
0.09091591835021973
0.07609987258911133
0.061865806579589844
0.04702615737915039
0.03294515609741211
0.11879205703735352
0.10907983779907227
0.09400558471679688
0.0800333023071289
0.06503820419311523
0.05109906196594238
0.10414290428161621
0.07994556427001953
0.07186150550842285
0.05684399604797363
0.042511940002441406
0.04597163200378418
0.11090898513793945
0.08550596237182617
0.06467890739440918
0.052263736724853516
0.0437772274017334
0.03503680229187012
0.10701298713684082
0.08570337295532227
0.0751030445098877
0.06085705757141113
0.046640634536743164
0.040308237075805664
0.02433013916015625
0.09056282043457031
0.07947778701782227
0.06772351264953613
0.06141519546508789
0.05165529251098633
0.038564443588256836
0.09135842323303223
0.08244776725769043
0.07481026649475098
0.059804439544677734
0.04513716697692871
0.031186819076538086
0.1088860034942627
0.08807587623596191
0.07298469543457031
0.05952143669128418
0.0558164119720459
0.04148578643798828
0.03272819519042969
0.09868979454040527
0.0821540355682373
0.06742691993713379
0.06543207168579102
0.05606675148010254
0.04239225387573242
0.11160469055175781
0.08541250228881836
0.07048964500427246
0.06991457939147949
0.05558943748474121
0.040793657302856445
0.026888370513916016
0.09509634971618652
0.08044195175170898
0.06201004981994629
0.05339813232421875
0.04250597953796387
0.034302473068237305
0.10333061218261719
0.08906817436218262
0.08085894584655762
0.05906200408935547
0.04462242126464844
0.030213356018066406
0.10875415802001953
0.10326433181762695
0.08845973014831543
0.07344961166381836
0.05870175361633301
0.043497323989868164
0.02928447723388672
0.09451699256896973
0.08000588417053223
0.07088065147399902
0.05952644348144531
0.05337858200073242
0.03962516784667969
0.1086571216583252
0.08606791496276855
0.08226752281188965
0.06792211532592773
0.05655717849731445
0.04212188720703125
0.02846837043762207
0.08893966674804688
0.07697486877441406
0.06468462944030762
0.05151629447937012
0.037506103515625
0.023555755615234375
0.09520626068115234
0.0810551643371582
0.06649208068847656
0.057143211364746094
0.04725003242492676
0.03368997573852539
0.10567831993103027
0.0834653377532959
0.07150745391845703
0.061823129653930664
0.04754805564880371
0.03990054130554199
0.02581167221069336
0.09992027282714844
0.0914914608001709
0.0763401985168457
0.06210732460021973
0.049626827239990234
0.035904645919799805
0.10771965980529785
0.08557796478271484
0.07893967628479004
0.06537151336669922
0.05074024200439453
0.03279447555541992
0.11310839653015137
0.09903955459594727
0.08497166633605957
0.08210372924804688
0.06752514839172363
0.05347609519958496
0.03867602348327637
0.10629725456237793
0.0845792293548584
0.0743551254272461
0.06468653678894043
0.05250048637390137
0.03818368911743164
0.10494756698608398
0.08144474029541016
0.06896591186523438
0.05915260314941406
0.04184436798095703
0.02768731117248535
0.09300422668457031
0.07930850982666016
0.070220947265625
0.05522775650024414
0.052112579345703125
0.03773140907287598
0.11797881126403809
0.09184956550598145
0.07740545272827148
0.0666818618774414
0.058302879333496094
0.044028282165527344
0.028051376342773438
0.08941221237182617
0.07720017433166504
0.06552481651306152
0.05250239372253418
0.0399317741394043
0.03723430633544922
0.10726523399353027
0.08199691772460938
0.07323884963989258
0.06225275993347168
0.048070669174194336
0.0333402156829834
0.10720300674438477
0.08675098419189453
0.07261490821838379
0.062261104583740234
0.05744194984436035
0.04311561584472656
0.11096811294555664
0.08972740173339844
0.07989382743835449
0.0720982551574707
0.05791735649108887
0.0436558723449707
0.10429978370666504
0.08473682403564453
0.0694124698638916
0.05938982963562012
0.045232295989990234
0.04402899742126465
0.029750823974609375
0.09985637664794922
0.08390426635742188
0.0694584846496582
0.07142281532287598
0.05725860595703125
0.04302096366882324
0.028804540634155273
0.1006007194519043
0.0832681655883789
0.06541681289672852
0.05072450637817383
0.03610944747924805
0.02689671516418457
0.09400582313537598
0.0859677791595459
0.06841588020324707
0.05351448059082031
0.03921771049499512
0.02699112892150879
0.10490846633911133
0.09083199501037598
0.06949210166931152
0.051943302154541016
0.037888526916503906
0.10921597480773926
0.08497929573059082
0.07446646690368652
0.07130956649780273
0.05616879463195801
0.0379025936126709
0.10846090316772461
0.09615039825439453
0.09679675102233887
0.08196711540222168
0.06809163093566895
0.05388903617858887
0.039929866790771484
0.11082792282104492
0.10021805763244629
0.08387541770935059
0.07043027877807617
0.05809831619262695
0.05186176300048828
0.04148530960083008
0.10917329788208008
0.08896732330322266
0.08919620513916016
0.07429313659667969
0.05977606773376465
0.10951733589172363
0.10139846801757812
0.08926153182983398
0.07662796974182129
0.0634160041809082
0.04891610145568848
0.031324148178100586
0.09118247032165527
0.09085798263549805
0.0770101547241211
0.06264710426330566
0.04805278778076172
0.03419232368469238
0.11084985733032227
0.1020059585571289
0.08786249160766602
0.07284212112426758
0.058837890625
0.04427170753479004
0.1102745532989502
0.10041975975036621
0.0858309268951416
0.07161355018615723
0.05738353729248047
0.04483604431152344
0.030330181121826172
0.10115504264831543
0.08942389488220215
0.08835053443908691
0.07344460487365723
0.05950307846069336
0.045546531677246094
0.03509044647216797
0.10342621803283691
0.08197617530822754
0.08168911933898926
0.06746840476989746
0.05305671691894531
0.03863692283630371
0.1257164478302002
0.09758567810058594
0.0840749740600586
0.0700063705444336
0.055505990982055664
0.041518449783325195
0.1102604866027832
0.09698152542114258
0.10441184043884277
0.08993101119995117
0.07573199272155762
0.06128692626953125
0.04763436317443848
0.03334379196166992
0.09884071350097656
0.08257842063903809
0.07529330253601074
0.06546497344970703
0.051221370697021484
0.03703784942626953
0.10662245750427246
0.08648920059204102
0.07551383972167969
0.06492996215820312
0.05011463165283203
0.035898447036743164
0.1094508171081543
0.09636616706848145
0.08928394317626953
0.07544970512390137
0.07532453536987305
0.0603022575378418
0.04236865043640137
0.1087789535522461
0.0820610523223877
0.06722784042358398
0.05422496795654297
0.04233717918395996
0.049402475357055664
0.09995532035827637
0.08012819290161133
0.09202814102172852
0.07751059532165527
0.059505462646484375
0.052693843841552734
0.09644675254821777
0.08007287979125977
0.06493043899536133
0.050795555114746094
0.041959285736083984
0.027075767517089844
0.10312342643737793
0.08690905570983887
0.08302521705627441
0.06862688064575195
0.05419921875
0.03994345664978027
0.11022377014160156
0.1032402515411377
0.08631014823913574
0.07990860939025879
0.06200218200683594
0.047644853591918945
0.03350234031677246
0.12580108642578125
0.0959320068359375
0.08185458183288574
0.0675046443939209
0.05242300033569336
0.03773045539855957
0.10880732536315918
0.08675074577331543
0.07253408432006836
0.050316572189331055
0.03578472137451172
0.03127026557922363
0.09629082679748535
0.08136367797851562
0.07951974868774414
0.06480288505554199
0.04667210578918457
0.03246426582336426
0.10204148292541504
0.09965372085571289
0.0815887451171875
0.06324076652526855
0.048583030700683594
0.03359794616699219
0.10433220863342285
0.08617711067199707
0.0717918872833252
0.06809353828430176
0.0500330924987793
0.03477025032043457
0.11080002784729004
0.08488082885742188
0.07052159309387207
0.06464457511901855
0.05097341537475586
0.032512664794921875
0.11059403419494629
0.09476709365844727
0.08620262145996094
0.07182979583740234
0.05699491500854492
0.04137277603149414
0.10351014137268066
0.08508920669555664
0.07304620742797852
0.07816767692565918
0.04489398002624512
0.11877846717834473
0.09940361976623535
0.09877204895019531
0.08557248115539551
0.07374739646911621
0.056693077087402344
0.04187154769897461
0.10073709487915039
0.08028817176818848
0.0664522647857666
0.061945199966430664
0.047986507415771484
0.03385281562805176
0.09375309944152832
0.0898141860961914
0.07461929321289062
0.06032848358154297
0.04607963562011719
0.03141140937805176
0.11485433578491211
0.08896708488464355
0.07480645179748535
0.06061506271362305
0.045487165451049805
0.039849281311035156
0.024923086166381836
0.09581518173217773
0.0883030891418457
0.07502579689025879
0.0607912540435791
0.046622276306152344
0.050266265869140625
0.03702664375305176
0.09069371223449707
0.08420944213867188
0.0700829029083252
0.059247732162475586
0.04397106170654297
0.029686689376831055
0.11951637268066406
0.09860348701477051
0.08432555198669434
0.07009053230285645
0.0559544563293457
0.04158759117126465
0.026083946228027344
0.10003232955932617
0.09320998191833496
0.07896590232849121
0.04986858367919922
0.03537702560424805
0.11110663414001465
0.09333920478820801
0.07923078536987305
0.06471848487854004
0.05045175552368164
0.03557467460632324
0.026839256286621094
0.09483885765075684
0.07925271987915039
0.08081197738647461
0.06400489807128906
0.04863286018371582
0.03447222709655762
0.10828042030334473
0.08537983894348145
0.06947183609008789
0.06126832962036133
0.047612905502319336
0.03312397003173828
0.1069188117980957
0.0838623046875
0.07014632225036621
0.06325626373291016
0.04898881912231445
0.03112649917602539
0.10747909545898438
0.08953118324279785
0.0759575366973877
0.06231522560119629
0.04465627670288086
0.03197884559631348
0.1115407943725586
0.09940361976623535
0.08528780937194824
0.07088065147399902
0.056119441986083984
0.041107177734375
0.12694001197814941
0.10318803787231445
0.0886683464050293
0.07373356819152832
0.06488990783691406
0.05069994926452637
0.03586769104003906
0.08704018592834473
0.08178853988647461
0.0672767162322998
0.061989545822143555
0.04804491996765137
0.03375673294067383
0.10617995262145996
0.08269405364990234
0.08746695518493652
0.07268023490905762
0.05869436264038086
0.0446622371673584
0.10801935195922852
0.0976247787475586
0.08408069610595703
0.06897187232971191
0.05462646484375
0.03625965118408203
0.10841917991638184
0.09034490585327148
0.07015442848205566
0.0565032958984375
0.04136371612548828
0.036628007888793945
0.1254730224609375
0.09976887702941895
0.08489751815795898
0.07085967063903809
0.056182146072387695
0.03842449188232422
0.09074068069458008
0.08176398277282715
0.06750345230102539
0.0528872013092041
0.03570365905761719
0.022118330001831055
0.10342049598693848
0.08649468421936035
0.07650089263916016
0.0752568244934082
0.06239056587219238
0.04840397834777832
0.11102652549743652
0.10076332092285156
0.08602261543273926
0.07112622261047363
0.05350756645202637
0.039598703384399414
0.0920562744140625
0.08466625213623047
0.07944416999816895
0.06522393226623535
0.05039262771606445
0.03680753707885742
0.1037297248840332
0.08847451210021973
0.07448053359985352
0.05651974678039551
0.042049407958984375
0.025461435317993164
0.09112358093261719
0.07949352264404297
0.06750059127807617
0.05527997016906738
0.043286800384521484
0.042220115661621094
0.10971760749816895
0.08510279655456543
0.08602023124694824
0.07174444198608398
0.05775570869445801
0.04022359848022461
0.11368083953857422
0.1089484691619873
0.09720945358276367
0.08286809921264648
0.06790733337402344
0.05415153503417969
0.03708076477050781
0.09427356719970703
0.0800323486328125
0.06595659255981445
0.05122780799865723
0.021660804748535156
0.10994935035705566
0.09818077087402344
0.08991289138793945
0.07541990280151367
0.060973167419433594
0.039788007736206055
0.12403249740600586
0.09896421432495117
0.08397102355957031
0.06947827339172363
0.05460381507873535
0.040384531021118164
0.02587151527404785
0.09443187713623047
0.08037519454956055
0.06594514846801758
0.05606269836425781
0.04165315628051758
0.026803970336914062
0.10399055480957031
0.08998560905456543
0.0857396125793457
0.07148909568786621
0.05708193778991699
0.04279923439025879
0.1078042984008789
0.09344124794006348
0.08708739280700684
0.0726923942565918
0.058386802673339844
0.04077553749084473
0.02729177474975586
0.11534357070922852
0.09442377090454102
0.07986569404602051
0.0654609203338623
0.05052065849304199
0.0360567569732666
0.10944128036499023
0.08507275581359863
0.08254265785217285
0.07122182846069336
0.0568850040435791
0.04263782501220703
0.11220455169677734
0.10483431816101074
0.0953824520111084
0.08102059364318848
0.06704854965209961
0.060715675354003906
0.047026634216308594
0.12637567520141602
0.1049051284790039
0.09070181846618652
0.07295036315917969
0.058831214904785156
0.044182538986206055
0.029885530471801758
0.09662413597106934
0.08450722694396973
0.0703420639038086
0.05283832550048828
0.05108189582824707
0.038785696029663086
0.10409140586853027
0.08565402030944824
0.08133387565612793
0.07332158088684082
0.05996108055114746
0.04590034484863281
0.031273841857910156
0.09085345268249512
0.09500336647033691
0.08050084114074707
0.06267094612121582
0.04838132858276367
0.033949851989746094
0.10266542434692383
0.10371899604797363
0.08952522277832031
0.07595610618591309
0.061864614486694336
0.046926259994506836
0.033365726470947266
0.10599660873413086
0.08550047874450684
0.0715019702911377
0.05759549140930176
0.03964686393737793
0.025332212448120117
0.09359025955200195
0.08311271667480469
0.06811809539794922
0.05290508270263672
0.04461359977722168
0.032953739166259766
0.09287214279174805
0.07921409606933594
0.0645146369934082
0.050551652908325195
0.0398557186126709
0.027976274490356445
0.09108185768127441
0.0861506462097168
0.07182526588439941
0.05682635307312012
0.040027618408203125
0.028960466384887695
0.10517287254333496
0.08937668800354004
0.07594656944274902
0.061565399169921875
0.04417014122009277
0.03833603858947754
0.11429643630981445
0.09634780883789062
0.08167862892150879
0.07860636711120605
0.04089784622192383
0.027022600173950195
0.10026907920837402
0.08645081520080566
0.08369231224060059
0.06879663467407227
0.055023908615112305
0.04007840156555176
0.1099996566772461
0.10635995864868164
0.09569168090820312
0.08154726028442383
0.06764507293701172
0.040221214294433594
0.025450706481933594
0.09876060485839844
0.08432817459106445
0.08118581771850586
0.06728029251098633
0.056584835052490234
0.04137873649597168
0.10942220687866211
0.0860896110534668
0.06983828544616699
0.056307315826416016
0.051748037338256836
0.036789894104003906
0.11016988754272461
0.09383225440979004
0.08202886581420898
0.07817721366882324
0.06333804130554199
0.04941821098327637
0.029488563537597656
0.10753583908081055
0.0826420783996582
0.06840348243713379
0.05451798439025879
0.04181075096130371
0.03784322738647461
0.12120199203491211
0.09592652320861816
0.08155417442321777
0.06713080406188965
0.0520784854888916
0.037630319595336914
0.023610830307006836
0.09387636184692383
0.08230876922607422
0.06830048561096191
0.05367684364318848
0.04343581199645996
0.028374195098876953
0.09094810485839844
0.09932518005371094
0.08571267127990723
0.0716409683227539
0.05754494667053223
0.04288053512573242
0.10611104965209961
0.09233474731445312
0.07724118232727051
0.08081388473510742
0.06679463386535645
0.052288055419921875
0.03793931007385254
0.09695219993591309
0.08570480346679688
0.07534551620483398
0.07792782783508301
0.06334137916564941
0.048139095306396484
0.10674929618835449
0.08026838302612305
0.08930301666259766
0.07453608512878418
0.05922079086303711
0.04103684425354004
0.11196565628051758
0.08752822875976562
0.07233929634094238
0.057802677154541016
0.040695905685424805
0.043243408203125
0.10625195503234863
0.08745479583740234
0.0769038200378418
0.07415461540222168
0.060272932052612305
0.04563760757446289
0.030442237854003906
0.10484862327575684
0.0950620174407959
0.08638191223144531
0.07242655754089355
0.05552864074707031
0.04062080383300781
0.11118602752685547
0.08492588996887207
0.06618022918701172
0.05318880081176758
0.03570199012756348
0.021582603454589844
0.09619665145874023
0.08289289474487305
0.06781888008117676
0.06700611114501953
0.05419278144836426
0.04140186309814453
0.11438107490539551
0.09707832336425781
0.07991981506347656
0.06586885452270508
0.05778646469116211
0.042916297912597656
0.10944581031799316
0.0828394889831543
0.07319903373718262
0.05843830108642578
0.04455971717834473
0.03242230415344238
0.11796116828918457
0.09093427658081055
0.0724647045135498
0.05822443962097168
0.04425191879272461
0.02532029151916504
0.09216809272766113
0.07903265953063965
0.07436871528625488
0.06519150733947754
0.05061221122741699
0.037177085876464844
0.11234140396118164
0.09440326690673828
0.07941818237304688
0.06540131568908691
0.05124187469482422
0.10973596572875977
0.09306454658508301
0.07991909980773926
0.0676724910736084
0.055275678634643555
0.04904770851135254
0.03477835655212402
0.10406947135925293
0.10254502296447754
0.08832430839538574
0.07427167892456055
0.060613393783569336
0.04265403747558594
0.10884666442871094
0.08481645584106445
0.07060694694519043
0.056989431381225586
0.049866676330566406
0.033762216567993164
0.10442447662353516
0.09036946296691895
0.07606720924377441
0.06192898750305176
0.05680060386657715
0.04224133491516113
0.02775716781616211
0.10016298294067383
0.08432364463806152
0.07057738304138184
0.08008122444152832
0.06929373741149902
0.05568265914916992
0.0418393611907959
0.09434962272644043
0.09404134750366211
0.0791025161743164
0.06490445137023926
0.05074667930603027
0.03629732131958008
0.12964534759521484
0.10720419883728027
0.09245991706848145
0.07762694358825684
0.06329202651977539
0.04826927185058594
0.03396010398864746
0.10349583625793457
0.08257126808166504
0.0682063102722168
0.07633566856384277
0.061798095703125
0.057314395904541016
0.1259596347808838
0.09729743003845215
0.06098318099975586
0.046292781829833984
0.029248952865600586
0.1001272201538086
0.09649920463562012
0.09611916542053223
0.0778799057006836
0.06293606758117676
0.04798269271850586
0.10517597198486328
0.08824467658996582
0.07414102554321289
0.060051679611206055
0.044930458068847656
0.030087947845458984
0.1104576587677002
0.08938026428222656
0.07573795318603516
0.06147432327270508
0.04408860206604004
0.03679347038269043
0.10617971420288086
0.08606505393981934
0.07472109794616699
0.06063199043273926
0.04619789123535156
0.04423809051513672
0.030109405517578125
0.10034608840942383
0.08341145515441895
0.0694282054901123
0.06893420219421387
0.05492973327636719
0.04097318649291992
0.026019811630249023
0.0914926528930664
0.08083391189575195
0.06667041778564453
0.06585240364074707
0.05202460289001465
0.03776359558105469
0.10891461372375488
0.10167860984802246
0.08826041221618652
0.07397603988647461
0.059533119201660156
0.04250288009643555
0.028920412063598633
0.09096717834472656
0.08068513870239258
0.06565213203430176
0.051183462142944336
0.03742575645446777
0.024296283721923828
0.10777425765991211
0.08585333824157715
0.07135343551635742
0.0723414421081543
0.06156349182128906
0.04755902290344238
0.032201290130615234
0.10480070114135742
0.08732032775878906
0.07399868965148926
0.05956864356994629
0.04960298538208008
0.040073394775390625
0.10916376113891602
0.11021757125854492
0.09609746932983398
0.07805085182189941
0.06352877616882324
0.04604959487915039
0.0315251350402832
0.10729265213012695
0.09657764434814453
0.0815589427947998
0.06782722473144531
0.053550004959106445
0.035695791244506836
0.10664844512939453
0.08672618865966797
0.0731956958770752
0.054631710052490234
0.05486631393432617
0.040778160095214844
0.11150097846984863
0.08614468574523926
0.07198214530944824
0.05947279930114746
0.04698801040649414
0.04174518585205078
0.027170658111572266
0.08906364440917969
0.07956981658935547
0.06833958625793457
0.05388760566711426
0.039505720138549805
0.02906322479248047
0.1122899055480957
0.08937716484069824
0.07490372657775879
0.06065511703491211
0.04962635040283203
0.035480499267578125
0.11150550842285156
0.08367466926574707
0.08633732795715332
0.07221364974975586
0.05717301368713379
0.043027639389038086
0.028495073318481445
0.09137272834777832
0.08131241798400879
0.06717920303344727
0.05350065231323242
0.044504642486572266
0.03605365753173828
0.10706710815429688
0.09220051765441895
0.07737469673156738
0.06299209594726562
0.048549652099609375
0.03336834907531738
0.10820794105529785
0.10322451591491699
0.09247946739196777
0.08100342750549316
0.0671086311340332
0.052881479263305664
0.039011240005493164
0.0280153751373291
0.10636711120605469
0.08645248413085938
0.09150171279907227
0.07756614685058594
0.0631256103515625
0.04867148399353027
0.12187767028808594
0.09794092178344727
0.08403158187866211
0.07006406784057617
0.05416059494018555
0.04220771789550781
0.030716657638549805
0.09784984588623047
0.08111357688903809
0.07233810424804688
0.057457923889160156
0.041599273681640625
0.03216719627380371
0.10936141014099121
0.08780026435852051
0.07296133041381836
0.05838346481323242
0.056163787841796875
0.041852474212646484
0.027344703674316406
0.09807610511779785
0.09832763671875
0.0841066837310791
0.07068991661071777
0.055780887603759766
0.03779745101928711
0.10866069793701172
0.09174346923828125
0.07676362991333008
0.06264257431030273
0.05059409141540527
0.036190032958984375
0.12106609344482422
0.11115431785583496
0.09659552574157715
0.08185100555419922
0.06924247741699219
0.06108593940734863
0.11395931243896484
0.08068060874938965
0.0653533935546875
0.05096292495727539
0.03535199165344238
0.020845651626586914
0.09668779373168945
0.08733868598937988
0.07318449020385742
0.05878567695617676
0.04446125030517578
0.031488656997680664
0.11005544662475586
0.09600186347961426
0.08137273788452148
0.06778311729431152
0.0688776969909668
0.05377602577209473
0.03906869888305664
0.11067628860473633
0.08383893966674805
0.0657343864440918
0.06138181686401367
0.04654741287231445
0.03220057487487793
0.10156750679016113
0.08775758743286133
0.07363009452819824
0.059248924255371094
0.04926419258117676
0.042792558670043945
0.029253244400024414
0.09086370468139648
0.09459424018859863
0.07972598075866699
0.06552839279174805
0.05152487754821777
0.03666234016418457
0.10463190078735352
0.09760403633117676
0.08342266082763672
0.0687265396118164
0.054578304290771484
0.040459632873535156
0.026139497756958008
0.10364246368408203
0.08568739891052246
0.06829380989074707
0.0516812801361084
0.04979515075683594
0.03525042533874512
0.10487651824951172
0.08263134956359863
0.06955671310424805
0.060298919677734375
0.04381370544433594
0.02892780303955078
0.10065579414367676
0.08564138412475586
0.08546924591064453
0.07146835327148438
0.05645751953125
0.04210066795349121
0.027523279190063477
0.09775161743164062
0.08374691009521484
0.06918144226074219
0.05489706993103027
0.04027557373046875
0.030167818069458008
0.1069483757019043
0.08997178077697754
0.07497930526733398
0.05727124214172363
0.039075374603271484
0.035428524017333984
0.11173748970031738
0.08717012405395508
0.06838774681091309
0.061029672622680664
0.04655027389526367
0.032395124435424805
0.11789202690124512
0.09296464920043945
0.07554101943969727
0.06029534339904785
0.04658102989196777
0.0323793888092041
0.11064291000366211
0.09662485122680664
0.0937201976776123
0.08737850189208984
0.06958365440368652
0.05095219612121582
0.03589057922363281
0.10833525657653809
0.09554767608642578
0.08061408996582031
0.06687593460083008
0.04972386360168457
0.03197908401489258
0.10361766815185547
0.08553171157836914
0.07402348518371582
0.06052398681640625
0.04627728462219238
0.035642147064208984
0.024214982986450195
0.09447574615478516
0.09139537811279297
0.07747912406921387
0.05560731887817383
0.04093432426452637
0.029267311096191406
0.0981302261352539
0.08235287666320801
0.07721900939941406
0.06630373001098633
0.04639410972595215
0.03225255012512207
0.11397981643676758
0.08912277221679688
0.07500863075256348
0.0606076717376709
0.04644036293029785
0.03400111198425293
0.03194260597229004
0.09335517883300781
0.07933974266052246
0.0679936408996582
0.05346870422363281
0.0463564395904541
0.0322265625
0.10631322860717773
0.09830427169799805
0.08703851699829102
0.07268619537353516
0.053896427154541016
0.03803873062133789
0.11127328872680664
0.08617210388183594
0.07286906242370605
0.05783867835998535
0.053440093994140625
0.0355067253112793
0.10597515106201172
0.08571076393127441
0.07111835479736328
0.06185483932495117
0.046935319900512695
0.03221893310546875
0.1009831428527832
0.08233880996704102
0.07891535758972168
0.07123899459838867
0.0566258430480957
0.04234027862548828
0.02867412567138672
0.08104157447814941
0.07419562339782715
0.06004691123962402
0.04535675048828125
0.030724763870239258
0.11452460289001465
0.1009218692779541
0.08621573448181152
0.0715630054473877
0.050547122955322266
0.05660653114318848
0.04490971565246582
0.10060524940490723
0.08409881591796875
0.07014822959899902
0.05621147155761719
0.04749035835266113
0.038404226303100586
0.11309266090393066
0.09339737892150879
0.08211183547973633
0.0775156021118164
0.06758308410644531
0.05289578437805176
0.03849053382873535
0.10499453544616699
0.08478164672851562
0.07012319564819336
0.05651521682739258
0.047125816345214844
0.03630471229553223
0.021573543548583984
0.09424519538879395
0.08933734893798828
0.07516598701477051
0.06074976921081543
0.046634674072265625
0.028995275497436523
0.10151553153991699
0.0872490406036377
0.07241964340209961
0.058147430419921875
0.05680966377258301
0.042516231536865234
0.028198719024658203
0.08917641639709473
0.09006881713867188
0.07621550559997559
0.06191611289978027
0.04764103889465332
0.025302886962890625
0.10573625564575195
0.09223365783691406
0.08193421363830566
0.06719064712524414
0.053243160247802734
0.0384979248046875
0.024475574493408203
0.10914349555969238
0.0912163257598877
0.07686376571655273
0.06654024124145508
0.05571126937866211
0.027788639068603516
0.09662508964538574
0.08292913436889648
0.073883056640625
0.06256365776062012
0.048686981201171875
0.03792715072631836
0.026589632034301758
0.08893251419067383
0.07993602752685547
0.06551694869995117
0.0595707893371582
0.05226755142211914
0.03727841377258301
0.10416388511657715
0.08383011817932129
0.08316993713378906
0.06810188293457031
0.054018497467041016
0.03903388977050781
0.13086223602294922
0.1029670238494873
0.08869576454162598
0.0748896598815918
0.040842294692993164
0.10777115821838379
0.07920670509338379
0.07039213180541992
0.06293964385986328
0.04867911338806152
0.033597707748413086
0.10593104362487793
0.08491897583007812
0.07618498802185059
0.062304019927978516
0.04788947105407715
0.03297901153564453
0.026546239852905273
0.08913373947143555
0.07731842994689941
0.06318354606628418
0.05680251121520996
0.03918051719665527
0.024470090866088867
0.09121012687683105
0.08266353607177734
0.08118772506713867
0.0671076774597168
0.0526890754699707
0.03825545310974121
0.10581636428833008
0.08610892295837402
0.07163572311401367
0.05748605728149414
0.055316925048828125
0.04330778121948242
0.10492181777954102
0.08651041984558105
0.07885169982910156
0.07036685943603516
0.05605292320251465
0.041118621826171875
0.026682615280151367
0.09450292587280273
0.08049535751342773
0.06634306907653809
0.05235767364501953
0.03973793983459473
0.036322832107543945
0.1097254753112793
0.0858147144317627
0.07086515426635742
0.05734395980834961
0.052468299865722656
0.03800773620605469
0.023404598236083984
0.08895611763000488
0.08390974998474121
0.07265472412109375
0.0582432746887207
0.04330301284790039
0.022158145904541016
0.12233757972717285
0.10545086860656738
0.09133577346801758
0.07616448402404785
0.06148123741149902
0.04664111137390137
0.03229951858520508
0.10081028938293457
0.08387613296508789
0.06965947151184082
0.05644416809082031
0.043627023696899414
0.031070470809936523
0.022230148315429688
0.1069025993347168
0.09279990196228027
0.07842659950256348
0.06427907943725586
0.05010342597961426
0.03560972213745117
0.1150209903717041
0.08966326713562012
0.0751187801361084
0.06399893760681152
0.0497591495513916
0.03281569480895996
0.10740232467651367
0.09253644943237305
0.07830810546875
0.06380033493041992
0.04560208320617676
0.03925180435180664
0.03001236915588379
0.09744572639465332
0.08341526985168457
0.06897449493408203
0.05153083801269531
0.037079811096191406
0.03045964241027832
0.09125828742980957
0.07883453369140625
0.036034584045410156
0.02426767349243164
0.10524559020996094
0.0962216854095459
0.07806849479675293
0.06019163131713867
0.04246997833251953
0.02462029457092285
0.10278654098510742
0.08439278602600098
0.07216310501098633
0.06353640556335449
0.05187487602233887
0.04330754280090332
0.03190875053405762
0.08906221389770508
0.07975077629089355
0.0724344253540039
0.05769038200378418
0.0426633358001709
0.028570175170898438
0.1093897819519043
0.1031036376953125
0.08910751342773438
0.07461690902709961
0.06109976768493652
0.04662513732910156
0.11204385757446289
0.08510160446166992
0.07112669944763184
0.061136722564697266
0.047178030014038086
0.04342365264892578
0.10840106010437012
0.10600638389587402
0.09195327758789062
0.08359861373901367
0.07220292091369629
0.05798506736755371
0.04037666320800781
0.1071782112121582
0.09172797203063965
0.08807063102722168
0.07402229309082031
0.05982804298400879
0.04537487030029297
0.023947954177856445
0.09160256385803223
0.08459830284118652
0.07052421569824219
0.056505680084228516
0.04841184616088867
0.03432440757751465
0.10641169548034668
0.08334660530090332
0.08964347839355469
0.07507562637329102
0.06089329719543457
0.04643678665161133
0.0321505069732666
0.10061430931091309
0.08352065086364746
0.0688788890838623
0.06311416625976562
0.04878044128417969
0.04282259941101074
0.10855364799499512
0.09672856330871582
0.08619904518127441
0.07809209823608398
0.06359457969665527
0.04985642433166504
0.035414695739746094
0.11022639274597168
0.09215784072875977
0.08037924766540527
0.07810044288635254
0.06326866149902344
0.04908609390258789
0.038259267807006836
0.09371113777160645
0.07973790168762207
0.06550145149230957
0.04950690269470215
0.04105091094970703
0.030241012573242188
0.0927891731262207
0.07853341102600098
0.07399845123291016
0.05919361114501953
0.04105806350708008
0.026151418685913086
0.1040489673614502
0.08611369132995605
0.07196521759033203
0.0681452751159668
0.0476377010345459
0.03334665298461914
0.10796165466308594
0.08707928657531738
0.06992650032043457
0.06539559364318848
0.047792673110961914
0.03382682800292969
0.10966849327087402
0.09527087211608887
0.08133530616760254
0.07105541229248047
0.055843353271484375
0.03821158409118652
0.03411698341369629
0.10999631881713867
0.09664273262023926
0.08247208595275879
0.06716609001159668
0.05921339988708496
0.04543948173522949
0.031456708908081055
0.09981632232666016
0.08335471153259277
0.0681300163269043
0.04809880256652832
0.035521507263183594
0.0229337215423584
0.1030740737915039
0.08664846420288086
0.07251286506652832
0.07147741317749023
0.05740213394165039
0.04321599006652832
0.028703927993774414
0.0915684700012207
0.09347033500671387
0.07842826843261719
0.06362032890319824
0.04794597625732422
0.033605337142944336
0.09480667114257812
0.08080554008483887
0.06646847724914551
0.06097102165222168
0.051629066467285156
0.03419637680053711
0.08778905868530273
0.0727224349975586
0.059377431869506836
0.04307842254638672
0.03936505317687988
0.11686229705810547
0.09201788902282715
0.07800555229187012
0.06412935256958008
0.05005359649658203
0.035780906677246094
0.03961300849914551
0.0943915843963623
0.08098149299621582
0.0729823112487793
0.055020809173583984
0.04104733467102051
0.02714252471923828
0.09848546981811523
0.08536362648010254
0.07966279983520508
0.0654137134552002
0.05106949806213379
0.02296757698059082
0.09087514877319336
0.07986617088317871
0.07976841926574707
0.06571102142333984
0.05105090141296387
0.03696298599243164
0.0932612419128418
0.09336161613464355
0.08209443092346191
0.0647728443145752
0.051181793212890625
0.03713417053222656
0.11562013626098633
0.09878659248352051
0.08428096771240234
0.06992197036743164
0.05242562294006348
0.03803253173828125
0.10823750495910645
0.09676647186279297
0.08847928047180176
0.07431221008300781
0.05940651893615723
0.0453643798828125
0.030959606170654297
0.09087657928466797
0.07690978050231934
0.0645148754119873
0.05206489562988281
0.03897833824157715
0.026555776596069336
0.10682249069213867
0.08988213539123535
0.0763847827911377
0.062015533447265625
0.053777217864990234
0.03935122489929199
0.02416539192199707
0.08934140205383301
0.08095097541809082
0.06658101081848145
0.05620455741882324
0.04799485206604004
0.03271675109863281
0.1094512939453125
0.08554649353027344
0.09877896308898926
0.08650970458984375
0.07215404510498047
0.05718255043029785
0.0418546199798584
0.10425400733947754
0.08828425407409668
0.07345294952392578
0.05909252166748047
0.06201958656311035
0.04746866226196289
0.10784077644348145
0.10311603546142578
0.08802175521850586
0.07328200340270996
0.05865120887756348
0.04361987113952637
0.10841584205627441
0.10265183448791504
0.09879565238952637
0.08412981033325195
0.06991004943847656
0.05481123924255371
0.03553342819213867
0.09383964538574219
0.08243179321289062
0.06813549995422363
0.05348348617553711
0.024641752243041992
0.1040809154510498
0.08582448959350586
0.09096670150756836
0.07714414596557617
0.06343388557434082
0.04820990562438965
0.03397178649902344
0.08968424797058105
0.0811927318572998
0.06696867942810059
0.05629777908325195
0.04811978340148926
0.03416752815246582
0.10360145568847656
0.0829782485961914
0.07378554344177246
0.06256341934204102
0.048497915267944336
0.03385734558105469
0.02875995635986328
0.0944983959197998
0.08991217613220215
0.07747697830200195
0.06314873695373535
0.0416412353515625
0.027270078659057617
0.09143829345703125
0.08577442169189453
0.07132411003112793
0.05329728126525879
0.03887152671813965
0.022701263427734375
0.0931391716003418
0.09212017059326172
0.07770490646362305
0.06269145011901855
0.048742055892944336
0.03527951240539551
0.10929107666015625
0.0864408016204834
0.07621479034423828
0.061737060546875
0.0473170280456543
0.04009056091308594
0.027698040008544922
0.09647703170776367
0.0900881290435791
0.07469964027404785
0.060781002044677734
0.046082258224487305
0.028731822967529297
0.10198187828063965
0.08345222473144531
0.08152413368225098
0.06012535095214844
0.045680999755859375
0.03138923645019531
0.10948038101196289
0.08910942077636719
0.08740496635437012
0.07273554801940918
0.05860638618469238
0.044072866439819336
0.02944016456604004
0.08967995643615723
0.07799601554870605
0.06566667556762695
0.05629920959472656
0.04490399360656738
0.030485153198242188
0.10477042198181152
0.08245658874511719
0.0765542984008789
0.06703877449035645
0.05274629592895508
0.03827214241027832
0.02353215217590332
0.08907818794250488
0.08383512496948242
0.06945228576660156
0.05467629432678223
0.04021310806274414
0.03470301628112793
0.10643434524536133
0.0869143009185791
0.07247781753540039
0.058512210845947266
0.03940153121948242
0.03314709663391113
0.10453391075134277
0.08333063125610352
0.07781648635864258
0.06897163391113281
0.056424856185913086
0.04192996025085449
0.026906490325927734
0.09463882446289062
0.08069801330566406
0.07241082191467285
0.05774378776550293
0.04336977005004883
0.028973102569580078
0.10731768608093262
0.08272242546081543
0.07037901878356934
0.07194828987121582
0.05985260009765625
0.04545092582702637
0.030987024307250977
0.10015106201171875
0.08421778678894043
0.07272577285766602
0.061167001724243164
0.046094417572021484
0.031778573989868164
0.10592365264892578
0.08336901664733887
0.07122015953063965
0.07241034507751465
0.05416226387023926
0.039144039154052734
0.10483670234680176
0.09676837921142578
0.07529544830322266
0.061121463775634766
0.046872615814208984
0.03234577178955078
0.10556316375732422
0.08601880073547363
0.07125377655029297
0.05808281898498535
0.04610252380371094
0.03615379333496094
0.028746366500854492
0.10134506225585938
0.08422183990478516
0.06924772262573242
0.06234025955200195
0.04795265197753906
0.03371453285217285
0.019324541091918945
0.09150123596191406
0.08101916313171387
0.0779118537902832
0.06349706649780273
0.04898715019226074
0.03417086601257324
0.11615395545959473
0.09512042999267578
0.08826375007629395
0.0738985538482666
0.0592348575592041
0.044815778732299805
0.031163930892944336
0.09155941009521484
0.087432861328125
0.07306623458862305
0.05876660346984863
0.04436683654785156
0.029671192169189453
0.10610079765319824
0.08691906929016113
0.08618760108947754
0.07227563858032227
0.05795884132385254
0.04330611228942871
0.02885127067565918
0.09985661506652832
0.08603763580322266
0.07111644744873047
0.05661177635192871
0.042235612869262695
0.031714439392089844
0.11119747161865234
0.09565472602844238
0.08135437965393066
0.08002233505249023
0.06612157821655273
0.052169084548950195
0.03819751739501953
0.1007544994354248
0.07944440841674805
0.07057332992553711
0.05627012252807617
0.05190300941467285
0.03974103927612305
0.10669517517089844
0.09340190887451172
0.0797426700592041
0.06608247756958008
0.04395484924316406
0.04136371612548828
0.030937671661376953
0.09495902061462402
0.08089661598205566
0.0664820671081543
0.05299735069274902
0.05107426643371582
0.037744760513305664
0.10503554344177246
0.10234761238098145
0.08814144134521484
0.07344579696655273
0.058927297592163086
0.04452967643737793
0.02940201759338379
0.09118032455444336
0.08034276962280273
0.06586527824401855
0.06515932083129883
0.050673723220825195
0.03541064262390137
0.10587763786315918
0.09839677810668945
0.0839545726776123
0.06947588920593262
0.055063724517822266
0.040726423263549805
0.026434659957885742
0.0970766544342041
0.08459186553955078
0.07334375381469727
0.05307793617248535
0.03768348693847656
0.02455425262451172
0.10276484489440918
0.08309555053710938
0.07715702056884766
0.0629725456237793
0.04834771156311035
0.03416156768798828
0.024425983428955078
0.0919039249420166
0.08113408088684082
0.06665253639221191
0.055805206298828125
0.0436553955078125
0.028928279876708984
0.10548710823059082
0.08659076690673828
0.07231879234313965
0.06202507019042969
0.0509493350982666
0.03860616683959961
0.024423599243164062
0.09616565704345703
0.07745170593261719
0.06506609916687012
0.05260133743286133
0.03978300094604492
0.0273435115814209
0.11681866645812988
0.09211587905883789
0.07771754264831543
0.06323003768920898
0.04871559143066406
0.03428149223327637
0.023730754852294922
0.10839056968688965
0.09400749206542969
0.07911968231201172
0.0648643970489502
0.0504145622253418
0.03594470024108887
0.021700620651245117
0.09532618522644043
0.09400367736816406
0.07926821708679199
0.06507086753845215
0.05040311813354492
0.03587460517883301
0.10731935501098633
0.09726500511169434
0.08301568031311035
0.06866335868835449
0.0545201301574707
0.03278708457946777
0.11573982238769531
0.09239363670349121
0.07737970352172852
0.06287074089050293
0.048552751541137695
0.03419232368469238
0.019161701202392578
0.09171247482299805
0.08155107498168945
0.08065509796142578
0.06573081016540527
0.051409244537353516
0.03828883171081543
0.11021995544433594
0.08565807342529297
0.08746576309204102
0.07322907447814941
0.05872654914855957
0.04449653625488281
0.03011345863342285
0.09107279777526855
0.07773733139038086
0.0650179386138916
0.05550670623779297
0.05278277397155762
0.03855252265930176
0.10960006713867188
0.08597207069396973
0.07143855094909668
