0.09249067306518555
0.07819724082946777
0.06322431564331055
0.05123496055603027
0.03760838508605957
0.023641586303710938
0.009383440017700195
0.09555482864379883
0.08810949325561523
0.07340550422668457
0.06357884407043457
0.05345582962036133
0.03952360153198242
0.10332584381103516
0.08250021934509277
0.08741998672485352
0.07250046730041504
0.05852055549621582
0.04360032081604004
0.11089277267456055
0.09739899635314941
0.08294534683227539
0.06862211227416992
0.0550227165222168
0.04090595245361328
0.026354074478149414
0.09711408615112305
0.08431696891784668
0.07010889053344727
0.05706954002380371
0.044792890548706055
0.03623485565185547
0.10495114326477051
0.09261274337768555
0.07833433151245117
0.06031632423400879
0.0466461181640625
0.03233838081359863
0.10164761543273926
0.08830499649047852
0.07416868209838867
0.060355424880981445
0.04612469673156738
0.033034563064575195
0.10623431205749512
0.08655047416687012
0.08436083793640137
0.07059502601623535
0.05263257026672363
0.03869771957397461
0.10464286804199219
0.09314274787902832
0.07911515235900879
0.06948351860046387
0.0550386905670166
0.040366411209106445
0.11441588401794434
0.08389544486999512
0.06171679496765137
0.057794809341430664
0.04341316223144531
0.031235456466674805
0.09040403366088867
0.07939982414245605
0.08210515975952148
0.06778621673583984
0.05321240425109863
0.03891873359680176
0.10398292541503906
0.08204388618469238
0.08813977241516113
0.07482361793518066
0.06027722358703613
0.04591941833496094
0.030755281448364258
0.08830809593200684
0.07632565498352051
0.06972122192382812
0.05532050132751465
0.041974544525146484
0.026645421981811523
0.10175752639770508
0.08733558654785156
0.07239794731140137
0.05874276161193848
0.04430675506591797
0.029485464096069336
0.0972280502319336
0.08631491661071777
0.07215738296508789
0.07329845428466797
0.05858969688415527
0.058931827545166016
0.051979780197143555
0.09418463706970215
0.08012151718139648
0.0791940689086914
0.06343245506286621
0.1075429916381836
0.09790396690368652
0.08544373512268066
0.08373045921325684
0.06915020942687988
0.05404496192932129
0.039298057556152344
0.10437893867492676
0.10156965255737305
0.08750057220458984
0.07307982444763184
0.05841231346130371
0.04026985168457031
0.10440182685852051
0.08408260345458984
0.09314703941345215
0.07855916023254395
0.06442093849182129
0.05010032653808594
0.03613400459289551
0.08770203590393066
0.07944011688232422
0.06154489517211914
0.05229473114013672
0.03877615928649902
0.025017261505126953
0.09328269958496094
0.08813261985778809
0.08112239837646484
0.06689238548278809
0.05270671844482422
0.03758716583251953
0.02341175079345703
0.09794950485229492
0.09339189529418945
0.07974004745483398
0.06457328796386719
0.049550771713256836
0.03493976593017578
0.1015775203704834
0.08737754821777344
0.06925368309020996
0.05137777328491211
0.03696608543395996
0.023833274841308594
0.08965802192687988
0.08341717720031738
0.06939864158630371
0.05501413345336914
0.04071211814880371
0.03638863563537598
0.09002280235290527
0.08115863800048828
0.0703420639038086
0.06530117988586426
0.0501713752746582
0.0359807014465332
0.07973837852478027
0.0706787109375
0.05730080604553223
0.0548858642578125
0.040405988693237305
0.026860713958740234
0.0969688892364502
0.0948183536529541
0.08084869384765625
0.06624579429626465
0.04802894592285156
0.03044295310974121
0.09956502914428711
0.08424997329711914
0.07320237159729004
0.05818796157836914
0.043874263763427734
0.028680801391601562
0.10246682167053223
0.08714866638183594
0.07586193084716797
0.06531763076782227
0.05140280723571777
0.03711366653442383
0.022759437561035156
0.11534237861633301
0.09541988372802734
0.08228063583374023
0.06799435615539551
0.05279994010925293
0.0383763313293457
0.10404586791992188
0.08396077156066895
0.0765981674194336
0.06205439567565918
0.04755520820617676
0.033605337142944336
0.1096487045288086
0.09227514266967773
0.07809829711914062
0.06376838684082031
0.051156044006347656
0.05517840385437012
0.042504072189331055
0.09915471076965332
0.08309626579284668
0.08000683784484863
0.06538891792297363
0.03269648551940918
0.10347652435302734
0.11045122146606445
0.09134197235107422
0.07764124870300293
0.05000782012939453
0.03638911247253418
0.09179162979125977
0.09206724166870117
0.07704019546508789
0.06313729286193848
0.0481724739074707
0.03615880012512207
0.10679984092712402
0.10434603691101074
0.09430980682373047
0.08022260665893555
0.06612110137939453
0.06152653694152832
0.04827880859375
0.109588623046875
0.09003043174743652
0.07462048530578613
0.06901001930236816
0.05117464065551758
0.023260116577148438
0.08954167366027832
0.09658169746398926
0.08508896827697754
0.06379985809326172
0.049796104431152344
0.034569740295410156
0.09803438186645508
0.08874011039733887
0.07432937622070312
0.06606149673461914
0.04996752738952637
0.035745859146118164
0.10494089126586914
0.08723640441894531
0.0723569393157959
0.06171274185180664
0.04773116111755371
0.03912186622619629
0.10401582717895508
0.0840597152709961
0.06992816925048828
0.05509352684020996
0.041954994201660156
0.044005393981933594
0.10420894622802734
0.08414649963378906
0.06921839714050293
0.08009171485900879
0.0695962905883789
0.06352639198303223
0.10454845428466797
0.07547545433044434
0.06344962120056152
0.06481790542602539
0.05468273162841797
0.04036879539489746
0.08621573448181152
0.07376694679260254
0.06081962585449219
0.05258345603942871
0.03444623947143555
0.020997047424316406
0.09054684638977051
0.0851285457611084
0.07073640823364258
0.05681300163269043
0.04221487045288086
0.03311777114868164
0.10648107528686523
0.10173630714416504
0.08706021308898926
0.07214927673339844
0.05834507942199707
0.04367518424987793
0.033335208892822266
0.08776593208312988
0.08349275588989258
0.0656430721282959
0.05150747299194336
0.037049055099487305
0.028718233108520508
0.09649157524108887
0.08434176445007324
0.06987237930297852
0.05700278282165527
0.05086803436279297
0.03896355628967285
0.10634231567382812
0.09236645698547363
0.07824969291687012
0.08532071113586426
0.07187795639038086
0.05756330490112305
0.11305499076843262
0.08307552337646484
0.0616300106048584
0.05534243583679199
0.040407419204711914
0.02541637420654297
0.09896707534790039
0.08820366859436035
0.0901644229888916
0.0748891830444336
0.05990123748779297
0.04495716094970703
0.09807682037353516
0.07462692260742188
0.07703685760498047
0.06195569038391113
0.04678082466125488
0.1067051887512207
0.10341429710388184
0.08974862098693848
0.07554244995117188
0.05740499496459961
0.03889107704162598
0.10600566864013672
0.08098745346069336
0.07689428329467773
0.04336833953857422
0.12174582481384277
0.09724044799804688
0.08647370338439941
0.09199070930480957
0.07762551307678223
0.06305360794067383
0.04845094680786133
0.10649514198303223
0.09998416900634766
0.08500289916992188
0.09028744697570801
0.08179259300231934
0.06679677963256836
0.052367448806762695
0.10682821273803711
0.09262347221374512
0.07783937454223633
0.07063913345336914
0.04725933074951172
0.03294515609741211
0.09912991523742676
0.0793600082397461
0.0780479907989502
0.06415891647338867
0.05016040802001953
0.035858869552612305
0.021174192428588867
0.09261250495910645
0.08354997634887695
0.062137603759765625
0.07679533958435059
0.061841726303100586
0.04735398292541504
0.08722281455993652
0.09035778045654297
0.08176255226135254
0.06696963310241699
0.05024099349975586
0.03880500793457031
0.09691452980041504
0.08431506156921387
0.0857999324798584
0.08193206787109375
0.06860923767089844
0.05733656883239746
0.044356584548950195
0.09440422058105469
0.08418869972229004
0.06937408447265625
0.05444478988647461
0.04000568389892578
0.02715611457824707
0.09936666488647461
0.08135318756103516
0.06726264953613281
0.06118607521057129
0.053624629974365234
0.04081869125366211
0.10736775398254395
0.09800314903259277
0.08406281471252441
0.0743110179901123
0.07312679290771484
0.06223320960998535
0.049820899963378906
0.03663945198059082
0.08610105514526367
0.0777425765991211
0.07372260093688965
0.05920004844665527
0.044770240783691406
0.02686285972595215
0.08988118171691895
0.08129715919494629
0.0701286792755127
0.06482672691345215
0.05374765396118164
0.039603471755981445
0.10617518424987793
0.08549308776855469
0.0536503791809082
0.05100226402282715
0.036830902099609375
0.12306547164916992
0.10179495811462402
0.08766031265258789
0.07383012771606445
0.06022834777832031
0.05063152313232422
0.035715579986572266
0.09795832633972168
0.09509539604187012
0.08115458488464355
0.0667576789855957
0.052464962005615234
0.037892818450927734
0.02284836769104004
0.0931844711303711
0.08051061630249023
0.06850981712341309
0.05639004707336426
0.04588651657104492
0.03455185890197754
0.10343194007873535
0.08507204055786133
0.07601475715637207
0.06507039070129395
0.049915313720703125
0.03550982475280762
0.09995245933532715
0.08132505416870117
0.07367825508117676
0.06243705749511719
0.04746127128601074
0.03332352638244629
0.10506629943847656
0.08167099952697754
0.07987093925476074
0.06597208976745605
0.051677703857421875
0.04678750038146973
0.033652544021606445
0.0885775089263916
0.07886219024658203
0.07724905014038086
0.05910658836364746
0.0427093505859375
0.028128862380981445
0.09739089012145996
0.08877682685852051
0.08139348030090332
0.07214474678039551
0.057776451110839844
0.0434417724609375
0.029053449630737305
0.09610128402709961
0.08247900009155273
0.0679636001586914
0.06766271591186523
0.05307340621948242
0.03141307830810547
0.10226845741271973
0.0843496322631836
0.07691073417663574
0.05828452110290527
0.04411196708679199
0.029473066329956055
0.10512328147888184
0.08213496208190918
0.09052395820617676
0.07654690742492676
0.06262421607971191
0.04859447479248047
0.034621238708496094
0.08751940727233887
0.08948373794555664
0.07422637939453125
0.05981278419494629
0.04301261901855469
0.02466750144958496
0.09836983680725098
0.08798027038574219
0.08006596565246582
0.06512022018432617
0.05052924156188965
0.036632537841796875
0.10632562637329102
0.08518528938293457
0.07749795913696289
0.06293082237243652
0.04686784744262695
0.02451944351196289
0.10078644752502441
0.09183549880981445
0.08518457412719727
0.06761932373046875
0.05398750305175781
0.03852486610412598
0.10713768005371094
0.09227108955383301
0.08334708213806152
0.06896829605102539
0.054186344146728516
0.05654120445251465
0.043121337890625
0.10561633110046387
0.08509016036987305
0.07487249374389648
0.04711270332336426
0.025024890899658203
0.11342120170593262
0.0937798023223877
0.07979273796081543
0.06560587882995605
0.05117297172546387
0.045514583587646484
0.03362226486206055
0.09745550155639648
0.07920193672180176
0.07013654708862305
0.058766841888427734
0.04459810256958008
0.030175209045410156
0.10631346702575684
0.09405517578125
0.08010697364807129
0.07379937171936035
0.05943131446838379
0.04543566703796387
0.03088974952697754
0.10559439659118652
0.0851895809173584
0.07060909271240234
0.0573422908782959
0.04453325271606445
0.043036699295043945
0.03014993667602539
0.09424567222595215
0.08272695541381836
0.07170915603637695
0.05670309066772461
0.042150259017944336
0.02926349639892578
0.10606122016906738
0.09440302848815918
0.07988429069519043
0.0657198429107666
0.06371140480041504
0.04892420768737793
0.034071922302246094
0.10315775871276855
0.08056783676147461
0.07120060920715332
0.05589103698730469
0.0418546199798584
0.032924652099609375
0.02337169647216797
0.08872127532958984
0.07862305641174316
0.08272361755371094
0.06837272644042969
0.0542140007019043
0.039229631423950195
0.10208559036254883
0.08433818817138672
0.06976509094238281
0.055995941162109375
0.043491363525390625
0.037749290466308594
0.10515379905700684
0.08891129493713379
0.07434415817260742
0.060227394104003906
0.0461118221282959
0.04280543327331543
0.10950064659118652
0.08379268646240234
0.07197046279907227
0.05759596824645996
0.03946971893310547
0.026521921157836914
0.10380792617797852
0.09526181221008301
0.08081436157226562
0.06645584106445312
0.052056312561035156
0.03800845146179199
0.10313868522644043
0.08818888664245605
0.08148932456970215
0.0669548511505127
0.05237388610839844
0.03811359405517578
0.024586200714111328
0.09498763084411621
0.0870060920715332
0.07305312156677246
0.05877065658569336
0.03695797920227051
0.028789997100830078
0.10172724723815918
0.0847165584564209
0.0704345703125
0.056357622146606445
0.047846317291259766
0.032868385314941406
0.03108954429626465
0.09690284729003906
0.08278799057006836
0.07203817367553711
0.057871103286743164
0.04286956787109375
0.033467769622802734
0.10875725746154785
0.08511495590209961
0.08121943473815918
0.06677031517028809
0.05185842514038086
0.03729963302612305
0.10953068733215332
0.1016533374786377
0.09041047096252441
0.07965445518493652
0.06477189064025879
0.050313711166381836
0.03603029251098633
0.10927295684814453
0.10392618179321289
0.08699727058410645
0.07269144058227539
0.060945749282836914
0.057534217834472656
0.04478764533996582
0.1105356216430664
0.0918736457824707
0.0777738094329834
0.05977320671081543
0.045963287353515625
0.03144025802612305
0.1047523021697998
0.08426904678344727
0.08734321594238281
0.06933021545410156
0.05497598648071289
0.040436744689941406
0.10507512092590332
0.09041666984558105
0.07668280601501465
0.07312726974487305
0.05866694450378418
0.04477882385253906
0.03050065040588379
0.08747196197509766
0.07915258407592773
0.07552218437194824
0.06098604202270508
0.04738473892211914
0.03264474868774414
0.1070704460144043
0.08860564231872559
0.07386612892150879
0.0599365234375
0.04572296142578125
0.03963875770568848
0.0335996150970459
0.09568476676940918
0.08387398719787598
0.08104586601257324
0.06679654121398926
0.05234169960021973
0.03456997871398926
0.0937507152557373
0.0828850269317627
0.07399368286132812
0.06734967231750488
0.0529627799987793
0.0381619930267334
0.10718226432800293
0.0987238883972168
0.08878970146179199
0.16625523567199707
0.15511488914489746
0.14090728759765625
0.1381683349609375
0.12374472618103027
0.10861849784851074
0.09440374374389648
0.08000469207763672
0.06569790840148926
0.1379868984222412
0.12863755226135254
0.1149446964263916
0.09380650520324707
0.07866978645324707
0.06804895401000977
0.0566556453704834
0.04230165481567383
0.027510643005371094
0.08404016494750977
0.07138276100158691
0.06328129768371582
0.0527191162109375
0.03887796401977539
0.02795720100402832
0.10704874992370605
0.1646416187286377
0.1559915542602539
0.14244484901428223
0.14474129676818848
0.1275947093963623
0.1133413314819336
0.09478545188903809
0.08051061630249023
0.12947940826416016
0.11796092987060547
0.09750604629516602
0.0833897590637207
0.07306432723999023
0.055267333984375
0.04030466079711914
0.028001070022583008
0.09774041175842285
0.08134651184082031
0.06317973136901855
0.06648945808410645
0.051407814025878906
0.03748941421508789
0.10322308540344238
0.17824053764343262
0.1604936122894287
0.1511075496673584
0.13666915893554688
0.1216890811920166
0.1037588119506836
0.08936405181884766
0.0915522575378418
0.0773317813873291
0.05426311492919922
0.1134026050567627
0.1019129753112793
0.07899260520935059
0.06467437744140625
0.06563782691955566
0.049692392349243164
0.035906076431274414
0.08860635757446289
0.17646360397338867
0.16764235496520996
0.15346264839172363
0.15198493003845215
0.15668940544128418
0.14690232276916504
0.14155054092407227
0.12720990180969238
0.11283707618713379
0.09995651245117188
0.08529138565063477
0.07021689414978027
0.2069084644317627
0.17054247856140137
0.16223359107971191
0.14756560325622559
0.13356971740722656
0.11939287185668945
0.10482501983642578
0.11011028289794922
0.09552192687988281
0.15220022201538086
0.1415562629699707
0.13074159622192383
0.08328390121459961
0.06927657127380371
0.04613232612609863
0.052834272384643555
0.040332794189453125
0.09351468086242676
0.17696833610534668
0.16525697708129883
0.15605735778808594
0.14273357391357422
0.12808895111083984
0.12498140335083008
0.11091065406799316
0.0966637134552002
0.08205389976501465
0.06779932975769043
0.05334901809692383
0.22334766387939453
0.2141413688659668
0.21106362342834473
0.19005417823791504
0.18305063247680664
0.16563200950622559
0.15114951133728027
0.1358957290649414
0.12165117263793945
0.10730171203613281
0.09301352500915527
0.15415596961975098
0.14518260955810547
0.13159728050231934
0.12245512008666992
0.09131598472595215
0.07106184959411621
0.05677390098571777
0.04220771789550781
0.10725164413452148
0.22325849533081055
0.2062680721282959
0.19189214706420898
0.1776731014251709
0.16268134117126465
0.15751981735229492
0.14348626136779785
0.1273822784423828
0.11243128776550293
0.0981752872467041
0.08371186256408691
0.0683445930480957
0.22106552124023438
0.2136211395263672
0.17572236061096191
0.1617128849029541
0.1495804786682129
0.14013671875
0.12448954582214355
0.11031389236450195
0.09575390815734863
0.1560344696044922
0.1505906581878662
0.13953495025634766
0.1216576099395752
0.10759305953979492
0.08568739891052246
0.07167220115661621
0.0626978874206543
0.05052828788757324
0.03604269027709961
0.10377240180969238
0.17410850524902344
0.1654829978942871
0.15487432479858398
0.14038705825805664
0.1252589225769043
0.11479330062866211
0.10083675384521484
0.09670138359069824
0.08244872093200684
0.0679318904876709
0.21992182731628418
0.23372268676757812
0.2028663158416748
0.1886579990386963
0.17374682426452637
0.17860889434814453
0.16365909576416016
0.14973735809326172
0.13577675819396973
0.12185955047607422
0.16223359107971191
0.1641545295715332
0.14992308616638184
0.13523125648498535
0.12085437774658203
0.08303022384643555
0.06808185577392578
0.07636499404907227
0.0623936653137207
0.04734182357788086
0.1011056900024414
0.08742594718933105
0.06980395317077637
0.034929752349853516
0.10567474365234375
0.08923745155334473
0.16978240013122559
0.1614670753479004
0.14762425422668457
0.14022159576416016
0.13413524627685547
0.11417078971862793
0.09922027587890625
0.08044719696044922
0.13924741744995117
0.14518165588378906
0.1307992935180664
0.11643171310424805
0.09922981262207031
0.0888814926147461
0.07303071022033691
0.0525662899017334
0.03843379020690918
0.09618043899536133
0.07692313194274902
0.06221294403076172
0.06859922409057617
0.05411100387573242
0.039489030838012695
0.1022043228149414
0.08561491966247559
0.07134199142456055
0.057044029235839844
0.04278755187988281
0.029900550842285156
0.1070103645324707
0.09159207344055176
0.08280563354492188
0.07192468643188477
0.05735421180725098
0.04537630081176758
0.030701875686645508
0.11186003684997559
0.08597445487976074
0.07185482978820801
0.05682945251464844
0.04642343521118164
0.031006813049316406
0.10750913619995117
0.09246301651000977
0.10041642189025879
0.08608102798461914
0.06726622581481934
0.05251622200012207
0.03829765319824219
0.0889129638671875
0.07818078994750977
0.060671091079711914
0.04622173309326172
0.03838086128234863
0.03173685073852539
0.09640741348266602
0.08383345603942871
0.08206605911254883
0.06765532493591309
0.053423404693603516
0.038873910903930664
0.024653911590576172
0.09488511085510254
0.08039379119873047
0.07030844688415527
0.05912160873413086
0.048660993576049805
0.03362274169921875
0.10710811614990234
0.10558080673217773
0.09163188934326172
0.07746076583862305
0.07756304740905762
0.06407999992370605
0.04896116256713867
0.03465008735656738
0.09544229507446289
0.07895302772521973
0.06448483467102051
0.0540313720703125
0.04815506935119629
0.03347611427307129
0.08925843238830566
0.07236528396606445
0.06160998344421387
0.05629134178161621
0.04213142395019531
0.027535676956176758
0.10707616806030273
0.08714532852172852
0.07219767570495605
0.06456685066223145
0.04997658729553223
0.03406715393066406
0.11717653274536133
0.08870673179626465
0.073699951171875
0.0680086612701416
0.053990840911865234
0.03954672813415527
0.10609674453735352
0.09775233268737793
0.08068251609802246
0.0658266544342041
0.057416677474975586
0.04942607879638672
0.03861355781555176
0.08597850799560547
0.0750269889831543
0.059470415115356445
0.05457162857055664
0.03901815414428711
0.10297513008117676
0.08276224136352539
0.07741761207580566
0.07698369026184082
0.0625905990600586
0.04816317558288574
0.033727169036865234
0.09549808502197266
0.08611845970153809
0.07183003425598145
0.05756998062133789
0.05346870422363281
0.0384678840637207
0.024246931076049805
0.09374856948852539
0.08300995826721191
0.08258199691772461
0.06777811050415039
0.053318023681640625
0.038594961166381836
0.10649228096008301
0.09585380554199219
0.0821220874786377
0.06751489639282227
0.04996013641357422
0.03658723831176758
0.03012871742248535
0.09696745872497559
0.09362077713012695
0.07914066314697266
0.06185317039489746
0.0430455207824707
0.02914118766784668
0.08946800231933594
0.0768117904663086
0.06234025955200195
0.05178689956665039
0.0380101203918457
0.024019718170166016
0.10250449180603027
0.08177900314331055
0.05405426025390625
0.0413365364074707
0.031862735748291016
0.10508584976196289
0.08732986450195312
0.06886434555053711
0.05234503746032715
0.03969836235046387
0.0330655574798584
0.12707996368408203
0.10165524482727051
0.08699512481689453
0.07132434844970703
0.05831408500671387
0.04365992546081543
0.029467105865478516
0.09498429298400879
0.08017659187316895
0.07808685302734375
0.06342172622680664
0.0490870475769043
0.034369707107543945
0.10337281227111816
0.08093476295471191
0.06569433212280273
0.05324435234069824
0.040570735931396484
0.026264667510986328
0.10210323333740234
0.09128713607788086
0.07714009284973145
0.059654951095581055
0.04531574249267578
0.038403987884521484
0.10768914222717285
0.09520268440246582
0.08609366416931152
0.08635735511779785
0.0717458724975586
0.05692768096923828
0.03955364227294922
0.10468006134033203
0.0837714672088623
0.06856656074523926
0.055355072021484375
0.05017662048339844
0.03657650947570801
0.09878110885620117
0.08902907371520996
0.07898378372192383
0.06445050239562988
0.04363560676574707
0.029122591018676758
0.10409832000732422
0.08182406425476074
0.07197046279907227
0.057639122009277344
0.047487497329711914
0.03642535209655762
0.026833534240722656
0.08779501914978027
0.07950472831726074
0.07483220100402832
0.06044363975524902
0.046102285385131836
0.030942201614379883
0.1024622917175293
0.08548212051391602
0.07884025573730469
0.06457734107971191
0.049746036529541016
0.039843082427978516
0.10911297798156738
0.08801770210266113
0.07984018325805664
0.06613564491271973
0.05102801322937012
0.0364077091217041
0.10861968994140625
0.10086441040039062
0.09766054153442383
0.08413481712341309
0.06672787666320801
0.052782297134399414
0.03782939910888672
0.10355448722839355
0.07996773719787598
0.06953263282775879
0.059902191162109375
0.04513883590698242
0.026309967041015625
0.0905604362487793
0.08846640586853027
0.08433270454406738
0.07019996643066406
0.05629110336303711
0.04186654090881348
0.027800559997558594
0.0930643081665039
0.08382391929626465
0.07538652420043945
0.05265164375305176
0.03801274299621582
0.10968494415283203
0.08587789535522461
0.07602357864379883
0.05143904685974121
0.03627419471740723
0.02367711067199707
0.1009058952331543
0.08332133293151855
0.0715646743774414
0.06373906135559082
0.04955911636352539
0.03424525260925293
0.10651564598083496
0.09538626670837402
0.08484220504760742
0.0702052116394043
0.05594062805175781
0.04284071922302246
0.033396244049072266
0.10684037208557129
0.09947562217712402
0.08481597900390625
0.08818793296813965
0.07392072677612305
0.05910634994506836
0.044617414474487305
0.10521078109741211
0.09253454208374023
0.07798004150390625
0.06459498405456543
0.05015826225280762
0.052460432052612305
0.04001164436340332
0.10611653327941895
0.08221745491027832
0.07441401481628418
0.06368637084960938
0.05618882179260254
0.043405771255493164
0.10698461532592773
0.08032011985778809
0.06986427307128906
0.055733680725097656
0.04091191291809082
0.03498244285583496
0.10654425621032715
0.08481168746948242
0.07397651672363281
0.05985426902770996
0.06173968315124512
0.048271894454956055
0.03385043144226074
0.08990812301635742
0.07970142364501953
0.06530356407165527
0.052842140197753906
0.041199445724487305
0.029392242431640625
0.10782003402709961
0.09392905235290527
0.07960653305053711
0.08105301856994629
0.06263566017150879
0.048200130462646484
0.03464484214782715
0.09715080261230469
0.08229613304138184
0.0742039680480957
0.05600166320800781
0.041667938232421875
0.026764392852783203
0.09059500694274902
0.07479143142700195
0.059404611587524414
0.05537152290344238
0.041631460189819336
0.027400732040405273
0.09647655487060547
0.08512115478515625
0.07415938377380371
0.05975914001464844
0.04578733444213867
0.033865928649902344
0.021613121032714844
0.09873557090759277
0.05903053283691406
0.043975830078125
0.0311276912689209
0.10533738136291504
0.08587002754211426
0.07438874244689941
0.0802161693572998
0.06576061248779297
0.051093339920043945
0.037062644958496094
0.09995532035827637
0.08593487739562988
0.07160258293151855
0.05715584754943848
0.04321455955505371
0.03999686241149902
0.10727953910827637
0.09555268287658691
0.08214139938354492
0.08920454978942871
0.07437276840209961
0.05995368957519531
0.045554399490356445
0.1053001880645752
0.08279585838317871
0.07114362716674805
0.057224273681640625
0.046810150146484375
0.03323054313659668
0.019189834594726562
0.10035395622253418
0.08390045166015625
0.076324462890625
0.061519622802734375
0.04681897163391113
0.024750947952270508
0.10021567344665527
0.08113360404968262
0.06883764266967773
0.06587553024291992
0.04801154136657715
0.03320932388305664
0.10882759094238281
0.08824634552001953
0.0788414478302002
0.06388139724731445
0.04666304588317871
0.03231644630432129
0.021778583526611328
0.0950157642364502
0.08097267150878906
0.06701493263244629
0.057238101959228516
0.04291200637817383
0.03264260292053223
0.13029026985168457
0.11054015159606934
0.09654521942138672
0.08257317543029785
0.06114387512207031
0.046372175216674805
0.03168535232543945
0.09287786483764648
0.08055973052978516
0.06854605674743652
0.059160709381103516
0.044173479080200195
0.033125877380371094
0.1065983772277832
0.09344911575317383
0.0838627815246582
0.0693974494934082
0.04065561294555664
0.03504657745361328
0.10489511489868164
0.0896308422088623
0.07538509368896484
0.060070037841796875
0.055344343185424805
0.04212689399719238
0.10871362686157227
0.0892796516418457
0.08389425277709961
0.0691688060760498
0.054602622985839844
0.043489694595336914
0.036037445068359375
0.10122966766357422
0.08271265029907227
0.07160663604736328
0.05774116516113281
0.04354095458984375
0.03811955451965332
0.1088857650756836
0.09542346000671387
0.08447933197021484
0.07346463203430176
0.058812618255615234
0.05717062950134277
0.04431939125061035
0.1073448657989502
0.11557769775390625
0.10250592231750488
0.0879659652709961
0.07324838638305664
0.0560302734375
0.04244685173034668
0.10558843612670898
0.08263373374938965
0.06560564041137695
0.052466630935668945
0.03655695915222168
0.024134397506713867
0.1044611930847168
0.09838461875915527
0.07816457748413086
0.06360578536987305
0.04590106010437012
0.03166389465332031
0.10140013694763184
0.08123111724853516
0.06873321533203125
0.05608630180358887
0.0583803653717041
0.0448763370513916
0.10442161560058594
0.07917070388793945
0.0786430835723877
0.0688481330871582
0.05472564697265625
0.036795854568481445
0.09693431854248047
0.08201789855957031
0.07023096084594727
0.05792880058288574
0.05516695976257324
0.04606294631958008
0.03241252899169922
0.08754825592041016
0.08542227745056152
0.08230233192443848
0.06793212890625
0.05299949645996094
0.03889131546020508
0.10319757461547852
0.08476042747497559
0.08001494407653809
0.0649251937866211
0.05022311210632324
0.037841081619262695
0.10783720016479492
0.09494900703430176
0.08136630058288574
0.07204389572143555
0.06450343132019043
0.04961752891540527
0.03558015823364258
0.10236549377441406
0.09397697448730469
0.07949137687683105
0.06480598449707031
0.05053305625915527
0.036285400390625
0.10388994216918945
0.08247852325439453
0.0772247314453125
0.06322884559631348
0.022014379501342773
0.0977637767791748
0.08362388610839844
0.07467365264892578
0.0602877140045166
0.05603289604187012
0.042098045349121094
0.027724027633666992
0.10047626495361328
0.08057713508605957
0.08092617988586426
0.06569290161132812
0.0513310432434082
0.0368344783782959
0.10732364654541016
0.09430193901062012
0.08343625068664551
0.0690615177154541
0.054384708404541016
0.047853946685791016
0.03267693519592285
0.1161651611328125
0.09711551666259766
0.08246350288391113
0.06718873977661133
0.052808284759521484
0.03843092918395996
0.1066751480102539
0.09871315956115723
0.09105849266052246
0.07712125778198242
0.06285476684570312
0.04790997505187988
0.032834768295288086
0.1030111312866211
0.11551237106323242
0.09985494613647461
0.08065247535705566
0.0651552677154541
0.08888769149780273
0.08797001838684082
0.07248258590698242
0.058441162109375
0.0518648624420166
0.03956270217895508
0.09637713432312012
0.07890939712524414
0.056887149810791016
0.04372429847717285
0.03168058395385742
0.028189420700073242
0.08960580825805664
0.08682918548583984
0.07189011573791504
0.05795574188232422
0.04399752616882324
0.029302358627319336
0.1043095588684082
0.08451008796691895
0.07028484344482422
0.05783581733703613
0.05903983116149902
0.05087995529174805
0.10798907279968262
0.09990644454956055
0.0838322639465332
0.07117128372192383
0.07875609397888184
0.06570816040039062
0.05184364318847656
0.10673809051513672
0.0905299186706543
0.07444357872009277
0.05850672721862793
0.05956459045410156
0.038179874420166016
0.1024320125579834
0.08434796333312988
0.0704047679901123
0.057921648025512695
0.050832509994506836
0.04036355018615723
0.040293216705322266
0.09562158584594727
0.08050322532653809
0.07015585899353027
0.06753921508789062
0.05272221565246582
0.03818845748901367
0.10642504692077637
0.09585833549499512
0.08378791809082031
0.06871581077575684
0.053858041763305664
0.04178738594055176
0.027585744857788086
0.09398984909057617
0.08317923545837402
0.07220721244812012
0.05727696418762207
0.04315948486328125
0.02826857566833496
0.09673666954040527
0.08428812026977539
0.06973385810852051
0.07298564910888672
0.05879402160644531
0.04423689842224121
0.02947998046875
0.10155630111694336
0.08492350578308105
0.07488083839416504
0.06036567687988281
0.06136131286621094
0.04700660705566406
0.10713577270507812
0.0789499282836914
0.08113384246826172
0.06876182556152344
0.054936885833740234
0.03782176971435547
0.10076618194580078
0.09154653549194336
0.08393216133117676
0.06891775131225586
0.055808305740356445
0.041092872619628906
0.026915550231933594
0.10752463340759277
0.09289860725402832
0.07872533798217773
0.06413841247558594
0.049492835998535156
0.03583073616027832
0.10421276092529297
0.08475613594055176
0.07401227951049805
0.058948516845703125
0.044675588607788086
0.03542685508728027
0.10583639144897461
0.09163880348205566
0.08969759941101074
0.0752716064453125
0.06170463562011719
0.04751944541931152
0.03296327590942383
0.10576462745666504
0.08560681343078613
0.0678715705871582
0.04382753372192383
0.028841733932495117
0.10767555236816406
0.09563040733337402
0.09364461898803711
0.07928705215454102
0.06280732154846191
0.04810142517089844
0.033828020095825195
0.10763049125671387
0.09843611717224121
0.08724498748779297
0.07876181602478027
0.06400585174560547
0.04979562759399414
0.035370588302612305
0.10692214965820312
0.09786367416381836
0.08833599090576172
0.08176898956298828
0.06432700157165527
0.05032968521118164
0.03525352478027344
0.10410451889038086
0.08327841758728027
0.07131695747375488
0.05401015281677246
0.0392298698425293
0.029696226119995117
0.10498833656311035
0.08588862419128418
0.08680319786071777
0.06877875328063965
0.054224252700805664
0.03980278968811035
0.10666131973266602
0.09858083724975586
0.08465337753295898
0.07040739059448242
0.05624055862426758
0.03542900085449219
0.02931523323059082
0.09346437454223633
0.07942080497741699
0.07137823104858398
0.05739879608154297
0.04317331314086914
0.028670072555541992
0.10439944267272949
0.08504462242126465
0.07080245018005371
0.07410049438476562
0.06087183952331543
0.046539306640625
0.03158903121948242
0.08830428123474121
0.08561325073242188
0.0709385871887207
0.05640387535095215
0.04653191566467285
0.032234907150268555
0.10500144958496094
0.08171796798706055
0.08356475830078125
0.0693979263305664
0.055086374282836914
0.03708314895629883
0.10696101188659668
0.09730982780456543
0.08241724967956543
0.06438803672790527
0.04652810096740723
0.04553508758544922
0.03262639045715332
0.09088826179504395
0.07904601097106934
0.07121396064758301
0.05637216567993164
0.04214167594909668
0.030417680740356445
0.09068942070007324
0.08354806900024414
0.06934332847595215
0.054808616638183594
0.03997540473937988
0.03045940399169922
0.10922789573669434
0.08436179161071777
0.07021164894104004
0.056714534759521484
0.05304431915283203
0.03513956069946289
0.0903921127319336
0.08212542533874512
0.07198095321655273
0.05806255340576172
0.0441281795501709
0.0487978458404541
0.0345003604888916
0.08582210540771484
0.08353185653686523
0.06833362579345703
0.05402374267578125
0.040125370025634766
0.019726991653442383
0.09719443321228027
0.08236265182495117
0.06815028190612793
0.0674142837524414
0.052898406982421875
0.03889060020446777
0.10492539405822754
0.0858759880065918
0.07829785346984863
0.06412339210510254
0.05005288124084473
0.03583931922912598
0.022104978561401367
0.08796429634094238
0.07926607131958008
0.08124518394470215
0.06703019142150879
0.05281186103820801
0.03442072868347168
0.10126113891601562
0.08183693885803223
0.08796000480651855
0.07349991798400879
0.05268406867980957
0.04074859619140625
0.09028291702270508
0.07693648338317871
0.06981873512268066
0.06003928184509277
0.05975484848022461
0.045439720153808594
0.10448336601257324
0.08150529861450195
0.07140707969665527
0.07213473320007324
0.05853152275085449
0.04401135444641113
0.11151123046875
0.1005399227142334
0.08972811698913574
0.07572436332702637
0.061434268951416016
0.05043768882751465
0.038904428482055664
0.027492284774780273
0.08675169944763184
0.07603192329406738
0.06203961372375488
0.04923057556152344
0.040299415588378906
0.03321361541748047
0.08945679664611816
0.08125019073486328
0.07677388191223145
0.06231498718261719
0.04777860641479492
0.03334474563598633
0.10781383514404297
0.08984947204589844
0.0757758617401123
0.06138181686401367
0.0472102165222168
0.0412144660949707
0.027571678161621094
0.09816789627075195
0.08692502975463867
0.07262945175170898
0.05815315246582031
0.04319047927856445
0.04403567314147949
0.02957773208618164
0.09461331367492676
0.08031582832336426
0.07145118713378906
0.06017565727233887
0.04552507400512695
0.03651618957519531
0.1097261905670166
0.08762526512145996
0.07947015762329102
0.06552577018737793
0.051485300064086914
0.020981550216674805
0.09500765800476074
0.0798640251159668
0.07010436058044434
0.05230975151062012
0.042501211166381836
0.027585983276367188
0.09922027587890625
0.07735228538513184
0.07928323745727539
0.06535816192626953
0.05119180679321289
0.037168264389038086
0.1030266284942627
0.08551335334777832
0.07588911056518555
0.07322382926940918
0.05960822105407715
0.03813743591308594
0.10547971725463867
0.0810861587524414
0.06894731521606445
0.05658984184265137
0.04395747184753418
0.031111478805541992
0.021808862686157227
0.0930166244506836
0.0826261043548584
0.07201862335205078
0.06617593765258789
0.05498647689819336
0.041132211685180664
0.10731673240661621
0.09633898735046387
0.09285426139831543
0.07797622680664062
0.06373238563537598
0.05238151550292969
0.04138517379760742
0.03378653526306152
0.09563255310058594
0.08025264739990234
0.06626057624816895
0.05361747741699219
0.04136371612548828
0.029112815856933594
0.1069798469543457
0.08940434455871582
0.07666730880737305
0.06443977355957031
0.0584561824798584
0.04100632667541504
0.023502588272094727
0.08877301216125488
0.07714033126831055
0.0699465274810791
0.05577588081359863
0.04236030578613281
0.0344538688659668
0.10304498672485352
0.09954309463500977
0.08529496192932129
0.07129883766174316
0.056540727615356445
0.04204869270324707
0.02787327766418457
0.09391117095947266
0.0822291374206543
0.07088947296142578
0.06387114524841309
0.049640655517578125
0.10505247116088867
0.08719301223754883
0.07227683067321777
0.06473684310913086
0.04986906051635742
0.03531980514526367
0.021172761917114258
0.08963942527770996
0.09281802177429199
0.07768583297729492
0.06337356567382812
0.0494384765625
0.03500485420227051
0.10008430480957031
0.08416271209716797
0.07718205451965332
0.06255316734313965
0.04735255241394043
0.03303170204162598
0.08985400199890137
0.07815718650817871
0.06612753868103027
0.06700801849365234
0.052628517150878906
0.03792905807495117
0.1054227352142334
0.0837867259979248
0.07480216026306152
0.06429696083068848
0.05633664131164551
0.050193071365356445
0.03647351264953613
0.08704257011413574
0.07747387886047363
0.06301164627075195
0.0721735954284668
0.05833601951599121
0.044423818588256836
0.10773015022277832
0.08995461463928223
0.07476115226745605
0.06388998031616211
0.04626345634460449
0.11189699172973633
0.09402942657470703
0.10572981834411621
0.09483075141906738
0.08311271667480469
0.06856298446655273
0.054998159408569336
0.04118180274963379
0.08795809745788574
0.07733297348022461
0.06283950805664062
0.05728435516357422
0.04335379600524902
0.03443121910095215
0.08686184883117676
0.07683968544006348
0.06290364265441895
0.04705476760864258
0.032052040100097656
0.10996818542480469
0.10068082809448242
0.09474349021911621
0.07751703262329102
0.06353116035461426
0.050594329833984375
0.03404879570007324
0.10193204879760742
0.09420990943908691
0.08010196685791016
0.06504106521606445
0.05289125442504883
0.04074978828430176
0.02589893341064453
0.09784221649169922
0.08274555206298828
0.06851053237915039
0.05549168586730957
0.042694807052612305
0.0420534610748291
0.10902643203735352
0.0983269214630127
0.09035682678222656
0.08900308609008789
0.07509756088256836
0.06240057945251465
0.04752302169799805
0.033002376556396484
0.09382295608520508
0.08362245559692383
0.06967401504516602
0.056316375732421875
0.0424342155456543
0.027068138122558594
0.10393881797790527
0.08463454246520996
0.08696532249450684
0.07305407524108887
0.059099435806274414
0.04516291618347168
0.031227827072143555
0.0973353385925293
0.08095741271972656
0.08117461204528809
0.06983470916748047
0.05585122108459473
0.04169011116027832
0.028542757034301758
0.08710932731628418
0.08397674560546875
0.06909346580505371
0.051733970642089844
0.04349470138549805
0.029675006866455078
0.09784483909606934
0.08148789405822754
0.07176876068115234
0.06449627876281738
0.05030417442321777
0.035866498947143555
0.08990144729614258
0.07937765121459961
0.08720874786376953
0.06930422782897949
0.0543062686920166
0.03736090660095215
0.10048127174377441
0.08118867874145508
0.06578922271728516
0.05412936210632324
0.041933536529541016
0.030039072036743164
0.10661649703979492
0.08116626739501953
0.06927299499511719
0.06828451156616211
0.054177045822143555
0.04061293601989746
0.1070859432220459
0.09532642364501953
0.0825352668762207
0.06917929649353027
0.06061553955078125
0.0490880012512207
0.04020118713378906
0.10251855850219727
0.08337664604187012
0.07513427734375
0.06099367141723633
0.046314239501953125
0.03195786476135254
0.10717248916625977
0.08492922782897949
0.06635737419128418
0.05376100540161133
0.04193758964538574
0.03898882865905762
0.10631823539733887
0.09429001808166504
0.08030438423156738
0.06741523742675781
0.05775022506713867
0.049551963806152344
0.03836822509765625
0.10528278350830078
0.08588743209838867
0.07163143157958984
0.0673666000366211
0.05247235298156738
0.038874149322509766
0.09953784942626953
0.08507776260375977
0.0736234188079834
0.05870246887207031
0.040952205657958984
0.028470754623413086
0.10564684867858887
0.09241223335266113
0.07848501205444336
0.0686333179473877
0.061804771423339844
0.047867774963378906
0.03319239616394043
0.10396051406860352
0.08744049072265625
0.0726470947265625
0.05867910385131836
0.04473137855529785
0.04060864448547363
0.10889673233032227
0.11804771423339844
0.1000516414642334
0.08502912521362305
0.07068157196044922
0.056180715560913086
0.04267716407775879
0.10775113105773926
0.08248186111450195
0.07144761085510254
0.06053304672241211
0.04624342918395996
0.12310600280761719
0.09495997428894043
0.08292102813720703
0.07123589515686035
0.06696152687072754
0.052124977111816406
0.034850120544433594
0.10634064674377441
0.08973145484924316
0.0801992416381836
0.07595181465148926
0.06144905090332031
0.04708433151245117
0.0359494686126709
0.08738446235656738
0.0811004638671875
0.05856156349182129
0.04415774345397949
0.029283523559570312
0.016793251037597656
0.09290695190429688
0.08160209655761719
0.06748175621032715
0.06291699409484863
0.048598289489746094
0.03389239311218262
0.10678768157958984
0.10132503509521484
0.08738398551940918
0.07283592224121094
0.0588686466217041
0.060830116271972656
0.051363468170166016
0.03925347328186035
0.09519362449645996
0.08139944076538086
0.06741523742675781
0.05410408973693848
0.05621910095214844
0.04151773452758789
0.10480952262878418
0.08027338981628418
0.0675513744354248
0.054677724838256836
0.05134773254394531
0.033411502838134766
0.09925293922424316
0.08091545104980469
0.06690382957458496
0.07033419609069824
0.05541276931762695
0.035943031311035156
0.09671139717102051
0.08470773696899414
0.08028101921081543
0.06465435028076172
0.05015254020690918
0.03620791435241699
0.10532951354980469
0.08629012107849121
0.07231473922729492
0.05636858940124512
0.05226898193359375
0.038342952728271484
0.02388167381286621
0.09896373748779297
0.0800321102142334
0.06539130210876465
0.06276917457580566
0.04898834228515625
0.0346372127532959
0.10328340530395508
0.10575318336486816
0.09299755096435547
0.07849693298339844
0.0646982192993164
0.051251888275146484
0.03702712059020996
0.09632492065429688
0.08416962623596191
0.08812522888183594
0.07576656341552734
0.06221508979797363
0.04821658134460449
0.03342413902282715
0.09335184097290039
0.08040904998779297
0.0693359375
0.05736994743347168
0.057298898696899414
0.03741097450256348
0.0865793228149414
0.0778810977935791
0.07413125038146973
0.060195207595825195
0.04291820526123047
0.028546810150146484
0.09875035285949707
0.0846102237701416
0.07021117210388184
0.05763840675354004
0.04598808288574219
0.04582643508911133
0.03155088424682617
0.08797812461853027
0.07588315010070801
0.0707402229309082
0.05212259292602539
0.03432011604309082
0.10740351676940918
0.11479306221008301
0.10128402709960938
0.08387255668640137
0.06959676742553711
0.05538296699523926
0.041626930236816406
0.02738642692565918
0.08562731742858887
0.0769493579864502
0.07528257369995117
0.05700087547302246
0.04304051399230957
0.033022403717041016
0.0903327465057373
0.07863092422485352
0.0668492317199707
0.05286264419555664
0.03916215896606445
0.029427528381347656
0.10221624374389648
0.0885629653930664
0.07443737983703613
0.059943199157714844
0.04600214958190918
0.10797929763793945
0.09654021263122559
0.08875632286071777
0.07603168487548828
0.08211636543273926
0.06196093559265137
0.04735851287841797
0.10172224044799805
0.07974696159362793
0.08502697944641113
0.07078957557678223
0.05586838722229004
0.04145240783691406
0.10384202003479004
0.0839698314666748
0.06880855560302734
0.07320690155029297
0.06396937370300293
0.050519466400146484
0.03697490692138672
0.09434628486633301
0.0914003849029541
0.08677840232849121
0.07281780242919922
0.05782604217529297
0.04744267463684082
0.10327029228210449
0.08195066452026367
0.07176518440246582
0.056733131408691406
0.041811227798461914
0.04131960868835449
0.10476875305175781
0.08077120780944824
0.07812762260437012
0.06407546997070312
0.05011177062988281
0.035901546478271484
0.10390210151672363
0.08143115043640137
0.07278990745544434
0.058544158935546875
0.06081891059875488
0.04587817192077637
0.029892444610595703
0.0898752212524414
0.08104252815246582
0.06597757339477539
0.05128812789916992
0.051009178161621094
0.03592681884765625
0.08996438980102539
0.0811312198638916
0.07920098304748535
0.0641930103302002
0.049524545669555664
0.03557419776916504
0.1053159236907959
0.10176706314086914
0.08667612075805664
0.07232475280761719
0.058244943618774414
0.04389595985412598
0.02917170524597168
0.09559249877929688
0.08075690269470215
0.07253074645996094
0.05814075469970703
0.04378867149353027
0.029334068298339844
0.11070775985717773
0.08451724052429199
0.0695948600769043
0.06283164024353027
0.05681252479553223
0.04202079772949219
0.028114795684814453
0.08868932723999023
0.09510040283203125
0.07859325408935547
0.06523847579956055
0.05096554756164551
0.036073923110961914
0.10001850128173828
0.09803509712219238
0.08380794525146484
0.06200146675109863
0.04755878448486328
0.03314828872680664
0.10240316390991211
0.10140800476074219
0.08660316467285156
0.07159304618835449
0.05684661865234375
0.04164242744445801
0.02742910385131836
0.09663796424865723
0.07971954345703125
0.06993317604064941
0.058628082275390625
0.04825735092163086
0.03450751304626465
0.10756564140319824
0.08210349082946777
0.07963919639587402
0.06528401374816895
0.05095553398132324
0.03650808334350586
0.02285313606262207
0.08772587776184082
0.08199501037597656
0.06773567199707031
0.0493624210357666
0.03534722328186035
0.026370525360107422
0.08958697319030762
0.08063101768493652
0.06607532501220703
0.05249142646789551
0.04807925224304199
0.034517526626586914
0.10279560089111328
0.0882565975189209
0.07434487342834473
0.05937051773071289
0.04508566856384277
0.0321507453918457
0.023455142974853516
0.09650945663452148
0.0902400016784668
0.08143997192382812
0.06720137596130371
0.0547184944152832
0.04099392890930176
0.10649609565734863
0.0878441333770752
0.07450532913208008
0.060929298400878906
0.046300649642944336
0.03574323654174805
0.10705280303955078
0.0982961654663086
0.08423519134521484
0.0830831527709961
0.06850481033325195
0.054456233978271484
0.039656877517700195
0.10514378547668457
0.08276987075805664
0.07267022132873535
0.06666779518127441
0.0515589714050293
0.03723740577697754
0.10361886024475098
0.08614659309387207
0.07486391067504883
0.05995440483093262
0.03906106948852539
0.02489447593688965
0.09028434753417969
0.08086824417114258
0.06653046607971191
0.056189537048339844
0.04503154754638672
0.030632734298706055
0.10546088218688965
0.08474111557006836
0.07030439376831055
0.05994439125061035
0.048913002014160156
0.04646706581115723
0.03049612045288086
0.08794879913330078
0.07900166511535645
0.06532788276672363
0.05520129203796387
0.04743051528930664
0.03323006629943848
0.10388588905334473
0.08091950416564941
0.07196474075317383
0.05754828453063965
0.051117897033691406
0.03639483451843262
0.10587596893310547
0.08503937721252441
0.08834266662597656
0.07389187812805176
0.05944204330444336
0.044258832931518555
0.10867595672607422
0.08043169975280762
0.06766700744628906
0.055315494537353516
0.04392528533935547
0.037247657775878906
0.10307765007019043
0.0868079662322998
0.07148623466491699
0.05706000328063965
0.0428929328918457
0.03394794464111328
0.022971630096435547
0.09349822998046875
0.08300495147705078
0.08757328987121582
0.0744318962097168
0.060265541076660156
0.04602670669555664
0.031809091567993164
0.08751797676086426
0.07290220260620117
0.07215547561645508
0.05746769905090332
0.042849063873291016
0.029155254364013672
0.09063315391540527
0.08170223236083984
0.0641477108001709
0.06485104560852051
0.05056166648864746
0.033234596252441406
0.08950328826904297
0.07836794853210449
0.06225848197937012
0.04810595512390137
0.03705239295959473
0.1078331470489502
0.08382415771484375
0.07728409767150879
0.07153177261352539
0.05639171600341797
0.038125038146972656
0.10703587532043457
0.11104822158813477
0.09457516670227051
0.07974076271057129
0.06586551666259766
0.05166316032409668
0.04137229919433594
0.10751962661743164
0.09595656394958496
0.08175539970397949
0.08246493339538574
0.06799864768981934
0.05300498008728027
0.03875923156738281
0.1059427261352539
0.0935201644897461
0.08290886878967285
0.06801748275756836
0.05351686477661133
0.10438656806945801
0.08984875679016113
0.07567310333251953
0.061409950256347656
0.05391049385070801
0.0394129753112793
0.021825075149536133
0.08878517150878906
0.07944083213806152
0.06555867195129395
0.06466841697692871
0.050054073333740234
0.03618001937866211
0.10423851013183594
0.08448624610900879
0.07698822021484375
0.06197834014892578
0.04797720909118652
0.04120206832885742
0.10891485214233398
0.09302282333374023
0.08382964134216309
0.07985305786132812
0.06563162803649902
0.045075178146362305
0.03055858612060547
0.09989309310913086
0.08428621292114258
0.0702216625213623
0.06164360046386719
0.058104515075683594
0.04414486885070801
0.030188560485839844
0.09574413299560547
0.08526301383972168
0.08052539825439453
0.06630539894104004
0.0518946647644043
0.037462472915649414
0.10515689849853516
0.08780121803283691
0.07747173309326172
0.06340503692626953
0.048905372619628906
0.034920454025268555
0.10693860054016113
0.0958704948425293
0.09078645706176758
0.08625268936157227
0.07206058502197266
0.05761551856994629
0.04396247863769531
0.02967095375061035
0.09587788581848145
0.0784006118774414
0.08005619049072266
0.06635165214538574
0.05210161209106445
0.0379180908203125
0.1031486988067627
0.08824682235717773
0.07391810417175293
0.07067561149597168
0.05585670471191406
0.041635990142822266
0.1079404354095459
0.09865427017211914
0.08436727523803711
0.0767507553100586
0.058922767639160156
0.0440211296081543
0.04803013801574707
0.09950494766235352
0.08043694496154785
0.0656132698059082
0.052893877029418945
0.05133390426635742
0.041587114334106445
0.09598350524902344
0.08271193504333496
0.07273268699645996
0.05821514129638672
0.04020977020263672
0.024846792221069336
0.09395909309387207
0.08438801765441895
0.08606529235839844
0.07215762138366699
0.05779147148132324
0.0435481071472168
0.1018683910369873
0.08528447151184082
0.0739901065826416
0.070220947265625
0.05579829216003418
0.04154086112976074
0.10882759094238281
0.09772944450378418
0.09064793586730957
0.09183788299560547
0.07393002510070801
0.05957484245300293
0.04546713829040527
0.1066591739654541
0.0952301025390625
0.08116006851196289
0.06681156158447266
0.05173015594482422
0.037038564682006836
0.10573387145996094
0.08209609985351562
0.07104825973510742
0.04883933067321777
0.03746438026428223
0.023258686065673828
0.09375524520874023
0.0788273811340332
0.06566643714904785
0.053151607513427734
0.0477752685546875
0.03474760055541992
0.09865641593933105
0.0847158432006836
0.06663727760314941
0.06302428245544434
0.048362016677856445
0.03338003158569336
0.10128092765808105
0.08472037315368652
0.07372117042541504
0.05900406837463379
0.0443723201751709
0.029116153717041016
0.10445594787597656
0.08409905433654785
0.07350707054138184
0.062471866607666016
0.04879188537597656
0.030331134796142578
0.10196924209594727
0.08165121078491211
0.07423281669616699
0.059862375259399414
0.0450286865234375
0.03476428985595703
0.10229897499084473
0.0934300422668457
0.07945990562438965
0.06531620025634766
0.03194165229797363
0.10627150535583496
0.09003782272338867
0.08414316177368164
0.06967687606811523
0.07323122024536133
0.056497812271118164
0.041681766510009766
0.09441399574279785
0.07948899269104004
0.06566143035888672
0.06494379043579102
0.05082964897155762
0.030944347381591797
0.09296607971191406
0.08520126342773438
0.06999969482421875
0.05570673942565918
0.04143548011779785
0.031888484954833984
0.10488772392272949
0.08151888847351074
0.07301020622253418
0.058829307556152344
0.054653167724609375
0.04053997993469238
0.025609254837036133
0.09437847137451172
0.08335256576538086
0.07007670402526855
0.05720949172973633
0.048110246658325195
0.042702674865722656
0.03305459022521973
0.08788824081420898
0.07892942428588867
0.0648031234741211
0.05170321464538574
0.03829479217529297
0.03784322738647461
0.10112285614013672
0.08497405052185059
0.07424163818359375
0.060018062591552734
0.04588627815246582
0.03338050842285156
0.023065805435180664
0.1037590503692627
0.08930444717407227
0.08073949813842773
0.05164933204650879
0.03715848922729492
0.10785317420959473
0.09169888496398926
0.07759642601013184
0.06308865547180176
0.04882550239562988
0.03394007682800293
0.03143143653869629
0.09672093391418457
0.07878947257995605
0.07852554321289062
0.07115387916564941
0.05580544471740723
0.041666269302368164
0.1013190746307373
0.09253215789794922
0.07662820816040039
0.05876421928405762
0.04509878158569336
0.034184932708740234
0.1038358211517334
0.0825955867767334
0.06888151168823242
0.058194637298583984
0.0438995361328125
0.03474926948547363
0.10445570945739746
0.08465290069580078
0.07763409614562988
0.07784295082092285
0.06019234657287598
0.046233177185058594
0.08991360664367676
0.08045578002929688
0.0663456916809082
0.05971384048461914
0.04497027397155762
0.03521275520324707
0.10547351837158203
0.08644628524780273
0.08737826347351074
0.07245826721191406
0.05761599540710449
0.043436288833618164
0.028614044189453125
0.09349417686462402
0.07914423942565918
0.06795978546142578
0.05434536933898926
0.04038715362548828
0.026105642318725586
0.10469627380371094
0.0844566822052002
0.07592535018920898
0.07546281814575195
0.06233644485473633
0.048521995544433594
0.10496234893798828
0.09239459037780762
0.07435464859008789
0.059236764907836914
0.048525094985961914
0.030163288116455078
0.10680150985717773
0.0891728401184082
0.0689840316772461
0.055333614349365234
0.04020977020263672
0.03588557243347168
0.10713505744934082
0.08811450004577637
0.07324934005737305
0.059214115142822266
0.044536590576171875
0.03707551956176758
0.0897226333618164
0.07341480255126953
0.06571817398071289
0.057152748107910156
0.041808128356933594
0.02822732925415039
0.09879231452941895
0.08229637145996094
0.07474541664123535
0.05982351303100586
0.05739545822143555
0.04340672492980957
0.10774493217468262
0.08034062385559082
0.06559991836547852
0.06739306449890137
0.05497097969055176
0.04160666465759277
0.09503793716430664
0.08063793182373047
0.0661306381225586
0.05626320838928223
0.048293113708496094
0.03472137451171875
0.10247325897216797
0.08365154266357422
0.0728600025177002
0.054908037185668945
0.04046964645385742
0.03732728958129883
0.08978962898254395
0.0781862735748291
0.0731801986694336
0.06788015365600586
0.05405998229980469
0.039312124252319336
0.10358834266662598
0.0843956470489502
0.08219599723815918
0.06792116165161133
0.053931236267089844
0.036398887634277344
0.1073770523071289
0.0987248420715332
0.08377885818481445
0.06943035125732422
0.05446887016296387
0.04240155220031738
0.03062272071838379
0.08846735954284668
0.07928013801574707
0.06188845634460449
0.05138230323791504
0.025186538696289062
0.09995865821838379
0.08726024627685547
0.0851442813873291
0.07065296173095703
0.05620718002319336
0.03502058982849121
0.1046140193939209
0.0953969955444336
0.08674359321594238
0.07225751876831055
0.05738353729248047
0.04316449165344238
0.02865123748779297
0.08809208869934082
0.09056520462036133
0.0761420726776123
0.06168961524963379
0.047269582748413086
0.031966447830200195
0.10268139839172363
0.08867931365966797
0.07356381416320801
0.05930685997009277
0.04489922523498535
0.03255033493041992
0.10642504692077637
0.09231138229370117
0.09776592254638672
0.08336472511291504
0.06905698776245117
0.051442623138427734
0.03330039978027344
0.09889054298400879
0.08673214912414551
0.07218313217163086
0.05778026580810547
0.042841434478759766
0.03797197341918945
0.10772490501403809
0.08671808242797852
0.07244443893432617
0.058751583099365234
0.046488285064697266
0.03406238555908203
0.10936880111694336
0.0969088077545166
0.10319828987121582
0.0888223648071289
0.07483887672424316
0.061036109924316406
0.04598212242126465
0.10543251037597656
0.08800864219665527
0.08084321022033691
0.06310439109802246
0.04899406433105469
0.042395830154418945
0.029525041580200195
0.0952599048614502
0.08284521102905273
0.06868267059326172
0.0639348030090332
0.049645423889160156
0.03561544418334961
0.10069775581359863
0.09406590461730957
0.08007287979125977
0.06607627868652344
0.051615238189697266
0.040853023529052734
0.026235580444335938
0.08778071403503418
0.07905840873718262
0.0705571174621582
0.05273103713989258
0.03844332695007324
0.024015426635742188
0.10037446022033691
0.08221077919006348
0.07470464706420898
0.06766414642333984
0.05358242988586426
0.03864789009094238
0.03238844871520996
0.09368515014648438
0.07843303680419922
0.06441879272460938
0.05194973945617676
0.04586005210876465
0.03151106834411621
0.09014725685119629
0.0815591812133789
0.0699150562286377
0.0586237907409668
0.043535709381103516
0.02840566635131836
0.09295821189880371
0.08183932304382324
0.07350540161132812
0.05954265594482422
0.04510235786437988
0.028234243392944336
0.08976984024047852
0.0784602165222168
0.07902050018310547
0.06402993202209473
0.047232866287231445
0.03197121620178223
0.099029541015625
0.08511519432067871
0.0716862678527832
0.06921267509460449
0.05761313438415527
0.04339933395385742
0.10773730278015137
0.0926063060760498
0.09326410293579102
0.07899689674377441
0.041280269622802734
0.027403831481933594
0.09689879417419434
0.08480143547058105
0.07757425308227539
0.06027102470397949
0.046494245529174805
0.031549930572509766
0.10659146308898926
0.10878252983093262
0.10247969627380371
0.08833551406860352
0.0744330883026123
0.04700946807861328
0.03223848342895508
0.0956413745880127
0.08289456367492676
0.06752610206604004
0.06173539161682129
0.05079960823059082
0.039084434509277344
0.10601520538330078
0.0845344066619873
0.07863807678222656
0.07081246376037598
0.058145999908447266
0.04353141784667969
0.1072702407836914
0.0992441177368164
0.0890343189239502
0.07474279403686523
0.05988812446594238
0.045922279357910156
0.02707219123840332
0.1006009578704834
0.07823491096496582
0.0659780502319336
0.05711984634399414
0.054338932037353516
0.03993678092956543
0.1049501895904541
0.09469056129455566
0.08032584190368652
0.06590390205383301
0.050852060317993164
0.03638958930969238
0.026782751083374023
0.08755207061767578
0.07548332214355469
0.06370973587036133
0.051073551177978516
0.03914999961853027
0.04063296318054199
0.08958101272583008
0.07608675956726074
0.061786651611328125
0.04860043525695801
0.0398099422454834
0.04232358932495117
0.10099673271179199
0.08744931221008301
0.07569670677185059
0.06122422218322754
0.04694819450378418
0.03723287582397461
0.03550887107849121
0.09759092330932617
0.08747529983520508
0.07349419593811035
0.05882096290588379
0.04422593116760254
0.03983783721923828
0.10539793968200684
0.08183860778808594
0.0677802562713623
0.06828141212463379
0.05296945571899414
0.0391845703125
0.10216069221496582
0.08637547492980957
0.07119417190551758
0.056656837463378906
0.0395505428314209
0.04073190689086914
0.11684513092041016
0.09633898735046387
0.08194422721862793
0.0780324935913086
0.06413793563842773
0.04949688911437988
0.03429579734802246
0.10388398170471191
0.08395791053771973
0.07000112533569336
0.05611062049865723
0.041619062423706055
0.029140710830688477
0.10102224349975586
0.08043766021728516
0.061690568923950195
0.05079364776611328
0.03730058670043945
0.023192405700683594
0.09480738639831543
0.0813608169555664
0.0696866512298584
0.05470871925354004
0.044750213623046875
0.03069472312927246
0.1113121509552002
0.10572075843811035
0.08856868743896484
0.08116769790649414
0.0634918212890625
0.04217529296875
0.10609006881713867
0.08449339866638184
0.07272982597351074
0.05796456336975098
0.04377555847167969
0.03147292137145996
0.10541462898254395
0.08721137046813965
0.06875133514404297
0.054512977600097656
0.0405423641204834
0.0281980037689209
0.08936142921447754
0.07433485984802246
0.06583571434020996
0.06112384796142578
0.046599626541137695
0.03203868865966797
0.10143303871154785
0.08178925514221191
0.08806109428405762
0.07589006423950195
0.061696529388427734
0.10624432563781738
0.0919954776763916
0.07903265953063965
0.07370376586914062
0.06684541702270508
0.04834389686584473
0.03406953811645508
0.10097122192382812
0.09884238243103027
0.08462285995483398
0.07057070732116699
0.056913137435913086
0.03895425796508789
0.10560345649719238
0.09346961975097656
0.07788801193237305
0.0642707347869873
0.04943418502807617
0.028728246688842773
0.10251092910766602
0.08191323280334473
0.08784723281860352
0.07371354103088379
0.061588287353515625
0.04843878746032715
0.033959150314331055
0.09701776504516602
0.08223628997802734
0.06848263740539551
0.07398653030395508
0.05903792381286621
0.044647932052612305
0.030809640884399414
0.0931999683380127
0.08148002624511719
0.06988191604614258
0.05876421928405762
0.04460954666137695
0.030165672302246094
0.10634112358093262
0.08487105369567871
0.07909703254699707
0.0642697811126709
0.04992532730102539
0.034897804260253906
0.0258941650390625
0.09712386131286621
0.08618664741516113
0.07110357284545898
0.056929826736450195
0.07515931129455566
0.062462806701660156
0.10953426361083984
0.0808568000793457
0.04562854766845703
0.03650164604187012
0.03197526931762695
0.09810256958007812
0.08522796630859375
0.07396364212036133
0.07971024513244629
0.06477189064025879
0.04992508888244629
0.10364508628845215
0.08335638046264648
0.08000731468200684
0.06592011451721191
0.05078911781311035
0.0359344482421875
0.10367369651794434
0.09205389022827148
0.08472251892089844
0.07046127319335938
0.04912257194519043
0.03484010696411133
0.10320138931274414
0.08472919464111328
0.07719254493713379
0.0767672061920166
0.06233620643615723
0.04763960838317871
0.032353878021240234
0.09395074844360352
0.08238577842712402
0.08150601387023926
0.06754732131958008
0.05353498458862305
0.039579153060913086
0.024627208709716797
0.08821964263916016
0.07654380798339844
0.06454014778137207
0.05893564224243164
0.04511094093322754
0.03085184097290039
0.10556697845458984
0.08636260032653809
0.07294559478759766
0.0774068832397461
0.06297087669372559
0.04594230651855469
0.03235983848571777
0.08857560157775879
0.07605910301208496
0.06102275848388672
0.05413389205932617
0.040389299392700195
0.026219606399536133
0.10155701637268066
0.09803962707519531
0.08354711532592773
0.06925463676452637
0.05494332313537598
0.04093337059020996
0.025575876235961914
0.0942220687866211
0.0952756404876709
0.0819547176361084
0.06751823425292969
0.05407452583312988
0.03641247749328613
0.10593390464782715
0.09382820129394531
0.07971310615539551
0.06166815757751465
0.0471494197845459
0.0422365665435791
0.027721405029296875
0.08811712265014648
0.07627534866333008
0.0701131820678711
0.05639171600341797
0.04211735725402832
0.024265527725219727
0.1001884937286377
0.08575892448425293
0.0722343921661377
0.06757378578186035
0.052449703216552734
0.0381007194519043
0.10549211502075195
0.08548212051391602
0.07132267951965332
0.0769500732421875
0.06298112869262695
0.048761606216430664
0.0341799259185791
0.08761906623840332
0.07524251937866211
0.06570053100585938
0.05124998092651367
0.04088926315307617
0.033173561096191406
0.10221624374389648
0.08849930763244629
0.07403111457824707
0.05978274345397949
0.04536628723144531
0.035859107971191406
0.11010384559631348
0.08267712593078613
0.07363438606262207
0.06292939186096191
0.047898054122924805
0.03375554084777832
0.023465394973754883
0.08863329887390137
0.0797417163848877
0.06560659408569336
0.05584383010864258
0.045140743255615234
0.03005385398864746
0.1129143238067627
0.08739042282104492
0.0815727710723877
0.07146191596984863
0.05741524696350098
0.0424962043762207
0.10675048828125
0.09791398048400879
0.08750271797180176
0.07268905639648438
0.05878329277038574
0.049689292907714844
0.03922224044799805
0.02812957763671875
0.0942845344543457
0.07986593246459961
0.08673262596130371
0.07179641723632812
0.057350873947143555
0.04289889335632324
0.10003018379211426
0.08469581604003906
0.07077860832214355
0.05681157112121582
0.04090738296508789
0.030321121215820312
0.018588542938232422
0.0947411060333252
0.08237695693969727
0.06746125221252441
0.05474591255187988
0.04057168960571289
0.027776002883911133
0.10325908660888672
0.08716297149658203
0.07232904434204102
0.05775165557861328
0.04357337951660156
0.040476083755493164
0.027811050415039062
0.08743047714233398
0.08303999900817871
0.06882882118225098
0.05927109718322754
0.0443723201751709
0.02639150619506836
0.10183858871459961
0.08356761932373047
0.0685884952545166
0.05578422546386719
0.05343341827392578
0.04234719276428223
0.10717296600341797
0.11316204071044922
0.1333916187286377
0.12380051612854004
0.10779047012329102
0.09394001960754395
0.10737156867980957
0.07657527923583984
0.06518816947937012
0.055494070053100586
0.039895057678222656
0.025389671325683594
0.0939323902130127
0.07992029190063477
0.06805181503295898
0.07290458679199219
0.058587074279785156
0.043879032135009766
0.11413097381591797
0.09663820266723633
0.08200216293334961
0.0676720142364502
0.05770444869995117
0.04608750343322754
0.03139686584472656
0.10372138023376465
0.08293628692626953
0.07199764251708984
0.06015348434448242
0.0453190803527832
0.030972719192504883
0.09604167938232422
0.08420038223266602
0.07946348190307617
0.06510186195373535
0.06157517433166504
0.04702043533325195
0.03200244903564453
0.08748912811279297
0.07906198501586914
0.0641946792602539
0.05088686943054199
0.04197239875793457
0.03615856170654297
0.10333824157714844
0.08553814888000488
0.08137083053588867
0.07667803764343262
0.06385111808776855
0.049735069274902344
0.03541421890258789
0.09641623497009277
0.09928679466247559
0.08190727233886719
0.06427240371704102
0.05115056037902832
0.036605119705200195
0.10174131393432617
0.08407831192016602
0.07235312461853027
0.05442547798156738
0.037284135818481445
0.02551126480102539
0.09779047966003418
0.10068464279174805
0.08638191223144531
0.0723724365234375
0.05735468864440918
0.04298710823059082
0.028408050537109375
0.08803391456604004
0.07676386833190918
0.06772279739379883
0.06438565254211426
0.049765586853027344
0.03485918045043945
0.10339808464050293
0.08864140510559082
0.07365083694458008
0.055944204330444336
0.03774881362915039
0.03485107421875
0.10636067390441895
0.09835529327392578
0.07957983016967773
0.06487202644348145
0.050386667251586914
0.036231279373168945
0.10570549964904785
0.0834493637084961
0.0722348690032959
0.056998252868652344
0.04328489303588867
0.04828071594238281
0.10721373558044434
0.09542679786682129
0.09193062782287598
0.07853913307189941
0.06073498725891113
0.04208779335021973
0.027013301849365234
0.09790897369384766
0.08345150947570801
0.06851816177368164
0.06370711326599121
0.046562910079956055
0.0288236141204834
0.10218310356140137
0.09933686256408691
0.08468341827392578
0.07117819786071777
0.0569303035736084
0.04170036315917969
0.02708578109741211
0.08855891227722168
0.07936406135559082
0.08098793029785156
0.05912280082702637
0.04445147514343262
0.03055739402770996
0.09707903861999512
0.08131766319274902
0.06943082809448242
0.06404733657836914
0.04413723945617676
0.029995441436767578
0.1046149730682373
0.09133172035217285
0.07722306251525879
0.06282162666320801
0.048360347747802734
0.04475975036621094
0.030352354049682617
0.08756828308105469
0.07607340812683105
0.07006955146789551
0.05554366111755371
0.04038405418395996
0.026248693466186523
0.10341429710388184
0.0884253978729248
0.07433676719665527
0.05997633934020996
0.05530357360839844
0.042365074157714844
0.105072021484375
0.08257722854614258
0.07466888427734375
0.06345295906066895
0.0486142635345459
0.030672788619995117
0.10248446464538574
0.0843198299407959
0.07305550575256348
0.050169944763183594
0.035245656967163086
0.02209925651550293
0.09950542449951172
0.0838782787322998
0.07852768898010254
0.07245945930480957
0.057847023010253906
0.043561458587646484
0.02989482879638672
0.07743978500366211
0.0685570240020752
0.05440783500671387
0.04199838638305664
0.03699207305908203
0.1341087818145752
0.1170647144317627
0.10235238075256348
0.08769893646240234
0.06668305397033691
0.0520777702331543
0.038054704666137695
0.09920787811279297
0.08232736587524414
0.06835556030273438
0.06726884841918945
0.05557131767272949
0.04131364822387695
0.10662508010864258
0.09909892082214355
0.08779072761535645
0.0724344253540039
0.05777573585510254
0.04309344291687012
0.028690338134765625
0.10178422927856445
0.08669686317443848
0.07518601417541504
0.06731748580932617
0.052989959716796875
0.038817405700683594
0.024071693420410156
0.08787322044372559
0.08254885673522949
0.0683751106262207
0.05395698547363281
0.0398404598236084
0.023363113403320312
0.09830999374389648
0.09227347373962402
0.09134316444396973
0.07628321647644043
0.06131124496459961
0.047013282775878906
0.03269481658935547
0.10583066940307617
0.09160089492797852
0.07774114608764648
0.06344079971313477
0.04916572570800781
0.02682781219482422
0.09651350975036621
0.0815896987915039
0.07300281524658203
0.061791181564331055
0.04784822463989258
0.03310823440551758
0.02642655372619629
0.09557414054870605
0.08362054824829102
0.06927657127380371
0.058480262756347656
0.05142641067504883
0.027515411376953125
0.09322381019592285
0.08478760719299316
0.07056188583374023
0.060416221618652344
0.0465390682220459
0.03947567939758301
0.027616262435913086
0.0877382755279541
0.09766316413879395
0.08785009384155273
0.07390856742858887
0.05900931358337402
0.044004201889038086
0.10331153869628906
0.08550715446472168
0.07470893859863281
0.06360960006713867
0.05316019058227539
0.03818082809448242
0.10517311096191406
0.08270049095153809
0.07818055152893066
0.06438136100769043
0.03033447265625
0.10496830940246582
0.08118438720703125
0.06715226173400879
0.05720853805541992
0.0429530143737793
0.03487992286682129
0.1044473648071289
0.08362674713134766
0.06840014457702637
0.055695295333862305
0.04319167137145996
0.0393674373626709
0.026789188385009766
0.08771944046020508
0.07311701774597168
0.0642545223236084
0.052893877029418945
0.03525280952453613
0.020533084869384766
0.08981895446777344
0.08101868629455566
0.07028722763061523
0.06256389617919922
0.048151254653930664
0.03371763229370117
0.10809540748596191
0.08459210395812988
0.07011127471923828
0.05657076835632324
0.04405617713928223
0.031957387924194336
0.10572171211242676
0.10457706451416016
0.09109330177307129
0.07675504684448242
0.062436819076538086
0.0475010871887207
0.033063650131225586
0.08812141418457031
0.08283638954162598
0.07758378982543945
0.06602907180786133
0.05153775215148926
0.03734302520751953
0.10306406021118164
0.0846562385559082
0.07289767265319824
0.05841541290283203
0.05786013603210449
0.04650473594665527
0.0319066047668457
0.08769416809082031
0.07634258270263672
0.07988429069519043
0.06547355651855469
0.05053424835205078
0.029389619827270508
0.09690999984741211
0.0860586166381836
0.07195258140563965
0.06762814521789551
0.05295109748840332
0.038111209869384766
0.023771047592163086
0.09414076805114746
0.08280372619628906
0.06859135627746582
0.06528735160827637
0.053243160247802734
0.03881359100341797
0.02456378936767578
0.0882103443145752
0.0796041488647461
0.07229351997375488
0.061530113220214844
0.0473635196685791
0.03287220001220703
0.1049966812133789
0.09212327003479004
0.07757806777954102
0.06265640258789062
0.04839754104614258
0.031449079513549805
0.10597014427185059
0.1080777645111084
0.09064292907714844
0.0761256217956543
0.05792379379272461
0.04347681999206543
0.02927231788635254
0.08844923973083496
0.07916259765625
0.06807756423950195
0.05755281448364258
0.04311037063598633
0.02871537208557129
0.0898597240447998
0.07773828506469727
0.03501701354980469
0.031238317489624023
0.10446953773498535
0.09484601020812988
0.0766897201538086
0.05881190299987793
0.04802107810974121
0.03149104118347168
0.09948062896728516
0.08597087860107422
0.07176589965820312
0.06253814697265625
0.04793524742126465
0.03406882286071777
0.024702072143554688
0.08774328231811523
0.07843852043151855
0.06424522399902344
0.050431013107299805
0.048453330993652344
0.037856340408325195
0.10648059844970703
0.08737039566040039
0.07337474822998047
0.058884382247924805
0.04686737060546875
0.0390012264251709
0.11056995391845703
0.08069801330566406
0.07556653022766113
0.0616002082824707
0.04763603210449219
0.033689260482788086
0.1068723201751709
0.09537959098815918
0.08663415908813477
0.07547211647033691
0.061034202575683594
0.053488731384277344
0.03588700294494629
0.10600829124450684
0.08764934539794922
0.07894539833068848
0.07904863357543945
0.06769871711730957
0.053243160247802734
0.03180527687072754
0.08823370933532715
0.07703256607055664
0.06846857070922852
0.06716799736022949
0.05278277397155762
0.038686275482177734
0.10500574111938477
0.09778118133544922
0.08352398872375488
0.06850314140319824
0.05431509017944336
0.03985929489135742
0.02557659149169922
0.0945732593536377
0.08288216590881348
0.06824779510498047
0.05478930473327637
0.05223703384399414
0.0381014347076416
0.10705709457397461
0.09535837173461914
0.0817103385925293
0.07156157493591309
0.06334686279296875
0.0496058464050293
0.035162925720214844
0.10702705383300781
0.09108948707580566
0.07947421073913574
0.07344985008239746
0.058614253997802734
0.04442548751831055
0.027315855026245117
0.08769774436950684
0.08897542953491211
0.07474613189697266
0.056929826736450195
0.043190956115722656
0.02925896644592285
0.08942413330078125
0.07748007774353027
0.06631326675415039
0.053565263748168945
0.03871798515319824
0.0266721248626709
0.09815669059753418
0.08228945732116699
0.07021355628967285
0.06435537338256836
0.0469210147857666
0.03264021873474121
0.10090875625610352
0.08571481704711914
0.07677078247070312
0.07050943374633789
0.05289626121520996
0.03893017768859863
0.10620355606079102
0.09715056419372559
0.08321714401245117
0.06588244438171387
0.05722451210021973
0.03960061073303223
0.025590181350708008
0.09716343879699707
0.0826103687286377
0.08201336860656738
0.06671428680419922
0.05253863334655762
0.03875899314880371
0.024776458740234375
0.09381341934204102
0.08284306526184082
0.06762504577636719
0.05377459526062012
0.039388179779052734
0.024950742721557617
0.10020971298217773
0.0850369930267334
0.0740969181060791
0.05958986282348633
0.05807900428771973
0.04806065559387207
0.033556461334228516
0.08792448043823242
0.07581424713134766
0.06642889976501465
0.05849432945251465
0.04282546043395996
0.02847886085510254
0.08937978744506836
0.080169677734375
0.08201432228088379
0.06754446029663086
0.05330538749694824
0.03592848777770996
0.08425426483154297
0.06911778450012207
0.05577850341796875
0.03948044776916504
0.0314028263092041
0.10896587371826172
0.0841209888458252
0.07040071487426758
0.05846285820007324
0.050948143005371094
0.03669309616088867
0.022441625595092773
0.0877373218536377
0.07610869407653809
0.06133604049682617
0.05544114112854004
0.04147505760192871
0.02756977081298828
0.0975954532623291
0.08692240715026855
0.07150578498840332
0.057248592376708984
0.04323840141296387
0.017049074172973633
0.08944249153137207
0.0787656307220459
0.06663799285888672
0.05783367156982422
0.046599626541137695
0.03253030776977539
0.08993697166442871
0.0775296688079834
0.0744333267211914
0.06101179122924805
0.047421932220458984
0.033374786376953125
0.10250020027160645
0.10087156295776367
0.0863642692565918
0.07200431823730469
0.05450725555419922
0.04011273384094238
0.10672736167907715
0.0927276611328125
0.08709454536437988
0.07292652130126953
0.05801963806152344
0.04397726058959961
0.02957320213317871
0.08777189254760742
0.07853937149047852
0.0673820972442627
0.061910152435302734
0.04696249961853027
0.03270459175109863
0.10343456268310547
0.09982562065124512
0.08778953552246094
0.07452726364135742
0.059842824935913086
0.04541492462158203
0.0302276611328125
0.10613417625427246
0.09498429298400879
0.08061099052429199
0.06617045402526855
0.0518956184387207
0.036620140075683594
0.10349345207214355
0.08237099647521973
0.09297704696655273
0.0811927318572998
0.06684017181396484
0.051869869232177734
0.036539316177368164
0.09350347518920898
0.08123159408569336
0.08127284049987793
0.06580662727355957
0.050820112228393555
0.036263227462768555
0.10572075843811035
0.09124255180358887
0.07578325271606445
0.06103920936584473
0.05549812316894531
0.04397130012512207
0.10739636421203613
0.10432720184326172
0.08922863006591797
0.07456159591674805
0.06035447120666504
0.05316495895385742
0.03532218933105469
0.08754396438598633
0.07796716690063477
0.07550835609436035
0.060861825942993164
0.032019853591918945
0.10275459289550781
0.09101629257202148
0.07662272453308105
0.062209367752075195
0.05486941337585449
0.03965568542480469
0.025421142578125
0.08820843696594238
0.07966876029968262
0.06857419013977051
0.057564735412597656
0.0435032844543457
0.029546499252319336
0.1027073860168457
0.08193325996398926
0.08243203163146973
0.06797122955322266
0.05390024185180664
0.039258718490600586
0.025351762771606445
0.08806991577148438
0.07345008850097656
0.060942649841308594
0.054964303970336914
0.033464908599853516
0.01911020278930664
0.09090566635131836
0.08127689361572266
0.07633304595947266
0.05831432342529297
0.043889522552490234
0.026198148727416992
0.09003710746765137
0.09127449989318848
0.07686090469360352
0.06184792518615723
0.04789471626281738
0.03443288803100586
0.10924005508422852
0.08171653747558594
0.07347893714904785
0.07438492774963379
0.05996870994567871
0.04636788368225098
0.03340864181518555
0.10140132904052734
0.08292317390441895
0.07391881942749023
0.06203150749206543
0.04733991622924805
0.02999091148376465
0.10058116912841797
0.08532881736755371
0.08701944351196289
0.06561732292175293
0.05117082595825195
0.03687739372253418
0.10341882705688477
0.08846902847290039
0.07427167892456055
0.05959773063659668
0.06132864952087402
0.047490596771240234
0.032950639724731445
0.08814573287963867
0.09566688537597656
0.08127307891845703
0.06660604476928711
0.05202960968017578
0.03760123252868652
0.10350155830383301
0.08398675918579102
0.0695648193359375
0.05880856513977051
0.057592153549194336
0.04312300682067871
0.028382539749145508
0.08759188652038574
0.07634592056274414
0.07063794136047363
0.05897331237792969
0.04451942443847656
0.0295259952545166
0.1031486988067627
0.08259987831115723
0.07021927833557129
0.07094311714172363
0.052674055099487305
0.03838753700256348
0.10312271118164062
0.0850682258605957
0.07429885864257812
0.06322836875915527
0.048712730407714844
0.03421187400817871
0.0315706729888916
0.08817887306213379
0.08651590347290039
0.07155346870422363
0.05688595771789551
0.04251408576965332
0.03117537498474121
0.10384464263916016
0.0816497802734375
0.0694723129272461
0.05933427810668945
0.045227766036987305
0.0344243049621582
0.02997136116027832
0.09387588500976562
0.08668947219848633
0.07198095321655273
0.054370880126953125
0.03929257392883301
0.029472827911376953
0.10448622703552246
0.09311223030090332
0.07894539833068848
0.06114459037780762
0.042903900146484375
0.027893781661987305
0.10138750076293945
0.08553719520568848
0.0769948959350586
0.06282687187194824
0.048578739166259766
0.03405141830444336
0.10709571838378906
0.08754587173461914
0.07278108596801758
0.0616755485534668
0.057703256607055664
0.045639753341674805
0.030539274215698242
0.09479475021362305
0.08035159111022949
0.07077670097351074
0.05632972717285156
0.0457921028137207
0.031564950942993164
0.017609357833862305
0.09062361717224121
0.07693719863891602
0.07683420181274414
0.06242251396179199
0.047913551330566406
0.033098459243774414
0.10341501235961914
0.09980654716491699
0.08504962921142578
0.0706777572631836
0.05601668357849121
0.04159808158874512
0.028683900833129883
0.08834123611450195
0.08261942863464355
0.07154083251953125
0.057250022888183594
0.04285240173339844
0.028157949447631836
0.10974812507629395
0.08838248252868652
0.0740971565246582
0.06018209457397461
0.04923844337463379
0.04029989242553711
0.02585601806640625
0.09646344184875488
0.08114862442016602
0.06955575942993164
0.05505800247192383
0.040695905685424805
0.03679156303405762
0.11101698875427246
0.08575153350830078
0.07144904136657715
0.05748271942138672
0.05433464050292969
0.04039168357849121
0.026422739028930664
0.09754323959350586
0.08110332489013672
0.07022738456726074
0.05592489242553711
0.041475772857666016
0.03180384635925293
0.1052398681640625
0.08889055252075195
0.09572196006774902
0.08206510543823242
0.05993533134460449
0.04561161994934082
0.031232118606567383
0.08851742744445801
0.0770864486694336
0.07151174545288086
0.056769371032714844
0.04238605499267578
0.027498722076416016
0.10367941856384277
0.08811020851135254
0.07390332221984863
0.05920743942260742
0.04468941688537598
0.042079925537109375
0.028295278549194336
0.08794689178466797
0.078887939453125
0.06441235542297363
0.05395936965942383
0.042696475982666016
0.02744007110595703
0.10245060920715332
0.08842706680297852
0.07397150993347168
0.05948829650878906
0.05691361427307129
0.042582035064697266
0.03061676025390625
0.09561681747436523
0.08320140838623047
0.07189011573791504
0.051625967025756836
0.036232948303222656
0.03272724151611328
0.1014106273651123
0.08200407028198242
0.06980562210083008
0.057554006576538086
0.04479408264160156
0.03248333930969238
0.023517847061157227
0.0990138053894043
0.08436203002929688
0.0791776180267334
0.0668940544128418
0.0515289306640625
0.03679156303405762
0.10212826728820801
0.08202052116394043
0.07346200942993164
0.05926346778869629
0.059235334396362305
0.04387950897216797
0.02968907356262207
0.0949859619140625
0.08247780799865723
0.06813573837280273
0.05369424819946289
0.039063215255737305
0.02951836585998535
0.10421156883239746
0.08490896224975586
0.08522605895996094
0.07074499130249023
0.056231021881103516
0.041794776916503906
0.027477741241455078
0.09533143043518066
0.08686590194702148
0.07197952270507812
0.06411981582641602
0.04967927932739258
0.035211801528930664
0.020969152450561523
0.09386038780212402
0.08350872993469238
0.08049273490905762
0.06630325317382812
0.051636695861816406
0.03711724281311035
0.10423493385314941
0.08197832107543945
0.07656717300415039
0.06222271919250488
0.048081159591674805
0.026348590850830078
0.10265254974365234
0.0882103443145752
0.07320523262023926
0.05869913101196289
0.0509800910949707
0.036618947982788086
0.021463871002197266
0.0884554386138916
0.07716131210327148
0.07454395294189453
0.06214761734008789
0.047834157943725586
0.033560991287231445
0.10397839546203613
0.08496570587158203
0.07041120529174805
0.06398773193359375
0.04949355125427246
0.035265207290649414
0.020883560180664062
0.08789396286010742
0.08255338668823242
0.07769536972045898
0.062497615814208984
0.04814600944519043
0.03390955924987793
0.10267138481140137
0.08510732650756836
