0.10869193077087402
0.1035006046295166
0.0845186710357666
0.06957674026489258
0.0607607364654541
0.049094200134277344
0.1047666072845459
0.09903240203857422
0.08504986763000488
0.07012391090393066
0.05614423751831055
0.04122519493103027
0.11027312278747559
0.10242509841918945
0.08797121047973633
0.07364773750305176
0.06004762649536133
0.0459291934967041
0.03137803077697754
0.10473871231079102
0.08889031410217285
0.07468628883361816
0.060301780700683594
0.0461428165435791
0.03211259841918945
0.10849642753601074
0.08443188667297363
0.07360649108886719
0.06332564353942871
0.049661874771118164
0.035353899002075195
0.1048581600189209
0.08632206916809082
0.08518862724304199
0.0713815689086914
0.05715060234069824
0.04232192039489746
0.10859847068786621
0.10195660591125488
0.08534479141235352
0.07157444953918457
0.05361199378967285
0.03967738151550293
0.10748696327209473
0.0946657657623291
0.08457827568054199
0.07035326957702637
0.05590176582336426
0.04864072799682617
0.1175088882446289
0.0792233943939209
0.0602564811706543
0.04558110237121582
0.031195402145385742
0.01793646812438965
0.0915842056274414
0.07787442207336426
0.06890344619750977
0.05781149864196777
0.043244123458862305
0.028951168060302734
0.11062431335449219
0.09865522384643555
0.08435893058776855
0.07008242607116699
0.05552959442138672
0.04117107391357422
0.02602076530456543
0.09546923637390137
0.08523821830749512
0.07673215866088867
0.06613850593566895
0.05219602584838867
0.034142255783081055
0.1015164852142334
0.08709478378295898
0.07214975357055664
0.058496952056884766
0.04406142234802246
0.02924036979675293
0.10114574432373047
0.08870315551757812
0.07453393936157227
0.06002092361450195
0.06343245506286621
0.057886362075805664
0.04304242134094238
0.09789633750915527
0.08219742774963379
0.06821322441101074
0.06454992294311523
0.1086111068725586
0.09949827194213867
0.08351349830627441
0.06824588775634766
0.05573534965515137
0.045545101165771484
0.04305458068847656
0.11186027526855469
0.0988924503326416
0.08678936958312988
0.07237434387207031
0.05770730972290039
0.03956723213195801
0.10722994804382324
0.08255529403686523
0.07365298271179199
0.07359671592712402
0.05946683883666992
0.045148372650146484
0.031184911727905273
0.09174132347106934
0.07761287689208984
0.06895589828491211
0.06174135208129883
0.04366731643676758
0.029901504516601562
0.09677314758300781
0.08644819259643555
0.08265280723571777
0.06842303276062012
0.05423879623413086
0.03911995887756348
0.0249483585357666
0.09717082977294922
0.08310341835021973
0.06898307800292969
0.05382347106933594
0.04494786262512207
0.03371477127075195
0.10434484481811523
0.09261584281921387
0.07914376258850098
0.06611061096191406
0.05100893974304199
0.03598976135253906
0.10347795486450195
0.09565329551696777
0.08327126502990723
0.06889176368713379
0.05458879470825195
0.03938698768615723
0.09353804588317871
0.07935023307800293
0.0704340934753418
0.05633950233459473
0.041641950607299805
0.029279232025146484
0.08111953735351562
0.0758047103881836
0.07553410530090332
0.06145071983337402
0.04696154594421387
0.03341388702392578
0.11133027076721191
0.0933980941772461
0.07942342758178711
0.07153892517089844
0.05514121055603027
0.03844451904296875
0.10307598114013672
0.08572006225585938
0.07134318351745605
0.05700039863586426
0.05149674415588379
0.030869722366333008
0.11575937271118164
0.09707784652709961
0.08227825164794922
0.06807971000671387
0.05424666404724121
0.03997325897216797
0.03737330436706543
0.09970927238464355
0.07978963851928711
0.07806587219238281
0.06378006935119629
0.04858732223510742
0.03416752815246582
0.10717916488647461
0.08202290534973145
0.08269000053405762
0.06814336776733398
0.05364370346069336
0.04260087013244629
0.10706520080566406
0.08904290199279785
0.08891797065734863
0.0745992660522461
0.06059122085571289
0.04669666290283203
0.0317540168762207
0.11574244499206543
0.09758281707763672
0.08321022987365723
0.06858968734741211
0.035897016525268555
0.10971403121948242
0.08794426918029785
0.09148573875427246
0.07779145240783691
0.05015850067138672
0.03654050827026367
0.09235191345214844
0.0787038803100586
0.07741689682006836
0.06622862815856934
0.05419611930847168
0.042189598083496094
0.11039876937866211
0.09931778907775879
0.08537054061889648
0.07182645797729492
0.0758662223815918
0.06105828285217285
0.046739816665649414
0.1313645839691162
0.11037659645080566
0.0926215648651123
0.07462120056152344
0.05677199363708496
0.02885580062866211
0.09306478500366211
0.08264994621276855
0.07238149642944336
0.054666996002197266
0.04067277908325195
0.025446414947509766
0.12123370170593262
0.10232162475585938
0.08432269096374512
0.06989145278930664
0.053787946701049805
0.03956460952758789
0.11333918571472168
0.0874941349029541
0.07260799407958984
0.0688791275024414
0.0590362548828125
0.061086177825927734
0.1076514720916748
0.08232951164245605
0.06819605827331543
0.05921125411987305
0.05067586898803711
0.03571343421936035
0.10786604881286621
0.08601546287536621
0.09624147415161133
0.08131098747253418
0.06720113754272461
0.052747488021850586
0.10695052146911621
0.08088994026184082
0.0707550048828125
0.07112526893615723
0.05661630630493164
0.04237079620361328
0.09189319610595703
0.07696104049682617
0.06199288368225098
0.05341196060180664
0.03121781349182129
0.02279949188232422
0.09708333015441895
0.08620905876159668
0.07181477546691895
0.05789017677307129
0.04329037666320801
0.0303189754486084
0.11020898818969727
0.0935525894165039
0.08092403411865234
0.06793427467346191
0.07183241844177246
0.057169437408447266
0.03895425796508789
0.08970475196838379
0.07789778709411621
0.07744073867797852
0.06705570220947266
0.05260443687438965
0.03820490837097168
0.10006833076477051
0.08937239646911621
0.07489919662475586
0.060608625411987305
0.04604077339172363
0.039940834045410156
0.10865497589111328
0.09379458427429199
0.08384585380554199
0.06929469108581543
0.05586385726928711
0.04293036460876465
0.1146247386932373
0.08475756645202637
0.0633096694946289
0.048211097717285156
0.044347286224365234
0.066314697265625
0.10705685615539551
0.08677816390991211
0.08591532707214355
0.06718802452087402
0.05219531059265137
0.03725290298461914
0.10084748268127441
0.07912683486938477
0.06484293937683105
0.04975175857543945
0.03457474708557129
0.1082308292388916
0.10225248336791992
0.08858585357666016
0.07437849044799805
0.05624055862426758
0.03772544860839844
0.10917854309082031
0.0835113525390625
0.08099985122680664
0.048149824142456055
0.11599206924438477
0.09713888168334961
0.08638477325439453
0.09307861328125
0.07959151268005371
0.06655478477478027
0.051966190338134766
0.13248538970947266
0.11828899383544922
0.10327720642089844
0.09459686279296875
0.07979393005371094
0.06479072570800781
0.05035972595214844
0.12834620475769043
0.11640191078186035
0.09940481185913086
0.08532142639160156
0.05297207832336426
0.03503561019897461
0.10300159454345703
0.08308243751525879
0.06908559799194336
0.07292747497558594
0.058931589126586914
0.044625282287597656
0.029927492141723633
0.10220003128051758
0.09006142616271973
0.08837509155273438
0.07419323921203613
0.05923271179199219
0.04474496841430664
0.10704994201660156
0.09086799621582031
0.07566094398498535
0.06827116012573242
0.05670356750488281
0.04187417030334473
0.10487747192382812
0.09091448783874512
0.07694697380065918
0.062055349349975586
0.047057390213012695
0.04435372352600098
0.03047037124633789
0.09779024124145508
0.08231258392333984
0.06749582290649414
0.062044620513916016
0.05357241630554199
0.03874349594116211
0.10287332534790039
0.08264589309692383
0.06855511665344238
0.059090614318847656
0.05175328254699707
0.03767657279968262
0.11017775535583496
0.12099099159240723
0.10703897476196289
0.09286785125732422
0.07887887954711914
0.06471824645996094
0.05044960975646973
0.03618192672729492
0.09249544143676758
0.07893848419189453
0.06477069854736328
0.05467486381530762
0.04387164115905762
0.02597212791442871
0.09122633934020996
0.08273053169250488
0.08343505859375
0.07004594802856445
0.05510210990905762
0.040943145751953125
0.10915160179138184
0.0833892822265625
0.058455467224121094
0.043953895568847656
0.029776334762573242
0.13602781295776367
0.11684918403625488
0.10329651832580566
0.08980107307434082
0.07620644569396973
0.06273579597473145
0.04781627655029297
0.1050262451171875
0.08510446548461914
0.07840681076049805
0.06389307975769043
0.04958987236022949
0.03501629829406738
0.019970178604125977
0.09490418434143066
0.08490300178527832
0.08268952369689941
0.06524920463562012
0.05148744583129883
0.03681063652038574
0.10649657249450684
0.0875546932220459
0.08848929405212402
0.06620168685913086
0.051038265228271484
0.036638736724853516
0.10151863098144531
0.08317112922668457
0.07222962379455566
0.06828641891479492
0.053307294845581055
0.03916788101196289
0.11143994331359863
0.08553719520568848
0.07147097587585449
0.06206107139587402
0.057721853256225586
0.042729854583740234
0.02838134765625
0.09786534309387207
0.08659648895263672
0.07234835624694824
0.0541989803314209
0.03780078887939453
0.03147530555725098
0.09868597984313965
0.08334112167358398
0.07456755638122559
0.060361623764038086
0.05001568794250488
0.039031982421875
0.02464604377746582
0.10251569747924805
0.08358383178710938
0.06906628608703613
0.059805870056152344
0.04937601089477539
0.027724266052246094
0.11065077781677246
0.08871722221374512
0.07455754280090332
0.055922746658325195
0.04174947738647461
0.03712773323059082
0.1065220832824707
0.08338189125061035
0.0747528076171875
0.060157060623168945
0.050116539001464844
0.03992486000061035
0.02596306800842285
0.08887958526611328
0.0925898551940918
0.0773305892944336
0.06291580200195312
0.046114206314086914
0.02776813507080078
0.1035771369934082
0.08587956428527832
0.07116246223449707
0.06380033493041992
0.04922032356262207
0.03532528877258301
0.10727286338806152
0.08362412452697754
0.07457137107849121
0.060002803802490234
0.05328679084777832
0.03540968894958496
0.10396909713745117
0.09386324882507324
0.08582115173339844
0.06825470924377441
0.054621219635009766
0.03916168212890625
0.11247897148132324
0.09565234184265137
0.08131098747253418
0.06869840621948242
0.0684058666229248
0.05386066436767578
0.03977060317993164
0.10704565048217773
0.08998441696166992
0.07625150680541992
0.04848623275756836
0.02640056610107422
0.10882067680358887
0.08988571166992188
0.07589983940124512
0.08008456230163574
0.06599712371826172
0.05155324935913086
0.03652644157409668
0.11089062690734863
0.08998632431030273
0.07567882537841797
0.06465959548950195
0.050487518310546875
0.03606152534484863
0.10746288299560547
0.10813236236572266
0.09592890739440918
0.08165645599365234
0.06728172302246094
0.053284645080566406
0.03873801231384277
0.10906600952148438
0.08696794509887695
0.0723886489868164
0.06188559532165527
0.04696822166442871
0.0394287109375
0.02753925323486328
0.10075974464416504
0.09057116508483887
0.07633638381958008
0.06133222579956055
0.04678654670715332
0.03207039833068848
0.10738277435302734
0.09241247177124023
0.08309721946716309
0.06800389289855957
0.06103110313415527
0.051682472229003906
0.036840200424194336
0.10331320762634277
0.08509516716003418
0.07036042213439941
0.061666011810302734
0.046900272369384766
0.03310680389404297
0.019162416458129883
0.0913538932800293
0.07695126533508301
0.06851434707641602
0.05793285369873047
0.04378533363342285
0.02881336212158203
0.10563778877258301
0.08218669891357422
0.06980395317077637
0.05702519416809082
0.044464826583862305
0.032282114028930664
0.11119413375854492
0.08620643615722656
0.07736372947692871
0.06325507164001465
0.049149513244628906
0.03585100173950195
0.11426162719726562
0.08538937568664551
0.07710599899291992
0.06273531913757324
0.04461073875427246
0.03033137321472168
0.10716629028320312
0.08645296096801758
0.0755765438079834
0.06122899055480957
0.04683184623718262
0.03098750114440918
0.12438559532165527
0.10040736198425293
0.08638191223144531
0.07184100151062012
0.057259321212768555
0.0429990291595459
0.029471158981323242
0.09836196899414062
0.10127735137939453
0.08732128143310547
0.07303738594055176
0.05124831199645996
0.037294626235961914
0.12254643440246582
0.09961056709289551
0.08532357215881348
0.07055878639221191
0.05611467361450195
0.04113149642944336
0.026952266693115234
0.09516501426696777
0.0836946964263916
0.07307147979736328
0.0661931037902832
0.05120062828063965
0.03615260124206543
0.10878396034240723
0.08915185928344727
0.08152294158935547
0.06707286834716797
0.05216073989868164
0.03760194778442383
0.11087679862976074
0.10029101371765137
0.08910322189331055
0.0745856761932373
0.059689998626708984
0.045963287353515625
0.03730416297912598
0.11503911018371582
0.10138440132141113
0.0875239372253418
0.08692216873168945
0.07472038269042969
0.06061387062072754
0.045966148376464844
0.1102898120880127
0.08721089363098145
0.08055233955383301
0.06255745887756348
0.04874873161315918
0.03422403335571289
0.10817861557006836
0.08871269226074219
0.07458376884460449
0.0565640926361084
0.04220938682556152
0.02906489372253418
0.11713123321533203
0.10062193870544434
0.08688950538635254
0.0721137523651123
0.05763816833496094
0.043745994567871094
0.03327775001525879
0.08923506736755371
0.07731389999389648
0.0783393383026123
0.06380081176757812
0.05019950866699219
0.03545832633972168
0.10631322860717773
0.10312819480895996
0.08838438987731934
0.07445573806762695
0.06023550033569336
0.046492815017700195
0.03236269950866699
0.09951186180114746
0.08154439926147461
0.06598591804504395
0.05423331260681152
0.04502224922180176
0.027259349822998047
0.09494423866271973
0.08456182479858398
0.08412766456604004
0.069976806640625
0.05557656288146973
0.040773868560791016
0.1190483570098877
0.10509848594665527
0.09014654159545898
0.1727449893951416
0.1593008041381836
0.145097017288208
0.13158917427062988
0.11715841293334961
0.1069786548614502
0.09277009963989258
0.07903027534484863
0.06665301322937012
0.14066171646118164
0.12701034545898438
0.11835312843322754
0.09279823303222656
0.08180665969848633
0.06729483604431152
0.06098222732543945
0.046640872955322266
0.0318760871887207
0.08717513084411621
0.07610011100769043
0.06567001342773438
0.05168867111206055
0.03783774375915527
0.032006025314331055
0.10512614250183105
0.1681346893310547
0.1541450023651123
0.16049814224243164
0.14282894134521484
0.12567687034606934
0.11142301559448242
0.09286689758300781
0.07859206199645996
0.13304471969604492
0.12276434898376465
0.09662055969238281
0.08250260353088379
0.06913280487060547
0.05521821975708008
0.053214073181152344
0.04237651824951172
0.1011807918548584
0.08346414566040039
0.06921648979187012
0.055391788482666016
0.04036664962768555
0.02944660186767578
0.10746955871582031
0.18125581741333008
0.16166424751281738
0.14566326141357422
0.14638733863830566
0.1314220428466797
0.1134939193725586
0.09501862525939941
0.08073925971984863
0.06651473045349121
0.043450355529785156
0.11299562454223633
0.11782979965209961
0.09601902961730957
0.08170628547668457
0.06752634048461914
0.05028128623962402
0.03560996055603027
0.09256839752197266
0.18301796913146973
0.17290592193603516
0.15872693061828613
0.14455246925354004
0.1485753059387207
0.1336829662322998
0.11773324012756348
0.10337996482849121
0.0890054702758789
0.0761251449584961
0.06143927574157715
0.04636359214782715
0.21033716201782227
0.17181611061096191
0.15989232063293457
0.15078330039978027
0.1327836513519287
0.12761139869689941
0.11269736289978027
0.0978853702545166
0.09831070899963379
0.14875197410583496
0.14097976684570312
0.13639116287231445
0.10193943977355957
0.08793783187866211
0.06479191780090332
0.05072474479675293
0.0366663932800293
0.09470081329345703
0.1805431842803955
0.1664750576019287
0.16365504264831543
0.164794921875
0.15639281272888184
0.14209628105163574
0.1280210018157959
0.11377167701721191
0.09915947914123535
0.0849003791809082
0.07044720649719238
0.22585320472717285
0.21594929695129395
0.2057030200958252
0.188124418258667
0.1739635467529297
0.15969443321228027
0.1452186107635498
0.12996530532836914
0.11571979522705078
0.10137057304382324
0.09216642379760742
0.15716981887817383
0.15040206909179688
0.1399550437927246
0.12624073028564453
0.08221173286437988
0.06195068359375
0.04766416549682617
0.044710636138916016
0.11119341850280762
0.1981217861175537
0.18489813804626465
0.19285202026367188
0.17864036560058594
0.1636488437652588
0.1494605541229248
0.1354198455810547
0.11931538581848145
0.10436367988586426
0.09010648727416992
0.07564258575439453
0.060274362564086914
0.2252790927886963
0.21543121337890625
0.17752647399902344
0.17070913314819336
0.15678668022155762
0.1421353816986084
0.1127309799194336
0.11324262619018555
0.1004793643951416
0.1594855785369873
0.1518852710723877
0.13761639595031738
0.1197347640991211
0.10567426681518555
0.0914154052734375
0.08559179306030273
0.0713355541229248
0.05602431297302246
0.04152631759643555
0.10805392265319824
0.18085861206054688
0.17963385581970215
0.16543030738830566
0.15093350410461426
0.1358036994934082
0.12433910369873047
0.11038064956665039
0.09608149528503418
0.08181881904602051
0.06729865074157715
0.22859835624694824
0.21369290351867676
0.18282866477966309
0.1819005012512207
0.16698646545410156
0.15298986434936523
0.1380176544189453
0.13882851600646973
0.12487220764160156
0.11095070838928223
0.1974644660949707
0.18562722206115723
0.1714005470275879
0.15671181678771973
0.14585065841674805
0.10801911354064941
0.0930635929107666
0.07906675338745117
0.0650796890258789
0.05100131034851074
0.1132662296295166
0.08636355400085449
0.0741727352142334
0.03929901123046875
0.11396121978759766
0.09052038192749023
0.17314887046813965
0.16344261169433594
0.14959359169006348
0.13260912895202637
0.11673331260681152
0.1185448169708252
0.10659503936767578
0.09184050559997559
0.1462993621826172
0.13112139701843262
0.11673355102539062
0.10418510437011719
0.08764767646789551
0.0809173583984375
0.06506061553955078
0.044592857360839844
0.030457258224487305
0.09951353073120117
0.07864499092102051
0.0845494270324707
0.06951022148132324
0.05499863624572754
0.04034113883972168
0.10281252861022949
0.08019518852233887
0.07129979133605957
0.0687410831451416
0.05449056625366211
0.040215492248535156
0.11377382278442383
0.09589862823486328
0.08176136016845703
0.0715181827545166
0.06813836097717285
0.0530087947845459
0.03811216354370117
0.12251424789428711
0.09662437438964844
0.0825047492980957
0.06747865676879883
0.05324673652648926
0.037819623947143555
0.11032414436340332
0.0936274528503418
0.09139394760131836
0.07706451416015625
0.05825376510620117
0.04350638389587402
0.03587841987609863
0.09125852584838867
0.07999229431152344
0.05898094177246094
0.04538393020629883
0.04448533058166504
0.03179812431335449
0.09978604316711426
0.10181474685668945
0.0873270034790039
0.0729069709777832
0.05867314338684082
0.04412245750427246
0.029900550842285156
0.10043025016784668
0.08433341979980469
0.06894278526306152
0.06674933433532715
0.05277705192565918
0.037729740142822266
0.11733150482177734
0.10294032096862793
0.0889883041381836
0.07481956481933594
0.06147503852844238
0.050003767013549805
0.049729347229003906
0.03542375564575195
0.10187983512878418
0.0832376480102539
0.06877303123474121
0.05363631248474121
0.05044364929199219
0.03576350212097168
0.09446358680725098
0.07601571083068848
0.06179165840148926
0.047406911849975586
0.04413294792175293
0.033637285232543945
0.10362076759338379
0.0842428207397461
0.08333230018615723
0.06878042221069336
0.05722332000732422
0.041321516036987305
0.10978317260742188
0.08484530448913574
0.07664704322814941
0.06202054023742676
0.048003196716308594
0.03357100486755371
0.10733699798583984
0.09587740898132324
0.08231139183044434
0.07526040077209473
0.06298661231994629
0.04791903495788574
0.03377127647399902
0.08751320838928223
0.08050847053527832
0.06633305549621582
0.05512213706970215
0.03729963302612305
0.10620784759521484
0.08716773986816406
0.07957720756530762
0.07617688179016113
0.06178474426269531
0.04735589027404785
0.032918453216552734
0.09934139251708984
0.0814061164855957
0.07210421562194824
0.06750941276550293
0.053545236587524414
0.03853130340576172
0.024307966232299805
0.11398005485534668
0.09751415252685547
0.08302831649780273
0.06821632385253906
0.0537569522857666
0.03903603553771973
0.11285734176635742
0.0933542251586914
0.07961702346801758
0.07849764823913574
0.06093740463256836
0.04620981216430664
0.03180193901062012
0.10022854804992676
0.08851933479309082
0.07403683662414551
0.056748151779174805
0.037938594818115234
0.02546834945678711
0.0909273624420166
0.07502937316894531
0.06579923629760742
0.05089068412780762
0.04786539077758789
0.03583502769470215
0.10852932929992676
0.09262323379516602
0.06278347969055176
0.04818320274353027
0.030467987060546875
0.10829472541809082
0.08560490608215332
0.07258152961730957
0.05462193489074707
0.043998003005981445
0.02941608428955078
0.11129021644592285
0.08586692810058594
0.07120847702026367
0.05667853355407715
0.04428458213806152
0.03882884979248047
0.026731014251708984
0.09986162185668945
0.08391952514648438
0.06639432907104492
0.05298805236816406
0.04406237602233887
0.029352188110351562
0.10454630851745605
0.08221864700317383
0.06981492042541504
0.05541348457336426
0.041875600814819336
0.03557944297790527
0.10336971282958984
0.0894625186920166
0.07531857490539551
0.05783534049987793
0.04349851608276367
0.036292314529418945
0.11026930809020996
0.0964193344116211
0.09334373474121094
0.07911491394042969
0.06449556350708008
0.04967927932739258
0.03230547904968262
0.10817074775695801
0.09362149238586426
0.08341383934020996
0.07187533378601074
0.052100181579589844
0.03718066215515137
0.10204792022705078
0.0939934253692627
0.08057188987731934
0.06603240966796875
0.04521751403808594
0.03352212905883789
0.10763740539550781
0.10468029975891113
0.08964204788208008
0.07530474662780762
0.06126880645751953
0.04678940773010254
0.03280377388000488
0.09146881103515625
0.07736492156982422
0.07977795600891113
0.06538748741149902
0.051046133041381836
0.03588461875915527
0.10948443412780762
0.08657312393188477
0.07327151298522949
0.06314373016357422
0.06052279472351074
0.04466891288757324
0.11122274398803711
0.08579158782958984
0.07057547569274902
0.05770993232727051
0.058492183685302734
0.04397869110107422
0.10992646217346191
0.09850144386291504
0.09105348587036133
0.07752442359924316
0.060122013092041016
0.04943490028381348
0.03449106216430664
0.10482501983642578
0.0814199447631836
0.08296346664428711
0.06465792655944824
0.04988598823547363
0.03105449676513672
0.09697914123535156
0.08611416816711426
0.07898306846618652
0.06485104560852051
0.050942420959472656
0.03651833534240723
0.022452831268310547
0.10004687309265137
0.08511209487915039
0.06998825073242188
0.05113935470581055
0.044634103775024414
0.12058663368225098
0.09142351150512695
0.07741713523864746
0.06656885147094727
0.05146598815917969
0.03702259063720703
0.10428833961486816
0.08834338188171387
0.07324981689453125
0.058379173278808594
0.04419374465942383
0.03042912483215332
0.11322951316833496
0.09630441665649414
0.08914828300476074
0.07794857025146484
0.063690185546875
0.0492250919342041
0.0346226692199707
0.10835576057434082
0.10437631607055664
0.0957343578338623
0.08174610137939453
0.0674734115600586
0.0526585578918457
0.038169145584106445
0.11631608009338379
0.09772419929504395
0.07921838760375977
0.06582880020141602
0.054486751556396484
0.04027533531188965
0.03796100616455078
0.10594296455383301
0.10021066665649414
0.08620429039001465
0.07190656661987305
0.05753159523010254
0.04289746284484863
0.12033438682556152
0.08844923973083496
0.0746762752532959
0.06054568290710449
0.04572319984436035
0.03073287010192871
0.10652303695678711
0.09278678894042969
0.07853889465332031
0.06440854072570801
0.050728797912597656
0.037256479263305664
0.022843599319458008
0.10744452476501465
0.09277987480163574
0.07837200164794922
0.06472110748291016
0.050826311111450195
0.03709864616394043
0.1071770191192627
0.08867764472961426
0.07643365859985352
0.06451630592346191
0.05498647689819336
0.04975390434265137
0.03650307655334473
0.10428261756896973
0.08635115623474121
0.0771493911743164
0.0589449405670166
0.044626712799072266
0.029726266860961914
0.09166193008422852
0.08967328071594238
0.07216095924377441
0.05372905731201172
0.03998112678527832
0.02574896812438965
0.09985566139221191
0.08363556861877441
0.07493400573730469
0.060538530349731445
0.04678750038146973
0.0435791015625
0.029509782791137695
0.09887051582336426
0.05749773979187012
0.05153775215148926
0.03054642677307129
0.10919761657714844
0.10598015785217285
0.09177064895629883
0.07744073867797852
0.06298017501831055
0.05078482627868652
0.0376434326171875
0.103057861328125
0.08341526985168457
0.07876467704772949
0.06935453414916992
0.05542325973510742
0.0413973331451416
0.10902667045593262
0.10152959823608398
0.08758687973022461
0.07721853256225586
0.06238555908203125
0.047966957092285156
0.042368173599243164
0.10657000541687012
0.08786201477050781
0.07622575759887695
0.07040023803710938
0.05643630027770996
0.0428469181060791
0.028555631637573242
0.11400389671325684
0.09754633903503418
0.08323979377746582
0.06842517852783203
0.05372285842895508
0.031653404235839844
0.10682988166809082
0.08521604537963867
0.07079529762268066
0.0696873664855957
0.05182147026062012
0.037012577056884766
0.11606717109680176
0.0914621353149414
0.07753729820251465
0.06256675720214844
0.05691814422607422
0.04413962364196777
0.03282356262207031
0.09637141227722168
0.08254098892211914
0.06858086585998535
0.06219887733459473
0.04788613319396973
0.04082894325256348
0.10939383506774902
0.10408496856689453
0.09009122848510742
0.07611918449401855
0.05469012260437012
0.03991818428039551
0.025229454040527344
0.09952712059020996
0.08458471298217773
0.0703582763671875
0.07050633430480957
0.05551576614379883
0.04026365280151367
0.10936212539672852
0.0951240062713623
0.08215141296386719
0.07174134254455566
0.05019855499267578
0.03545570373535156
0.10818791389465332
0.09435033798217773
0.08312773704528809
0.06781649589538574
0.052487850189208984
0.03805899620056152
0.11214399337768555
0.09112429618835449
0.07599544525146484
0.06807804107666016
0.05351519584655762
0.03876924514770508
0.025093793869018555
0.10325837135314941
0.08100724220275879
0.06873106956481934
0.06648898124694824
0.05229783058166504
0.03842616081237793
0.1103518009185791
0.10024404525756836
0.08609127998352051
0.0716855525970459
0.057025909423828125
0.053169965744018555
0.039633989334106445
0.10829782485961914
0.09897589683532715
0.08502817153930664
0.08101606369018555
0.06630730628967285
0.0490880012512207
0.035505056381225586
0.10717129707336426
0.09130406379699707
0.07427406311035156
0.059984445571899414
0.04229283332824707
0.028052330017089844
0.1049807071685791
0.08965897560119629
0.08347892761230469
0.06892609596252441
0.051204681396484375
0.036960601806640625
0.10578465461730957
0.08630156517028809
0.0836784839630127
0.06874823570251465
0.05356884002685547
0.03849387168884277
0.10794615745544434
0.08388018608093262
0.06970000267028809
0.05891847610473633
0.044794559478759766
0.031558990478515625
0.11895966529846191
0.10481595993041992
0.09076213836669922
0.07650494575500488
0.061949968338012695
0.047982215881347656
0.03356575965881348
0.09113860130310059
0.0838623046875
0.06955981254577637
0.05518364906311035
0.040251731872558594
0.038721561431884766
0.10426163673400879
0.0926198959350586
0.0781247615814209
0.06302618980407715
0.04833579063415527
0.03371310234069824
0.10922718048095703
0.09647893905639648
0.08711886405944824
0.07987833023071289
0.06488275527954102
0.04998922348022461
0.03595256805419922
0.10570025444030762
0.0838315486907959
0.06934571266174316
0.05838918685913086
0.047264814376831055
0.03302931785583496
0.10708451271057129
0.09895801544189453
0.08482122421264648
0.07081723213195801
0.029595613479614258
0.10767388343811035
0.10025668144226074
0.08582401275634766
0.07142758369445801
0.05702662467956543
0.043082237243652344
0.028706073760986328
0.10483551025390625
0.08449125289916992
0.07001781463623047
0.05594801902770996
0.04341864585876465
0.034403085708618164
0.11310839653015137
0.09566044807434082
0.0815894603729248
0.07456302642822266
0.059899330139160156
0.04522085189819336
0.030034780502319336
0.1101987361907959
0.08414888381958008
0.0758213996887207
0.06375265121459961
0.049381256103515625
0.035006046295166016
0.10893559455871582
0.0950925350189209
0.12523484230041504
0.11130928993225098
0.09705686569213867
0.0821223258972168
0.06705522537231445
0.10454487800598145
0.1138310432434082
0.09607601165771484
0.07551693916320801
0.058403730392456055
0.09733366966247559
0.08664584159851074
0.08007144927978516
0.06603527069091797
0.04819202423095703
0.03422045707702637
0.09764838218688965
0.09531474113464355
0.07329201698303223
0.05844879150390625
0.04449272155761719
0.029674291610717773
0.09610986709594727
0.08455586433410645
0.06961512565612793
0.0556797981262207
0.041719675064086914
0.028629302978515625
0.11036515235900879
0.09324455261230469
0.07902026176452637
0.07875895500183105
0.06588602066040039
0.05623650550842285
0.11332559585571289
0.09820675849914551
0.08533883094787598
0.07268714904785156
0.06052875518798828
0.05669093132019043
0.042833566665649414
0.10961747169494629
0.11292839050292969
0.09679865837097168
0.07882356643676758
0.0638878345489502
0.042495012283325195
0.1057741641998291
0.08942747116088867
0.07548785209655762
0.061498165130615234
0.04701852798461914
0.03447389602661133
0.04016685485839844
0.10016417503356934
0.09512114524841309
0.08101248741149902
0.06618285179138184
0.05136585235595703
0.036839962005615234
0.10473322868347168
0.0997154712677002
0.08476972579956055
0.06968951225280762
0.054834842681884766
0.04277205467224121
0.028570890426635742
0.1007082462310791
0.081146240234375
0.059671640396118164
0.04570960998535156
0.04143404960632324
0.026552677154541016
0.09825491905212402
0.08955979347229004
0.07501101493835449
0.06061410903930664
0.04641437530517578
0.04715776443481445
0.03361988067626953
0.10326933860778809
0.09446549415588379
0.08481001853942871
0.07567119598388672
0.06441354751586914
0.0541234016418457
0.11069583892822266
0.07709360122680664
0.0675504207611084
0.053522348403930664
0.04004216194152832
0.024785757064819336
0.10437679290771484
0.08700346946716309
0.07232117652893066
0.06098437309265137
0.0510101318359375
0.04030776023864746
0.02613687515258789
0.09165096282958984
0.08373570442199707
0.06957101821899414
0.05498480796813965
0.04034280776977539
0.036423683166503906
0.10791611671447754
0.1006174087524414
0.08822417259216309
0.07327151298522949
0.05912184715270996
0.04494309425354004
0.10938191413879395
0.09973502159118652
0.08569192886352539
0.07126331329345703
0.05770063400268555
0.05304837226867676
0.04011178016662598
0.12405014038085938
0.09568023681640625
0.07863998413085938
0.054770708084106445
0.03991985321044922
0.11125493049621582
0.09684324264526367
0.0912177562713623
0.08273601531982422
0.06626272201538086
0.05155682563781738
0.03728365898132324
0.11049938201904297
0.10045552253723145
0.08551144599914551
0.08078336715698242
0.06975317001342773
0.057801246643066406
0.04405689239501953
0.11359834671020508
0.0990438461303711
0.08311605453491211
0.07884788513183594
0.061405181884765625
0.04740715026855469
0.03233027458190918
0.10563898086547852
0.08180046081542969
0.08030915260314941
0.06300234794616699
0.04822039604187012
0.03397250175476074
0.1084897518157959
0.08734774589538574
0.0798032283782959
0.06561660766601562
0.055654287338256836
0.042580366134643555
0.12891077995300293
0.1088106632232666
0.09487438201904297
0.0806264877319336
0.06645774841308594
0.04564619064331055
0.03118586540222168
0.09469819068908691
0.08065319061279297
0.06949520111083984
0.055513620376586914
0.04128670692443848
0.028074026107788086
0.10808491706848145
0.08664083480834961
0.07573175430297852
0.06121826171875
0.04724311828613281
0.03402209281921387
0.026909351348876953
0.09115934371948242
0.08056187629699707
0.06926202774047852
0.054732322692871094
0.041304826736450195
0.028052806854248047
0.10824108123779297
0.0861196517944336
0.07953143119812012
0.0653679370880127
0.051058292388916016
0.033057212829589844
0.11037659645080566
0.09575867652893066
0.08603811264038086
0.0680079460144043
0.05008196830749512
0.031980276107788086
0.02318096160888672
0.09476733207702637
0.08020901679992676
0.06594443321228027
0.05531120300292969
0.04108715057373047
0.027800559997558594
0.09618496894836426
0.08125591278076172
0.07714653015136719
0.06450462341308594
0.04963231086730957
0.03493833541870117
0.1055135726928711
0.08939266204833984
0.08251142501831055
0.0690145492553711
0.05406022071838379
0.0361475944519043
0.09757280349731445
0.09138679504394531
0.07741856575012207
0.0634922981262207
0.049568891525268555
0.03558230400085449
0.026427507400512695
0.08957409858703613
0.08639836311340332
0.07121062278747559
0.056903839111328125
0.04301309585571289
0.0226132869720459
0.11776447296142578
0.10293078422546387
0.08871746063232422
0.07745933532714844
0.06293249130249023
0.04892396926879883
0.10860180854797363
0.08431529998779297
0.07222270965576172
0.0630025863647461
0.048935890197753906
0.04555463790893555
0.0324091911315918
0.08957433700561523
0.0807962417602539
0.06980299949645996
0.06205439567565918
0.047841787338256836
0.02945232391357422
0.10474014282226562
0.09368634223937988
0.08411002159118652
0.07256126403808594
0.05174708366394043
0.04041242599487305
0.09873151779174805
0.08805084228515625
0.07956862449645996
0.07153177261352539
0.0566248893737793
0.04230356216430664
0.11101436614990234
0.08254623413085938
0.0726470947265625
0.05847024917602539
0.044441938400268555
0.035596370697021484
0.1105344295501709
0.11749267578125
0.10354852676391602
0.08953475952148438
0.0752408504486084
0.061223506927490234
0.04628801345825195
0.031105756759643555
0.08856034278869629
0.07771635055541992
0.06691360473632812
0.05644583702087402
0.04606461524963379
0.032048940658569336
0.09963679313659668
0.08555793762207031
0.08414816856384277
0.06985807418823242
0.05532526969909668
0.04088926315307617
0.10914301872253418
0.0947117805480957
0.08671689033508301
0.07233119010925293
0.05816078186035156
0.0437014102935791
0.03004908561706543
0.09961819648742676
0.08508920669555664
0.0832672119140625
0.06879854202270508
0.05383729934692383
0.04040265083312988
0.025936126708984375
0.10156941413879395
0.08459949493408203
0.07039284706115723
0.0629420280456543
0.044989585876464844
0.030755996704101562
0.1063394546508789
0.08673810958862305
0.0722494125366211
0.062175750732421875
0.04814624786376953
0.018039703369140625
0.10243391990661621
0.08442306518554688
0.06680607795715332
0.056540727615356445
0.05061817169189453
0.04084610939025879
0.10209465026855469
0.08876776695251465
0.07684803009033203
0.06292510032653809
0.04875969886779785
0.03473663330078125
0.10931921005249023
0.0898129940032959
0.07668447494506836
0.06224822998046875
0.054540157318115234
0.034183502197265625
0.10688281059265137
0.08553481101989746
0.0712742805480957
0.0645136833190918
0.049620628356933594
0.0348508358001709
0.023622751235961914
0.09653878211975098
0.09407687187194824
0.07988095283508301
0.06516742706298828
0.05033755302429199
0.03588986396789551
0.11438202857971191
0.10072970390319824
0.08679580688476562
0.0731198787689209
0.06088590621948242
0.05537223815917969
0.04070162773132324
0.026738643646240234
0.10522198677062988
0.08429574966430664
0.0702965259552002
0.056342363357543945
0.04238605499267578
0.03789210319519043
0.10947966575622559
0.09052586555480957
0.08082318305969238
0.07337760925292969
0.058889150619506836
0.04143166542053223
0.02392745018005371
0.09216427803039551
0.08229684829711914
0.07597160339355469
0.0618133544921875
0.05170011520385742
0.03054046630859375
0.12391400337219238
0.10372257232666016
0.08947229385375977
0.07547545433044434
0.06071639060974121
0.04663276672363281
0.03246355056762695
0.11100482940673828
0.09564208984375
0.08107924461364746
0.06587767601013184
0.051639556884765625
0.10644912719726562
0.08541417121887207
0.0857841968536377
0.07096052169799805
0.05608558654785156
0.04153633117675781
0.029618501663208008
0.08935308456420898
0.08040642738342285
0.06527113914489746
0.0606846809387207
0.046747684478759766
0.032306671142578125
0.1098775863647461
0.09280204772949219
0.08000349998474121
0.06537508964538574
0.050173044204711914
0.03585052490234375
0.09312033653259277
0.08233976364135742
0.06804656982421875
0.05463433265686035
0.057878732681274414
0.04321599006652832
0.10670948028564453
0.08817863464355469
0.07325053215026855
0.0606992244720459
0.047631263732910156
0.04550886154174805
0.03767085075378418
0.08989262580871582
0.07940149307250977
0.06494140625
0.05602145195007324
0.047324180603027344
0.033425331115722656
0.10689496994018555
0.08241748809814453
0.06239676475524902
0.04904007911682129
0.03801274299621582
0.11497616767883301
0.10153675079345703
0.08701181411743164
0.0728907585144043
0.06423044204711914
0.04958224296569824
0.039047956466674805
0.033475637435913086
0.10158824920654297
0.09125733375549316
0.07676935195922852
0.0618441104888916
0.05794978141784668
0.044149160385131836
0.09314107894897461
0.07779526710510254
0.06386327743530273
0.048017263412475586
0.03301692008972168
0.11637592315673828
0.09490275382995605
0.08102846145629883
0.07633852958679199
0.06236147880554199
0.049425601959228516
0.03288006782531738
0.10550737380981445
0.08551025390625
0.07140421867370605
0.06907129287719727
0.0569300651550293
0.04478883743286133
0.029938936233520508
0.10173630714416504
0.09804868698120117
0.08381342887878418
0.0696115493774414
0.05465817451477051
0.04037117958068848
0.11431407928466797
0.09975171089172363
0.08482217788696289
0.08990955352783203
0.07600212097167969
0.06330227851867676
0.04842400550842285
0.03390240669250488
0.11403560638427734
0.0950934886932373
0.08113813400268555
0.0677788257598877
0.053826332092285156
0.03637385368347168
0.11008095741271973
0.09788775444030762
0.08737444877624512
0.07567405700683594
0.06172060966491699
0.04777932167053223
0.03382468223571777
0.10630226135253906
0.08483386039733887
0.08185982704162598
0.07216143608093262
0.05817723274230957
0.044016361236572266
0.030869007110595703
0.11047768592834473
0.09857392311096191
0.08368587493896484
0.06632304191589355
0.05123138427734375
0.033640146255493164
0.0991067886352539
0.08259463310241699
0.06971073150634766
0.0685422420501709
0.054347991943359375
0.03990983963012695
0.09151506423950195
0.08365869522094727
0.07293128967285156
0.05916428565979004
0.04869985580444336
0.039011240005493164
0.10361957550048828
0.08970880508422852
0.07176733016967773
0.057801008224487305
0.04359936714172363
0.037353515625
0.11751294136047363
0.08923006057739258
0.07512164115905762
0.06078028678894043
0.046677589416503906
0.0385284423828125
0.11738348007202148
0.10322046279907227
0.08827733993530273
0.07305026054382324
0.0586698055267334
0.05328726768493652
0.04058694839477539
0.10981917381286621
0.08492851257324219
0.06987500190734863
0.06272506713867188
0.04805183410644531
0.033692359924316406
0.12014317512512207
0.0925590991973877
0.07397961616516113
0.059949636459350586
0.046285390853881836
0.03176736831665039
0.12306380271911621
0.11268424987792969
0.09869551658630371
0.08475494384765625
0.07012367248535156
0.05551934242248535
0.04219698905944824
0.11159968376159668
0.08669114112854004
0.0724341869354248
0.05790209770202637
0.0429990291595459
0.03102564811706543
0.10303664207458496
0.08350896835327148
0.07081985473632812
0.05783987045288086
0.051763296127319336
0.040058135986328125
0.12229371070861816
0.10370516777038574
0.08977341651916504
0.07549834251403809
0.06201934814453125
0.04807400703430176
0.035772085189819336
0.11412382125854492
0.09705018997192383
0.08225584030151367
0.06828594207763672
0.05404472351074219
0.04010486602783203
0.11538100242614746
0.10540223121643066
0.09073281288146973
0.08141899108886719
0.06708049774169922
0.0525820255279541
0.039078712463378906
0.10917115211486816
0.0906217098236084
0.07636046409606934
0.062026023864746094
0.04772591590881348
0.1297001838684082
0.09895658493041992
0.08461189270019531
0.08443641662597656
0.0793757438659668
0.06497788429260254
0.04770183563232422
0.10781455039978027
0.10721302032470703
0.09239649772644043
0.07780337333679199
0.06329226493835449
0.04892706871032715
0.03349447250366211
0.0973820686340332
0.08238482475280762
0.05983424186706543
0.045429229736328125
0.03790473937988281
0.02381157875061035
0.09362459182739258
0.08344459533691406
0.06932568550109863
0.05611371994018555
0.04791522026062012
0.033213138580322266
0.10762476921081543
0.09634733200073242
0.08448433876037598
0.07524371147155762
0.06128096580505371
0.05090975761413574
0.03653740882873535
0.03587460517883301
0.10120248794555664
0.08632779121398926
0.08227062225341797
0.06728720664978027
0.052366018295288086
0.03727006912231445
0.10801386833190918
0.08889436721801758
0.07392048835754395
0.05897641181945801
0.04756951332092285
0.0324864387512207
0.10290217399597168
0.0937509536743164
0.07575798034667969
0.06177639961242676
0.046848297119140625
0.027379989624023438
0.10018253326416016
0.09625744819641113
0.08652353286743164
0.06648492813110352
0.05197572708129883
0.03802990913391113
0.12023448944091797
0.09337520599365234
0.07938957214355469
0.07675743103027344
0.06280207633972168
0.048865556716918945
0.03439950942993164
0.09788823127746582
0.0825202465057373
0.07126522064208984
0.05681729316711426
0.043032169342041016
0.029265880584716797
0.10431289672851562
0.08683300018310547
0.08383774757385254
0.07156634330749512
0.05967068672180176
0.0490567684173584
0.03650641441345215
0.09790873527526855
0.08577966690063477
0.08568143844604492
0.07294225692749023
0.060137033462524414
0.046633243560791016
0.032415151596069336
0.1006155014038086
0.10280466079711914
0.08885478973388672
0.07444167137145996
0.0594630241394043
0.037572622299194336
0.08817529678344727
0.0790092945098877
0.06407952308654785
0.050139427185058594
0.03286457061767578
0.028077363967895508
0.09744548797607422
0.08603429794311523
0.08402228355407715
0.07033658027648926
0.05672574043273926
0.04246783256530762
0.02819204330444336
0.0943901538848877
0.07687139511108398
0.07469367980957031
0.0560762882232666
0.03827309608459473
0.11082077026367188
0.10067367553710938
0.10246634483337402
0.0891106128692627
0.07483983039855957
0.060622453689575195
0.04686546325683594
0.032625675201416016
0.08690404891967773
0.07537293434143066
0.07020783424377441
0.057425737380981445
0.046027183532714844
0.03159022331237793
0.0947427749633789
0.08314895629882812
0.06793951988220215
0.07047796249389648
0.05678224563598633
0.04213070869445801
0.1036536693572998
0.08620500564575195
0.08038115501403809
0.06589198112487793
0.051947832107543945
0.10916495323181152
0.09776163101196289
0.10463762283325195
0.08865833282470703
0.0734412670135498
0.053282976150512695
0.03870582580566406
0.10478734970092773
0.08563756942749023
0.07057523727416992
0.05634117126464844
0.04142141342163086
0.028308868408203125
0.10702085494995117
0.08559083938598633
0.07042765617370605
0.06398677825927734
0.049759864807128906
0.03490781784057617
0.020821809768676758
0.09791088104248047
0.09002852439880371
0.07495570182800293
0.060986995697021484
0.04600119590759277
0.03974413871765137
0.10686492919921875
0.08356738090515137
0.08629989624023438
0.0749211311340332
0.06000328063964844
0.04497098922729492
0.11439061164855957
0.08898687362670898
0.06815934181213379
0.05409955978393555
0.04382896423339844
0.029633760452270508
0.11035704612731934
0.08543562889099121
0.07152795791625977
0.07193732261657715
0.057726383209228516
0.042780160903930664
0.0267946720123291
0.10999011993408203
0.09511017799377441
0.08003807067871094
0.06534910202026367
0.051325082778930664
0.03623175621032715
0.09658145904541016
0.08204483985900879
0.06751680374145508
0.06640911102294922
0.05174756050109863
0.03779768943786621
0.12038731575012207
0.09526801109313965
0.0801703929901123
0.06581687927246094
0.05556488037109375
0.049787044525146484
0.035898685455322266
0.10195207595825195
0.08166098594665527
0.0669260025024414
0.06772184371948242
0.05339837074279785
0.03895902633666992
0.10869598388671875
0.09605860710144043
0.08114385604858398
0.06676006317138672
0.05242562294006348
0.037627220153808594
0.023720741271972656
0.09230995178222656
0.07841181755065918
0.06885814666748047
0.0582425594329834
0.043972015380859375
0.02908182144165039
0.11289858818054199
0.09491562843322754
0.08069467544555664
0.05888938903808594
0.044449567794799805
0.030040264129638672
0.1039276123046875
0.08705687522888184
0.07225632667541504
0.0709984302520752
0.056259870529174805
0.041057586669921875
0.02684640884399414
0.09655165672302246
0.08650088310241699
0.07210516929626465
0.05765652656555176
0.04330921173095703
0.030717134475708008
0.10871100425720215
0.09266805648803711
0.07863664627075195
0.06427645683288574
0.056610107421875
0.04217171669006348
0.028517723083496094
0.0944209098815918
0.07994914054870605
0.06568026542663574
0.055471181869506836
0.041460275650024414
0.026796579360961914
0.09271407127380371
0.08218908309936523
0.07863903045654297
0.06394004821777344
0.04953145980834961
0.03596210479736328
0.10601520538330078
0.08354330062866211
0.07158398628234863
0.06193137168884277
0.05112576484680176
0.03650474548339844
0.022394657135009766
0.10333824157714844
0.0879354476928711
0.0724635124206543
0.05822563171386719
0.04574322700500488
0.03201866149902344
0.11305952072143555
0.09493136405944824
0.08159065246582031
0.06801342964172363
0.05337977409362793
0.03543496131896973
0.11027908325195312
0.09993696212768555
0.09604048728942871
0.07797431945800781
0.06339001655578613
0.049341440200805664
0.03454327583312988
0.10639190673828125
0.08089637756347656
0.0730135440826416
0.07311105728149414
0.058461904525756836
0.04414534568786621
0.10685968399047852
0.08152222633361816
0.08129668235778809
0.06638550758361816
0.04549074172973633
0.03132462501525879
0.09136676788330078
0.08937406539916992
0.07503914833068848
0.060042381286621094
0.04553365707397461
0.036028385162353516
0.10673332214355469
0.08622407913208008
0.07178568840026855
0.0686488151550293
0.0544736385345459
0.040194034576416016
0.024217844009399414
0.09171628952026367
0.08065652847290039
0.07071280479431152
0.05588507652282715
0.04133343696594238
0.02797079086303711
0.11099863052368164
0.09748244285583496
0.08288359642028809
0.06846141815185547
0.05426931381225586
0.039536237716674805
0.10924792289733887
0.08335351943969727
0.07129549980163574
0.06879329681396484
0.054351091384887695
0.0391688346862793
0.1093740463256836
0.08507013320922852
0.07023310661315918
0.07482337951660156
0.061368703842163086
0.04711294174194336
0.10436511039733887
0.08172202110290527
0.08818769454956055
0.07376646995544434
0.05959963798522949
0.04575777053833008
0.031471967697143555
0.09693598747253418
0.08771634101867676
0.07644367218017578
0.06274533271789551
0.048575401306152344
0.034339189529418945
0.020308256149291992
0.09105730056762695
0.08041763305664062
0.06257319450378418
0.047881126403808594
0.03326249122619629
0.023236513137817383
0.09194254875183105
0.08945059776306152
0.07190179824829102
0.05700111389160156
0.042704105377197266
0.025379180908203125
0.09294509887695312
0.08271455764770508
0.06465482711791992
0.04712057113647461
0.03990530967712402
0.10928726196289062
0.08506655693054199
0.08688116073608398
0.07300448417663574
0.05785727500915527
0.03959012031555176
0.12381958961486816
0.10908317565917969
0.09260439872741699
0.07776999473571777
0.06389403343200684
0.04969024658203125
0.035730600357055664
0.12459707260131836
0.11664748191833496
0.1002960205078125
0.08580708503723145
0.07132673263549805
0.05633139610290527
0.04208660125732422
0.11266565322875977
0.09169745445251465
0.0810537338256836
0.06615138053894043
0.051634788513183594
0.12557411193847656
0.10371184349060059
0.08952927589416504
0.07526469230651855
0.060672760009765625
0.046166419982910156
0.028573989868164062
0.0894169807434082
0.08120584487915039
0.06732630729675293
0.056856632232666016
0.04852461814880371
0.036718130111694336
0.11093735694885254
0.08927726745605469
0.07513570785522461
0.06011700630187988
0.04611468315124512
0.03250718116760254
0.11226105690002441
0.09417057037353516
0.08147096633911133
0.07235550880432129
0.06523561477661133
0.044682979583740234
0.030165433883666992
0.1071310043334961
0.08519744873046875
0.08576393127441406
0.07085418701171875
0.05690646171569824
0.04294753074645996
0.028989315032958984
0.09729814529418945
0.0930795669555664
0.07906270027160645
0.06484127044677734
0.05043768882751465
0.03600907325744629
0.11565518379211426
0.08569645881652832
0.07167506217956543
0.05760025978088379
0.04310107231140137
0.036481380462646484
0.11346983909606934
0.10666036605834961
0.09626626968383789
0.09009337425231934
0.07590079307556152
0.06145668029785156
0.04780387878417969
0.03351235389709473
0.11487674713134766
0.0980832576751709
0.08405661582946777
0.0703439712524414
0.05609250068664551
0.04190778732299805
0.12197422981262207
0.09847569465637207
0.08414125442504883
0.06992626190185547
0.055101871490478516
0.0408787727355957
0.10958337783813477
0.10033512115478516
0.08604121208190918
0.07286834716796875
0.05804324150085449
0.054741859436035156
0.03683304786682129
0.10401725769042969
0.07729983329772949
0.06583309173583984
0.07249665260314941
0.058344364166259766
0.04442882537841797
0.10459089279174805
0.0847616195678711
0.06981039047241211
0.08385324478149414
0.06585335731506348
0.05048704147338867
0.10006260871887207
0.08368897438049316
0.06855082511901855
0.07155132293701172
0.057186126708984375
0.042293548583984375
0.10553097724914551
0.08697152137756348
0.07194757461547852
0.058345794677734375
0.05902600288391113
0.04632854461669922
0.1167910099029541
0.10294938087463379
0.08949041366577148
0.07525014877319336
0.06970548629760742
0.05535316467285156
0.04121065139770508
0.11462688446044922
0.08475804328918457
0.07069516181945801
0.057527780532836914
0.04784989356994629
0.04128599166870117
0.11214900016784668
0.08328914642333984
0.06906723976135254
0.04797816276550293
0.03874778747558594
0.024547576904296875
0.0932161808013916
0.07884359359741211
0.06676149368286133
0.057505130767822266
0.04549264907836914
0.03129076957702637
0.11552691459655762
0.09560465812683105
0.07752084732055664
0.05916762351989746
0.044492244720458984
0.03641533851623535
0.11428999900817871
0.09610700607299805
0.08172297477722168
0.06699728965759277
0.04892730712890625
0.03366231918334961
0.12781310081481934
0.10229134559631348
0.0879361629486084
0.07346343994140625
0.05991387367248535
0.04149198532104492
0.10328197479248047
0.08600282669067383
0.08655285835266113
0.07218003273010254
0.05734443664550781
0.03980231285095215
0.10586667060852051
0.09167718887329102
0.08198380470275879
0.07291817665100098
0.03954887390136719
0.11914992332458496
0.09567642211914062
0.09375548362731934
0.0792849063873291
0.06429600715637207
0.04723644256591797
0.032416582107543945
0.0959174633026123
0.07793807983398438
0.07278060913085938
0.05921030044555664
0.04509091377258301
0.025209426879882812
0.1168067455291748
0.10392570495605469
0.08874249458312988
0.07446002960205078
0.06019759178161621
0.046141862869262695
0.11146354675292969
0.08557677268981934
0.07503437995910645
0.060849666595458984
0.04572248458862305
0.0468597412109375
0.032381534576416016
0.09782767295837402
0.08835983276367188
0.07508206367492676
0.06084752082824707
0.04667806625366211
0.05028843879699707
0.03685760498046875
0.08912444114685059
0.08058023452758789
0.07833480834960938
0.06408381462097168
0.04879927635192871
0.03684806823730469
0.1018831729888916
0.08345985412597656
0.07467150688171387
0.06044483184814453
0.05780315399169922
0.04344367980957031
0.027939558029174805
0.10019373893737793
0.08656191825866699
0.0757296085357666
0.05525946617126465
0.04113173484802246
0.1142573356628418
0.08909916877746582
0.07499146461486816
0.06047940254211426
0.0473325252532959
0.0428617000579834
0.032541751861572266
0.09491777420043945
0.08246350288391113
0.06711792945861816
0.054428815841674805
0.03906512260437012
0.03941464424133301
0.10499286651611328
0.10096454620361328
0.08506202697753906
0.06719851493835449
0.05353283882141113
0.03904104232788086
0.10710620880126953
0.08052182197570801
0.07233285903930664
0.07344746589660645
0.059165000915527344
0.0413050651550293
0.10569334030151367
0.08635377883911133
0.07278108596801758
0.059919118881225586
0.05276226997375488
0.043912410736083984
0.1116178035736084
0.09662413597106934
0.08250260353088379
0.06809544563293457
0.05333709716796875
0.03832507133483887
0.10823583602905273
0.09154605865478516
0.07703113555908203
0.06209564208984375
0.04721426963806152
0.048677682876586914
0.036492347717285156
0.08921194076538086
0.07856273651123047
0.06735825538635254
0.05374479293823242
0.03978753089904785
0.034862518310546875
0.10847711563110352
0.08919763565063477
0.07743167877197266
0.0713510513305664
0.05737185478210449
0.04333949089050293
0.1083216667175293
0.10556578636169434
0.08856701850891113
0.0734553337097168
0.05910921096801758
0.0407404899597168
0.10667872428894043
0.09050917625427246
0.07032012939453125
0.05666923522949219
0.04153752326965332
0.03921365737915039
0.11436223983764648
0.08865809440612793
0.07378625869750977
0.05974864959716797
0.045085906982421875
0.03972673416137695
0.09083318710327148
0.0750722885131836
0.07433557510375977
0.05972480773925781
0.04254031181335449
0.028967618942260742
0.09798002243041992
0.10351681709289551
0.08851361274719238
0.07358431816101074
0.05867648124694824
0.04467916488647461
0.11698722839355469
0.08734250068664551
0.07260465621948242
0.06651806831359863
0.04891490936279297
0.03501009941101074
0.09517621994018555
0.08395171165466309
0.06945085525512695
0.05522465705871582
0.04826235771179199
0.040462493896484375
0.10582780838012695
0.09196662902832031
0.08499288558959961
0.06803750991821289
0.0535731315612793
0.035791635513305664
0.0912020206451416
0.08278751373291016
0.07224082946777344
0.07297587394714355
0.06228804588317871
0.047823190689086914
0.11003971099853516
0.09193921089172363
0.07741737365722656
0.0631406307220459
0.04915571212768555
0.03162503242492676
0.11089801788330078
0.09696245193481445
0.09190678596496582
0.07756733894348145
0.0626075267791748
0.048851966857910156
0.028890132904052734
0.10121726989746094
0.08697199821472168
0.06957054138183594
0.054831743240356445
0.02527761459350586
0.1036217212677002
0.08881258964538574
0.07778692245483398
0.06676840782165527
0.05233120918273926
0.03114461898803711
0.10610389709472656
0.08346247673034668
0.08330750465393066
0.07354283332824707
0.05867505073547363
0.04445624351501465
0.029942750930786133
0.09148406982421875
0.09153938293457031
0.0771181583404541
0.06266617774963379
0.04824709892272949
0.03294682502746582
0.1063694953918457
0.08691883087158203
0.0718069076538086
0.05831003189086914
0.04934382438659668
0.03507208824157715
0.10790467262268066
0.09354209899902344
0.08400297164916992
0.06960582733154297
0.06252694129943848
0.044922828674316406
0.026783466339111328
0.11751842498779297
0.09659767150878906
0.08203935623168945
0.06763386726379395
0.05269265174865723
0.039655447006225586
0.1129004955291748
0.08864593505859375
0.07786107063293457
0.0628042221069336
0.05156660079956055
0.037328481674194336
0.12210345268249512
0.11870265007019043
0.1017763614654541
0.08739447593688965
0.07341599464416504
0.05962347984313965
0.04457211494445801
0.10660338401794434
0.0932919979095459
0.07908987998962402
0.061341047286987305
0.05365729331970215
0.0390162467956543
0.024719953536987305
0.09669256210327148
0.09169936180114746
0.08037400245666504
0.06207680702209473
0.04778146743774414
0.03375124931335449
0.1022188663482666
0.08270549774169922
0.07060790061950684
0.05855703353881836
0.057277679443359375
0.043218374252319336
0.028592586517333984
0.09104633331298828
0.08076095581054688
0.06556034088134766
0.057770729064941406
0.04349112510681152
0.029061555862426758
0.1028900146484375
0.08760523796081543
0.07341313362121582
0.07193207740783691
0.05785083770751953
0.04291558265686035
0.029357433319091797
0.09698057174682617
0.08298587799072266
0.06896853446960449
0.055051326751708984
0.03709745407104492
0.028447389602661133
0.09163594245910645
0.08324289321899414
0.06824827194213867
0.05303525924682617
0.03793787956237793
0.0238339900970459
0.09102702140808105
0.08254575729370117
0.06255793571472168
0.05246782302856445
0.042677879333496094
0.03498554229736328
0.10603690147399902
0.09199690818786621
0.07766532897949219
0.06266617774963379
0.0458674430847168
0.03059983253479004
0.10028386116027832
0.08680367469787598
0.07337212562561035
0.05967259407043457
0.04755830764770508
0.032965898513793945
0.11140727996826172
0.0969846248626709
0.08231735229492188
0.07227802276611328
0.03457069396972656
0.02455902099609375
0.09840536117553711
0.08292603492736816
0.0881204605102539
0.07081294059753418
0.05703401565551758
0.042087554931640625
0.1102135181427002
0.09972810745239258
0.08848834037780762
0.07434368133544922
0.06044149398803711
0.03391718864440918
0.024904251098632812
0.09703397750854492
0.08146452903747559
0.07833218574523926
0.06442523002624512
0.05016779899597168
0.034955739974975586
0.12659931182861328
0.10143876075744629
0.08518600463867188
0.07100510597229004
0.057149648666381836
0.042182207107543945
0.11363792419433594
0.09621596336364746
0.08605313301086426
0.07176566123962402
0.0616152286529541
0.047664642333984375
0.028155088424682617
0.10787034034729004
0.08297371864318848
0.07236957550048828
0.06737089157104492
0.05379652976989746
0.04009413719177246
0.10865402221679688
0.10974621772766113
0.09537744522094727
0.0826711654663086
0.06762385368347168
0.05316019058227539
0.03913521766662598
0.09111642837524414
0.07980227470397949
0.06579327583312988
0.05203676223754883
0.04879355430603027
0.04024982452392578
0.0957479476928711
0.08447480201721191
0.07490992546081543
0.06058669090270996
0.055901527404785156
0.04177045822143555
0.10634469985961914
0.09241628646850586
0.07732295989990234
0.06284141540527344
0.04856300354003906
0.0346674919128418
0.03233194351196289
0.09705495834350586
0.08585834503173828
0.0888826847076416
0.0742189884185791
0.05962514877319336
0.04959750175476074
0.10683917999267578
0.0803837776184082
0.06813526153564453
0.0605621337890625
0.053809404373168945
0.03562307357788086
0.10872006416320801
0.08428239822387695
0.0869593620300293
0.07242751121520996
0.05532026290893555
0.04043722152709961
0.10631489753723145
0.08754944801330566
0.07315659523010254
0.08213424682617188
0.06976675987243652
0.05513167381286621
0.039931535720825195
0.09795737266540527
0.09911727905273438
0.08517956733703613
0.0712132453918457
0.05428624153137207
0.03935432434082031
0.10444188117980957
0.0789177417755127
0.08615803718566895
0.06913542747497559
0.05220842361450195
0.03818082809448242
0.09622597694396973
0.08295726776123047
0.06788253784179688
0.05374765396118164
0.045847415924072266
0.031790733337402344
0.11151266098022461
0.09421586990356445
0.07819461822509766
0.06593465805053711
0.05322623252868652
0.03864407539367676
0.12881970405578613
0.10143685340881348
0.086334228515625
0.07156133651733398
0.057370901107788086
0.039833784103393555
0.1069490909576416
0.08544445037841797
0.06698060035705566
0.06140589714050293
0.047452688217163086
0.02853083610534668
0.10579729080200195
0.0927114486694336
0.07804322242736816
0.06371068954467773
0.04911971092224121
0.03454303741455078
0.10301923751831055
0.10062193870544434
0.0856170654296875
0.07159042358398438
0.057375192642211914
0.1077120304107666
0.09639501571655273
0.0851447582244873
0.07103133201599121
0.05672597885131836
0.03867220878601074
0.026680946350097656
0.10726284980773926
0.09010004997253418
0.07589006423950195
0.06188535690307617
0.048239707946777344
0.030294418334960938
0.11569905281066895
0.0946657657623291
0.07532501220703125
0.061698198318481445
0.05466270446777344
0.035602569580078125
0.11199712753295898
0.10316109657287598
0.09056830406188965
0.07643461227416992
0.06430864334106445
0.04974031448364258
0.03525400161743164
0.10028314590454102
0.08441543579101562
0.07875299453735352
0.0700690746307373
0.05510878562927246
0.040711164474487305
0.036655426025390625
0.09619879722595215
0.07995462417602539
0.0842294692993164
0.07003211975097656
0.05587053298950195
0.04142141342163086
0.10964608192443848
0.08617830276489258
0.07713675498962402
0.06231331825256348
0.04869532585144043
0.035802364349365234
0.0236055850982666
0.1322338581085205
0.11132049560546875
0.09622621536254883
0.08208012580871582
0.06751084327697754
0.05357193946838379
0.1072690486907959
0.0809640884399414
0.05516648292541504
0.05120110511779785
0.03499197959899902
0.10553669929504395
0.09870076179504395
0.08474946022033691
0.06650018692016602
0.06122112274169922
0.04887986183166504
0.1271371841430664
0.09742569923400879
0.08335089683532715
0.06926608085632324
0.05414223670959473
0.03928685188293457
0.11449360847473145
0.09899067878723145
0.08534693717956543
0.07107782363891602
0.04973793029785156
0.035454511642456055
0.10431075096130371
0.08938741683959961
0.07478928565979004
0.060692787170410156
0.04625678062438965
0.033205509185791016
0.028149843215942383
0.09746646881103516
0.08409762382507324
0.07332181930541992
0.05936026573181152
0.04534769058227539
0.03917551040649414
0.026311874389648438
0.09164834022521973
0.08422064781188965
0.07005739212036133
0.056053876876831055
0.04222226142883301
0.03534102439880371
0.11217141151428223
0.08753514289855957
0.07410979270935059
0.0755605697631836
0.06112384796142578
0.04409384727478027
0.030510902404785156
0.08914518356323242
0.0774998664855957
0.06246232986450195
0.05182456970214844
0.04838418960571289
0.03422069549560547
0.11129140853881836
0.0893702507019043
0.07486987113952637
0.060576677322387695
0.05988883972167969
0.04588508605957031
0.03052687644958496
0.10222482681274414
0.09420895576477051
0.0808866024017334
0.06644988059997559
0.05300569534301758
0.03534340858459473
0.1094064712524414
0.09529829025268555
0.08118176460266113
0.06313586235046387
0.048615217208862305
0.03238058090209961
0.02313852310180664
0.09251666069030762
0.08494997024536133
0.06993412971496582
0.056204795837402344
0.04193258285522461
0.03156471252441406
0.10169839859008789
0.08740067481994629
0.07387828826904297
0.0643606185913086
0.0492398738861084
0.03489065170288086
0.11172342300415039
0.08966970443725586
0.07869529724121094
0.06435370445251465
0.04989290237426758
0.03567051887512207
0.03039097785949707
0.09125232696533203
0.08674907684326172
0.07605481147766113
0.06297135353088379
0.04859519004821777
0.03392195701599121
0.1037437915802002
0.09995555877685547
0.08548617362976074
0.07123684883117676
0.05681967735290527
0.04266762733459473
0.1198728084564209
0.09303069114685059
0.07880282402038574
0.07592010498046875
0.0618443489074707
0.0480039119720459
0.03384995460510254
0.09160447120666504
0.08141541481018066
0.06728363037109375
0.05685567855834961
0.04241180419921875
0.03553009033203125
0.11355113983154297
0.09162521362304688
0.07679343223571777
0.06241106986999512
0.04796767234802246
0.03278326988220215
0.11046814918518066
0.09951972961425781
0.10288310050964355
0.08806586265563965
0.0741586685180664
0.05992841720581055
0.046056509017944336
0.03194069862365723
0.09764528274536133
0.07814192771911621
0.08308124542236328
0.06815385818481445
0.057453155517578125
0.043009281158447266
0.10312175750732422
0.08299946784973145
0.06908369064331055
0.05570793151855469
0.04154658317565918
0.0365142822265625
0.022538185119628906
0.09628725051879883
0.09483814239501953
0.07992410659790039
0.06503915786743164
0.04889726638793945
0.034065961837768555
0.10489344596862793
0.08232235908508301
0.08466100692749023
0.07009506225585938
0.05591607093811035
0.04159879684448242
0.027090072631835938
0.08885073661804199
0.08090043067932129
0.0666801929473877
0.06241202354431152
0.04751420021057129
0.03361105918884277
0.10334014892578125
0.08184218406677246
0.06896138191223145
0.05692315101623535
0.04737067222595215
0.03297305107116699
0.14032506942749023
0.13649392127990723
0.16072487831115723
0.14607882499694824
0.11675071716308594
0.10287618637084961
0.11849594116210938
0.08118772506713867
0.06211590766906738
0.04771757125854492
0.03648805618286133
0.027090072631835938
0.09693717956542969
0.08114194869995117
0.07231473922729492
0.05792522430419922
0.05639195442199707
0.04170370101928711
0.10770750045776367
0.09612679481506348
0.08783674240112305
0.07351541519165039
0.07103300094604492
0.05593085289001465
0.04122281074523926
0.11091780662536621
0.08762788772583008
0.06953144073486328
0.04807257652282715
0.03324174880981445
0.02408146858215332
0.09922337532043457
0.09621691703796387
0.08209490776062012
0.0677180290222168
0.05353665351867676
0.038346052169799805
0.023325204849243164
0.09109807014465332
0.08344626426696777
0.06857705116271973
0.05437946319580078
0.04037332534790039
0.03274989128112793
0.10470128059387207
0.09334015846252441
0.07915735244750977
0.06445741653442383
0.050298452377319336
0.04865717887878418
0.03486156463623047
0.10024404525756836
0.08992838859558105
0.07254314422607422
0.05871248245239258
0.05055999755859375
0.03601956367492676
0.11156964302062988
0.08860635757446289
0.0766592025756836
0.06523418426513672
0.044571638107299805
0.029680252075195312
0.09872698783874512
0.08255553245544434
0.07334613800048828
0.06580519676208496
0.05079984664916992
0.03643465042114258
0.021856069564819336
0.0915215015411377
0.0778956413269043
0.07733345031738281
0.06305503845214844
0.048433780670166016
0.03353548049926758
0.10487008094787598
0.08358597755432129
0.07047533988952637
0.0545954704284668
0.0417180061340332
0.029137849807739258
0.11552572250366211
0.09913229942321777
0.08181500434875488
0.06711149215698242
0.05262565612792969
0.03847074508666992
0.1071171760559082
0.08877038955688477
0.07562971115112305
0.0684664249420166
0.05475640296936035
0.04055523872375488
0.11089372634887695
0.09671187400817871
0.08258557319641113
0.08082413673400879
0.06682276725769043
0.04820132255554199
0.033144474029541016
0.11253166198730469
0.10082793235778809
0.08669328689575195
0.07295918464660645
0.055806875228881836
0.03806138038635254
0.12720608711242676
0.10429143905639648
0.08963704109191895
0.07613134384155273
0.06188511848449707
0.04665517807006836
0.03204011917114258
0.08912062644958496
0.08913350105285645
0.07521653175354004
0.0533449649810791
0.03867149353027344
0.024776697158813477
0.09826159477233887
0.08904242515563965
0.08706116676330566
0.07296609878540039
0.05304861068725586
0.038906097412109375
0.10607051849365234
0.08982968330383301
0.07904458045959473
0.0681602954864502
0.05370068550109863
0.03926587104797363
0.024850130081176758
0.08900570869445801
0.07725930213928223
0.0755319595336914
0.06378412246704102
0.0486295223236084
0.034493207931518555
0.10650968551635742
0.08685922622680664
0.07277774810791016
0.06246447563171387
0.04368090629577637
0.04190540313720703
0.12753558158874512
0.10244083404541016
0.0859229564666748
0.07397222518920898
0.05998039245605469
0.042037010192871094
0.11583328247070312
0.09209322929382324
0.07749485969543457
0.05460071563720703
0.0396726131439209
0.024954795837402344
0.10106158256530762
0.08552789688110352
0.07043027877807617
0.06297636032104492
0.06016111373901367
0.045881032943725586
0.03221464157104492
0.08118462562561035
0.0672757625579834
0.06322169303894043
0.057539939880371094
0.042914628982543945
0.10918354988098145
0.09835648536682129
0.08885788917541504
0.08804607391357422
0.06703734397888184
0.05243325233459473
0.03841066360473633
0.10998797416687012
0.08745479583740234
0.0734865665435791
0.05868363380432129
0.044500112533569336
0.035836219787597656
0.1131589412689209
0.09677767753601074
0.08225846290588379
0.06689763069152832
0.05223798751831055
0.045432329177856445
0.031034469604492188
0.10518312454223633
0.08499336242675781
0.07684612274169922
0.06837844848632812
0.05405378341674805
0.03988242149353027
0.025138378143310547
0.08924365043640137
0.0842738151550293
0.07321453094482422
0.0588078498840332
0.0446927547454834
0.027052640914916992
0.10169124603271484
0.10016679763793945
0.08721375465393066
0.07215642929077148
0.057186126708984375
0.04288744926452637
0.028570175170898438
0.08927273750305176
0.08374667167663574
0.06989312171936035
0.05559372901916504
0.04131913185119629
0.027781963348388672
0.10591387748718262
0.08890724182128906
0.0749974250793457
0.060244083404541016
0.04629635810852051
0.041886329650878906
0.027869462966918945
0.1095278263092041
0.09160113334655762
0.07724785804748535
0.06231546401977539
0.04719233512878418
0.018987417221069336
0.09468245506286621
0.08955836296081543
0.07533073425292969
0.06086397171020508
0.04697728157043457
0.03396487236022949
0.02142500877380371
0.09109663963317871
0.08001899719238281
0.06883740425109863
0.058744192123413086
0.0575711727142334
0.04257512092590332
0.10924363136291504
0.0942831039428711
0.08300566673278809
0.06793737411499023
0.05385398864746094
0.04133319854736328
0.10714960098266602
0.08450055122375488
0.07936525344848633
0.06556940078735352
0.03527069091796875
0.1146540641784668
0.08579492568969727
0.07176017761230469
0.05759596824645996
0.0518794059753418
0.03680610656738281
0.10805630683898926
0.08503460884094238
0.07299304008483887
0.05910968780517578
0.053983211517333984
0.04336810111999512
0.0290374755859375
0.10746884346008301
0.09011387825012207
0.0759727954864502
0.06146717071533203
0.04381704330444336
0.02909374237060547
0.09662032127380371
0.08237075805664062
0.06801128387451172
0.06402707099914551
0.049616336822509766
0.03518390655517578
0.11610865592956543
0.09260892868041992
0.07812905311584473
0.06318306922912598
0.04877305030822754
0.0347902774810791
0.10985517501831055
0.08610033988952637
0.0720682144165039
0.06535840034484863
0.051044464111328125
0.03610992431640625
0.021672964096069336
0.0915842056274414
0.08410835266113281
0.07629561424255371
0.06117701530456543
0.046680450439453125
0.0324854850769043
0.10453987121582031
0.08618283271789551
0.07123970985412598
0.0733335018157959
0.059027910232543945
0.04604315757751465
0.03319716453552246
0.09110665321350098
0.08066344261169434
0.06620335578918457
0.05559706687927246
0.0439300537109375
0.02280139923095703
0.10090184211730957
0.10465884208679199
0.09099984169006348
0.07583475112915039
0.06114935874938965
0.04630732536315918
0.031969308853149414
0.09778189659118652
0.08108139038085938
0.07516694068908691
0.06098508834838867
0.04631304740905762
0.03187894821166992
0.018865108489990234
0.09172749519348145
0.09119057655334473
0.07682514190673828
0.06267809867858887
0.048502206802368164
0.03401017189025879
0.10868144035339355
0.08353090286254883
0.07413744926452637
0.05922341346740723
0.05272650718688965
0.03578639030456543
0.11282873153686523
0.09216856956481934
0.0778954029083252
0.06338858604431152
0.04519057273864746
0.044248104095458984
0.030934810638427734
0.09113955497741699
0.07753181457519531
0.07164835929870605
0.05421304702758789
0.03976297378540039
0.025366544723510742
0.09334039688110352
0.08217549324035645
0.03737378120422363
0.024332046508789062
0.10768270492553711
0.08645224571228027
0.07340002059936523
0.058739423751831055
0.04102325439453125
0.023173093795776367
0.10584115982055664
0.08691167831420898
0.0759284496307373
0.06209373474121094
0.04770612716674805
0.0350801944732666
0.02244114875793457
0.0910804271697998
0.08317089080810547
0.0689854621887207
0.05424189567565918
0.03921675682067871
0.02977299690246582
0.10983896255493164
0.09054899215698242
0.0765533447265625
0.06206822395324707
0.04856133460998535
0.040218353271484375
0.11403942108154297
0.08518147468566895
0.07120704650878906
0.061225175857543945
0.04726672172546387
0.03703927993774414
0.10849475860595703
0.09954833984375
0.08868527412414551
0.07427215576171875
0.06316351890563965
0.04894709587097168
0.03133988380432129
0.1072535514831543
0.0918586254119873
0.0810537338256836
0.06700325012207031
0.052808523178100586
0.03958320617675781
0.020041465759277344
0.09166336059570312
0.07822227478027344
0.06607246398925781
0.053981781005859375
0.04793381690979004
0.033844947814941406
0.11531424522399902
0.09298276901245117
0.07872509956359863
0.06370401382446289
0.052786827087402344
0.03833961486816406
0.02405548095703125
0.10089516639709473
0.09432601928710938
0.0796964168548584
0.06485986709594727
0.050507545471191406
0.03636455535888672
0.11060214042663574
0.09363532066345215
0.08499836921691895
0.07059121131896973
0.059786081314086914
0.057215213775634766
0.042777061462402344
0.11048102378845215
0.09223484992980957
0.08374166488647461
0.07625913619995117
0.061424970626831055
0.055725812911987305
0.03861832618713379
0.08920001983642578
0.08064985275268555
0.07799768447875977
0.060186147689819336
0.0464472770690918
0.03251361846923828
0.09300565719604492
0.0852973461151123
0.07195091247558594
0.061873674392700195
0.04373979568481445
0.028835058212280273
0.09903502464294434
0.09026026725769043
0.0867011547088623
0.07235527038574219
0.05184006690979004
0.037546634674072266
0.1042335033416748
0.08347773551940918
0.08278012275695801
0.07235288619995117
0.05473518371582031
0.04077911376953125
0.12638497352600098
0.10772013664245605
0.09377765655517578
0.07644081115722656
0.06122136116027832
0.04358839988708496
0.02957773208618164
0.11662769317626953
0.09670329093933105
0.08252573013305664
0.06721806526184082
0.05304098129272461
0.039260149002075195
0.025276899337768555
0.09692716598510742
0.08444738388061523
0.07257413864135742
0.05458641052246094
0.04019975662231445
0.025761842727661133
0.10320210456848145
0.08368229866027832
0.0715024471282959
0.0772550106048584
0.06317782402038574
0.04899144172668457
0.03448081016540527
0.08951950073242188
0.08076310157775879
0.06903243064880371
0.05423235893249512
0.044827938079833984
0.030485153198242188
0.09218692779541016
0.07877779006958008
0.0793757438659668
0.06490683555603027
0.05233907699584961
0.03490495681762695
0.09192395210266113
0.07746052742004395
0.06411385536193848
0.04781222343444824
0.03349947929382324
0.1123652458190918
0.08752059936523438
0.07818293571472168
0.06431078910827637
0.05023598670959473
0.03596353530883789
0.022516250610351562
0.09112858772277832
0.07427072525024414
0.061975955963134766
0.060301780700683594
0.04633378982543945
0.03242802619934082
0.1007392406463623
0.08232808113098145
0.06896042823791504
0.059798479080200195
0.045464515686035156
0.028636693954467773
0.09318375587463379
0.08330225944519043
0.07579970359802246
0.06174516677856445
0.04708671569824219
0.03300046920776367
0.0935053825378418
0.07873725891113281
0.08132624626159668
0.06343483924865723
0.04983830451965332
0.035790205001831055
0.10917901992797852
0.08628320693969727
0.07177257537841797
0.05838441848754883
0.04275250434875488
0.03019881248474121
0.11291170120239258
0.09607625007629395
0.07543611526489258
0.06619381904602051
0.051294565200805664
0.046282291412353516
0.034433841705322266
0.09431290626525879
0.08666729927062988
0.0723259449005127
0.05794239044189453
0.04298973083496094
0.031542301177978516
0.11029934883117676
0.0867002010345459
0.0731954574584961
0.0658719539642334
0.061334848403930664
0.0469059944152832
0.03171849250793457
0.091552734375
0.07791757583618164
0.06869220733642578
0.0630488395690918
0.04877614974975586
0.03348994255065918
0.11288118362426758
0.08897662162780762
0.07759380340576172
0.06320834159851074
0.04884791374206543
0.03387713432312012
0.02785944938659668
0.11101675033569336
0.09849905967712402
0.08368992805480957
0.0682227611541748
0.05324244499206543
0.03868985176086426
0.11313819885253906
0.08615970611572266
0.08404040336608887
0.06930112838745117
0.054671287536621094
0.03964114189147949
0.11040806770324707
0.09324121475219727
0.0865786075592041
0.07191228866577148
0.05769705772399902
0.04260849952697754
0.0280303955078125
0.10507369041442871
0.0901193618774414
0.07581686973571777
0.06116461753845215
0.03232169151306152
0.10651612281799316
0.08588337898254395
0.07985305786132812
0.06544804573059082
0.051733970642089844
0.03651237487792969
0.02331399917602539
0.08979177474975586
0.08127522468566895
0.06705045700073242
0.05639028549194336
0.04822850227355957
0.034276723861694336
0.10577201843261719
0.08305859565734863
0.0704352855682373
0.07317328453063965
0.05910849571228027
0.044467926025390625
0.030560970306396484
0.0895853042602539
0.07788443565368652
0.06320500373840332
0.05826997756958008
0.03676867485046387
0.022397756576538086
0.09352779388427734
0.08284735679626465
0.07953810691833496
0.061516761779785156
0.04709053039550781
0.029397964477539062
0.0962667465209961
0.09804248809814453
0.08362698554992676
0.06861424446105957
0.05465984344482422
0.04119443893432617
0.10773777961730957
0.09755706787109375
0.08334016799926758
0.06885433197021484
0.05443286895751953
0.03980898857116699
0.02527761459350586
0.1054081916809082
0.08998322486877441
0.07198619842529297
0.060716867446899414
0.04602479934692383
0.028675556182861328
0.10767507553100586
0.08674240112304688
0.07308506965637207
0.052187204360961914
0.039696693420410156
0.03052377700805664
0.10689735412597656
0.08375668525695801
0.07785558700561523
0.06652259826660156
0.05240011215209961
0.03786826133728027
0.023235797882080078
0.08976268768310547
0.08770442008972168
0.07331490516662598
0.05865073204040527
0.044077157974243164
0.03423452377319336
0.10484862327575684
0.08864259719848633
0.0742185115814209
0.05894756317138672
0.044647216796875
0.03775596618652344
0.02302694320678711
0.09406423568725586
0.08339905738830566
0.06901693344116211
0.05424189567565918
0.039778709411621094
0.02648615837097168
0.10462164878845215
0.09019088745117188
0.07576131820678711
0.06127738952636719
0.04039406776428223
0.026905059814453125
0.11641120910644531
0.09289860725402832
0.07874202728271484
0.06429815292358398
0.04977750778198242
0.03527498245239258
0.02025294303894043
0.09161829948425293
0.08482933044433594
0.0698699951171875
0.05519509315490723
0.040819644927978516
0.0331416130065918
0.11993741989135742
0.0950009822845459
0.08069729804992676
0.06544923782348633
0.05133533477783203
0.036927223205566406
0.022463083267211914
0.09746432304382324
0.0881199836730957
0.07341432571411133
0.05580568313598633
0.04072880744934082
0.030483007431030273
0.10800457000732422
0.08680224418640137
0.08091354370117188
0.06312298774719238
0.044873952865600586
0.029867887496948242
0.10810327529907227
0.08319473266601562
0.06171727180480957
0.04866337776184082
0.044235944747924805
0.03361344337463379
0.10064077377319336
0.08674383163452148
0.07198143005371094
0.06139063835144043
0.047632694244384766
0.03622174263000488
0.02396702766418457
0.10496950149536133
0.0910494327545166
0.07608175277709961
0.06162881851196289
0.05281853675842285
0.03858804702758789
0.024198532104492188
0.09785294532775879
0.0838623046875
0.07588458061218262
0.06147146224975586
0.046961307525634766
0.032144784927368164
0.10690593719482422
0.08623242378234863
0.07147645950317383
0.05774044990539551
0.044942617416381836
0.04294610023498535
0.028388023376464844
0.10121297836303711
0.09615182876586914
0.08219170570373535
0.0680232048034668
0.053629398345947266
0.03893423080444336
0.1147456169128418
0.08992767333984375
0.07898068428039551
0.06809258460998535
0.05378270149230957
0.039130210876464844
0.024676799774169922
0.09997749328613281
0.07938075065612793
0.06644725799560547
0.06279730796813965
0.050286054611206055
0.03583049774169922
0.10528373718261719
0.09622573852539062
0.08482503890991211
0.07086348533630371
0.05695652961730957
0.04300522804260254
0.029034852981567383
0.1009514331817627
0.09211134910583496
0.08112502098083496
0.06682181358337402
0.05237174034118652
0.037865400314331055
0.10681772232055664
0.10286426544189453
0.08920431137084961
0.07554292678833008
0.053414106369018555
0.03909015655517578
0.02471184730529785
0.09002017974853516
0.07829451560974121
0.08174920082092285
0.06700348854064941
0.052617549896240234
0.03772902488708496
0.10706496238708496
0.08640575408935547
0.07220220565795898
0.06453418731689453
0.050024986267089844
0.0356290340423584
0.020510435104370117
0.08933329582214355
0.07711601257324219
0.06783556938171387
0.053073883056640625
0.047199249267578125
0.031943559646606445
0.10398030281066895
0.08337974548339844
0.0861055850982666
0.07163000106811523
0.05721330642700195
0.04287219047546387
0.0354008674621582
0.0989527702331543
0.0981147289276123
0.0835871696472168
0.06331253051757812
0.04791569709777832
0.03366208076477051
0.10788321495056152
0.08587265014648438
0.07162117958068848
0.07184815406799316
0.057231903076171875
0.04304647445678711
0.02898550033569336
0.09212303161621094
0.07769513130187988
0.07872271537780762
0.06422924995422363
0.0488591194152832
0.03412151336669922
0.11575841903686523
0.09287834167480469
0.07859921455383301
0.06753873825073242
0.053121328353881836
0.037761688232421875
0.023572444915771484
0.09842944145202637
0.07752180099487305
0.07806396484375
0.0636289119720459
0.04899120330810547
0.034635305404663086
0.1074678897857666
0.08655452728271484
0.07216238975524902
0.05843758583068848
0.048943281173706055
0.0345149040222168
0.02939438819885254
0.09662747383117676
0.08486509323120117
0.0699770450592041
0.05637001991271973
0.054836273193359375
0.04037666320800781
0.02613353729248047
0.09542608261108398
0.09408879280090332
0.07935309410095215
0.0651555061340332
0.05050182342529297
0.035981178283691406
0.11728143692016602
0.0924062728881836
0.07815241813659668
0.06380128860473633
0.04965972900390625
0.027928590774536133
0.10612249374389648
0.08314371109008789
0.07004022598266602
0.057376861572265625
0.054164886474609375
0.039801597595214844
0.024645090103149414
0.0950927734375
0.08110499382019043
0.06661558151245117
0.0527193546295166
0.043492794036865234
0.029227733612060547
0.10760259628295898
0.08650040626525879
0.08160805702209473
0.06737136840820312
0.052869558334350586
0.03864002227783203
0.02425980567932129
0.08936715126037598
0.07781410217285156
0.06825089454650879
0.06047391891479492
0.04612898826599121
0.031893014907836914
0.11002254486083984
0.08639240264892578
