0.10977673530578613
0.04566669464111328
0.0669558048248291
0.10854673385620117
0.07724690437316895
0.062386274337768555
0.04990363121032715
0.13812971115112305
0.07916712760925293
0.05299210548400879
0.1952521800994873
0.14966106414794922
0.10498809814453125
0.23750901222229004
0.24840855598449707
0.07662844657897949
0.0640573501586914
0.038339853286743164
0.06508350372314453
0.05708193778991699
0.04838991165161133
0.0690922737121582
0.036982059478759766
0.0889582633972168
0.055866241455078125
0.11833524703979492
0.15943408012390137
0.1025702953338623
0.03811049461364746
0.07134389877319336
0.010656356811523438
0.005953788757324219
0.08385157585144043
0.05099320411682129
0.04459500312805176
0.10350942611694336
0.07268953323364258
0.07479643821716309
0.03008556365966797
0.07466006278991699
0.03451728820800781
0.07018804550170898
0.12806224822998047
0.08512401580810547
0.03551745414733887
0.0888664722442627
0.07364368438720703
0.051998138427734375
0.06599140167236328
0.1250476837158203
0.08373260498046875
0.08643674850463867
0.2736775875091553
0.11151361465454102
0.4664311408996582
0.25437140464782715
0.25566816329956055
0.17065048217773438
0.11271071434020996
0.12488579750061035
0.2619600296020508
0.08984065055847168
0.10008978843688965
0.11083269119262695
0.15053462982177734
0.037125349044799805
0.0544583797454834
0.11531972885131836
0.09085893630981445
0.18586993217468262
0.10373520851135254
0.20923972129821777
0.09510445594787598
0.27729153633117676
0.32877206802368164
0.26611924171447754
0.19599509239196777
0.09475278854370117
0.0938572883605957
0.2072920799255371
0.010849475860595703
0.004701375961303711
0.06466078758239746
0.1046450138092041
0.1782834529876709
0.12058711051940918
0.053503990173339844
0.04932689666748047
0.05660843849182129
0.014726877212524414
0.006134033203125
0.038262128829956055
0.05070996284484863
0.03854250907897949
0.05113029479980469
0.04704451560974121
0.037995338439941406
0.05228376388549805
0.06002616882324219
0.06295108795166016
0.06138896942138672
0.05579185485839844
0.0405886173248291
0.04216408729553223
0.018975257873535156
0.005956888198852539
0.035213470458984375
0.0415802001953125
0.0492703914642334
0.03840327262878418
0.049530744552612305
0.04810309410095215
0.05339789390563965
0.051201820373535156
0.04361128807067871
0.0399477481842041
0.05035400390625
0.04205965995788574
0.036728858947753906
0.049434661865234375
0.008800983428955078
0.009001016616821289
0.03321409225463867
0.0426478385925293
0.0351104736328125
0.04439854621887207
0.044631242752075195
0.05757570266723633
0.05269575119018555
0.04440784454345703
0.05800223350524902
0.04573655128479004
0.037125349044799805
0.050608158111572266
0.041722774505615234
0.05068612098693848
0.0075588226318359375
0.012625694274902344
0.040319204330444336
0.05513930320739746
0.045758962631225586
0.058190107345581055
0.05115151405334473
0.04412674903869629
0.05446338653564453
0.038271427154541016
0.04814720153808594
0.05375170707702637
0.04160785675048828
0.0505223274230957
0.043451786041259766
0.05385231971740723
0.009142637252807617
0.009508132934570312
0.03803682327270508
0.04715991020202637
0.1299753189086914
0.3747682571411133
0.13051772117614746
0.231764554977417
0.13672924041748047
0.2326970100402832
0.17611265182495117
0.15642523765563965
0.2415637969970703
0.2949388027191162
0.40901994705200195
0.16297149658203125
0.29495739936828613
0.00881648063659668
0.009137392044067383
0.2969071865081787
0.2927877902984619
0.15928983688354492
0.3209559917449951
0.4266238212585449
0.1635901927947998
0.29702043533325195
0.2583961486816406
0.2220170497894287
0.1784663200378418
0.09245491027832031
0.0412142276763916
0.046700477600097656
0.04101729393005371
0.055295705795288086
0.010121345520019531
0.005759239196777344
0.03466629981994629
0.04856991767883301
0.042070865631103516
0.04825401306152344
0.0492091178894043
0.05240440368652344
0.03823661804199219
0.05854034423828125
0.05197477340698242
0.04329967498779297
0.09137678146362305
0.06224203109741211
0.054509639739990234
0.010090351104736328
0.0060329437255859375
0.035791635513305664
0.04817795753479004
0.04664754867553711
0.04366612434387207
0.053468942642211914
0.046576499938964844
0.04338812828063965
0.05654120445251465
0.05292510986328125
0.04887819290161133
0.041922807693481445
0.05665922164916992
0.053406476974487305
0.010629653930664062
0.005797386169433594
0.038100481033325195
0.05323982238769531
0.06715917587280273
0.05597114562988281
0.057248830795288086
0.056058406829833984
0.04640793800354004
0.039960384368896484
0.0503687858581543
0.04403424263000488
0.04945731163024902
0.03959369659423828
0.05063605308532715
0.011580944061279297
0.005021333694458008
0.03582763671875
0.05573558807373047
0.049204111099243164
0.03890204429626465
0.04632258415222168
0.055019378662109375
0.04214620590209961
0.05830049514770508
0.04280734062194824
0.03722333908081055
0.04665970802307129
0.04329943656921387
0.040790557861328125
0.008883953094482422
0.00832986831665039
0.035288095474243164
0.05114555358886719
0.04389476776123047
0.03776431083679199
0.04751157760620117
0.043219804763793945
0.05674457550048828
0.04205060005187988
0.05302143096923828
0.04277610778808594
0.06153225898742676
0.06179952621459961
0.05973362922668457
0.009407997131347656
0.009404182434082031
0.03717637062072754
0.05552506446838379
0.048351287841796875
0.05521225929260254
0.05387067794799805
0.04253411293029785
0.051518917083740234
0.043129920959472656
0.03738117218017578
0.049775123596191406
0.045623064041137695
0.05584287643432617
0.05023765563964844
0.00863504409790039
0.005694150924682617
0.03636431694030762
0.05335283279418945
0.04977989196777344
0.047818899154663086
0.044554710388183594
0.05373716354370117
0.05068612098693848
0.04522347450256348
0.055841922760009766
0.04053997993469238
0.05321669578552246
0.04587364196777344
0.05893278121948242
0.020610809326171875
0.012598514556884766
0.04178357124328613
0.06049203872680664
0.05445384979248047
0.04194283485412598
0.05134749412536621
0.04395556449890137
0.04173612594604492
0.053724050521850586
0.046356201171875
0.045282840728759766
0.03936457633972168
0.05645489692687988
0.053136348724365234
0.008170843124389648
0.01817607879638672
0.03844952583312988
0.04578685760498047
0.037955284118652344
0.05327248573303223
0.049753665924072266
0.04309821128845215
0.053983211517333984
0.05023837089538574
0.04323434829711914
0.03858041763305664
0.03499031066894531
0.048352956771850586
0.047258615493774414
0.006751298904418945
0.00522923469543457
0.03691554069519043
0.05669403076171875
0.05067181587219238
0.06182265281677246
0.0538020133972168
0.04844474792480469
0.04252266883850098
0.0493319034576416
0.0371096134185791
0.03999924659729004
0.05013227462768555
0.04515957832336426
0.041573286056518555
0.05904388427734375
0.020264148712158203
0.017090559005737305
0.037851572036743164
0.04898667335510254
0.042252540588378906
0.05548405647277832
0.05266118049621582
0.04807567596435547
0.0431826114654541
0.042615413665771484
0.0397038459777832
0.047728776931762695
0.06667828559875488
0.057247161865234375
0.047722816467285156
0.010541439056396484
0.007741689682006836
0.03786039352416992
0.053048133850097656
0.05110597610473633
0.03966879844665527
0.05194258689880371
0.05170130729675293
0.0481569766998291
0.04327058792114258
0.052490234375
0.04187798500061035
0.0537416934967041
0.04899430274963379
0.048976898193359375
0.011826753616333008
0.005464792251586914
0.03770804405212402
0.04917597770690918
0.042194366455078125
0.039270877838134766
0.05289793014526367
0.04790306091308594
0.04794144630432129
0.045386314392089844
0.037378549575805664
0.04397726058959961
0.0345458984375
0.04783129692077637
0.03785872459411621
0.007388114929199219
0.005370140075683594
0.03531002998352051
0.04698324203491211
0.04266071319580078
0.05693387985229492
0.05121493339538574
0.06158733367919922
0.043581485748291016
0.049352407455444336
0.042604923248291016
0.04567384719848633
0.04764223098754883
0.05033612251281738
0.0489497184753418
0.010145187377929688
0.005751609802246094
0.03991246223449707
0.046770334243774414
0.04522252082824707
0.04312467575073242
0.049471139907836914
0.045334815979003906
0.060019731521606445
0.05036354064941406
0.04667019844055176
0.04519176483154297
0.05613517761230469
0.04274630546569824
0.05426740646362305
0.0043849945068359375
0.006552934646606445
0.03954195976257324
0.04544711112976074
0.05939030647277832
0.04982328414916992
0.042464494705200195
0.049922943115234375
0.044821977615356445
0.041942596435546875
0.05525374412536621
0.05522894859313965
0.05297207832336426
0.04510140419006348
0.057639360427856445
0.01515650749206543
0.007930755615234375
0.04008936882019043
0.05175280570983887
0.05523085594177246
0.042960166931152344
0.06652665138244629
0.06051325798034668
0.050813913345336914
0.043581247329711914
0.040357351303100586
0.05290532112121582
0.05399680137634277
0.04868817329406738
0.041693925857543945
0.025124549865722656
0.006683826446533203
0.040755510330200195
0.051779985427856445
0.05162405967712402
0.05157876014709473
0.06953048706054688
0.06932997703552246
0.05367136001586914
0.038221120834350586
0.042958736419677734
0.052405357360839844
0.047577857971191406
0.03909158706665039
0.052068471908569336
0.007155179977416992
0.0072956085205078125
0.03754734992980957
0.053235530853271484
0.042496442794799805
0.05129122734069824
0.04076719284057617
0.0500643253326416
0.04583573341369629
0.04234194755554199
0.04369044303894043
0.05548810958862305
0.04372358322143555
0.036734819412231445
0.052802085876464844
0.05150485038757324
0.006742000579833984
0.004736423492431641
0.0366666316986084
0.04518723487854004
0.04321026802062988
0.05924272537231445
0.05594468116760254
0.04713940620422363
0.04618501663208008
0.053811073303222656
0.0375065803527832
0.04961895942687988
0.042083024978637695
0.052728891372680664
0.054636478424072266
0.0070362091064453125
0.008867979049682617
0.03490424156188965
0.04516100883483887
0.04231071472167969
0.03668069839477539
0.049817800521850586
0.04306650161743164
0.05431699752807617
0.05371260643005371
0.04906177520751953
0.04317069053649902
0.041288137435913086
0.053948402404785156
0.04622006416320801
0.007735490798950195
0.007715940475463867
0.03754425048828125
0.04580092430114746
0.05007791519165039
0.04738664627075195
0.04756307601928711
0.06772804260253906
0.05261945724487305
0.04956865310668945
0.05260443687438965
0.053420066833496094
0.10061979293823242
0.04123950004577637
0.044954776763916016
0.058011531829833984
0.015045642852783203
0.007863283157348633
0.04329204559326172
0.05035138130187988
0.040429115295410156
0.0505673885345459
0.03937578201293945
0.04596853256225586
0.04045462608337402
0.04967212677001953
0.09034490585327148
0.04403877258300781
0.04956650733947754
0.05279040336608887
0.048090219497680664
0.007820606231689453
0.006306886672973633
0.037807464599609375
0.05027031898498535
0.05461597442626953
0.044489145278930664
0.051041364669799805
0.05006098747253418
0.03070664405822754
0.06691789627075195
0.036370038986206055
0.047514915466308594
0.04601407051086426
0.04087114334106445
0.054053544998168945
0.04620814323425293
0.006538867950439453
0.009198427200317383
0.036160945892333984
0.04642510414123535
0.046097517013549805
0.04388713836669922
0.05862140655517578
0.04923510551452637
0.05121898651123047
0.048580169677734375
0.042276620864868164
0.05281543731689453
0.04478049278259277
0.054538726806640625
0.03680992126464844
0.04310727119445801
0.0170285701751709
0.005813121795654297
0.03813648223876953
0.04665255546569824
0.03919029235839844
0.0591130256652832
0.05159568786621094
0.046530723571777344
0.04000973701477051
0.045461177825927734
0.052384138107299805
0.0496823787689209
0.04909229278564453
0.03768587112426758
0.04925417900085449
0.009278059005737305
0.009150266647338867
0.06462311744689941
0.04591679573059082
0.049100399017333984
0.05616497993469238
0.04141736030578613
0.04158473014831543
0.05392169952392578
0.04976916313171387
0.0452423095703125
0.04094386100769043
0.035353660583496094
0.04734039306640625
0.04613041877746582
0.006104469299316406
0.009414196014404297
0.03957700729370117
0.04975438117980957
0.04747772216796875
0.042099714279174805
0.061797380447387695
0.05739736557006836
0.046201467514038086
0.05693674087524414
0.04319334030151367
0.05078625679016113
0.03994464874267578
0.056345462799072266
0.050881385803222656
0.008407831192016602
0.006879329681396484
0.03967118263244629
0.05015683174133301
0.04839825630187988
0.04021048545837402
0.04954719543457031
0.0418853759765625
0.05320334434509277
0.044362783432006836
0.05820274353027344
0.05373668670654297
0.04625129699707031
0.05655407905578613
0.04810070991516113
0.04954957962036133
0.005751609802246094
0.007236480712890625
0.038038015365600586
0.04763484001159668
0.03842949867248535
0.0449061393737793
0.04499363899230957
0.05840301513671875
0.05065560340881348
0.037427425384521484
0.04928159713745117
0.047789573669433594
0.0559544563293457
0.04985618591308594
0.04218935966491699
0.07783031463623047
0.0255434513092041
0.007004261016845703
0.04224109649658203
0.04860639572143555
0.05652427673339844
0.04854893684387207
0.05156660079956055
0.04236960411071777
0.054288625717163086
0.0482792854309082
0.04607439041137695
0.046645402908325195
0.052811622619628906
0.04761815071105957
0.0499112606048584
0.06101632118225098
0.006384611129760742
0.00858306884765625
0.03923487663269043
0.05460834503173828
0.036170244216918945
0.044829368591308594
0.037752389907836914
0.04708981513977051
0.04356670379638672
0.04957079887390137
0.04496121406555176
0.03746604919433594
0.05115056037902832
0.05656242370605469
0.20077180862426758
0.13533353805541992
0.019137144088745117
0.03898978233337402
0.04622387886047363
0.039483070373535156
0.04158973693847656
0.045928239822387695
0.0609278678894043
0.049909114837646484
0.04736018180847168
0.041112422943115234
0.05614495277404785
0.050699472427368164
0.04416680335998535
0.054906368255615234
0.010885477066040039
0.011896610260009766
0.03976321220397949
0.04753518104553223
0.04246020317077637
0.04522848129272461
0.05103468894958496
0.04573988914489746
0.040651559829711914
0.05044746398925781
0.04767107963562012
0.03411388397216797
0.04483962059020996
0.043660879135131836
0.05296015739440918
0.041074275970458984
0.005753755569458008
0.006654024124145508
0.036788225173950195
0.044268131256103516
0.05241060256958008
0.04225897789001465
0.04279661178588867
0.05365133285522461
0.04850888252258301
0.05523967742919922
0.046205997467041016
0.056975364685058594
0.0422062873840332
0.048625946044921875
0.04069876670837402
0.05574369430541992
0.008661985397338867
0.006293773651123047
0.03457474708557129
0.043450355529785156
0.03846144676208496
0.054958343505859375
0.055902719497680664
0.05242776870727539
0.04619336128234863
0.059865474700927734
0.04339289665222168
0.047634124755859375
0.037505149841308594
0.04824018478393555
0.05910158157348633
0.054991722106933594
0.010837793350219727
0.007530689239501953
0.0383448600769043
0.04720878601074219
0.052872419357299805
0.046488046646118164
0.04047822952270508
0.06438350677490234
0.05432724952697754
0.05395984649658203
0.052863359451293945
0.06660008430480957
0.0592954158782959
0.05776786804199219
0.0748300552368164
0.025575876235961914
0.03329300880432129
0.04498028755187988
0.0559844970703125
0.057161569595336914
0.06127786636352539
0.05080604553222656
0.040166616439819336
0.055167198181152344
0.027299165725708008
0.04856443405151367
0.06572890281677246
0.05850338935852051
0.0480039119720459
0.058673858642578125
0.047533512115478516
0.008484125137329102
0.009235143661499023
0.03920340538024902
0.05442357063293457
0.04460287094116211
0.04818248748779297
0.06581521034240723
0.04488062858581543
0.043695926666259766
0.0607304573059082
0.0563504695892334
0.046984195709228516
0.05315279960632324
0.04638504981994629
0.05521035194396973
0.05877542495727539
0.006012678146362305
0.021664142608642578
0.03797268867492676
0.058728694915771484
0.04583740234375
0.05610394477844238
0.043706655502319336
0.041139841079711914
0.11346888542175293
0.028821706771850586
0.17793798446655273
0.04848003387451172
0.03963732719421387
0.053154945373535156
0.041983604431152344
0.05388975143432617
0.04335737228393555
0.05353689193725586
0.05073690414428711
0.06168007850646973
0.014366626739501953
0.004867076873779297
0.03466391563415527
0.0500798225402832
0.0460209846496582
0.05873560905456543
0.058525800704956055
0.05009770393371582
0.040550947189331055
0.043718576431274414
0.044159650802612305
0.0576786994934082
0.057214975357055664
0.05710768699645996
0.05330014228820801
0.010799646377563477
0.009485006332397461
0.05412626266479492
0.05903196334838867
0.042733192443847656
0.050865888595581055
0.05021953582763672
0.060970306396484375
0.05317854881286621
0.04965353012084961
0.04816746711730957
0.05286884307861328
0.0469202995300293
0.04424452781677246
0.05226469039916992
0.00815439224243164
0.007699728012084961
0.0430293083190918
0.05546236038208008
0.04870486259460449
0.04333138465881348
0.050443410873413086
0.04064178466796875
0.04943418502807617
0.0706171989440918
0.05096268653869629
0.03678727149963379
0.04823112487792969
0.046393632888793945
0.04255938529968262
0.06067991256713867
0.012648820877075195
0.00859832763671875
0.03670477867126465
0.05675530433654785
0.05099844932556152
0.05800652503967285
0.05126214027404785
0.037988901138305664
0.04865527153015137
0.0419766902923584
0.05119156837463379
0.041651248931884766
0.050276756286621094
0.04601478576660156
0.04309415817260742
0.0576632022857666
0.005229949951171875
0.006525993347167969
0.03455162048339844
0.041954994201660156
0.053891658782958984
0.04502987861633301
0.05840897560119629
0.055039405822753906
0.05552339553833008
0.04625511169433594
0.03788137435913086
0.051831722259521484
0.0404658317565918
0.054506540298461914
0.04265785217285156
0.05072426795959473
0.007416486740112305
0.00538182258605957
0.03376054763793945
0.044550418853759766
0.0449371337890625
0.041768789291381836
0.05440545082092285
0.04479360580444336
0.03645062446594238
0.04755353927612305
0.04382491111755371
0.050440311431884766
0.046045780181884766
0.03970074653625488
0.0491945743560791
0.009788751602172852
0.013534307479858398
0.03901815414428711
0.04642009735107422
0.038559913635253906
0.16358137130737305
0.12577438354492188
0.03921008110046387
0.04859638214111328
0.03789234161376953
0.0487065315246582
0.04356551170349121
0.038541555404663086
0.05610513687133789
0.040883779525756836
0.006778717041015625
0.006171226501464844
0.0348968505859375
0.04491591453552246
0.06690382957458496
0.05450081825256348
0.04632854461669922
0.0583956241607666
0.052667856216430664
0.05068492889404297
0.04910635948181152
0.06496119499206543
0.05400347709655762
0.04670262336730957
0.057039737701416016
0.0452268123626709
0.015543222427368164
0.0059511661529541016
0.043328285217285156
0.04769086837768555
0.03835606575012207
0.04954791069030762
0.048880815505981445
0.06264066696166992
0.05793619155883789
0.05116701126098633
0.05563187599182129
0.058205604553222656
0.05496525764465332
0.05443859100341797
0.04164552688598633
0.017043113708496094
0.01751232147216797
0.04377150535583496
0.05253171920776367
0.043822526931762695
0.05806899070739746
0.050661563873291016
0.04563307762145996
0.052838802337646484
0.04076814651489258
0.06613302230834961
0.06299996376037598
0.05180478096008301
0.04350018501281738
0.040329933166503906
0.006752729415893555
0.006358623504638672
0.04147768020629883
0.05270123481750488
0.05404543876647949
0.05335497856140137
0.051601409912109375
0.04358482360839844
0.03852534294128418
0.05154728889465332
0.04977893829345703
0.04851531982421875
0.05011177062988281
0.0470278263092041
0.04219818115234375
0.0132293701171875
0.006367921829223633
0.04180288314819336
0.056731462478637695
0.04856371879577637
0.05822396278381348
0.05558180809020996
0.038947105407714844
0.04685616493225098
0.04261469841003418
0.04864168167114258
0.0442347526550293
0.04977726936340332
0.04201817512512207
0.05496692657470703
0.06016039848327637
0.00567936897277832
0.008703470230102539
0.04061388969421387
0.04802060127258301
0.03945517539978027
0.05008864402770996
0.050746917724609375
0.07635784149169922
0.06326675415039062
0.05133247375488281
0.06399965286254883
0.03835725784301758
0.04810452461242676
0.04129385948181152
0.05156874656677246
0.03635764122009277
0.0068013668060302734
0.017508506774902344
0.03928995132446289
0.047235965728759766
0.04384875297546387
0.07209277153015137
0.03980064392089844
0.04447293281555176
0.05678558349609375
0.051119327545166016
0.047380685806274414
0.046389102935791016
0.06004953384399414
0.046700239181518555
0.06216073036193848
0.05694580078125
0.007294654846191406
0.009243488311767578
0.0375521183013916
0.0481874942779541
0.042722225189208984
0.05410885810852051
0.047287940979003906
0.03701043128967285
0.046262264251708984
0.052387237548828125
0.03930950164794922
0.04719185829162598
0.04163956642150879
0.05338168144226074
0.04819989204406738
0.061110734939575195
0.014050006866455078
0.007394552230834961
0.035695552825927734
0.047075748443603516
0.04676532745361328
0.06424212455749512
0.05311942100524902
0.05170083045959473
0.044473886489868164
0.05573320388793945
0.04765963554382324
0.04167008399963379
0.0357813835144043
0.04846048355102539
0.04433488845825195
0.01596355438232422
0.009732961654663086
0.04195356369018555
0.051802635192871094
0.0436556339263916
0.04198884963989258
0.04410290718078613
0.05647683143615723
0.05062699317932129
0.0447995662689209
0.05000782012939453
0.03777766227722168
0.0487818717956543
0.042166948318481445
0.0521852970123291
0.006529331207275391
0.008390188217163086
0.03913426399230957
0.05214715003967285
0.05335831642150879
0.044172048568725586
0.05467987060546875
0.042307376861572266
0.04886007308959961
0.0363764762878418
0.04330015182495117
0.05131268501281738
0.05553102493286133
0.04075026512145996
0.05293726921081543
0.04226183891296387
0.01703500747680664
0.008041620254516602
0.03856945037841797
0.04355168342590332
0.05280447006225586
0.05959129333496094
0.050927162170410156
0.05577349662780762
0.04640936851501465
0.0421295166015625
0.05332493782043457
0.05062675476074219
0.04600834846496582
0.055258750915527344
0.05227994918823242
0.04520368576049805
0.00905752182006836
0.006975650787353516
0.03502798080444336
0.04752802848815918
0.03918290138244629
0.04904341697692871
0.04097914695739746
0.03515887260437012
0.047106027603149414
0.038927316665649414
0.044951438903808594
0.03792738914489746
0.04967069625854492
0.0431063175201416
0.038281917572021484
0.05340433120727539
0.009320735931396484
0.006016731262207031
0.03525042533874512
0.04876589775085449
0.03601717948913574
0.055995941162109375
0.060297250747680664
0.05416464805603027
0.04817676544189453
0.03882789611816406
0.042638540267944336
0.04158592224121094
0.0575716495513916
0.04495096206665039
0.054819583892822266
0.0502781867980957
0.008367538452148438
0.008423805236816406
0.037322044372558594
0.04813218116760254
0.06647968292236328
0.053926706314086914
0.04242134094238281
0.05412554740905762
0.0415959358215332
0.05153179168701172
0.04717230796813965
0.046112060546875
0.04015851020812988
0.05221962928771973
0.05126023292541504
0.007670402526855469
0.01037907600402832
0.03684258460998535
0.048395395278930664
0.05583500862121582
0.04721856117248535
0.03881192207336426
0.05107855796813965
0.04611563682556152
0.06159090995788574
0.05129861831665039
0.047788381576538086
0.0606842041015625
0.053322792053222656
0.04034018516540527
0.04896068572998047
0.007265567779541016
0.0075893402099609375
0.04032492637634277
0.057916879653930664
0.05138587951660156
0.046932220458984375
0.03847146034240723
0.0434260368347168
0.05559682846069336
0.04771566390991211
0.04288601875305176
0.056104421615600586
0.04890704154968262
0.04046750068664551
0.05287814140319824
0.008808135986328125
0.008867263793945312
0.03943324089050293
0.04317831993103027
0.04730820655822754
0.056902170181274414
0.05589461326599121
0.05002450942993164
0.04365181922912598
0.05715179443359375
0.03986763954162598
0.05601954460144043
0.047255754470825195
0.047557830810546875
0.059736013412475586
0.05225515365600586
0.00739288330078125
0.013982057571411133
0.04191160202026367
0.05269193649291992
0.05078005790710449
0.04912519454956055
0.04495406150817871
0.04018688201904297
0.049269914627075195
0.04121804237365723
0.04701852798461914
0.03731679916381836
0.04814434051513672
0.04287838935852051
0.05033683776855469
0.008225202560424805
0.009505748748779297
0.0349423885345459
0.04609966278076172
0.03982377052307129
0.052985429763793945
0.04970383644104004
0.049314022064208984
0.04287552833557129
0.04610466957092285
0.0629270076751709
0.05996870994567871
0.056943416595458984
0.044388771057128906
0.05806112289428711
0.009337902069091797
0.009202957153320312
0.036316633224487305
0.04815340042114258
0.051372528076171875
0.049987077713012695
0.05302572250366211
0.04653191566467285
0.04339027404785156
0.04313468933105469
0.05460786819458008
0.053061723709106445
0.037860870361328125
0.042394161224365234
0.054999589920043945
0.046743154525756836
0.010173320770263672
0.0072286128997802734
0.03772544860839844
0.07513761520385742
0.03648257255554199
0.05321645736694336
0.05250382423400879
0.041550397872924805
0.056696176528930664
0.05434989929199219
0.1083524227142334
0.03623557090759277
0.045462846755981445
0.055554866790771484
0.04951739311218262
0.043710947036743164
0.052440643310546875
0.010885477066040039
0.011989116668701172
0.041684627532958984
0.051129817962646484
0.04941153526306152
0.04321861267089844
0.06341409683227539
0.0505831241607666
0.05756711959838867
0.04967141151428223
0.045654296875
0.05359458923339844
0.04856991767883301
0.04443359375
0.043082237243652344
0.017880916595458984
0.006088733673095703
0.03806352615356445
0.051363229751586914
0.04853367805480957
0.06669116020202637
0.0624847412109375
0.054868221282958984
0.0555264949798584
0.05151557922363281
0.040416717529296875
0.05020928382873535
0.04201102256774902
0.048738718032836914
0.04532003402709961
0.02068805694580078
0.006949424743652344
0.037516117095947266
0.04634451866149902
0.04618096351623535
0.056676626205444336
0.05155467987060547
0.04942440986633301
0.047896385192871094
0.04419827461242676
0.05128121376037598
0.038767099380493164
0.05890369415283203
0.05518007278442383
0.03981518745422363
0.05321192741394043
0.009067535400390625
0.008012056350708008
0.03939056396484375
0.0485689640045166
0.04859209060668945
0.04340052604675293
0.05646467208862305
0.05128121376037598
0.04424619674682617
0.060158491134643555
0.05078244209289551
0.04341602325439453
0.03620004653930664
0.05121302604675293
0.04825139045715332
0.012724637985229492
0.006097555160522461
0.03603768348693848
0.04381752014160156
0.05631613731384277
0.04542374610900879
0.042939186096191406
0.06869721412658691
0.05819225311279297
0.040930986404418945
0.05023598670959473
0.039565324783325195
0.04565787315368652
0.04354429244995117
0.037732601165771484
0.05338096618652344
0.007013082504272461
0.007118701934814453
0.03630208969116211
0.052785634994506836
0.04966926574707031
0.0442655086517334
0.03887820243835449
0.05141878128051758
0.04828929901123047
0.04600024223327637
0.0457460880279541
0.04314160346984863
0.042238473892211914
0.0569305419921875
0.05081987380981445
0.010733366012573242
0.005243778228759766
0.03786754608154297
0.04595637321472168
0.04404187202453613
0.056699275970458984
0.055197954177856445
0.03901505470275879
0.06481361389160156
0.06358861923217773
0.05252647399902344
0.057881832122802734
0.04523777961730957
0.04039192199707031
0.04927206039428711
0.008563995361328125
0.007691383361816406
0.04122495651245117
0.05722618103027344
0.04625892639160156
0.05111861228942871
0.04369163513183594
0.055536746978759766
0.047525882720947266
0.040474653244018555
0.0482330322265625
0.03916144371032715
0.047326087951660156
0.04896903038024902
0.057335853576660156
0.04195284843444824
0.01223301887512207
0.008130788803100586
0.03169083595275879
0.042163848876953125
0.05337190628051758
0.04965710639953613
0.04050803184509277
0.05095934867858887
0.04530525207519531
0.046193599700927734
0.05024075508117676
0.0491030216217041
0.04222869873046875
0.055521488189697266
0.04766416549682617
0.044148921966552734
0.013738870620727539
0.008013248443603516
0.034924983978271484
0.04166746139526367
0.04812479019165039
0.04318714141845703
0.05568718910217285
0.054047346115112305
0.04691910743713379
0.04101705551147461
0.03668808937072754
0.04721879959106445
0.047167301177978516
0.060212135314941406
0.051160335540771484
0.011866331100463867
0.00736546516418457
0.038568735122680664
0.05140352249145508
0.04352998733520508
0.07247567176818848
0.055109262466430664
0.05397152900695801
0.058768510818481445
0.034525156021118164
0.047467947006225586
0.04315638542175293
0.05151224136352539
0.03986954689025879
0.052107810974121094
0.04415750503540039
0.01589798927307129
0.008247852325439453
0.03355598449707031
0.050101518630981445
0.0581822395324707
0.043059587478637695
0.05262017250061035
0.0490114688873291
0.0426943302154541
0.03711414337158203
0.05261707305908203
0.050844669342041016
0.04020047187805176
0.05126309394836426
0.04719996452331543
0.007902383804321289
0.006932735443115234
0.12984538078308105
0.23719239234924316
0.23522377014160156
0.13451290130615234
0.12838244438171387
0.1296241283416748
0.12000417709350586
0.18822169303894043
0.15017437934875488
0.15435099601745605
0.16603875160217285
0.10579276084899902
0.17297697067260742
0.007109165191650391
0.004273176193237305
0.2946639060974121
0.48726916313171387
0.49101948738098145
1.9574596881866455
