0.009104013442993164
0.03791618347167969
0.05405163764953613
0.05420684814453125
0.04875636100769043
0.04337286949157715
0.054473161697387695
0.04768514633178711
0.044567108154296875
0.05493521690368652
0.05192708969116211
0.05200076103210449
0.04075264930725098
0.039615631103515625
0.008840084075927734
0.024021387100219727
0.03488588333129883
0.03674054145812988
0.04851078987121582
0.04329657554626465
0.03915214538574219
0.03895401954650879
0.04925107955932617
0.0431523323059082
0.041707754135131836
0.037244319915771484
0.034758567810058594
0.04988741874694824
0.04686379432678223
0.007133960723876953
0.006823301315307617
0.03325653076171875
0.0467073917388916
0.04257512092590332
0.04804706573486328
0.04087710380554199
0.04065227508544922
0.03584146499633789
0.0467071533203125
0.04330754280090332
0.0467381477355957
0.03963303565979004
0.036208152770996094
0.04715442657470703
0.007831335067749023
0.010416269302368164
0.035125017166137695
0.04520225524902344
0.0388181209564209
0.05385303497314453
0.05029439926147461
0.04263186454772949
0.03925657272338867
0.036561012268066406
0.0351104736328125
0.0486905574798584
0.045252323150634766
0.047521114349365234
0.04385662078857422
0.006554365158081055
0.007062196731567383
0.03411698341369629
0.04822492599487305
0.04334664344787598
0.038207292556762695
0.03465914726257324
0.04486370086669922
0.04043459892272949
0.035231590270996094
0.04869246482849121
0.05056476593017578
0.04749870300292969
0.04405498504638672
0.03912067413330078
0.009438037872314453
0.008709192276000977
0.03507351875305176
0.046401023864746094
0.04100322723388672
0.04140830039978027
0.03306269645690918
0.04422450065612793
0.041754961013793945
0.03858637809753418
0.0511319637298584
0.04893302917480469
0.049237966537475586
0.04756450653076172
0.04405927658081055
0.008504152297973633
0.0077626705169677734
0.032003164291381836
0.04258084297180176
0.03887128829956055
0.03844261169433594
0.04761815071105957
0.04800224304199219
0.044046640396118164
0.0386967658996582
0.03547811508178711
0.04854011535644531
0.046860456466674805
0.042414188385009766
0.03740429878234863
0.007632017135620117
0.007477760314941406
0.034598350524902344
0.04264688491821289
0.04087066650390625
0.03819608688354492
0.03620505332946777
0.04634284973144531
0.04043388366699219
0.045014142990112305
0.043168067932128906
0.0393519401550293
0.035834550857543945
0.04998350143432617
0.04863309860229492
0.005917787551879883
0.008049726486206055
0.036121368408203125
0.05086541175842285
0.04982399940490723
0.04543900489807129
0.04081606864929199
0.03883934020996094
0.03851056098937988
0.03737378120422363
0.04380917549133301
0.03962302207946777
0.04971933364868164
0.04890751838684082
0.04210638999938965
0.007965087890625
0.005639791488647461
0.034557342529296875
0.04791450500488281
0.0459287166595459
0.04070615768432617
0.03405952453613281
0.04553699493408203
0.04378938674926758
0.039836883544921875
0.0494847297668457
0.04613924026489258
0.04494309425354004
0.03735828399658203
0.049736976623535156
0.006650209426879883
0.007519960403442383
0.03336763381958008
0.03938698768615723
0.05181884765625
0.04803037643432617
0.0431675910949707
0.03782463073730469
0.04880475997924805
0.043359994888305664
0.039566993713378906
0.03708958625793457
0.04839277267456055
0.04311037063598633
0.03952813148498535
0.014319181442260742
0.006261348724365234
0.03621673583984375
0.04705190658569336
0.04107260704040527
0.04108119010925293
0.042678117752075195
0.04906153678894043
0.04638481140136719
0.0472567081451416
0.049796342849731445
0.05297684669494629
0.04512166976928711
0.04456019401550293
0.006017208099365234
0.005216360092163086
0.03318595886230469
0.042412519454956055
0.038565635681152344
0.039476871490478516
0.03856635093688965
0.04936981201171875
0.04339289665222168
0.041773319244384766
0.03729128837585449
0.04797554016113281
0.04847311973571777
0.04450702667236328
0.043329477310180664
0.004696846008300781
0.005827665328979492
0.03235459327697754
0.04725170135498047
0.04001307487487793
0.04144096374511719
0.03997659683227539
0.042073965072631836
0.038599491119384766
0.036627769470214844
0.04849958419799805
0.04365205764770508
0.04398488998413086
0.0366058349609375
0.05080866813659668
0.007060050964355469
0.005621433258056641
0.0348358154296875
0.04381918907165527
0.04332590103149414
0.04298257827758789
0.036957740783691406
0.05001378059387207
0.04877209663391113
0.048688650131225586
0.0433807373046875
0.03762650489807129
0.05062103271484375
0.04894614219665527
0.038404226303100586
0.011179685592651367
0.004960536956787109
0.03407430648803711
0.04665541648864746
0.041587114334106445
0.04295492172241211
0.04182553291320801
0.03844618797302246
0.03580188751220703
0.03600025177001953
0.035639286041259766
0.0478212833404541
0.04620361328125
0.04579329490661621
0.0036742687225341797
0.006415843963623047
0.03372907638549805
0.045136213302612305
0.0393369197845459
0.03667020797729492
0.047057151794433594
0.0452730655670166
0.04549765586853027
0.044667720794677734
0.03978586196899414
0.017732620239257812
0.047904253005981445
0.04121541976928711
0.037366628646850586
0.009672164916992188
0.00571441650390625
0.034589529037475586
0.04762554168701172
0.04316425323486328
0.04404711723327637
0.0394284725189209
0.05028557777404785
0.04905366897583008
0.0438995361328125
0.03848767280578613
0.041193246841430664
0.03806447982788086
0.035631656646728516
0.04886436462402344
0.004830598831176758
0.0070476531982421875
0.03163719177246094
0.044051170349121094
0.04090452194213867
0.03427886962890625
0.04891538619995117
0.04696345329284668
0.0462956428527832
0.04197287559509277
0.03737497329711914
0.033614158630371094
0.04556679725646973
0.04381394386291504
0.04407167434692383
0.007075786590576172
0.006491422653198242
0.030994653701782227
0.040967702865600586
0.036644697189331055
0.04884910583496094
0.04642009735107422
0.04372596740722656
0.04302382469177246
0.04338502883911133
0.038877010345458984
0.05137133598327637
0.04688405990600586
0.03987717628479004
0.03636002540588379
0.005703449249267578
0.008083820343017578
0.03404736518859863
0.04572105407714844
0.041784048080444336
0.039018869400024414
0.03535127639770508
0.05103564262390137
0.05248093605041504
0.05060529708862305
0.04059600830078125
0.03458738327026367
0.04682445526123047
0.04121065139770508
0.036887407302856445
0.008307695388793945
0.0077362060546875
0.03304028511047363
0.046480417251586914
0.04588174819946289
0.040145158767700195
0.03602957725524902
0.04899764060974121
0.041780948638916016
0.041895389556884766
0.04075789451599121
0.052245378494262695
0.04473257064819336
0.041413068771362305
0.03679990768432617
0.00609588623046875
0.006757497787475586
0.03296804428100586
0.04451560974121094
0.04209399223327637
0.039526939392089844
0.03513598442077637
0.04919838905334473
0.04502677917480469
0.040528059005737305
0.05208277702331543
0.049404144287109375
0.04694676399230957
0.05078625679016113
0.04082512855529785
0.007494211196899414
0.01123189926147461
0.03335976600646973
0.04374289512634277
0.041811466217041016
0.03754138946533203
0.05058002471923828
0.04493427276611328
0.03752756118774414
0.04656791687011719
0.038587331771850586
0.03702688217163086
0.04880928993225098
0.04395794868469238
0.04143977165222168
0.011760473251342773
0.00642848014831543
0.03404116630554199
0.0450131893157959
0.03511238098144531
0.05047321319580078
0.046257734298706055
0.04601764678955078
0.040673017501831055
0.035768747329711914
0.04521012306213379
0.04242396354675293
0.04105019569396973
0.03683209419250488
0.049982547760009766
0.007390260696411133
0.007424831390380859
0.0319819450378418
0.03970146179199219
0.036237478256225586
0.05031156539916992
0.04515957832336426
0.037308692932128906
0.0375676155090332
0.04138946533203125
0.03877997398376465
0.03642535209655762
0.04891204833984375
0.04584980010986328
0.04478144645690918
0.005839824676513672
0.006096601486206055
0.03412222862243652
0.042139291763305664
0.03839826583862305
0.035652875900268555
0.050182342529296875
0.049491167068481445
0.047824859619140625
0.046660423278808594
0.043901681900024414
0.03483986854553223
0.0477595329284668
0.045836448669433594
0.03954720497131348
0.008865594863891602
0.007208347320556641
0.03355097770690918
0.04116702079772949
0.036477088928222656
0.047582387924194336
0.051268815994262695
0.0436100959777832
0.042917728424072266
0.03508710861206055
0.04614067077636719
0.04411745071411133
0.04027223587036133
0.03830862045288086
0.05142688751220703
0.008057117462158203
0.0073223114013671875
0.034093379974365234
0.041480302810668945
0.03786969184875488
0.048622846603393555
0.04317951202392578
0.05081605911254883
0.04387474060058594
0.043097496032714844
0.038742780685424805
0.050282955169677734
0.049165964126586914
0.03392529487609863
0.04418158531188965
0.006085872650146484
0.005789041519165039
0.034311771392822266
0.0450282096862793
0.042731523513793945
0.036530256271362305
0.04834413528442383
0.04621243476867676
0.04186058044433594
0.03711295127868652
0.0447843074798584
0.0383753776550293
0.033101797103881836
0.04496932029724121
0.041742563247680664
0.0075299739837646484
0.007557392120361328
0.03244614601135254
0.0430757999420166
0.038628578186035156
0.04839777946472168
0.03931760787963867
0.03782176971435547
0.03515005111694336
0.04623699188232422
0.043027400970458984
0.03807520866394043
0.044310808181762695
0.045473337173461914
0.04811978340148926
0.006635904312133789
0.0058939456939697266
0.2274479866027832
0.1606888771057129
0.025539636611938477
0.0324702262878418
0.041036128997802734
0.04510903358459473
0.04231619834899902
0.049210548400878906
0.05735206604003906
0.10196113586425781
0.03865170478820801
0.02993178367614746
0.04748082160949707
0.03677940368652344
0.04111123085021973
0.03609752655029297
0.01021575927734375
0.009371519088745117
0.0364072322845459
0.045340776443481445
0.0418546199798584
0.0543363094329834
0.05054044723510742
0.046697378158569336
0.03453683853149414
0.04532957077026367
0.03955531120300293
0.03779149055480957
0.036429643630981445
0.04884052276611328
0.04971599578857422
0.009147167205810547
0.0076141357421875
0.047696590423583984
0.044054269790649414
0.04393768310546875
0.0395808219909668
0.04861044883728027
0.0470423698425293
0.04994034767150879
0.04765152931213379
0.04709506034851074
0.046042442321777344
0.04251503944396973
0.03460240364074707
0.049314260482788086
0.009072065353393555
0.005694866180419922
0.03862571716308594
0.03850960731506348
0.049894094467163086
0.04575991630554199
0.03993797302246094
0.03760123252868652
0.046578407287597656
0.043480873107910156
0.036590576171875
0.03970813751220703
0.037833213806152344
0.03695845603942871
0.049718618392944336
0.006487369537353516
0.009914636611938477
0.03526711463928223
0.04723095893859863
0.042000770568847656
0.05170583724975586
0.04884028434753418
0.047920942306518555
0.04448556900024414
0.040251970291137695
0.036307573318481445
0.046953439712524414
0.044248342514038086
0.04261279106140137
0.038997650146484375
0.006231546401977539
0.005842447280883789
0.03452491760253906
0.04603242874145508
0.04776573181152344
0.04418158531188965
0.041445255279541016
0.036893606185913086
0.048177480697631836
0.06363129615783691
0.041330814361572266
0.041403770446777344
0.037961721420288086
0.05074334144592285
0.0471644401550293
0.008673667907714844
0.0076961517333984375
0.03484201431274414
0.047194719314575195
0.04435372352600098
0.039115190505981445
0.050556182861328125
0.04731392860412598
0.04254555702209473
0.0386502742767334
0.048959970474243164
0.04767608642578125
0.0436246395111084
0.0513920783996582
0.04797792434692383
0.0059185028076171875
0.005509853363037109
0.03343701362609863
0.04726004600524902
0.04409027099609375
0.0396265983581543
0.03859138488769531
0.051352500915527344
0.04583406448364258
0.03778338432312012
0.05060720443725586
0.044622182846069336
0.03999495506286621
0.03720498085021973
0.04807853698730469
0.008000850677490234
0.0055124759674072266
0.03534364700317383
0.0432586669921875
0.052631378173828125
0.04727911949157715
0.040823936462402344
0.03673815727233887
0.04788327217102051
0.04509568214416504
0.039818763732910156
0.036960601806640625
0.049973487854003906
0.0452427864074707
0.04236793518066406
0.007294893264770508
0.005607128143310547
0.034414052963256836
0.0422360897064209
0.03811144828796387
0.05101585388183594
0.042803287506103516
0.03675079345703125
0.051605939865112305
0.04444122314453125
0.044310569763183594
0.03590035438537598
0.049024343490600586
0.04315829277038574
0.03961968421936035
0.007573127746582031
0.007029056549072266
0.03433084487915039
0.038919925689697266
0.051757097244262695
0.05681443214416504
0.03814101219177246
0.04996490478515625
0.04649710655212402
0.0406491756439209
0.03851652145385742
0.05080366134643555
0.04498744010925293
0.03928065299987793
0.0511322021484375
0.008667469024658203
0.007546186447143555
0.035149574279785156
0.04699087142944336
0.043419599533081055
0.04855823516845703
0.044144630432128906
0.04084944725036621
0.04256629943847656
0.04041743278503418
0.040158748626708984
0.03744959831237793
0.05160379409790039
0.047574758529663086
0.04666447639465332
0.005503416061401367
0.005215883255004883
0.03335404396057129
0.046765804290771484
0.04241323471069336
0.04110598564147949
0.03794050216674805
0.03852415084838867
0.04990506172180176
0.04484701156616211
0.041788578033447266
0.04133749008178711
0.03402256965637207
0.04610323905944824
0.042252302169799805
0.006929874420166016
0.005459308624267578
0.03310513496398926
0.04567265510559082
0.04268479347229004
0.03777289390563965
0.04788494110107422
0.04600191116333008
0.044443607330322266
0.040216922760009766
0.035381317138671875
0.033730268478393555
0.04769015312194824
0.042101383209228516
0.03443121910095215
0.007075786590576172
0.006412506103515625
0.03121209144592285
0.04030346870422363
0.05175590515136719
0.04268145561218262
0.03773069381713867
0.05026388168334961
0.04430985450744629
0.03933429718017578
0.03354930877685547
0.04931139945983887
0.04794907569885254
0.04668283462524414
0.044812917709350586
0.006306171417236328
0.012126445770263672
0.03090047836303711
0.04479670524597168
0.041866302490234375
0.03962397575378418
0.035242557525634766
0.0499873161315918
0.04036068916320801
0.03950190544128418
0.04882073402404785
0.041118621826171875
0.03515315055847168
0.04711008071899414
0.04425644874572754
0.007991790771484375
0.00574946403503418
0.03702282905578613
0.05172872543334961
0.04265260696411133
0.04124808311462402
0.03674936294555664
0.05261039733886719
0.04667520523071289
0.04227590560913086
0.04358243942260742
0.0429987907409668
0.035562753677368164
0.04950833320617676
0.04033184051513672
0.006773471832275391
0.004777431488037109
0.03271198272705078
0.04277825355529785
0.03733944892883301
0.04935336112976074
0.04976034164428711
0.11549711227416992
0.12883734703063965
0.12646794319152832
0.22504830360412598
0.22642922401428223
0.23114275932312012
0.22841382026672363
0.17111802101135254
0.04978299140930176
0.005986213684082031
0.09103894233703613
0.24708890914916992
0.29108643531799316
0.27485156059265137
0.277301549911499
0.16594457626342773
0.1568889617919922
0.2915468215942383
0.47310566902160645
0.15653681755065918
0.29363059997558594
0.15839576721191406
0.29314517974853516
0.2898123264312744
0.0057220458984375
0.007284641265869141
0.13408756256103516
0.12128138542175293
0.21906399726867676
0.17801618576049805
0.09175610542297363
0.04612851142883301
0.0413973331451416
0.05054759979248047
0.04083609580993652
0.05209207534790039
0.04744577407836914
0.04529142379760742
0.03439927101135254
0.045210838317871094
0.005583047866821289
0.0073795318603515625
0.03271794319152832
0.045120954513549805
0.04229378700256348
0.036569833755493164
0.036355018615722656
0.0463109016418457
0.0438539981842041
0.03891563415527344
0.03687286376953125
0.0361933708190918
0.046573638916015625
0.03876090049743652
0.03936457633972168
0.010423421859741211
0.004617452621459961
0.03322339057922363
0.04290318489074707
0.035544395446777344
0.04959535598754883
0.05051159858703613
0.049416303634643555
0.04491782188415527
0.04373884201049805
0.04520440101623535
0.04665708541870117
0.04407048225402832
0.03945183753967285
0.05337047576904297
0.011421442031860352
0.006097078323364258
0.034564971923828125
0.04738736152648926
0.04476761817932129
0.03995633125305176
0.03464007377624512
0.047115325927734375
0.04179859161376953
0.03784465789794922
0.048178911209106445
0.04403185844421387
0.04100489616394043
0.032937049865722656
0.04748058319091797
0.006766319274902344
0.00585174560546875
0.03431344032287598
0.04795432090759277
0.04103207588195801
0.04132652282714844
0.03740096092224121
0.04916119575500488
0.04723000526428223
0.04130887985229492
0.03844428062438965
0.03591322898864746
0.05003523826599121
0.04361701011657715
0.03840804100036621
0.003947257995605469
0.006561756134033203
0.032376766204833984
0.04408907890319824
0.04252147674560547
0.04976367950439453
0.04663586616516113
0.04790091514587402
0.04396200180053711
0.03990340232849121
0.03865194320678711
0.04858756065368652
0.04566502571105957
0.04260444641113281
0.03646683692932129
0.008682727813720703
0.004861593246459961
0.032684326171875
0.04839920997619629
0.039844512939453125
0.03948211669921875
0.04989361763000488
0.04086446762084961
0.037248849868774414
0.04950118064880371
0.04450082778930664
0.04391908645629883
0.03814840316772461
0.0516667366027832
0.046567678451538086
0.0048062801361083984
0.006173610687255859
0.033087730407714844
0.041825294494628906
0.039206743240356445
0.0388028621673584
0.05105447769165039
0.048824310302734375
0.044124603271484375
0.04316234588623047
0.041750431060791016
0.04150056838989258
0.03410935401916504
0.04886293411254883
0.04549884796142578
0.0060024261474609375
0.006185054779052734
0.034691810607910156
0.046335697174072266
0.04072761535644531
0.05013728141784668
0.045510053634643555
0.045424699783325195
0.043909311294555664
0.04202580451965332
0.03805255889892578
0.04542112350463867
0.04293537139892578
0.03784990310668945
0.05065631866455078
0.0087432861328125
0.005081892013549805
0.03409314155578613
0.04604792594909668
0.04607820510864258
0.04438924789428711
0.04191994667053223
0.038895368576049805
0.0401151180267334
0.03786349296569824
0.04895806312561035
0.043144941329956055
0.042559146881103516
0.040067195892333984
0.053220272064208984
0.005621910095214844
0.0069086551666259766
0.033020734786987305
0.04345965385437012
0.0395200252532959
0.04925179481506348
0.04068279266357422
0.03751850128173828
0.0344088077545166
0.04850268363952637
0.044808149337768555
0.037320852279663086
0.05075979232788086
0.04726982116699219
0.04478335380554199
0.014487028121948242
0.005793333053588867
0.033568382263183594
0.04551577568054199
0.04051542282104492
0.038224220275878906
0.03519749641418457
0.04782605171203613
0.04611778259277344
0.041158199310302734
0.037081003189086914
0.04733085632324219
0.040534019470214844
0.05218863487243652
0.047345876693725586
0.005488395690917969
0.007048130035400391
0.034349679946899414
0.04641294479370117
0.041773080825805664
0.03893899917602539
0.04093575477600098
0.03544783592224121
0.05050826072692871
0.0480036735534668
0.04334211349487305
0.04126739501953125
0.04122352600097656
0.03725910186767578
0.047910451889038086
0.0064313411712646484
0.006895780563354492
0.03658890724182129
0.05200004577636719
0.04546475410461426
0.0420222282409668
0.03915572166442871
0.050208330154418945
0.04785752296447754
0.04313802719116211
0.0434267520904541
0.04060792922973633
0.03738522529602051
0.04848432540893555
0.04282522201538086
0.005408763885498047
0.006408214569091797
0.03562736511230469
0.04698634147644043
0.04171562194824219
0.037995338439941406
0.04955410957336426
0.04289746284484863
0.037946462631225586
0.033156394958496094
0.04808163642883301
0.04509758949279785
0.039269208908081055
0.0370943546295166
0.047769784927368164
0.0066204071044921875
0.006257772445678711
0.034533023834228516
0.04470419883728027
0.039572715759277344
0.03800034523010254
0.03655862808227539
0.04701423645019531
0.04694628715515137
0.04613351821899414
0.04601931571960449
0.04434347152709961
0.03883671760559082
0.03688359260559082
0.0050563812255859375
0.0054476261138916016
0.03400111198425293
0.04541969299316406
0.04297137260437012
0.04385566711425781
0.03815007209777832
0.03722238540649414
0.03470897674560547
0.047669172286987305
0.044173240661621094
0.04220390319824219
0.04171299934387207
0.035947322845458984
0.06418824195861816
0.0066068172454833984
0.006120443344116211
0.035184621810913086
0.04781031608581543
0.046982765197753906
0.04364895820617676
0.040992021560668945
0.040114641189575195
0.036828041076660156
0.04888176918029785
0.04725170135498047
0.03803253173828125
0.04601144790649414
0.03681683540344238
0.04901003837585449
0.003849029541015625
0.0055277347564697266
0.03469252586364746
0.04766702651977539
0.04366469383239746
0.03807401657104492
0.033844709396362305
0.049243927001953125
0.04693150520324707
0.043463945388793945
0.03753209114074707
0.0357813835144043
0.0480806827545166
0.03784489631652832
0.036803245544433594
0.012109994888305664
0.007926464080810547
0.03598833084106445
0.050519466400146484
0.049712181091308594
0.05277276039123535
0.03897595405578613
0.05144524574279785
0.0488433837890625
0.04839277267456055
0.04377150535583496
0.0348210334777832
0.044879913330078125
0.038687944412231445
0.03599381446838379
0.007075071334838867
0.00620722770690918
0.03195691108703613
0.04582834243774414
0.04346346855163574
0.04026532173156738
0.041463375091552734
0.05399036407470703
0.053056955337524414
0.05115866661071777
0.046076059341430664
0.044931650161743164
0.03829479217529297
0.05142688751220703
0.04407024383544922
0.009437322616577148
0.010621070861816406
0.03593873977661133
0.04758501052856445
0.04286050796508789
0.040471792221069336
0.051239013671875
0.0456697940826416
0.04293107986450195
0.03637409210205078
0.045726776123046875
0.03667020797729492
0.04675173759460449
0.0419459342956543
0.03516221046447754
0.010961532592773438
0.005349636077880859
0.03350710868835449
0.040044546127319336
0.037786006927490234
0.05048537254333496
0.04171419143676758
0.03685760498046875
0.0370938777923584
0.04801321029663086
0.043932199478149414
0.039359092712402344
0.03470754623413086
0.04510378837585449
0.04011845588684082
0.005818367004394531
0.007065296173095703
0.03440093994140625
0.04552459716796875
0.04106712341308594
0.03841876983642578
0.03846001625061035
0.03250598907470703
0.045801401138305664
0.0406191349029541
0.04966449737548828
0.04662966728210449
0.0441431999206543
0.037456512451171875
0.05504155158996582
0.01157236099243164
0.006700277328491211
0.03192543983459473
0.04442167282104492
0.03837394714355469
0.05042529106140137
0.046633005142211914
0.038687705993652344
0.03763222694396973
0.05006527900695801
0.0422520637512207
0.03977394104003906
0.035948753356933594
0.04143524169921875
0.04958629608154297
0.005560159683227539
0.006214141845703125
0.0329890251159668
0.04357337951660156
0.03960752487182617
0.049100637435913086
0.04903697967529297
0.046872854232788086
0.042278289794921875
0.03795909881591797
0.051033735275268555
0.046964168548583984
0.04104471206665039
0.048719167709350586
0.04355978965759277
0.0075893402099609375
0.006804704666137695
0.0339505672454834
0.04432320594787598
0.03555870056152344
0.04909539222717285
0.03904366493225098
0.04922747611999512
0.04876518249511719
0.05062508583068848
0.04463815689086914
0.0413053035736084
0.035605430603027344
0.04700589179992676
0.039737701416015625
0.009100675582885742
0.0071909427642822266
0.03538775444030762
0.041229248046875
0.03690981864929199
0.05156087875366211
0.04666471481323242
0.04410886764526367
0.03640317916870117
0.047408103942871094
0.038375139236450195
0.05083608627319336
0.050460100173950195
0.04615306854248047
0.04366111755371094
0.0064525604248046875
0.008136987686157227
0.03494095802307129
0.049684762954711914
0.04361319541931152
0.03921961784362793
0.03580784797668457
0.0490717887878418
0.0517115592956543
0.04906773567199707
0.04396343231201172
0.041940927505493164
0.04025006294250488
0.03727459907531738
0.04881620407104492
0.0053784847259521484
0.005045890808105469
0.03463482856750488
0.04001975059509277
0.04881787300109863
0.039504051208496094
0.03577542304992676
0.049158334732055664
0.04665350914001465
0.04456639289855957
0.04321551322937012
0.04334306716918945
0.04070472717285156
0.03665590286254883
0.03834724426269531
0.006539821624755859
0.00629425048828125
0.03299093246459961
0.04325413703918457
0.04102039337158203
0.0397799015045166
0.038887739181518555
0.03450441360473633
0.04681730270385742
0.043569326400756836
0.04250979423522949
0.03595328330993652
0.049035072326660156
0.0481410026550293
0.046137332916259766
0.007664680480957031
0.006582736968994141
0.035251617431640625
0.04718351364135742
0.043688297271728516
0.041258811950683594
0.039240121841430664
0.04523181915283203
0.04240226745605469
0.039633989334106445
0.036726951599121094
0.0494382381439209
0.048005104064941406
0.044516801834106445
0.039037466049194336
0.010357141494750977
0.008498907089233398
0.034450531005859375
0.045113563537597656
0.04082155227661133
0.04984140396118164
0.04588913917541504
0.03836679458618164
0.03758382797241211
0.04669833183288574
0.042404890060424805
0.03674745559692383
0.04959988594055176
0.04128527641296387
0.035010576248168945
0.006076812744140625
0.00556635856628418
0.03348684310913086
0.043477535247802734
0.03744316101074219
0.0378262996673584
0.05250740051269531
0.049378156661987305
0.04615664482116699
0.04436349868774414
0.04320549964904785
0.041594743728637695
0.05200815200805664
0.05152630805969238
0.04741501808166504
0.006310939788818359
0.00963449478149414
0.03553032875061035
0.04945850372314453
0.04643535614013672
0.043054819107055664
0.04220271110534668
0.036690711975097656
0.03471207618713379
0.05000782012939453
0.04262852668762207
0.04104924201965332
0.03609943389892578
0.04814648628234863
0.04612255096435547
0.0055887699127197266
0.012011051177978516
0.03372073173522949
0.04505181312561035
0.034857749938964844
0.04513096809387207
0.03974127769470215
0.04904747009277344
0.04425930976867676
0.04164695739746094
0.0387880802154541
0.05067563056945801
0.04620552062988281
0.040877580642700195
0.05034232139587402
0.0053098201751708984
0.009513139724731445
0.033904314041137695
0.04508090019226074
0.03944253921508789
0.03383970260620117
0.04468941688537598
0.03904104232788086
0.037856101989746094
0.04961061477661133
0.0478816032409668
0.0417940616607666
0.038819313049316406
0.045469045639038086
0.044210195541381836
0.004889488220214844
0.0065021514892578125
0.0341036319732666
0.04713702201843262
0.04271721839904785
0.041484832763671875
0.038819074630737305
0.05338168144226074
0.04322981834411621
0.03791403770446777
0.050348758697509766
0.04620242118835449
0.04086947441101074
0.03498244285583496
0.044849395751953125
0.005583763122558594
0.005972146987915039
0.03615546226501465
0.04793500900268555
0.045156002044677734
0.035470008850097656
0.04666924476623535
0.040177345275878906
0.03942227363586426
0.03631258010864258
0.0496370792388916
0.06137847900390625
0.04599761962890625
0.03828597068786621
0.04200148582458496
0.013347864151000977
0.004256010055541992
0.032489776611328125
0.042763710021972656
0.03754544258117676
0.05274772644042969
0.03987693786621094
0.036962270736694336
0.03807997703552246
0.047835588455200195
0.04628300666809082
0.04339861869812012
0.04189896583557129
0.036470890045166016
0.04866385459899902
0.005026817321777344
0.0074367523193359375
0.03307843208312988
0.04361724853515625
0.032694101333618164
0.03394126892089844
0.049317359924316406
0.049594879150390625
0.047074079513549805
0.03850746154785156
0.03361988067626953
0.04506039619445801
0.043718576431274414
0.0400242805480957
0.051853179931640625
0.008385896682739258
0.005877971649169922
0.03144216537475586
0.04551815986633301
0.04179668426513672
0.03691887855529785
0.033891916275024414
0.04345083236694336
0.038237571716308594
0.03457045555114746
0.04528379440307617
0.04267716407775879
0.040343284606933594
0.03601503372192383
0.049746036529541016
0.0069217681884765625
0.007317304611206055
0.03457903861999512
0.05001330375671387
0.044907331466674805
0.04042673110961914
0.04075264930725098
0.039986610412597656
0.037378787994384766
0.04700779914855957
0.03941512107849121
0.03466200828552246
0.0499415397644043
0.039336204528808594
0.049477338790893555
0.009975194931030273
0.0065762996673583984
0.034384965896606445
0.045592546463012695
0.044404029846191406
0.04287099838256836
0.041501760482788086
0.03957319259643555
0.03732490539550781
0.04899954795837402
0.049037933349609375
0.04683065414428711
0.04506325721740723
0.044014692306518555
0.0065228939056396484
0.005950450897216797
0.03290605545043945
0.04557371139526367
0.0424196720123291
0.03842616081237793
0.03487563133239746
0.044968366622924805
0.04240608215332031
0.03934979438781738
0.03957486152648926
0.05023527145385742
0.045761823654174805
0.043168067932128906
0.03925919532775879
0.0048253536224365234
0.006650447845458984
0.03406667709350586
0.04258131980895996
0.03722023963928223
0.04910540580749512
0.045743465423583984
0.0425417423248291
0.04285264015197754
0.03779172897338867
0.035660743713378906
0.04685688018798828
0.044528961181640625
0.04004073143005371
0.05005455017089844
0.005764007568359375
0.0064771175384521484
0.03568673133850098
0.04724740982055664
0.04610443115234375
0.04499244689941406
0.0398097038269043
0.05308127403259277
0.04866647720336914
0.04985952377319336
0.046071767807006836
0.046750545501708984
0.039815425872802734
0.03597545623779297
0.04759526252746582
0.007130622863769531
0.005440235137939453
0.03403210639953613
0.04785966873168945
0.042406558990478516
0.038524627685546875
0.036572933197021484
0.050933122634887695
0.047803401947021484
0.046573638916015625
0.041805267333984375
0.03948545455932617
0.03600621223449707
0.049486637115478516
0.04274797439575195
0.012240409851074219
0.005439043045043945
0.03365063667297363
0.044730186462402344
0.04347634315490723
0.051223039627075195
0.04711580276489258
0.04166889190673828
0.04240155220031738
0.04143500328063965
0.05359363555908203
0.04633212089538574
0.04506707191467285
0.042469024658203125
0.03557014465332031
0.008372783660888672
0.0057032108306884766
0.03252148628234863
0.04639029502868652
0.04277753829956055
0.03913307189941406
0.05294489860534668
0.04717588424682617
0.05020880699157715
0.04543495178222656
0.04346513748168945
0.03976130485534668
0.0349276065826416
0.050127267837524414
0.046732187271118164
0.004945278167724609
0.007296085357666016
0.03302502632141113
0.045356035232543945
0.04071378707885742
0.03854537010192871
0.03641319274902344
0.037400245666503906
0.03328967094421387
0.04542994499206543
0.04568219184875488
0.044503211975097656
0.03599691390991211
0.04807782173156738
0.0384371280670166
0.008400678634643555
0.005417346954345703
0.03219270706176758
0.04694390296936035
0.039952754974365234
0.039388418197631836
0.03516387939453125
0.04904770851135254
0.04506039619445801
0.041106224060058594
0.035584449768066406
0.047969818115234375
0.04270505905151367
0.04077720642089844
0.035836219787597656
0.00677490234375
0.00577998161315918
0.03293013572692871
0.03942728042602539
0.0388941764831543
0.05795478820800781
0.04205322265625
0.042143821716308594
0.03737211227416992
0.049256324768066406
0.047866106033325195
0.04626107215881348
0.04553651809692383
0.03797006607055664
0.038229942321777344
0.01063084602355957
0.006085872650146484
0.033902645111083984
0.047231435775756836
0.046370744705200195
0.04327249526977539
0.04005551338195801
0.03931713104248047
0.05070185661315918
0.04907417297363281
0.05010271072387695
0.04779767990112305
0.04459667205810547
0.04188060760498047
0.004612922668457031
0.005400657653808594
0.03374958038330078
0.04750347137451172
0.051036834716796875
0.04212045669555664
0.043003082275390625
0.04073619842529297
0.040709733963012695
0.0549774169921875
0.04871177673339844
0.0472409725189209
0.04779958724975586
0.04595351219177246
0.042542457580566406
0.0058612823486328125
0.004644870758056641
0.03294944763183594
0.046910762786865234
0.04188275337219238
0.03867030143737793
0.05012178421020508
0.04896998405456543
0.045334577560424805
0.0385591983795166
0.051938772201538086
0.04873824119567871
0.04703927040100098
0.04508042335510254
0.044557809829711914
0.006526947021484375
0.005181312561035156
0.03375744819641113
0.044905900955200195
0.04071450233459473
0.034241676330566406
0.04623055458068848
0.03626561164855957
0.04773426055908203
0.04132962226867676
0.035779476165771484
0.0469205379486084
0.05214357376098633
0.04465055465698242
0.050809383392333984
0.0062410831451416016
0.005693674087524414
0.032794952392578125
0.04835987091064453
0.04362058639526367
0.042700767517089844
0.036702632904052734
0.052957773208618164
0.04772472381591797
0.044713735580444336
0.042386531829833984
0.039658546447753906
0.03648805618286133
0.041233062744140625
0.00628662109375
0.0038208961486816406
0.03483867645263672
0.04471397399902344
0.03557848930358887
0.05020403861999512
0.044328927993774414
0.03867793083190918
0.03594326972961426
0.04627656936645508
0.04339098930358887
0.034987449645996094
0.04835677146911621
0.042952775955200195
0.041348934173583984
0.007199764251708984
0.007768869400024414
0.03166651725769043
0.041287899017333984
0.03440713882446289
0.04920625686645508
0.04430246353149414
0.03882408142089844
0.038356781005859375
0.05135917663574219
0.041749000549316406
0.03917670249938965
0.03861880302429199
0.03749203681945801
0.05055642127990723
0.007231235504150391
0.005352973937988281
0.033986568450927734
0.04416322708129883
0.0372922420501709
0.04640793800354004
0.04132652282714844
0.03867006301879883
0.048441410064697266
0.043092966079711914
0.0401148796081543
0.03630661964416504
0.04881477355957031
0.04682612419128418
0.04469585418701172
0.006676673889160156
0.006667375564575195
0.03471779823303223
0.043570756912231445
0.039266109466552734
0.049922943115234375
0.04698657989501953
0.04596138000488281
0.04271101951599121
0.039479732513427734
0.050357818603515625
0.04290032386779785
0.04243922233581543
0.04005861282348633
0.03724813461303711
0.006070137023925781
0.005750179290771484
0.03288555145263672
0.04501652717590332
0.0414731502532959
0.03716588020324707
0.05086660385131836
0.04757881164550781
0.042232513427734375
0.04134798049926758
0.039908647537231445
0.03866386413574219
0.04983162879943848
0.04549121856689453
0.043854713439941406
0.005335807800292969
0.007375240325927734
0.032834529876708984
0.04313015937805176
0.03823041915893555
0.04946398735046387
0.04800105094909668
0.044550418853759766
0.04142451286315918
0.03798222541809082
0.04824185371398926
0.04498887062072754
0.043694257736206055
0.03994035720825195
0.05085587501525879
0.008226394653320312
0.00825810432434082
0.032193660736083984
0.04252743721008301
0.03780388832092285
0.05028343200683594
0.04423069953918457
0.040244340896606445
0.04847121238708496
0.04568910598754883
0.04514956474304199
0.03838324546813965
0.050339460372924805
0.054048776626586914
0.05027604103088379
0.005035877227783203
0.006358146667480469
0.03526663780212402
0.04482674598693848
0.04161405563354492
0.040086984634399414
0.05067563056945801
0.046708106994628906
0.049254417419433594
0.04820609092712402
0.04587960243225098
0.041443824768066406
0.048908233642578125
0.04100823402404785
0.03772711753845215
0.01046299934387207
0.0045506954193115234
0.03349637985229492
0.04163336753845215
0.04009580612182617
0.0377652645111084
0.04367709159851074
0.0422518253326416
0.03846263885498047
0.0349581241607666
0.04674124717712402
0.041886091232299805
0.03802680969238281
0.04879283905029297
0.047814369201660156
0.00802469253540039
0.008076190948486328
0.03510022163391113
0.04530477523803711
0.04128861427307129
0.04184317588806152
0.04056882858276367
0.04906129837036133
0.047022104263305664
0.04349565505981445
0.0373227596282959
0.0499269962310791
0.04760265350341797
0.03988194465637207
0.048165082931518555
0.010121345520019531
0.007182598114013672
0.03997302055358887
0.054079532623291016
0.049674034118652344
0.041718244552612305
0.038263797760009766
0.034502506256103516
0.048870086669921875
0.04603862762451172
0.04493975639343262
0.0404353141784668
0.03700661659240723
0.03176116943359375
0.04440450668334961
0.004662513732910156
0.00553131103515625
0.0359039306640625
0.04927182197570801
0.041686058044433594
0.03633999824523926
0.04702496528625488
0.044278860092163086
0.038861751556396484
0.05239987373352051
0.04996919631958008
0.04751181602478027
0.04274249076843262
0.03750133514404297
0.04910778999328613
0.00963735580444336
0.005584239959716797
0.03885030746459961
0.05066561698913574
0.0460054874420166
0.0382685661315918
0.0454106330871582
0.04060506820678711
0.03810858726501465
0.04946446418762207
0.036142587661743164
0.04464888572692871
0.04962778091430664
0.04108786582946777
0.037882328033447266
0.04652261734008789
0.004813194274902344
0.0071446895599365234
0.035041093826293945
0.04874706268310547
0.047127485275268555
0.046001434326171875
0.04373526573181152
0.043770790100097656
0.04136371612548828
0.03536343574523926
0.047463417053222656
0.04510068893432617
0.0397791862487793
0.05247235298156738
0.049750566482543945
0.006385326385498047
0.006335020065307617
0.034512996673583984
0.04210925102233887
0.05222797393798828
0.04820060729980469
0.04205799102783203
0.0446934700012207
0.04059243202209473
0.05086231231689453
0.04804491996765137
0.0453190803527832
0.04211688041687012
0.037882328033447266
0.05133557319641113
0.005956411361694336
0.006312847137451172
0.03408098220825195
0.050241708755493164
0.03725171089172363
0.04758095741271973
0.047896623611450195
0.04227900505065918
0.03726530075073242
0.04705500602722168
0.03725862503051758
0.0354154109954834
0.04910922050476074
0.04378914833068848
0.04095149040222168
0.004153251647949219
0.0052831172943115234
0.03367781639099121
0.04491710662841797
0.03650641441345215
0.04789137840270996
0.04349637031555176
0.040236473083496094
0.037317514419555664
0.05000114440917969
0.04379701614379883
0.038730621337890625
0.03736758232116699
0.03460550308227539
0.04758501052856445
0.006411075592041016
0.00547337532043457
0.033785104751586914
0.04650402069091797
0.042607784271240234
0.03737211227416992
0.049833059310913086
0.04783511161804199
0.04259300231933594
0.039838314056396484
0.03648877143859863
0.04904508590698242
0.04719805717468262
0.04521512985229492
0.0421450138092041
0.0070149898529052734
0.007607460021972656
0.034948110580444336
0.04883933067321777
0.05166125297546387
0.06446218490600586
0.04986691474914551
0.04196763038635254
0.03636431694030762
0.04799389839172363
0.045685529708862305
0.04517936706542969
0.03905916213989258
0.04905843734741211
0.044319868087768555
0.005310773849487305
0.008268117904663086
0.03362083435058594
0.047968149185180664
0.038637399673461914
0.034923553466796875
0.043801069259643555
0.039998769760131836
0.050508737564086914
0.038306474685668945
0.05004382133483887
0.04747939109802246
0.04678750038146973
0.043347835540771484
0.03525829315185547
0.007992267608642578
0.005672931671142578
0.03428006172180176
0.046098947525024414
0.04619002342224121
0.05269169807434082
0.04118704795837402
0.05201244354248047
0.05385589599609375
0.043096065521240234
0.037587881088256836
0.05256485939025879
0.04784965515136719
0.04450535774230957
0.03983807563781738
0.005936622619628906
0.007192134857177734
0.033815860748291016
0.04681992530822754
0.043982744216918945
0.03675413131713867
0.053057193756103516
0.04950404167175293
0.04609203338623047
0.04285025596618652
0.040413856506347656
0.03667879104614258
0.04618954658508301
0.03798079490661621
0.04903268814086914
0.006863594055175781
0.005862712860107422
0.03382611274719238
0.04492640495300293
0.03872346878051758
0.04981040954589844
0.04865241050720215
0.04852485656738281
0.04492950439453125
0.041063785552978516
0.036336421966552734
0.04443860054016113
0.03988027572631836
0.0346379280090332
0.04603433609008789
0.00799560546875
0.0049381256103515625
0.03505301475524902
0.047089338302612305
0.03986072540283203
0.038542985916137695
0.05339837074279785
0.04970240592956543
0.04503965377807617
0.043471574783325195
0.039391517639160156
0.04896807670593262
0.04683375358581543
0.04004836082458496
0.04813122749328613
0.007075786590576172
0.004227638244628906
0.034151554107666016
0.04623079299926758
0.04016232490539551
0.048502206802368164
0.04066109657287598
0.05171775817871094
0.044823408126831055
0.04260420799255371
0.03861069679260254
0.0470736026763916
0.03855490684509277
0.04892587661743164
0.045427560806274414
0.0067174434661865234
0.005883216857910156
0.03394603729248047
0.04561591148376465
0.03863859176635742
0.04401254653930664
0.03885841369628906
0.05103802680969238
0.0429379940032959
0.040450096130371094
0.036954402923583984
0.034653425216674805
0.04629850387573242
0.04500913619995117
0.040630340576171875
0.012245416641235352
0.007364749908447266
0.032129526138305664
0.040850162506103516
0.039705753326416016
0.040069580078125
0.03975796699523926
0.053725481033325195
0.04747581481933594
0.044057607650756836
0.034908294677734375
0.0447850227355957
0.03808140754699707
0.03912520408630371
0.051151275634765625
0.006578683853149414
0.007356405258178711
0.03393220901489258
0.04400801658630371
0.037558794021606445
0.045296430587768555
0.039464712142944336
0.038855791091918945
0.05096626281738281
0.044519662857055664
0.04110217094421387
0.03498077392578125
0.05005812644958496
0.04860830307006836
0.044428348541259766
0.0048313140869140625
0.005774259567260742
0.034517526626586914
0.044989585876464844
0.041150569915771484
0.035971641540527344
0.048607826232910156
0.04569673538208008
0.04458975791931152
0.040487051010131836
0.03961348533630371
0.037843942642211914
0.03462505340576172
0.049436330795288086
0.04636430740356445
0.00509953498840332
0.007552623748779297
0.03406071662902832
0.044968366622924805
0.043409109115600586
0.03674507141113281
0.04775643348693848
0.048740386962890625
0.043251991271972656
0.038088083267211914
0.049805641174316406
0.043431997299194336
0.040158748626708984
0.03780961036682129
0.04910016059875488
0.008141756057739258
0.00565338134765625
0.033727169036865234
0.04554605484008789
0.03964543342590332
0.04912090301513672
0.04272150993347168
0.03576540946960449
0.044912099838256836
0.04254150390625
0.03724169731140137
0.039070844650268555
0.05044865608215332
0.045369863510131836
0.041524648666381836
0.005197286605834961
0.005711793899536133
0.030853986740112305
0.045308828353881836
0.04717516899108887
0.03708052635192871
0.04759836196899414
0.04612398147583008
0.04254722595214844
0.04188132286071777
0.03580737113952637
0.046520233154296875
0.041938066482543945
0.03859567642211914
0.048328399658203125
0.0061686038970947266
0.005907297134399414
0.0350337028503418
0.04708528518676758
0.040343523025512695
0.03341388702392578
0.04600381851196289
0.04320955276489258
0.040276288986206055
0.03946089744567871
0.03612112998962402
0.048502445220947266
0.0433659553527832
0.03904533386230469
0.05014634132385254
0.006003618240356445
0.0066831111907958984
0.03375387191772461
0.04340863227844238
0.037999868392944336
0.05244016647338867
0.04436993598937988
0.044632911682128906
0.10368537902832031
0.13041448593139648
0.1255197525024414
0.22666335105895996
0.23042821884155273
0.24033570289611816
0.23021364212036133
0.09083747863769531
0.0054781436920166016
0.06271767616271973
0.16295218467712402
0.2407543659210205
0.29024791717529297
0.27959322929382324
0.15972495079040527
0.16706585884094238
0.15807080268859863
0.16438627243041992
0.15927386283874512
0.29392337799072266
0.2928202152252197
0.2950911521911621
0.13238930702209473
0.0068836212158203125
0.13888859748840332
0.16226482391357422
0.4664466381072998
0.12590932846069336
0.22069263458251953
0.08111262321472168
0.10159611701965332
0.05736541748046875
0.05662202835083008
0.05580329895019531
0.05476093292236328
0.048494577407836914
0.04812049865722656
0.04216361045837402
0.006217479705810547
0.00451970100402832
0.03405499458312988
0.04642128944396973
0.04630422592163086
0.041715383529663086
0.04281282424926758
0.05103921890258789
0.0467989444732666
0.04219627380371094
0.03905963897705078
0.04064369201660156
0.050550222396850586
0.04776954650878906
0.041466474533081055
0.010803461074829102
0.006657123565673828
0.03476405143737793
0.049544572830200195
0.0445704460144043
0.04204869270324707
0.036653757095336914
0.05060529708862305
0.04489326477050781
0.04196906089782715
0.041700124740600586
0.03543996810913086
0.051374197006225586
0.04599952697753906
0.03999614715576172
0.008692264556884766
0.00614619255065918
0.034064292907714844
0.04419207572937012
0.042812347412109375
0.038194894790649414
0.04561161994934082
0.0424809455871582
0.04114937782287598
0.05030465126037598
0.04467439651489258
0.04316282272338867
0.041828155517578125
0.041365861892700195
0.05057191848754883
0.0064013004302978516
0.007489919662475586
0.033528804779052734
0.0452878475189209
0.042942047119140625
0.0392606258392334
0.03775978088378906
0.03785872459411621
0.049111366271972656
0.04489779472351074
0.043372154235839844
0.03659558296203613
0.04851555824279785
0.04859161376953125
0.03970932960510254
0.004659414291381836
0.004212617874145508
0.03448224067687988
0.04368329048156738
0.04062390327453613
0.03781890869140625
0.03315854072570801
0.04956459999084473
0.04563546180725098
0.04167485237121582
0.037203311920166016
0.05119037628173828
0.04902839660644531
0.04391932487487793
0.0361940860748291
0.010655879974365234
0.005228757858276367
0.034667253494262695
0.04682755470275879
0.04318642616271973
0.03745746612548828
0.04471397399902344
0.04300737380981445
0.039391279220581055
0.03655242919921875
0.05263113975524902
0.04942631721496582
0.04441475868225098
0.03998589515686035
0.03891301155090332
0.004575252532958984
0.010206222534179688
0.034996747970581055
0.04804205894470215
0.046547889709472656
0.04121208190917969
0.03389453887939453
0.04669666290283203
0.045069217681884766
0.04516148567199707
0.03833150863647461
0.04661393165588379
0.04015183448791504
0.05158877372741699
0.051779985427856445
0.010254383087158203
0.00662994384765625
0.033141374588012695
0.04631948471069336
0.040160179138183594
0.03875875473022461
0.051201581954956055
0.04065108299255371
0.038706302642822266
0.049375295639038086
0.048203468322753906
0.04601287841796875
0.04381442070007324
0.038962364196777344
0.048650264739990234
0.005976200103759766
0.011207818984985352
0.0327603816986084
0.04265880584716797
0.03436279296875
0.04807877540588379
0.04224538803100586
0.03832411766052246
0.05123400688171387
0.04682469367980957
0.042324066162109375
0.03806447982788086
0.03531527519226074
0.047875404357910156
0.04093670845031738
0.009202241897583008
0.005067586898803711
0.03441667556762695
0.046964168548583984
0.04492759704589844
0.04182624816894531
0.03867816925048828
0.040543317794799805
0.037291765213012695
0.03682231903076172
0.05493879318237305
0.049938201904296875
0.04230523109436035
0.04006481170654297
0.0075531005859375
0.007584571838378906
0.04328584671020508
0.05135488510131836
0.040898799896240234
0.054424285888671875
0.05009341239929199
0.046042442321777344
0.04028582572937012
0.03625631332397461
0.04515480995178223
0.04888582229614258
0.04683995246887207
0.04303455352783203
0.03853893280029297
0.007771968841552734
0.005007266998291016
0.03157377243041992
0.044803619384765625
0.04065561294555664
0.05859041213989258
0.04939532279968262
0.04502534866333008
0.042446136474609375
0.039510250091552734
0.040372371673583984
0.0374293327331543
0.058002471923828125
0.03487038612365723
0.04361557960510254
0.006337642669677734
0.006692171096801758
0.034525156021118164
0.05039167404174805
0.04727983474731445
0.05458688735961914
0.04393410682678223
0.037244319915771484
0.05125117301940918
0.0488126277923584
0.04716300964355469
0.03967881202697754
0.03511214256286621
0.04634809494018555
0.04271411895751953
0.006468772888183594
0.0074062347412109375
0.034182071685791016
0.04656362533569336
0.043704986572265625
0.03884696960449219
0.05055952072143555
0.047151803970336914
0.041857004165649414
0.03779721260070801
0.03717780113220215
0.04809737205505371
0.04168891906738281
0.03780770301818848
0.04983854293823242
0.00773310661315918
0.006922721862792969
0.03422403335571289
0.13439559936523438
0.06455516815185547
0.04790496826171875
0.07574868202209473
0.03591775894165039
0.04334259033203125
0.051055192947387695
0.038460493087768555
0.03724050521850586
0.054406166076660156
0.04966473579406738
0.04458045959472656
0.03995370864868164
0.050748586654663086
0.007750988006591797
0.007150888442993164
0.03349184989929199
0.0457913875579834
0.0392608642578125
0.049451589584350586
0.04252266883850098
0.03883624076843262
0.039076805114746094
0.04932212829589844
0.04676318168640137
0.04344797134399414
0.04055213928222656
0.03673386573791504
0.048773765563964844
0.004384517669677734
0.0041582584381103516
0.03347611427307129
0.048233985900878906
0.047011613845825195
0.04156327247619629
0.04971933364868164
0.04288506507873535
0.041741132736206055
0.033803701400756836
0.04836273193359375
0.04382920265197754
0.04473376274108887
0.04046964645385742
0.037929534912109375
0.010760307312011719
0.006224155426025391
0.03333783149719238
0.044690608978271484
0.03895092010498047
0.05019783973693848
0.04555320739746094
0.04085850715637207
0.03773069381713867
0.04439997673034668
0.0433809757232666
0.04102373123168945
0.03609609603881836
0.04816794395446777
0.04740095138549805
0.006005048751831055
0.005506992340087891
0.03321647644042969
0.0473179817199707
0.03780031204223633
0.04997515678405762
0.04515242576599121
0.05093789100646973
0.04642987251281738
0.0403752326965332
0.048136234283447266
0.04191923141479492
0.03962540626525879
0.03752446174621582
0.03802680969238281
0.009365081787109375
0.006530284881591797
0.03304886817932129
0.043745994567871094
0.039164066314697266
0.04925251007080078
0.042493343353271484
0.04266858100891113
0.04014086723327637
0.03604626655578613
0.04723858833312988
0.04424118995666504
0.04265332221984863
0.036303043365478516
0.0476994514465332
0.005083560943603516
0.004561424255371094
0.03477621078491211
0.04661822319030762
0.0466310977935791
0.034861087799072266
0.04696297645568848
0.03917288780212402
0.05247354507446289
0.05055856704711914
0.04128599166870117
0.03753066062927246
0.033666133880615234
0.05024075508117676
0.046419620513916016
0.006325244903564453
0.005791425704956055
0.03483009338378906
0.051795005798339844
0.050868988037109375
0.046991586685180664
0.04572176933288574
0.04355478286743164
0.04017758369445801
0.03407859802246094
0.04921364784240723
0.051614999771118164
0.05163121223449707
0.0438077449798584
0.004149198532104492
0.0070705413818359375
0.03955411911010742
0.040396690368652344
0.050306081771850586
0.04461503028869629
0.044704437255859375
0.036548614501953125
0.04824376106262207
0.045629024505615234
0.040624380111694336
0.03736734390258789
0.050515174865722656
0.04413008689880371
0.039719581604003906
0.0058743953704833984
0.0064237117767333984
0.0386500358581543
0.053048133850097656
0.041708946228027344
0.04039311408996582
0.03991961479187012
0.05363321304321289
0.04691576957702637
0.0399014949798584
0.05056190490722656
0.04568004608154297
0.04257702827453613
0.039694786071777344
0.038320064544677734
0.0068264007568359375
0.008852958679199219
0.03307294845581055
0.044342041015625
0.039630889892578125
0.05347442626953125
0.04729294776916504
0.04156970977783203
0.036185264587402344
0.04834866523742676
0.044455766677856445
0.03681302070617676
0.047695159912109375
0.046247005462646484
0.04117918014526367
0.006815433502197266
0.0075261592864990234
0.0341489315032959
0.0452570915222168
0.041114091873168945
0.04077720642089844
0.050232887268066406
0.044098854064941406
0.038015127182006836
0.038141489028930664
0.050904035568237305
0.042279720306396484
0.037009239196777344
0.051421165466308594
0.04680752754211426
0.005685567855834961
0.005755901336669922
0.03582954406738281
0.04880690574645996
0.0431673526763916
0.03678488731384277
0.04372715950012207
0.04197239875793457
0.0501558780670166
0.049660682678222656
0.0444943904876709
0.0419154167175293
0.04190707206726074
0.038926124572753906
0.04959416389465332
0.00562596321105957
0.006552934646606445
0.03200268745422363
0.03898000717163086
0.04784250259399414
0.04650115966796875
0.042661190032958984
0.03596186637878418
0.05016732215881348
0.04341626167297363
0.03840136528015137
0.035758256912231445
0.04884672164916992
0.04785609245300293
0.04293417930603027
0.0043125152587890625
0.00620269775390625
0.03325200080871582
0.046653032302856445
0.04097127914428711
0.03734850883483887
0.048476219177246094
0.03608083724975586
0.046645402908325195
0.04516959190368652
0.04442000389099121
0.040453195571899414
0.05225658416748047
0.043387651443481445
0.038216352462768555
0.007865190505981445
0.005720853805541992
0.032515764236450195
0.04485297203063965
0.03993964195251465
0.036653995513916016
0.049544572830200195
0.04484415054321289
0.04807090759277344
0.03308510780334473
0.04509282112121582
0.03876948356628418
0.049402713775634766
0.042864322662353516
0.04148411750793457
0.007904529571533203
0.005921840667724609
0.03370094299316406
0.04288315773010254
0.03333687782287598
0.04330277442932129
0.03751707077026367
0.0475611686706543
0.047081708908081055
0.04695248603820801
0.04382729530334473
0.042327165603637695
0.040038108825683594
0.05564403533935547
0.051809072494506836
0.012665033340454102
0.006026506423950195
0.03446054458618164
0.04768490791320801
0.04410743713378906
0.0380709171295166
0.034540414810180664
0.04028773307800293
0.036112308502197266
0.04698371887207031
0.04319500923156738
0.039594411849975586
0.03975033760070801
0.05271649360656738
0.04873251914978027
0.00438237190246582
0.0049877166748046875
0.031203269958496094
0.04446077346801758
0.04379534721374512
0.04033946990966797
0.04462242126464844
0.03696465492248535
0.04947066307067871
0.04694032669067383
0.03912854194641113
0.05045652389526367
0.04858708381652832
0.046338796615600586
0.03806614875793457
0.009629249572753906
0.005514621734619141
0.03405261039733887
0.04290056228637695
0.03945159912109375
0.03426051139831543
0.048812150955200195
0.046015262603759766
0.038820743560791016
0.03645634651184082
0.049712181091308594
0.0454709529876709
0.04372692108154297
0.03877115249633789
0.0362088680267334
0.00766301155090332
0.0063359737396240234
0.034271955490112305
0.04975414276123047
0.04518294334411621
0.03833508491516113
0.0350344181060791
0.047888755798339844
0.045801639556884766
0.051990509033203125
0.04608273506164551
0.04093003273010254
0.03552079200744629
0.04448342323303223
0.041664838790893555
0.004014492034912109
0.0037298202514648438
0.03475522994995117
0.04414176940917969
0.03924202919006348
0.03736138343811035
0.04965519905090332
0.04424858093261719
0.05228424072265625
0.032444000244140625
0.04571819305419922
0.034862518310546875
0.04541587829589844
0.0417635440826416
0.03949379920959473
0.008463382720947266
0.006221294403076172
0.03453636169433594
0.046633243560791016
0.034773826599121094
0.04822111129760742
0.04444432258605957
0.03451991081237793
0.04643392562866211
0.042969703674316406
0.03927254676818848
0.03762674331665039
0.03560185432434082
0.0469820499420166
0.04414701461791992
0.0039920806884765625
0.006071329116821289
0.032894134521484375
0.04847264289855957
0.04565596580505371
0.04221940040588379
0.05096626281738281
0.04125642776489258
0.04010438919067383
0.03834867477416992
0.052881479263305664
0.046396732330322266
0.04708075523376465
0.04504203796386719
0.0433354377746582
0.004604339599609375
0.004024028778076172
0.034668684005737305
0.049889326095581055
0.04728412628173828
0.04672837257385254
0.04176807403564453
0.0382232666015625
0.04903721809387207
0.04677319526672363
0.041574954986572266
0.037283897399902344
0.04676198959350586
0.041760921478271484
0.03501009941101074
0.008932828903198242
0.006980419158935547
0.03603315353393555
0.04483151435852051
0.04499411582946777
0.040898799896240234
0.03717350959777832
0.048342227935791016
0.04110527038574219
0.04029536247253418
0.05435800552368164
0.04929947853088379
0.04788780212402344
0.04152727127075195
0.041320085525512695
0.007027626037597656
0.00752711296081543
0.03457307815551758
0.047283172607421875
0.043682098388671875
0.0418086051940918
0.0360720157623291
0.046707868576049805
0.04117774963378906
0.03807687759399414
0.049662113189697266
0.04277157783508301
0.03932332992553711
0.03431439399719238
0.05194687843322754
0.0068073272705078125
0.009139776229858398
0.032212257385253906
0.040555477142333984
0.03645467758178711
0.04993605613708496
0.04111003875732422
0.05400800704956055
0.050668954849243164
0.04614686965942383
0.043692827224731445
0.04317474365234375
0.042057037353515625
0.03737902641296387
0.05006814002990723
0.008458614349365234
0.007384777069091797
0.03300905227661133
0.04125046730041504
0.03800249099731445
0.034073591232299805
0.04514288902282715
0.03934955596923828
0.035851478576660156
0.047521114349365234
0.04374289512634277
0.038953304290771484
0.035552263259887695
0.04789543151855469
0.04564642906188965
0.0046575069427490234
0.006561994552612305
0.037106990814208984
0.056926727294921875
0.04983949661254883
0.04812264442443848
0.0422821044921875
0.05329251289367676
0.04900074005126953
0.0429842472076416
0.03823494911193848
0.037191152572631836
0.050392866134643555
0.04869437217712402
0.045357704162597656
0.005417823791503906
0.00616765022277832
0.03456234931945801
0.04522347450256348
0.052703142166137695
0.0448610782623291
0.04054617881774902
0.05715799331665039
0.04730939865112305
0.04003262519836426
0.03605318069458008
0.0472867488861084
0.04247570037841797
0.03947567939758301
0.03933572769165039
0.009241580963134766
0.0055239200592041016
0.030889272689819336
0.038747549057006836
0.03467535972595215
0.04968857765197754
0.04585552215576172
0.03815817832946777
0.03513002395629883
0.04917097091674805
0.044550418853759766
0.043154001235961914
0.04074358940124512
0.03780841827392578
0.03804278373718262
0.006173610687255859
0.004668235778808594
0.03616595268249512
0.04797005653381348
0.036804914474487305
0.03673291206359863
0.04965043067932129
0.044677019119262695
0.061402320861816406
0.053202152252197266
0.041045188903808594
0.04146695137023926
0.04425787925720215
0.03920292854309082
0.04929304122924805
0.004830360412597656
0.005990028381347656
0.032982587814331055
0.044116973876953125
0.03778529167175293
0.04993104934692383
0.047017812728881836
0.04192924499511719
0.039037227630615234
0.034235477447509766
0.047844886779785156
0.04529690742492676
0.046399593353271484
0.04129815101623535
0.03642702102661133
0.008562326431274414
0.004678010940551758
0.03453397750854492
0.04765963554382324
0.046690940856933594
0.0418543815612793
0.039903879165649414
0.05032038688659668
0.0485227108001709
0.04572129249572754
0.04242992401123047
0.04255843162536621
0.04183602333068848
0.034720659255981445
0.048052310943603516
0.010318279266357422
0.007333517074584961
0.03343820571899414
0.044919729232788086
0.0367891788482666
0.05056905746459961
0.045827388763427734
0.040807485580444336
0.037174224853515625
0.047669410705566406
0.04737591743469238
0.04320192337036133
0.04044198989868164
0.03410649299621582
0.04700732231140137
0.0065233707427978516
0.007203817367553711
0.03322315216064453
0.04362082481384277
0.04058098793029785
0.03766012191772461
0.05075263977050781
0.043541669845581055
0.04140782356262207
0.03772330284118652
0.04615449905395508
0.04279327392578125
0.03702378273010254
0.05234646797180176
0.052343130111694336
0.0092620849609375
0.006125688552856445
0.034932851791381836
0.04607033729553223
0.0376584529876709
0.04901552200317383
0.04400181770324707
0.036980390548706055
0.035691022872924805
0.04898524284362793
0.0449223518371582
0.037122488021850586
0.049034833908081055
0.03903627395629883
0.03596782684326172
0.009008407592773438
0.0055963993072509766
0.03533530235290527
0.04408454895019531
0.04173159599304199
0.03608083724975586
0.04742765426635742
0.045587778091430664
0.04549360275268555
0.042188167572021484
0.03497600555419922
0.044126033782958984
0.03870105743408203
0.0353090763092041
0.043607473373413086
0.005921602249145508
0.004320383071899414
0.03338122367858887
0.04315781593322754
0.03857421875
0.03634333610534668
0.049005985260009766
0.04088234901428223
0.03919053077697754
0.05346250534057617
0.049787282943725586
0.0458376407623291
0.04472541809082031
0.04158496856689453
0.04104804992675781
0.006284475326538086
0.004456758499145508
0.03199028968811035
0.04475808143615723
0.0416717529296875
0.03371906280517578
0.044502973556518555
0.03882336616516113
0.050393104553222656
0.04568767547607422
0.03857994079589844
0.05087614059448242
0.059359073638916016
0.04349923133850098
0.040984153747558594
0.005097866058349609
0.005298614501953125
0.03303694725036621
0.048011064529418945
0.04571104049682617
0.04161190986633301
0.03573155403137207
0.04945802688598633
0.04723024368286133
0.049115896224975586
0.046854496002197266
0.03952741622924805
0.03736686706542969
0.034262895584106445
0.047448158264160156
0.004687309265136719
0.005307674407958984
0.03529191017150879
0.04335832595825195
0.02736496925354004
0.03943181037902832
0.04982709884643555
0.03988790512084961
0.03834939002990723
0.033254146575927734
0.045206308364868164
0.03888297080993652
0.03511667251586914
0.04461312294006348
0.04191732406616211
0.0062084197998046875
0.006692171096801758
0.03371119499206543
0.04503464698791504
0.044692277908325195
0.03878664970397949
0.05208253860473633
0.040567636489868164
0.04931926727294922
0.04692554473876953
0.047022342681884766
0.04025530815124512
0.05054664611816406
0.04567265510559082
0.0434107780456543
0.00448298454284668
0.0075588226318359375
0.032575368881225586
0.045706987380981445
0.041048288345336914
0.051952362060546875
0.041182756423950195
0.04889941215515137
0.0393831729888916
0.0500028133392334
0.04389381408691406
0.036890506744384766
0.05199599266052246
0.04758191108703613
0.04345273971557617
0.005723476409912109
0.005456686019897461
0.03511643409729004
0.04490923881530762
0.04341912269592285
0.03468585014343262
0.04937386512756348
0.04345893859863281
0.05493640899658203
0.047293901443481445
0.045900583267211914
0.0454099178314209
0.04169487953186035
0.04071378707885742
0.053394317626953125
0.008380413055419922
0.006988048553466797
0.03501081466674805
0.04857301712036133
0.042111873626708984
0.052799224853515625
0.04913687705993652
0.043038129806518555
0.045499563217163086
0.04102659225463867
0.049590110778808594
0.04904437065124512
0.04246950149536133
0.03789544105529785
0.035372257232666016
0.008142232894897461
0.007107973098754883
0.03454923629760742
0.04713892936706543
0.04684853553771973
0.03958702087402344
0.05574631690979004
0.05525398254394531
0.04806351661682129
0.04147195816040039
0.03485608100891113
0.04585599899291992
0.0385136604309082
0.035930633544921875
0.05082130432128906
0.008295536041259766
0.0053250789642333984
0.0417170524597168
0.05644702911376953
0.051482200622558594
0.04835247993469238
0.0436403751373291
0.04379701614379883
0.04267120361328125
0.03854560852050781
0.03615760803222656
0.05170321464538574
0.04750227928161621
0.04372549057006836
0.005906581878662109
0.005259513854980469
0.03494095802307129
0.05067610740661621
0.04326367378234863
0.03864097595214844
0.05216383934020996
0.0521242618560791
0.04463315010070801
0.04864907264709473
0.04623699188232422
0.03968048095703125
0.03788256645202637
0.03791451454162598
0.03616046905517578
0.008153438568115234
0.006368160247802734
0.0441434383392334
0.041353464126586914
0.0387115478515625
0.03993701934814453
0.05019330978393555
0.04642629623413086
0.0392916202545166
0.0509343147277832
0.04409027099609375
0.03907585144042969
0.0514521598815918
0.046653032302856445
0.04553675651550293
0.0048406124114990234
0.004728078842163086
0.0329890251159668
0.04434633255004883
0.038838863372802734
0.05097651481628418
0.043631792068481445
0.03841447830200195
0.03594827651977539
0.046326637268066406
0.043552398681640625
0.0380253791809082
0.051056623458862305
0.04700636863708496
0.04456305503845215
0.005735635757446289
0.0072307586669921875
0.03488755226135254
0.04508233070373535
0.03863668441772461
0.05117321014404297
0.045739173889160156
0.0359957218170166
0.046625375747680664
0.037206172943115234
0.0456697940826416
0.039673566818237305
0.04806232452392578
0.04261302947998047
0.03465080261230469
0.05005288124084473
0.008693933486938477
0.005350828170776367
0.034778594970703125
0.044263362884521484
0.038316965103149414
0.0384669303894043
0.04799294471740723
0.04415440559387207
0.03773641586303711
0.03910207748413086
0.04938149452209473
0.04413557052612305
0.041142940521240234
0.03780484199523926
0.06874251365661621
0.007333993911743164
0.007512092590332031
0.03399157524108887
0.045830726623535156
0.036547183990478516
0.049057960510253906
0.04254961013793945
0.04666543006896973
0.05566883087158203
0.047646284103393555
0.04223799705505371
0.039900779724121094
0.042165279388427734
0.05404090881347656
0.04949164390563965
0.006048440933227539
0.00672459602355957
0.036332130432128906
0.05306363105773926
0.04384946823120117
0.017764806747436523
0.04769158363342285
0.036394357681274414
0.0465853214263916
0.04574131965637207
0.04440712928771973
0.04329991340637207
0.03733468055725098
0.048578500747680664
0.045204877853393555
0.046113014221191406
0.005408763885498047
0.005679130554199219
0.034683942794799805
0.04601335525512695
0.04131889343261719
0.03950786590576172
0.035425424575805664
0.04975581169128418
0.04301786422729492
0.040850162506103516
0.03636503219604492
0.047765493392944336
0.043044328689575195
0.03991198539733887
0.03971433639526367
0.006681203842163086
0.005108356475830078
0.03346109390258789
0.04219365119934082
0.03760695457458496
0.050882577896118164
0.04902529716491699
0.04380393028259277
0.04433083534240723
0.03437185287475586
0.049962520599365234
0.035861968994140625
0.04689669609069824
0.042281150817871094
0.035202980041503906
0.006754159927368164
0.0057430267333984375
0.03257632255554199
0.04259610176086426
0.03841209411621094
0.04982566833496094
0.045609474182128906
0.03675651550292969
0.04970717430114746
0.047139883041381836
0.04190874099731445
0.03872489929199219
0.03906393051147461
0.05079507827758789
0.04048466682434082
0.011848926544189453
0.005093574523925781
0.035218238830566406
0.0446009635925293
0.04165077209472656
0.03643941879272461
0.049637794494628906
0.0463109016418457
0.04015660285949707
0.03928041458129883
0.05128908157348633
0.04666447639465332
0.04138064384460449
0.05387449264526367
0.04008054733276367
0.004961729049682617
0.0070171356201171875
0.03500533103942871
0.04873180389404297
0.04035758972167969
0.04875826835632324
0.042929887771606445
0.039255380630493164
0.051230430603027344
0.044658660888671875
0.04343986511230469
0.0408167839050293
0.034986019134521484
0.05283927917480469
0.04787278175354004
0.00531005859375
0.008510828018188477
0.0345306396484375
0.047060489654541016
0.045876264572143555
0.04225564002990723
0.037911415100097656
0.03356146812438965
0.04727649688720703
0.04344463348388672
0.04169940948486328
0.036836862564086914
0.04718208312988281
0.04471158981323242
0.0436406135559082
0.005922794342041016
0.004817962646484375
0.036859989166259766
0.036479949951171875
0.05047488212585449
0.04733133316040039
0.0458066463470459
0.045950889587402344
0.040993690490722656
0.035559654235839844
0.0470731258392334
0.04225349426269531
0.04198431968688965
0.04034709930419922
0.00587773323059082
0.004451751708984375
0.03515505790710449
0.04584002494812012
0.038808584213256836
0.03471708297729492
0.04657101631164551
0.0447084903717041
0.03878521919250488
0.03548574447631836
