0.010019302368164062
0.03867077827453613
0.06104254722595215
0.06032991409301758
0.05549192428588867
0.04733920097351074
0.043335914611816406
0.05919075012207031
0.05581474304199219
0.050237417221069336
0.05193138122558594
0.050989627838134766
0.04963278770446777
0.04877781867980957
0.02499556541442871
0.007260322570800781
0.0366513729095459
0.0397334098815918
0.05408430099487305
0.04961276054382324
0.04738640785217285
0.05378532409667969
0.04714632034301758
0.04448962211608887
0.04244351387023926
0.041693925857543945
0.04123878479003906
0.0388178825378418
0.009164094924926758
0.0074498653411865234
0.03647422790527344
0.05050396919250488
0.04613995552062988
0.05421113967895508
0.0479886531829834
0.0479123592376709
0.042366981506347656
0.03687787055969238
0.05018806457519531
0.05354166030883789
0.04855990409851074
0.04417014122009277
0.036563873291015625
0.012012720108032227
0.01012873649597168
0.03520345687866211
0.0453028678894043
0.03912925720214844
0.054110050201416016
0.05056285858154297
0.04467129707336426
0.04358029365539551
0.04082012176513672
0.041166067123413086
0.037459611892700195
0.03903031349182129
0.03713226318359375
0.049787044525146484
0.006737709045410156
0.0071222782135009766
0.03675675392150879
0.0513913631439209
0.047740936279296875
0.04115462303161621
0.03700757026672363
0.04622030258178711
0.04215741157531738
0.03515481948852539
0.04684257507324219
0.05039858818054199
0.04666543006896973
0.04373955726623535
0.03879189491271973
0.009398221969604492
0.008949756622314453
0.0324399471282959
0.04656505584716797
0.042081356048583984
0.04130125045776367
0.03272223472595215
0.04433631896972656
0.041938066482543945
0.03861880302429199
0.03575897216796875
0.05093836784362793
0.049566030502319336
0.045107126235961914
0.04387164115905762
0.008646965026855469
0.009150028228759766
0.036276817321777344
0.045896291732788086
0.04356074333190918
0.04412961006164551
0.03785824775695801
0.05452322959899902
0.035928964614868164
0.049924612045288086
0.04806256294250488
0.04565572738647461
0.04218935966491699
0.039495229721069336
0.05156397819519043
0.007860422134399414
0.0061113834381103516
0.033379316329956055
0.04232382774353027
0.04034543037414551
0.038147687911987305
0.035511016845703125
0.04631853103637695
0.03664064407348633
0.04431772232055664
0.043126583099365234
0.03788304328918457
0.04871940612792969
0.04569816589355469
0.041330575942993164
0.008199930191040039
0.0052831172943115234
0.03494453430175781
0.04676318168640137
0.04313969612121582
0.03910946846008301
0.03615713119506836
0.04909014701843262
0.04830050468444824
0.045911312103271484
0.03771519660949707
0.0504453182220459
0.046005964279174805
0.04791140556335449
0.03878474235534668
0.009247064590454102
0.005846738815307617
0.034937381744384766
0.04843640327453613
0.046584367752075195
0.04276561737060547
0.036034584045410156
0.05049848556518555
0.04902529716491699
0.0450897216796875
0.039797306060791016
0.034645795822143555
0.046051979064941406
0.040857553482055664
0.03467845916748047
0.007462501525878906
0.00978231430053711
0.03461933135986328
0.04308128356933594
0.03606247901916504
0.05409359931945801
0.05094575881958008
0.043561697006225586
0.036168813705444336
0.050168514251708984
0.05024361610412598
0.04776787757873535
0.04107213020324707
0.03713583946228027
0.04791665077209473
0.006417036056518555
0.006875276565551758
0.03501129150390625
0.04925370216369629
0.04405093193054199
0.05020308494567871
0.04470515251159668
0.04150748252868652
0.05342912673950195
0.05110812187194824
0.04631543159484863
0.0437932014465332
0.04906749725341797
0.04773545265197754
0.0442652702331543
0.006910562515258789
0.0058023929595947266
0.03376460075378418
0.04650235176086426
0.047159671783447266
0.04599165916442871
0.03870058059692383
0.05120682716369629
0.04871988296508789
0.043908119201660156
0.03931021690368652
0.03964710235595703
0.037757158279418945
0.051763057708740234
0.04642963409423828
0.00449061393737793
0.00978231430053711
0.03480958938598633
0.04865860939025879
0.049077510833740234
0.0493772029876709
0.04958844184875488
0.046765804290771484
0.04265332221984863
0.03616452217102051
0.05190014839172363
0.05044388771057129
0.043738603591918945
0.03813362121582031
0.04456639289855957
0.006220817565917969
0.005791664123535156
0.03406715393066406
0.051769256591796875
0.04882192611694336
0.042250871658325195
0.03632640838623047
0.04890108108520508
0.048401594161987305
0.04474139213562012
0.04078078269958496
0.03719377517700195
0.05600619316101074
0.04597163200378418
0.03651905059814453
0.009203672409057617
0.00513768196105957
0.03453540802001953
0.04537177085876465
0.047632455825805664
0.04432964324951172
0.04192662239074707
0.03986215591430664
0.04154324531555176
0.041669368743896484
0.03703474998474121
0.05069780349731445
0.04985523223876953
0.04405069351196289
0.007158756256103516
0.006978750228881836
0.03411293029785156
0.044092655181884766
0.04759049415588379
0.045667171478271484
0.04324150085449219
0.03877711296081543
0.03724408149719238
0.06882572174072266
0.02810359001159668
0.04300212860107422
0.03560686111450195
0.050922393798828125
0.04726052284240723
0.006387233734130859
0.005291461944580078
0.033951520919799805
0.04900670051574707
0.04628419876098633
0.037001609802246094
0.05046701431274414
0.04783344268798828
0.04286837577819824
0.04058527946472168
0.04329633712768555
0.03766798973083496
0.04912209510803223
0.04562664031982422
0.043074607849121094
0.0048978328704833984
0.005195140838623047
0.03500843048095703
0.04480576515197754
0.04174637794494629
0.04062509536743164
0.04027104377746582
0.03880190849304199
0.04952526092529297
0.04655647277832031
0.043977975845336914
0.04210019111633301
0.038574934005737305
0.03320956230163574
0.04325366020202637
0.009638547897338867
0.006222963333129883
0.03565073013305664
0.04917311668395996
0.04667353630065918
0.04393911361694336
0.04071640968322754
0.03984785079956055
0.03950667381286621
0.04939985275268555
0.04354739189147949
0.039804935455322266
0.03499317169189453
0.0477907657623291
0.040062665939331055
0.010848045349121094
0.007561445236206055
0.03530263900756836
0.050031423568725586
0.04696917533874512
0.04394841194152832
0.04190874099731445
0.039388418197631836
0.05526304244995117
0.04619145393371582
0.03955698013305664
0.052545785903930664
0.050783395767211914
0.04782676696777344
0.04408454895019531
0.005307435989379883
0.004927158355712891
0.03470659255981445
0.044866323471069336
0.04531574249267578
0.0341644287109375
0.045369863510131836
0.04145479202270508
0.03983139991760254
0.0354762077331543
0.04528474807739258
0.04104280471801758
0.038301706314086914
0.050005197525024414
0.04189872741699219
0.009991168975830078
0.0062389373779296875
0.03498697280883789
0.0488429069519043
0.04755687713623047
0.04266190528869629
0.037994384765625
0.03507566452026367
0.045989990234375
0.04147505760192871
0.04114079475402832
0.04466891288757324
0.047220706939697266
0.05352282524108887
0.037969350814819336
0.009924173355102539
0.009277582168579102
0.037053585052490234
0.04064321517944336
0.03681015968322754
0.05394721031188965
0.045172691345214844
0.03733205795288086
0.04693031311035156
0.04004096984863281
0.03745555877685547
0.036618709564208984
0.04950213432312012
0.044101715087890625
0.03471660614013672
0.006923675537109375
0.00697636604309082
0.03341174125671387
0.04349398612976074
0.0411829948425293
0.038399457931518555
0.034304141998291016
0.04444575309753418
0.04073047637939453
0.05168581008911133
0.05143880844116211
0.05242657661437988
0.04855656623840332
0.04293251037597656
0.034757375717163086
0.006154060363769531
0.006236553192138672
0.036301374435424805
0.0585780143737793
0.053945302963256836
0.045839786529541016
0.0409693717956543
0.04227089881896973
0.04181241989135742
0.040192365646362305
0.03606247901916504
0.04935097694396973
0.04634857177734375
0.04454398155212402
0.00789022445678711
0.008422136306762695
0.0363926887512207
0.048299312591552734
0.046777963638305664
0.04449057579040527
0.04311680793762207
0.04117727279663086
0.03844738006591797
0.03386354446411133
0.0455775260925293
0.04088282585144043
0.037271976470947266
0.04791855812072754
0.04287147521972656
0.007811307907104492
0.007421970367431641
0.0338442325592041
0.0493016242980957
0.04442548751831055
0.044937849044799805
0.03779482841491699
0.0347752571105957
0.044959306716918945
0.0395665168762207
0.035831451416015625
0.04846525192260742
0.04804515838623047
0.042621612548828125
0.0345611572265625
0.007561206817626953
0.007615804672241211
0.03605937957763672
0.04898691177368164
0.04336380958557129
0.03252673149108887
0.04436540603637695
0.03834676742553711
0.03463888168334961
0.047403812408447266
0.04238748550415039
0.03816962242126465
0.040472984313964844
0.03457140922546387
0.04613351821899414
0.005717754364013672
0.00596308708190918
0.034412384033203125
0.04608154296875
0.04263162612915039
0.03995156288146973
0.03674936294555664
0.052520036697387695
0.04802250862121582
0.04013657569885254
0.0331273078918457
0.04491901397705078
0.04094886779785156
0.04012703895568848
0.035532474517822266
0.006942272186279297
0.0060672760009765625
0.03495430946350098
0.04646706581115723
0.04039740562438965
0.0500338077545166
0.048589229583740234
0.0462801456451416
0.04034280776977539
0.036228179931640625
0.05041050910949707
0.04176664352416992
0.039475440979003906
0.0418243408203125
0.060385942459106445
0.14850926399230957
0.10733389854431152
0.07300114631652832
0.0215909481048584
0.03945517539978027
0.04961037635803223
0.057733774185180664
0.05805158615112305
0.054726600646972656
0.0923471450805664
0.046991825103759766
0.011504888534545898
0.03751349449157715
0.04888272285461426
0.061337947845458984
0.05937480926513672
0.052628278732299805
0.006958961486816406
0.004954814910888672
0.03662824630737305
0.04909062385559082
0.03769540786743164
0.05049562454223633
0.04595065116882324
0.034476280212402344
0.045287132263183594
0.03935551643371582
0.037778615951538086
0.034903526306152344
0.04608488082885742
0.04456472396850586
0.04359626770019531
0.009731769561767578
0.008910179138183594
0.03684186935424805
0.035575151443481445
0.0497281551361084
0.04263114929199219
0.04313850402832031
0.043889760971069336
0.04199838638305664
0.04255509376525879
0.04320669174194336
0.04150032997131348
0.05035400390625
0.04933738708496094
0.04642796516418457
0.012083053588867188
0.005700349807739258
0.03414201736450195
0.04452800750732422
0.04159808158874512
0.05233883857727051
0.05271577835083008
0.04659914970397949
0.04305124282836914
0.03744220733642578
0.04664421081542969
0.045188188552856445
0.040242671966552734
0.036579132080078125
0.04611086845397949
0.007694244384765625
0.0066373348236083984
0.03426623344421387
0.04569816589355469
0.04170036315917969
0.039528846740722656
0.03598427772521973
0.051999568939208984
0.04689359664916992
0.04416918754577637
0.038369178771972656
0.038947343826293945
0.0352628231048584
0.050994873046875
0.047002553939819336
0.006460666656494141
0.005630970001220703
0.034243106842041016
0.049837589263916016
0.0462651252746582
0.0422368049621582
0.03873705863952637
0.036765098571777344
0.046834707260131836
0.0484616756439209
0.04804348945617676
0.042383432388305664
0.038878679275512695
0.04922962188720703
0.040258169174194336
0.009272098541259766
0.005482673645019531
0.03495168685913086
0.04714322090148926
0.04322457313537598
0.037863731384277344
0.05378270149230957
0.047673702239990234
0.04273676872253418
0.037220001220703125
0.03708958625793457
0.04764556884765625
0.0382080078125
0.05061769485473633
0.049636125564575195
0.00969552993774414
0.005440473556518555
0.033267974853515625
0.045949459075927734
0.04243946075439453
0.040860891342163086
0.03800463676452637
0.05210375785827637
0.044174909591674805
0.04081010818481445
0.03430652618408203
0.04509091377258301
0.03926420211791992
0.05088543891906738
0.04913830757141113
0.007648944854736328
0.009339332580566406
0.03288435935974121
0.04199647903442383
0.0390477180480957
0.05047488212585449
0.04639792442321777
0.04092144966125488
0.03682446479797363
0.04932355880737305
0.04662036895751953
0.04175305366516113
0.03980875015258789
0.05395245552062988
0.04599642753601074
0.0069959163665771484
0.0054225921630859375
0.033449411392211914
0.04606938362121582
0.042267560958862305
0.0369718074798584
0.04783821105957031
0.05077528953552246
0.04545426368713379
0.0389249324798584
0.050960540771484375
0.04662775993347168
0.04285573959350586
0.03972768783569336
0.05236053466796875
0.012513399124145508
0.0059778690338134766
0.03695416450500488
0.04669451713562012
0.041083574295043945
0.03820514678955078
0.050017595291137695
0.046360015869140625
0.04109334945678711
0.04014086723327637
0.0347437858581543
0.046601295471191406
0.039198875427246094
0.04977297782897949
0.04572343826293945
0.005558013916015625
0.00807332992553711
0.03568553924560547
0.046584129333496094
0.033196210861206055
0.04484724998474121
0.040921688079833984
0.04025149345397949
0.03701972961425781
0.03668951988220215
0.049294471740722656
0.046749114990234375
0.042267799377441406
0.040586233139038086
0.03648495674133301
0.009321928024291992
0.0073626041412353516
0.03578448295593262
0.04887676239013672
0.045415401458740234
0.042409420013427734
0.04134678840637207
0.03787636756896973
0.0463414192199707
0.04301118850708008
0.038526296615600586
0.03595423698425293
0.045166015625
0.04239964485168457
0.033735036849975586
0.005434989929199219
0.00748133659362793
0.033783912658691406
0.04740333557128906
0.04271340370178223
0.04072737693786621
0.03772425651550293
0.03851914405822754
0.053995609283447266
0.050615787506103516
0.04663348197937012
0.04603314399719238
0.042327880859375
0.03394651412963867
0.046133995056152344
0.009050607681274414
0.007704257965087891
0.034769535064697266
0.04565787315368652
0.03811335563659668
0.050189971923828125
0.04476737976074219
0.038166046142578125
0.04888153076171875
0.04516768455505371
0.04466724395751953
0.04214930534362793
0.04095649719238281
0.052138566970825195
0.0482025146484375
0.01258540153503418
0.006073474884033203
0.034651756286621094
0.045615196228027344
0.04226851463317871
0.03909492492675781
0.03667712211608887
0.04823040962219238
0.04115653038024902
0.03817605972290039
0.046525001525878906
0.040312767028808594
0.03433394432067871
0.04565000534057617
0.04271364212036133
0.00590205192565918
0.0057909488677978516
0.03394269943237305
0.04235219955444336
0.03463578224182129
0.0491490364074707
0.04223299026489258
0.039742469787597656
0.05183243751525879
0.04968690872192383
0.04809975624084473
0.045285701751708984
0.03978610038757324
0.038587093353271484
0.04539084434509277
0.007390737533569336
0.006284475326538086
0.034131526947021484
0.04397320747375488
0.04109025001525879
0.03739356994628906
0.03813457489013672
0.11634969711303711
0.12900185585021973
0.12692975997924805
0.22803449630737305
0.22951602935791016
0.23370909690856934
0.2287900447845459
0.17241477966308594
0.05127549171447754
0.007635831832885742
0.09098482131958008
0.1623687744140625
0.2909269332885742
0.2750740051269531
0.2765848636627197
0.166548490524292
0.15757369995117188
0.2918422222137451
0.473874568939209
0.1582787036895752
0.29553890228271484
0.15903520584106445
0.2936699390411377
0.2910788059234619
0.006811380386352539
0.007318973541259766
0.13466572761535645
0.1218881607055664
0.22055888175964355
0.180464506149292
0.09640717506408691
0.05222725868225098
0.04979062080383301
0.04188370704650879
0.056391000747680664
0.051850318908691406
0.05107283592224121
0.05164146423339844
0.03664422035217285
0.010971307754516602
0.006006717681884766
0.03432488441467285
0.043419837951660156
0.03924369812011719
0.03480696678161621
0.04728055000305176
0.04754781723022461
0.042318105697631836
0.03947162628173828
0.040612220764160156
0.040123701095581055
0.03679084777832031
0.050191402435302734
0.04354548454284668
0.007216215133666992
0.007124900817871094
0.03634524345397949
0.04889225959777832
0.0435490608215332
0.040010929107666016
0.0384063720703125
0.045105934143066406
0.04066014289855957
0.04047656059265137
0.04306674003601074
0.04643440246582031
0.04427933692932129
0.03924918174743652
0.011182308197021484
0.005764007568359375
0.035582542419433594
0.04639077186584473
0.04419541358947754
0.03962254524230957
0.049947261810302734
0.047589778900146484
0.04348134994506836
0.04006028175354004
0.03547215461730957
0.0450136661529541
0.040228843688964844
0.03891563415527344
0.051468610763549805
0.006072998046875
0.005101680755615234
0.033841609954833984
0.04354262351989746
0.039819955825805664
0.04764676094055176
0.04711651802062988
0.04285907745361328
0.039394378662109375
0.05409860610961914
0.04496288299560547
0.0417330265045166
0.040433406829833984
0.037154197692871094
0.04742145538330078
0.0054721832275390625
0.005074977874755859
0.0359654426574707
0.048317670822143555
0.04204893112182617
0.03954482078552246
0.05102086067199707
0.044954538345336914
0.043155670166015625
0.04140067100524902
0.03675699234008789
0.05126214027404785
0.04919791221618652
0.048941850662231445
0.046263694763183594
0.006148815155029297
0.004919767379760742
0.03459739685058594
0.04656195640563965
0.0407414436340332
0.05336618423461914
0.04642081260681152
0.04066038131713867
0.05090045928955078
0.045989036560058594
0.0437922477722168
0.03901028633117676
0.038435935974121094
0.05240774154663086
0.04511070251464844
0.008108854293823242
0.0048007965087890625
0.03442263603210449
0.047139883041381836
0.03947925567626953
0.036923885345458984
0.04913926124572754
0.04650306701660156
0.04501676559448242
0.03928852081298828
0.03672504425048828
0.049175262451171875
0.04795408248901367
0.04443669319152832
0.043280601501464844
0.0051271915435791016
0.005195140838623047
0.03541111946105957
0.043486833572387695
0.03775739669799805
0.05052590370178223
0.0429079532623291
0.03770136833190918
0.03673815727233887
0.052153587341308594
0.0489649772644043
0.044951677322387695
0.037682294845581055
0.0500640869140625
0.04484057426452637
0.0050809383392333984
0.004895687103271484
0.033512115478515625
0.047657012939453125
0.0439610481262207
0.04629182815551758
0.04408836364746094
0.041623592376708984
0.03706192970275879
0.03669881820678711
0.04919171333312988
0.0448298454284668
0.039685964584350586
0.03679227828979492
0.05353093147277832
0.008543968200683594
0.007627248764038086
0.03499436378479004
0.044654130935668945
0.037271738052368164
0.05107855796813965
0.04797935485839844
0.04070281982421875
0.03745865821838379
0.05030965805053711
0.048439979553222656
0.04484391212463379
0.040262699127197266
0.034087181091308594
0.0473780632019043
0.006496906280517578
0.007871627807617188
0.034957170486450195
0.040828704833984375
0.03715348243713379
0.05223846435546875
0.05111265182495117
0.0484926700592041
0.04302859306335449
0.03831887245178223
0.05084991455078125
0.04676342010498047
0.041579484939575195
0.04955887794494629
0.04362130165100098
0.006719350814819336
0.007224082946777344
0.032910823822021484
0.0445554256439209
0.040514230728149414
0.036850929260253906
0.04944133758544922
0.04829120635986328
0.04261136054992676
0.041434526443481445
0.04865694046020508
0.04483771324157715
0.0443882942199707
0.04291200637817383
0.006253480911254883
0.00662684440612793
0.03496599197387695
0.04633045196533203
0.045293331146240234
0.04031014442443848
0.05038619041442871
0.04785943031311035
0.040220022201538086
0.03944754600524902
0.05224895477294922
0.049147605895996094
0.049295663833618164
0.0460507869720459
0.04119229316711426
0.0071408748626708984
0.004904508590698242
0.03528118133544922
0.046888113021850586
0.03962826728820801
0.05071282386779785
0.047490835189819336
0.039192914962768555
0.05301856994628906
0.04271864891052246
0.04108285903930664
0.03517770767211914
0.047138214111328125
0.04369544982910156
0.038516998291015625
0.005548238754272461
0.007337808609008789
0.037535905838012695
0.050463199615478516
0.042061567306518555
0.03746962547302246
0.049990177154541016
0.0484011173248291
0.04668474197387695
0.044681549072265625
0.04103565216064453
0.040033578872680664
0.03891301155090332
0.03637981414794922
0.04729866981506348
0.008254289627075195
0.00563812255859375
0.03605842590332031
0.04690194129943848
0.04717135429382324
0.0444951057434082
0.04068803787231445
0.038979291915893555
0.036569833755493164
0.04942011833190918
0.04604959487915039
0.041022300720214844
0.0387418270111084
0.03706693649291992
0.04935646057128906
0.0483856201171875
0.007044553756713867
0.0352785587310791
0.046251535415649414
0.04628252983093262
0.044603824615478516
0.03916621208190918
0.03771209716796875
0.05103707313537598
0.04643058776855469
0.04355883598327637
0.03638315200805664
0.051036834716796875
0.04112982749938965
0.03645610809326172
0.007699489593505859
0.005828380584716797
0.03438425064086914
0.04459953308105469
0.04205179214477539
0.03642892837524414
0.0498957633972168
0.05034208297729492
0.04573321342468262
0.04644966125488281
0.03899264335632324
0.03574562072753906
0.04900193214416504
0.04124760627746582
0.039438486099243164
0.009078741073608398
0.008120059967041016
0.036440372467041016
0.04809999465942383
0.0467226505279541
0.04682755470275879
0.05161714553833008
0.04375100135803223
0.04141521453857422
0.0426030158996582
0.0356748104095459
0.04500937461853027
0.037015676498413086
0.05188894271850586
0.048486948013305664
0.007039546966552734
0.008133172988891602
0.03428459167480469
0.04803276062011719
0.04368329048156738
0.042981863021850586
0.040899038314819336
0.05425405502319336
0.05313301086425781
0.05129528045654297
0.049216270446777344
0.04719901084899902
0.04339098930358887
0.040836334228515625
0.049257755279541016
0.009284496307373047
0.010498046875
0.036346435546875
0.047757625579833984
0.04484748840332031
0.04029107093811035
0.0511775016784668
0.04582571983337402
0.04387307167053223
0.03937673568725586
0.05035567283630371
0.04457402229309082
0.03688168525695801
0.04988670349121094
0.043123483657836914
0.006298542022705078
0.008085489273071289
0.03361248970031738
0.0423586368560791
0.0406641960144043
0.051660776138305664
0.048371315002441406
0.041370391845703125
0.0388944149017334
0.049376726150512695
0.047033071517944336
0.04549527168273926
0.04366040229797363
0.03776359558105469
0.033774614334106445
0.007143974304199219
0.007115602493286133
0.03406476974487305
0.046939849853515625
0.046843767166137695
0.04788923263549805
0.047770023345947266
0.04540443420410156
0.042034149169921875
0.03577136993408203
0.04892754554748535
0.04802513122558594
0.04714679718017578
0.04082536697387695
0.007342815399169922
0.007737636566162109
0.03269314765930176
0.04561114311218262
0.039777278900146484
0.0525510311126709
0.047512054443359375
0.04513978958129883
0.04368853569030762
0.04150986671447754
0.048677921295166016
0.046328067779541016
0.04502224922180176
0.05401492118835449
0.04610490798950195
0.006134748458862305
0.005652904510498047
0.03354978561401367
0.04309988021850586
0.03994941711425781
0.04945778846740723
0.04926657676696777
0.04500317573547363
0.04312396049499512
0.03835320472717285
0.05005908012390137
0.04533028602600098
0.036255598068237305
0.04796600341796875
0.0448610782623291
0.0068547725677490234
0.0076656341552734375
0.036881208419799805
0.04764699935913086
0.04115152359008789
0.03392672538757324
0.041405439376831055
0.039980173110961914
0.04267144203186035
0.040776729583740234
0.05538058280944824
0.052240610122680664
0.04597735404968262
0.03862190246582031
0.04876136779785156
0.006661415100097656
0.006117105484008789
0.03370499610900879
0.04473996162414551
0.042800188064575195
0.03789162635803223
0.03855609893798828
0.04762005805969238
0.042700767517089844
0.049127817153930664
0.04599738121032715
0.044435977935791016
0.03980875015258789
0.03583192825317383
0.04885673522949219
0.006789207458496094
0.0061533451080322266
0.03404402732849121
0.048108577728271484
0.043746232986450195
0.043990135192871094
0.04133796691894531
0.04127383232116699
0.037082672119140625
0.0488131046295166
0.046347856521606445
0.04389357566833496
0.04125690460205078
0.037415504455566406
0.04733467102050781
0.007661104202270508
0.010387897491455078
0.034520864486694336
0.046630859375
0.03728342056274414
0.049750566482543945
0.047721147537231445
0.04657435417175293
0.04209780693054199
0.05035400390625
0.05012392997741699
0.04714846611022949
0.04305148124694824
0.04217529296875
0.008036136627197266
0.00664830207824707
0.03291010856628418
0.04333329200744629
0.04093647003173828
0.03966569900512695
0.03885841369628906
0.03579306602478027
0.04712176322937012
0.04367542266845703
0.042307138442993164
0.03450965881347656
0.047185659408569336
0.04536318778991699
0.042391300201416016
0.009560346603393555
0.007355213165283203
0.03390645980834961
0.0485529899597168
0.04691505432128906
0.0445859432220459
0.04340410232543945
0.03664803504943848
0.04677581787109375
0.04413723945617676
0.04111766815185547
0.03810524940490723
0.050507307052612305
0.04543781280517578
0.04321789741516113
0.006006717681884766
0.00862264633178711
0.03459668159484863
0.047061920166015625
0.04234433174133301
0.03497147560119629
0.0487215518951416
0.04145669937133789
0.043164968490600586
0.0345311164855957
0.04727292060852051
0.04018354415893555
0.036453962326049805
0.04474997520446777
0.040163516998291016
0.010472774505615234
0.006242036819458008
0.04079747200012207
0.03771209716796875
0.0447084903717041
0.04387474060058594
0.04227137565612793
0.03648734092712402
0.05003857612609863
0.049286842346191406
0.04960131645202637
0.04924964904785156
0.04326510429382324
0.03988933563232422
0.006760358810424805
0.005814552307128906
0.03452181816101074
0.043900251388549805
0.03863668441772461
0.03518033027648926
0.04988408088684082
0.05008697509765625
0.048973798751831055
0.04826235771179199
0.04027724266052246
0.03994417190551758
0.0560917854309082
0.05075216293334961
0.045050621032714844
0.005355358123779297
0.008510112762451172
0.03408455848693848
0.042527198791503906
0.05459856986999512
0.046814680099487305
0.042955875396728516
0.038123369216918945
0.04923415184020996
0.047106027603149414
0.045665740966796875
0.04597306251525879
0.04034161567687988
0.054726600646972656
0.04585075378417969
0.007189273834228516
0.007112026214599609
0.0341649055480957
0.040776968002319336
0.03748297691345215
0.0516507625579834
0.048326730728149414
0.04033255577087402
0.03742051124572754
0.04880642890930176
0.0467073917388916
0.03939223289489746
0.03654289245605469
0.046774864196777344
0.043260812759399414
0.005706071853637695
0.005111217498779297
0.03444933891296387
0.05069613456726074
0.04561018943786621
0.04736590385437012
0.043009281158447266
0.04379868507385254
0.03935647010803223
0.05340433120727539
0.04909086227416992
0.043175697326660156
0.035865068435668945
0.047983646392822266
0.03831362724304199
0.010116338729858398
0.00594019889831543
0.03298020362854004
0.043820858001708984
0.04217648506164551
0.039208173751831055
0.04443693161010742
0.04001021385192871
0.0396573543548584
0.03826427459716797
0.049613237380981445
0.05600428581237793
0.03531336784362793
0.04469871520996094
0.04054546356201172
0.006645917892456055
0.009636640548706055
0.03361654281616211
0.05031418800354004
0.04218721389770508
0.038619041442871094
0.04462933540344238
0.04139876365661621
0.03754115104675293
0.04974699020385742
0.047072410583496094
0.044180870056152344
0.03968238830566406
0.043686866760253906
0.0388638973236084
0.007306575775146484
0.007554769515991211
0.03322720527648926
0.043707847595214844
0.03437924385070801
0.03563666343688965
0.0514521598815918
0.05279135704040527
0.04969930648803711
0.042282819747924805
0.0371701717376709
0.05091285705566406
0.04791569709777832
0.042233943939208984
0.03855776786804199
0.010166645050048828
0.007110595703125
0.03498363494873047
0.04903769493103027
0.04529857635498047
0.04294443130493164
0.03995776176452637
0.049602508544921875
0.04629063606262207
0.04172039031982422
0.036574363708496094
0.04725933074951172
0.04424166679382324
0.04174375534057617
0.03973531723022461
0.010781526565551758
0.006983041763305664
0.034716129302978516
0.04985642433166504
0.04544353485107422
0.04027295112609863
0.04072833061218262
0.040142059326171875
0.03935432434082031
0.04886174201965332
0.04263782501220703
0.038214683532714844
0.051444053649902344
0.04063844680786133
0.0520472526550293
0.01002955436706543
0.0065233707427978516
0.03388810157775879
0.045623779296875
0.04384946823120117
0.04030656814575195
0.03856801986694336
0.03687739372253418
0.035024404525756836
0.04739522933959961
0.04616546630859375
0.04008197784423828
0.037482500076293945
0.03667330741882324
0.006894826889038086
0.0059757232666015625
0.0343632698059082
0.04913687705993652
0.04562973976135254
0.04191708564758301
0.037705421447753906
0.04815316200256348
0.04365372657775879
0.04367709159851074
0.04195570945739746
0.03648018836975098
0.05096244812011719
0.04881572723388672
0.04582977294921875
0.006134033203125
0.006580352783203125
0.03412318229675293
0.04253649711608887
0.03727436065673828
0.0489351749420166
0.04541921615600586
0.0423893928527832
0.04310941696166992
0.03773856163024902
0.03736686706542969
0.0488739013671875
0.04801177978515625
0.04660773277282715
0.04370522499084473
0.00650477409362793
0.006274223327636719
0.034349679946899414
0.04646182060241699
0.048745155334472656
0.0450749397277832
0.04248189926147461
0.037004947662353516
0.04765439033508301
0.04501223564147949
0.04153037071228027
0.04011392593383789
0.053022146224975586
0.05013751983642578
0.04597663879394531
0.005496025085449219
0.005888462066650391
0.038060903549194336
0.051424503326416016
0.04620099067687988
0.042903900146484375
0.04195880889892578
0.0390474796295166
0.038439035415649414
0.04888486862182617
0.04782891273498535
0.04369616508483887
0.04292488098144531
0.038146018981933594
0.04436182975769043
0.006678581237792969
0.005457162857055664
0.03590822219848633
0.05013298988342285
0.04009366035461426
0.03497815132141113
0.046122074127197266
0.04338502883911133
0.0427699089050293
0.03862714767456055
0.05039405822753906
0.0485842227935791
0.044168949127197266
0.04177069664001465
0.05003619194030762
0.006666421890258789
0.004985332489013672
0.035918235778808594
0.04721236228942871
0.04156184196472168
0.037404537200927734
0.051073312759399414
0.049584388732910156
0.046176910400390625
0.04517078399658203
0.04217386245727539
0.039557456970214844
0.03767895698547363
0.0498807430267334
0.04695892333984375
0.004850149154663086
0.004256486892700195
0.03403806686401367
0.04590964317321777
0.04490208625793457
0.041446685791015625
0.04450583457946777
0.042128801345825195
0.037053823471069336
0.03795623779296875
0.03786134719848633
0.05024433135986328
0.04477405548095703
0.03457903861999512
0.04373574256896973
0.005715608596801758
0.008798360824584961
0.03396272659301758
0.045661211013793945
0.04494190216064453
0.04224801063537598
0.0378570556640625
0.05289268493652344
0.04983782768249512
0.04480600357055664
0.03823661804199219
0.04904603958129883
0.04696345329284668
0.04529428482055664
0.037129878997802734
0.006949186325073242
0.004934787750244141
0.03524923324584961
0.04854249954223633
0.056874752044677734
0.06183123588562012
0.04611611366271973
0.03826713562011719
0.0358586311340332
0.05224037170410156
0.049718379974365234
0.04997706413269043
0.04248785972595215
0.04151487350463867
0.034439802169799805
0.008437633514404297
0.005026578903198242
0.033986568450927734
0.04602861404418945
0.04185295104980469
0.03986191749572754
0.03630495071411133
0.04777336120605469
0.05508112907409668
0.05112290382385254
0.0477900505065918
0.04619550704956055
0.042734622955322266
0.03847026824951172
0.0042057037353515625
0.004712104797363281
0.0349423885345459
0.04640054702758789
0.035332679748535156
0.03824424743652344
0.03821086883544922
0.05193901062011719
0.04398822784423828
0.04038214683532715
0.03881955146789551
0.03877758979797363
0.03585553169250488
0.05332827568054199
0.05180716514587402
0.0061969757080078125
0.005393028259277344
0.03448987007141113
0.0471954345703125
0.04585719108581543
0.04553556442260742
0.041417837142944336
0.03494858741760254
0.04870176315307617
0.04592442512512207
0.044363975524902344
0.04260873794555664
0.039041757583618164
0.039541006088256836
0.05199265480041504
0.007563352584838867
0.0057413578033447266
0.03293728828430176
0.04532289505004883
0.041027069091796875
0.03802013397216797
0.04304838180541992
0.037994384765625
0.05068492889404297
0.046654701232910156
0.04199624061584473
0.03618597984313965
0.0464627742767334
0.03483390808105469
0.046504974365234375
0.0038568973541259766
0.006097078323364258
0.03533768653869629
0.048476457595825195
0.04635906219482422
0.04027438163757324
0.03856968879699707
0.05092668533325195
0.049996137619018555
0.04876971244812012
0.04562234878540039
0.04323291778564453
0.04626750946044922
0.041420698165893555
0.006775856018066406
0.00603485107421875
0.032958269119262695
0.04231667518615723
0.0374760627746582
0.049033403396606445
0.04418373107910156
0.043707847595214844
0.037824392318725586
0.05079150199890137
0.04271697998046875
0.040355682373046875
0.0498509407043457
0.046521663665771484
0.0450437068939209
0.006239652633666992
0.006799221038818359
0.034937381744384766
0.04564642906188965
0.041582584381103516
0.03558158874511719
0.04862403869628906
0.047577857971191406
0.03909039497375488
0.04838871955871582
0.04379391670227051
0.04183244705200195
0.04161953926086426
0.03678774833679199
0.05159497261047363
0.007288932800292969
0.006324052810668945
0.032920122146606445
0.04594254493713379
0.03681492805480957
0.05260729789733887
0.05023646354675293
0.044454336166381836
0.039320945739746094
0.03575611114501953
0.050879716873168945
0.049117088317871094
0.04422330856323242
0.04275345802307129
0.036597251892089844
0.009528875350952148
0.006764650344848633
0.03467679023742676
0.04572248458862305
0.04228973388671875
0.03963899612426758
0.03600478172302246
0.050136566162109375
0.048206329345703125
0.0403287410736084
0.036894798278808594
0.03552675247192383
0.04830503463745117
0.045001983642578125
0.0428009033203125
0.011265993118286133
0.004408359527587891
0.03721308708190918
0.04789423942565918
0.04313492774963379
0.03986620903015137
0.03654623031616211
0.048528432846069336
0.04543280601501465
0.04312491416931152
0.042809486389160156
0.03893446922302246
0.05091381072998047
0.046590328216552734
0.04199075698852539
0.006543874740600586
0.006443977355957031
0.034853458404541016
0.048877716064453125
0.043639183044433594
0.04375147819519043
0.0398104190826416
0.03889942169189453
0.049494028091430664
0.04459738731384277
0.043500423431396484
0.042322635650634766
0.03781580924987793
0.05050468444824219
0.04810953140258789
0.00822138786315918
0.005486249923706055
0.03454279899597168
0.04661250114440918
0.0415036678314209
0.036003828048706055
0.0475311279296875
0.039069175720214844
0.03830075263977051
0.034232139587402344
0.0460660457611084
0.040036916732788086
0.0401463508605957
0.0372011661529541
0.05035519599914551
0.005967378616333008
0.00652623176574707
0.03439760208129883
0.046369075775146484
0.04417610168457031
0.035629987716674805
0.048134803771972656
0.04920673370361328
0.04823589324951172
0.04614067077636719
0.04146242141723633
0.048598289489746094
0.04102730751037598
0.03912782669067383
0.03340291976928711
0.006699085235595703
0.005944490432739258
0.03628897666931152
0.05245351791381836
0.05279660224914551
0.04661440849304199
0.04598188400268555
0.04116702079772949
0.03826284408569336
0.050328969955444336
0.04756736755371094
0.04366040229797363
0.041094064712524414
0.0416109561920166
0.05296659469604492
0.00605320930480957
0.0055239200592041016
0.03374886512756348
0.04609990119934082
0.04305720329284668
0.03696608543395996
0.036278486251831055
0.05277538299560547
0.04999375343322754
0.04270505905151367
0.03813457489013672
0.05164027214050293
0.04642963409423828
0.03752255439758301
0.045350074768066406
0.009126424789428711
0.0056531429290771484
0.03651881217956543
0.04879403114318848
0.03951311111450195
0.03516054153442383
0.04940438270568848
0.047592878341674805
0.046174049377441406
0.047124385833740234
0.04139852523803711
0.040907859802246094
0.04111504554748535
0.0336911678314209
0.048235177993774414
0.007947206497192383
0.006016731262207031
0.03454852104187012
0.04914140701293945
0.04426431655883789
0.039218902587890625
0.038422346115112305
0.051409006118774414
0.04668784141540527
0.04968667030334473
0.04765176773071289
0.04393768310546875
0.041315555572509766
0.04020237922668457
0.05180048942565918
0.009139299392700195
0.005938291549682617
0.035326242446899414
0.045046091079711914
0.03498578071594238
0.04900860786437988
0.04272747039794922
0.03731083869934082
0.04657244682312012
0.034819602966308594
0.043182373046875
0.032965898513793945
0.050034284591674805
0.04345512390136719
0.041199684143066406
0.00637054443359375
0.006154060363769531
0.034938812255859375
0.04929804801940918
0.04587697982788086
0.04348421096801758
0.04367399215698242
0.04112100601196289
0.035187482833862305
0.04559016227722168
0.0430140495300293
0.037845611572265625
0.0499567985534668
0.044352054595947266
0.0381932258605957
0.009422063827514648
0.0058345794677734375
0.03443431854248047
0.04403519630432129
0.0405881404876709
0.03815412521362305
0.040503501892089844
0.03670191764831543
0.047286272048950195
0.044240713119506836
0.04336237907409668
0.04207205772399902
0.0407562255859375
0.036306142807006836
0.04784703254699707
0.005631208419799805
0.008645057678222656
0.034198760986328125
0.037224769592285156
0.04755425453186035
0.04659247398376465
0.040297746658325195
0.049451589584350586
0.044061899185180664
0.050606727600097656
0.046730995178222656
0.04571080207824707
0.04209184646606445
0.03913140296936035
0.049317359924316406
0.0069468021392822266
0.0057718753814697266
0.034180402755737305
0.04361581802368164
0.03854227066040039
0.051221609115600586
0.04348874092102051
0.042447805404663086
0.03885841369628906
0.05041837692260742
0.04798102378845215
0.044159889221191406
0.04687786102294922
0.043827056884765625
0.03694319725036621
0.007767438888549805
0.004568338394165039
0.034421682357788086
0.04493284225463867
0.037609100341796875
0.05023813247680664
0.04709768295288086
0.04422163963317871
0.038452863693237305
0.0523073673248291
0.049955129623413086
0.04727482795715332
0.045830488204956055
0.045624732971191406
0.03982663154602051
0.00902247428894043
0.005157947540283203
0.034424543380737305
0.04547619819641113
0.040282249450683594
0.043091773986816406
0.039289236068725586
0.05031991004943848
0.046700477600097656
0.04302525520324707
0.040289878845214844
0.036637067794799805
0.0501093864440918
0.04330754280090332
0.03633522987365723
0.005369901657104492
0.009270668029785156
0.03543424606323242
0.048027992248535156
0.03722786903381348
0.05078005790710449
0.045761823654174805
0.04311823844909668
0.03721952438354492
0.043332815170288086
0.03838968276977539
0.03696155548095703
0.05171513557434082
0.04626941680908203
0.037865400314331055
0.00911855697631836
0.005706071853637695
0.03430032730102539
0.046118974685668945
0.045328378677368164
0.04912543296813965
0.04698538780212402
0.04393267631530762
0.05032634735107422
0.04006028175354004
0.035607337951660156
0.04777646064758301
0.04299449920654297
0.04275012016296387
0.03766489028930664
0.010839700698852539
0.006031036376953125
0.03500509262084961
0.04393935203552246
0.04067373275756836
0.03417539596557617
0.04938364028930664
0.0462496280670166
0.04277443885803223
0.04483914375305176
0.039626121520996094
0.03746342658996582
0.05140113830566406
0.046715736389160156
0.03932523727416992
0.013905525207519531
0.0070149898529052734
0.03381681442260742
0.045668601989746094
0.039296865463256836
0.04818606376647949
0.04482412338256836
0.044637203216552734
0.04198503494262695
0.03732180595397949
0.05074024200439453
0.04294776916503906
0.0382533073425293
0.05238199234008789
0.04807281494140625
0.006201028823852539
0.007770538330078125
0.03529953956604004
0.04908156394958496
0.042920589447021484
0.03682422637939453
0.0495603084564209
0.04327869415283203
0.03827357292175293
0.03794717788696289
0.05137157440185547
0.04824972152709961
0.04340624809265137
0.04130363464355469
0.050214290618896484
0.0057315826416015625
0.007122993469238281
0.033936262130737305
0.0467982292175293
0.040199995040893555
0.0503687858581543
0.0427393913269043
0.03474998474121094
0.04497528076171875
0.03800678253173828
0.049094200134277344
0.04217028617858887
0.050099849700927734
0.04681897163391113
0.04431462287902832
0.006204843521118164
0.00677180290222168
0.03446626663208008
0.04634571075439453
0.04055929183959961
0.04556131362915039
0.038080453872680664
0.05028486251831055
0.042144775390625
0.03810906410217285
0.035803794860839844
0.052129507064819336
0.05155038833618164
0.051329851150512695
0.0529019832611084
0.007620096206665039
0.007556438446044922
0.03200960159301758
0.040815114974975586
0.039742231369018555
0.04013538360595703
0.039891719818115234
0.050110578536987305
0.04525876045227051
0.04006552696228027
0.05150604248046875
0.0465388298034668
0.04292702674865723
0.04146862030029297
0.03721904754638672
0.009001493453979492
0.007111072540283203
0.037401437759399414
0.045152902603149414
0.037497520446777344
0.045333147048950195
0.03964090347290039
0.03893709182739258
0.05089712142944336
0.04610157012939453
0.041138410568237305
0.038562774658203125
0.036035776138305664
0.050800323486328125
0.04645705223083496
0.004667520523071289
0.005930423736572266
0.03463172912597656
0.046360015869140625
0.0412297248840332
0.036065101623535156
0.04859018325805664
0.04697084426879883
0.04653286933898926
0.044881343841552734
0.042676687240600586
0.04158759117126465
0.03892207145690918
0.03843116760253906
0.0059206485748291016
0.005811929702758789
0.03516507148742676
0.04353213310241699
0.04217123985290527
0.03833317756652832
0.049865007400512695
0.048314809799194336
0.04734039306640625
0.04079246520996094
0.03547549247741699
0.04934978485107422
0.04500246047973633
0.043845415115356445
0.03905820846557617
0.011876821517944336
0.005967855453491211
0.03584146499633789
0.04497194290161133
0.039649248123168945
0.03668093681335449
0.05008840560913086
0.04301023483276367
0.04046344757080078
0.035695552825927734
0.05114889144897461
0.054732561111450195
0.05566763877868652
0.05302691459655762
0.04687905311584473
0.006136178970336914
0.0061223506927490234
0.03335762023925781
0.045676469802856445
0.03954577445983887
0.0507664680480957
0.04042220115661621
0.036237478256225586
0.04969429969787598
0.04799675941467285
0.04595065116882324
0.03676342964172363
0.04742860794067383
0.04335379600524902
0.03635382652282715
0.008716583251953125
0.007594108581542969
0.03336644172668457
0.044852495193481445
0.037061214447021484
0.05031561851501465
0.044550180435180664
0.040764570236206055
0.03704214096069336
0.036375999450683594
0.04879188537597656
0.046172380447387695
0.03937268257141113
0.034037113189697266
0.046294450759887695
0.004857778549194336
0.005566120147705078
0.03570437431335449
0.04675865173339844
0.03903007507324219
0.04902386665344238
0.04258370399475098
0.05187559127807617
0.05089449882507324
0.10404634475708008
0.13161540031433105
0.12415528297424316
0.22475218772888184
0.22916722297668457
0.2386612892150879
0.23018765449523926
0.09086155891418457
0.005555391311645508
0.06290769577026367
0.10666394233703613
0.24141645431518555
0.2948784828186035
0.2811157703399658
0.16064977645874023
0.16620802879333496
0.15862083435058594
0.16587543487548828
0.1586897373199463
0.2943706512451172
0.2925577163696289
0.2939143180847168
0.13201069831848145
0.006686687469482422
0.1386275291442871
0.16222810745239258
0.46715378761291504
0.1255948543548584
0.22168922424316406
0.08303260803222656
0.04157257080078125
0.06231236457824707
0.05668520927429199
0.054869890213012695
0.0509037971496582
0.04283499717712402
0.04309248924255371
0.03940939903259277
0.006491184234619141
0.005211830139160156
0.03544783592224121
0.05003929138183594
0.05191946029663086
0.04955744743347168
0.05038571357727051
0.04093289375305176
0.03845334053039551
0.04918384552001953
0.0442962646484375
0.044172048568725586
0.03887534141540527
0.05268740653991699
0.04565238952636719
0.0068399906158447266
0.004769563674926758
0.03361201286315918
0.04782223701477051
0.04224038124084473
0.04043078422546387
0.049994468688964844
0.04806661605834961
0.04179978370666504
0.038924455642700195
0.03675413131713867
0.04958343505859375
0.04842352867126465
0.04001259803771973
0.053936004638671875
0.006296873092651367
0.0070455074310302734
0.03560614585876465
0.04794502258300781
0.04563498497009277
0.03775763511657715
0.04746508598327637
0.04609870910644531
0.04004859924316406
0.05081963539123535
0.04929161071777344
0.04700803756713867
0.04587721824645996
0.041982412338256836
0.03811979293823242
0.01050710678100586
0.005318164825439453
0.03775167465209961
0.05050969123840332
0.05047202110290527
0.04515647888183594
0.042696237564086914
0.043280601501464844
0.040009260177612305
0.03580951690673828
0.05050921440124512
0.04523420333862305
0.044585466384887695
0.03782796859741211
0.04993271827697754
0.006224393844604492
0.007227897644042969
0.03423190116882324
0.04724740982055664
0.045374155044555664
0.04214620590209961
0.039730072021484375
0.03736734390258789
0.04867291450500488
0.046189308166503906
0.045113563537597656
0.04313063621520996
0.03910398483276367
0.05016040802001953
0.04496145248413086
0.006379604339599609
0.003988742828369141
0.035676002502441406
0.046695709228515625
0.0471196174621582
0.03687739372253418
0.05039525032043457
0.04404711723327637
0.04208874702453613
0.04294776916503906
0.03974652290344238
0.05247807502746582
0.04752635955810547
0.046766042709350586
0.046451568603515625
0.006548881530761719
0.004781484603881836
0.03592562675476074
0.04782414436340332
0.04531240463256836
0.04036521911621094
0.049216270446777344
0.04727458953857422
0.04345440864562988
0.04086470603942871
0.04736685752868652
0.04190874099731445
0.050084590911865234
0.04852604866027832
0.04683732986450195
0.005168914794921875
0.004775285720825195
0.034899234771728516
0.04426717758178711
0.04211616516113281
0.0365598201751709
0.04470539093017578
0.041656494140625
0.03554201126098633
0.049642324447631836
0.0509943962097168
0.04677391052246094
0.0403599739074707
0.050742149353027344
0.04583096504211426
0.006791830062866211
0.004935026168823242
0.032923221588134766
0.04380202293395996
0.03962087631225586
0.05224752426147461
0.04786562919616699
0.04138350486755371
0.04029083251953125
0.05411362648010254
0.048162221908569336
0.04651761054992676
0.04323625564575195
0.03527379035949707
0.04790163040161133
0.005140542984008789
0.0054509639739990234
0.03498530387878418
0.05141472816467285
0.049080848693847656
0.04803276062011719
0.04365897178649902
0.03954434394836426
0.03987622261047363
0.03636479377746582
0.0464930534362793
0.040993452072143555
0.04228854179382324
0.0393829345703125
0.0645134449005127
0.014670133590698242
0.007148265838623047
0.03670620918273926
0.045523643493652344
0.039150238037109375
0.0517425537109375
0.04742789268493652
0.044019460678100586
0.04878854751586914
0.06371784210205078
0.05032706260681152
0.0455021858215332
0.04430580139160156
0.03814196586608887
0.05121493339538574
0.009001731872558594
0.004302501678466797
0.03563499450683594
0.04715228080749512
0.03968667984008789
0.035065412521362305
0.05040407180786133
0.05055999755859375
0.04993724822998047
0.04871702194213867
0.04813981056213379
0.04900550842285156
0.04819226264953613
0.042920827865600586
0.03687119483947754
0.006699562072753906
0.007927894592285156
0.035366058349609375
0.04220008850097656
0.05156755447387695
0.04330611228942871
0.03856205940246582
0.039359331130981445
0.03681635856628418
0.045929670333862305
0.0419309139251709
0.03800344467163086
0.03420233726501465
0.04861855506896973
0.046390533447265625
0.0038938522338867188
0.005936384201049805
0.03682446479797363
0.05056953430175781
0.043700456619262695
0.038716793060302734
0.048926353454589844
0.044862985610961914
0.04456734657287598
0.04030966758728027
0.05145597457885742
0.04432320594787598
0.04050111770629883
0.03972291946411133
0.0511474609375
0.013758182525634766
0.1521003246307373
0.1420440673828125
0.03428530693054199
0.04883527755737305
0.05295205116271973
0.03933978080749512
0.037146568298339844
0.054384469985961914
0.049689292907714844
0.04602837562561035
0.03976702690124512
0.05617403984069824
0.05123639106750488
0.04505300521850586
0.008814573287963867
0.0073511600494384766
0.03580498695373535
0.043969154357910156
0.03632640838623047
0.05718731880187988
0.03743267059326172
0.05195808410644531
0.04966473579406738
0.04704451560974121
0.04098320007324219
0.03810238838195801
0.04682016372680664
0.04291558265686035
0.005957841873168945
0.004918098449707031
0.03554105758666992
0.048510074615478516
0.03832507133483887
0.048510074615478516
0.04578351974487305
0.040509939193725586
0.03580594062805176
0.051902055740356445
0.04961848258972168
0.046002864837646484
0.04835963249206543
0.044626712799072266
0.03893923759460449
0.006079673767089844
0.00583195686340332
0.03255009651184082
0.04503273963928223
0.042083024978637695
0.03777170181274414
0.05231213569641113
0.04736518859863281
0.04699230194091797
0.04380035400390625
0.04072070121765137
0.0392763614654541
0.04953193664550781
0.04747605323791504
0.04381513595581055
0.005966663360595703
0.006852149963378906
0.03491568565368652
0.04744839668273926
0.03695511817932129
0.04979348182678223
0.046042442321777344
0.03878498077392578
0.04847598075866699
0.04629349708557129
0.04509449005126953
0.04396510124206543
0.042974233627319336
0.03841996192932129
0.035928964614868164
0.00806879997253418
0.0062105655670166016
0.0356295108795166
0.04554557800292969
0.04296469688415527
0.039910316467285156
0.03607177734375
0.05069780349731445
0.04884934425354004
0.04919838905334473
0.042157888412475586
0.037856101989746094
0.05038809776306152
0.04905867576599121
0.050791025161743164
0.013428688049316406
0.008146286010742188
0.03373384475708008
0.04627561569213867
0.0374913215637207
0.05457568168640137
0.04698586463928223
0.04532003402709961
0.038596153259277344
0.03709840774536133
0.05108189582824707
0.04932689666748047
0.04607844352722168
0.04702115058898926
0.0412905216217041
0.008270025253295898
0.0046770572662353516
0.03518986701965332
0.04816842079162598
0.04874897003173828
0.04541611671447754
0.04029536247253418
0.04129362106323242
0.04186534881591797
0.05254507064819336
0.04851508140563965
0.057367563247680664
0.03490471839904785
0.04776501655578613
0.040108680725097656
0.005391836166381836
0.006129741668701172
0.03561854362487793
0.044014930725097656
0.040238142013549805
0.037209272384643555
0.049893856048583984
0.04604339599609375
0.04490160942077637
0.03923821449279785
0.05028414726257324
0.04741716384887695
0.04174947738647461
0.04825329780578613
0.04339909553527832
0.006069183349609375
0.005976200103759766
0.032338619232177734
0.04552173614501953
0.0441281795501709
0.03473043441772461
0.04523801803588867
0.04152846336364746
0.03882718086242676
0.036725759506225586
0.04903006553649902
0.0470731258392334
0.038283586502075195
0.04806327819824219
0.044657230377197266
0.005970001220703125
0.006254911422729492
0.035378456115722656
0.04661059379577637
0.04149675369262695
0.04007530212402344
0.05023336410522461
0.042426109313964844
0.03782367706298828
0.03506588935852051
0.04697918891906738
0.04126596450805664
0.05113863945007324
0.04524111747741699
0.04489541053771973
0.006384134292602539
0.006152153015136719
0.03240203857421875
0.04413652420043945
0.039621591567993164
0.0380854606628418
0.047208309173583984
0.04143857955932617
0.050862789154052734
0.04672050476074219
0.042040109634399414
0.03788614273071289
0.05105853080749512
0.045113563537597656
0.03901863098144531
0.013280630111694336
0.008080005645751953
0.038391828536987305
0.04902052879333496
0.039568424224853516
0.0378565788269043
0.04938507080078125
0.044486045837402344
0.03984856605529785
0.03780078887939453
0.04870891571044922
0.04128623008728027
0.036139488220214844
0.04422163963317871
0.037320613861083984
0.0065076351165771484
0.006354808807373047
0.034270286560058594
0.04420065879821777
0.03995347023010254
0.0332646369934082
0.04248166084289551
0.03854990005493164
0.03682065010070801
0.035665035247802734
0.04487967491149902
0.041665077209472656
0.04019427299499512
0.0360262393951416
0.047367095947265625
0.00620579719543457
0.005585193634033203
0.03414416313171387
0.040732383728027344
0.051308631896972656
0.04792904853820801
0.04911231994628906
0.0411067008972168
0.04029369354248047
0.05264139175415039
0.04195737838745117
0.03879570960998535
0.04748177528381348
0.042313337326049805
0.037554264068603516
0.009121417999267578
0.005035877227783203
0.033390045166015625
0.044280052185058594
0.03839707374572754
0.03335094451904297
0.03720569610595703
0.048987627029418945
0.04379987716674805
0.0378108024597168
0.048191070556640625
0.052086830139160156
0.04717612266540527
0.039008140563964844
0.049236297607421875
0.006102085113525391
0.007974863052368164
0.03469991683959961
0.04693245887756348
0.04083061218261719
0.03974032402038574
0.0370638370513916
0.05109286308288574
0.04772782325744629
0.04414081573486328
0.038697242736816406
0.03498649597167969
0.054503440856933594
0.04827690124511719
0.04670453071594238
0.006967782974243164
0.004339456558227539
0.033869266510009766
0.04735684394836426
0.051095008850097656
0.047530174255371094
0.04340648651123047
0.038146257400512695
0.05048346519470215
0.04838109016418457
0.041698455810546875
0.040563344955444336
0.03956723213195801
0.03531479835510254
0.04969644546508789
0.0073702335357666016
0.009058475494384766
0.03445315361022949
0.04015779495239258
0.0509190559387207
0.04988360404968262
0.041202545166015625
0.05772876739501953
0.035201072692871094
0.04925656318664551
0.043361663818359375
0.038272857666015625
0.04822945594787598
0.04062676429748535
0.03800630569458008
0.011592864990234375
0.004793643951416016
0.036600589752197266
0.0498199462890625
0.044832468032836914
0.0405881404876709
0.04004073143005371
0.035173892974853516
0.04710221290588379
0.043967485427856445
0.04062461853027344
0.037431955337524414
0.049382686614990234
0.04707217216491699
0.04083442687988281
0.013716459274291992
0.0044019222259521484
0.034004926681518555
0.04591774940490723
0.041085243225097656
0.04010939598083496
0.0402071475982666
0.03502321243286133
0.048598289489746094
0.04171013832092285
0.050597429275512695
0.04945874214172363
0.04397749900817871
0.04121756553649902
0.03530716896057129
0.007088422775268555
0.004213571548461914
0.03431057929992676
0.04801607131958008
0.043587446212768555
0.052474260330200195
0.06787800788879395
0.051294803619384766
0.04076790809631348
0.0522761344909668
0.04997539520263672
0.04677748680114746
0.045950889587402344
0.04125356674194336
0.04885721206665039
0.0063762664794921875
0.0058553218841552734
0.03541064262390137
0.050234317779541016
0.04017066955566406
0.05209660530090332
0.049803733825683594
0.04688572883605957
0.046636104583740234
0.04470038414001465
0.04063129425048828
0.036956071853637695
0.04973626136779785
0.04635477066040039
0.04461312294006348
0.007315874099731445
0.009954690933227539
0.03883075714111328
0.050650596618652344
0.045119524002075195
0.04210495948791504
0.039307594299316406
0.05009770393371582
0.046453237533569336
0.04488563537597656
0.04839968681335449
0.04571723937988281
0.04231715202331543
0.040593862533569336
0.006473064422607422
0.004734992980957031
0.034688472747802734
0.04772830009460449
0.042372941970825195
0.03822588920593262
0.04790306091308594
0.047371864318847656
0.043302059173583984
0.038542985916137695
0.04867839813232422
0.044286489486694336
0.039031982421875
0.05181074142456055
0.04179716110229492
0.005244016647338867
0.0063800811767578125
0.03377103805541992
0.0460057258605957
0.0407412052154541
0.03529715538024902
0.04622340202331543
0.04724240303039551
0.042552947998046875
0.036180734634399414
0.05216169357299805
0.04937243461608887
0.04566621780395508
0.042371511459350586
0.037444353103637695
0.010717630386352539
0.006097555160522461
0.03659319877624512
0.04961133003234863
0.04103493690490723
0.03474831581115723
0.04581809043884277
0.04291963577270508
0.03870582580566406
0.04968094825744629
0.04597759246826172
0.04156851768493652
0.04168367385864258
0.04998636245727539
0.03686094284057617
0.011128664016723633
0.007054328918457031
0.0384669303894043
0.05158662796020508
0.04125094413757324
0.036112308502197266
0.04909086227416992
0.043700218200683594
0.0396728515625
0.035578012466430664
0.04900503158569336
0.04364132881164551
0.040258169174194336
0.039552927017211914
0.050234079360961914
0.00484156608581543
0.004881381988525391
0.0347445011138916
0.049826860427856445
0.04518246650695801
0.03926539421081543
0.037035226821899414
0.04768013954162598
0.04488945007324219
0.04095649719238281
0.03902792930603027
0.03390693664550781
0.04784512519836426
0.04806065559387207
0.03422737121582031
0.006366729736328125
0.023725271224975586
0.016698122024536133
0.048207759857177734
0.04230642318725586
0.05368161201477051
0.049170732498168945
0.04333376884460449
0.03924202919006348
0.039446353912353516
0.03526020050048828
0.05084800720214844
0.04699587821960449
0.04514503479003906
0.03940701484680176
0.009163141250610352
0.008676528930664062
0.03384757041931152
0.044918060302734375
0.040270328521728516
0.05630826950073242
0.04795551300048828
0.04304814338684082
0.04052543640136719
0.03791499137878418
0.0493624210357666
0.04647183418273926
0.04423260688781738
0.03521895408630371
0.044379472732543945
0.005202054977416992
0.004681110382080078
0.03406381607055664
0.04697990417480469
0.03915667533874512
0.04924941062927246
0.044294118881225586
0.04088759422302246
0.03630352020263672
0.04841113090515137
0.04401063919067383
0.0394291877746582
0.04010725021362305
0.03521299362182617
0.048265695571899414
0.009105205535888672
0.007829904556274414
0.033484458923339844
0.048061370849609375
0.04316234588623047
0.03958272933959961
0.05908203125
0.04899954795837402
0.0350339412689209
0.04835224151611328
0.036332130432128906
0.04479837417602539
0.040866851806640625
0.04017472267150879
0.03530001640319824
0.004448413848876953
0.007626771926879883
0.0372614860534668
0.04832005500793457
0.046225786209106445
0.042055606842041016
0.03911161422729492
0.035935401916503906
0.050870656967163086
0.048819780349731445
0.04963874816894531
0.044100284576416016
0.03938102722167969
0.038599252700805664
0.03664565086364746
0.007439374923706055
0.004088878631591797
0.03409147262573242
0.04621410369873047
0.04224061965942383
0.03949594497680664
0.036522865295410156
0.049727678298950195
0.04830527305603027
0.04738759994506836
0.04371070861816406
0.036837100982666016
0.04758405685424805
0.05136227607727051
0.04528355598449707
0.0051190853118896484
0.005637645721435547
0.036676883697509766
0.048363447189331055
0.04351305961608887
0.03985714912414551
0.03557181358337402
0.04907369613647461
0.04849553108215332
0.04761838912963867
0.041748046875
0.038500308990478516
0.035558462142944336
0.0440363883972168
0.03512930870056152
0.007314205169677734
0.005104541778564453
0.03549003601074219
0.04492807388305664
0.0391538143157959
0.048647403717041016
0.04612612724304199
0.04457259178161621
0.03735995292663574
0.035218000411987305
0.043555259704589844
0.04260659217834473
0.042917490005493164
0.03486514091491699
0.04837822914123535
0.008359432220458984
0.004464149475097656
0.036080121994018555
0.04985237121582031
0.04254269599914551
0.038057804107666016
0.03452754020690918
0.04652881622314453
0.043689727783203125
0.05101776123046875
0.04314064979553223
0.03807878494262695
0.03320574760437012
0.04535174369812012
0.035974979400634766
0.006651878356933594
0.005289793014526367
0.03382301330566406
0.04506516456604004
0.04110097885131836
0.04291081428527832
0.036531925201416016
0.04703378677368164
0.03688216209411621
0.04827737808227539
0.04359602928161621
0.05861473083496094
0.04777073860168457
0.04523491859436035
0.039762258529663086
0.010132551193237305
0.005585670471191406
0.03466033935546875
0.04952812194824219
0.041036367416381836
0.03728508949279785
0.04765915870666504
0.04372358322143555
0.040785789489746094
0.03842806816101074
0.052139997482299805
0.04651689529418945
0.04648280143737793
0.03896737098693848
0.036606550216674805
0.01061105728149414
0.00712275505065918
0.03357648849487305
0.04584622383117676
0.04115915298461914
0.05431771278381348
0.049866676330566406
0.04851961135864258
0.04458761215209961
0.041159629821777344
0.04259777069091797
0.039598941802978516
0.037659406661987305
0.03586745262145996
0.04865407943725586
0.006417989730834961
0.0061833858489990234
0.034165143966674805
0.0484614372253418
0.043973445892333984
0.04113340377807617
0.03991293907165527
0.03560757637023926
0.04836845397949219
0.04025149345397949
0.040599822998046875
0.037590980529785156
0.050202131271362305
0.049208879470825195
0.0460512638092041
0.008184432983398438
0.00539708137512207
0.03949880599975586
0.03387618064880371
0.042387962341308594
0.03667163848876953
0.034474849700927734
0.04439258575439453
0.03614521026611328
0.04890155792236328
0.041554927825927734
0.035706281661987305
0.05097484588623047
0.04876852035522461
0.04113578796386719
0.005410194396972656
0.0051000118255615234
0.03896498680114746
0.05059528350830078
0.04367947578430176
0.050176382064819336
0.04283571243286133
0.04122471809387207
0.034581661224365234
0.04996013641357422
0.04536151885986328
0.039728641510009766
0.03868222236633301
0.05377507209777832
0.04578113555908203
0.006688594818115234
0.005324363708496094
0.03379702568054199
0.048448801040649414
0.03654193878173828
0.04434967041015625
0.03975248336791992
0.05048060417175293
0.04716634750366211
0.041229248046875
0.03746771812438965
0.050618886947631836
0.04928898811340332
0.0452425479888916
0.04096031188964844
0.006891012191772461
0.0076291561126708984
0.035491228103637695
0.05143570899963379
0.04476022720336914
0.035474300384521484
0.04752016067504883
0.045931100845336914
0.04555392265319824
0.04172158241271973
0.04137229919433594
0.03428316116333008
0.046912193298339844
0.040808916091918945
0.03716683387756348
0.009156942367553711
0.006479501724243164
0.03606390953063965
0.049059391021728516
0.04681062698364258
0.04532122611999512
0.04109048843383789
0.05195498466491699
0.050597429275512695
0.04386639595031738
0.04059314727783203
0.03987526893615723
0.05331230163574219
0.04826092720031738
0.048175811767578125
0.009246349334716797
0.006745100021362305
0.03553938865661621
0.045110464096069336
0.040291786193847656
0.05126619338989258
0.044040679931640625
0.0361025333404541
0.0457308292388916
0.03836822509765625
0.03656911849975586
0.05084538459777832
0.04719185829162598
0.039713382720947266
0.053354501724243164
0.009783267974853516
0.006225109100341797
0.03334975242614746
0.04737377166748047
0.045111894607543945
0.042563676834106445
0.039681434631347656
0.03573942184448242
0.04877471923828125
0.04388833045959473
0.038089752197265625
0.0382695198059082
0.05211019515991211
0.04713702201843262
0.04066324234008789
0.005807161331176758
0.004853248596191406
0.034739017486572266
0.04694628715515137
0.04884672164916992
0.03405356407165527
0.04465174674987793
0.04192924499511719
0.051139116287231445
0.04761672019958496
0.04470658302307129
0.03894209861755371
0.03474116325378418
0.04531407356262207
0.04431438446044922
0.004733085632324219
0.007293224334716797
0.03413558006286621
0.04417610168457031
0.03932666778564453
0.04889273643493652
0.040815114974975586
0.05159497261047363
0.04576373100280762
0.04153776168823242
0.03448796272277832
0.0487515926361084
0.047904253005981445
0.04469633102416992
0.03493165969848633
0.006103038787841797
0.006571292877197266
0.03570866584777832
0.04646182060241699
0.042145729064941406
0.04070854187011719
0.037348031997680664
0.03543519973754883
0.04863429069519043
0.046500205993652344
0.04505729675292969
0.04002642631530762
0.03808164596557617
0.048478126525878906
0.044942617416381836
0.0063304901123046875
0.007014036178588867
0.03618478775024414
0.047165870666503906
0.04226040840148926
0.03589439392089844
0.04892301559448242
0.04061245918273926
0.05638766288757324
0.05407142639160156
0.04750561714172363
0.041080474853515625
0.03587818145751953
0.04711747169494629
0.03987526893615723
0.005079746246337891
0.0052034854888916016
0.034027099609375
0.04327583312988281
0.03943276405334473
0.0502777099609375
0.04865097999572754
0.04346609115600586
0.0394899845123291
0.0377957820892334
0.05556201934814453
0.0509486198425293
0.047388315200805664
0.034017324447631836
0.04585671424865723
0.006262779235839844
0.005216121673583984
0.03381943702697754
0.047501325607299805
0.03850197792053223
0.048127174377441406
0.037992000579833984
0.047594308853149414
0.04451751708984375
0.0456080436706543
0.04105067253112793
0.03749394416809082
0.04931306838989258
0.04753828048706055
0.06281256675720215
0.013695955276489258
0.030635356903076172
0.011194705963134766
0.03464651107788086
0.04609036445617676
0.0500638484954834
0.0432431697845459
0.04371309280395508
0.04417872428894043
0.039536237716674805
0.051094770431518555
0.04492664337158203
0.04572582244873047
0.046221256256103516
0.04274392127990723
0.005768299102783203
0.006021022796630859
0.034239768981933594
0.04541754722595215
0.04303550720214844
0.03846240043640137
0.04694938659667969
0.04281449317932129
0.03776407241821289
0.049440860748291016
0.04398846626281738
0.04085183143615723
0.04207444190979004
0.04202747344970703
0.036246538162231445
0.006719350814819336
0.0054318904876708984
0.03345465660095215
0.04749488830566406
0.048232316970825195
0.04347562789916992
0.0413515567779541
0.037428855895996094
0.04741048812866211
0.04131054878234863
0.045508384704589844
0.04302024841308594
0.03591346740722656
0.046424150466918945
0.038681745529174805
0.0075321197509765625
0.005896806716918945
0.03292131423950195
0.04311180114746094
0.03841090202331543
0.04830574989318848
0.042587995529174805
0.03673052787780762
0.051053762435913086
0.04710030555725098
0.0431675910949707
0.038657188415527344
0.04604649543762207
0.038779258728027344
0.05116605758666992
0.006307840347290039
0.006724834442138672
0.0354762077331543
0.047902584075927734
0.042096614837646484
0.037489891052246094
0.0525362491607666
0.047930002212524414
0.04591703414916992
0.04025626182556152
0.036945343017578125
0.05048871040344238
0.03482365608215332
0.04785490036010742
0.04591941833496094
0.006143331527709961
0.005866527557373047
0.03209352493286133
0.03693103790283203
0.0487058162689209
0.04169178009033203
0.03792881965637207
0.05058407783508301
0.04622077941894531
0.04577803611755371
0.040685415267944336
0.042470693588256836
0.040073394775390625
0.034684181213378906
0.04811978340148926
0.00427556037902832
0.006339073181152344
0.03611326217651367
0.05169200897216797
0.04476022720336914
0.04363656044006348
0.039841413497924805
0.03670215606689453
0.039011240005493164
0.05134940147399902
0.04532432556152344
0.04145002365112305
0.04097890853881836
0.04069328308105469
0.004599332809448242
0.0036466121673583984
0.035042524337768555
0.04698967933654785
0.043587684631347656
0.04224061965942383
0.03994488716125488
0.04086494445800781
0.05344557762145996
0.050195932388305664
0.04423379898071289
0.04145240783691406
0.041375160217285156
0.03981328010559082
0.005833864212036133
0.00614166259765625
0.03400230407714844
0.0436708927154541
0.03943753242492676
0.03888058662414551
0.03605484962463379
0.04651045799255371
0.05247068405151367
