0.01181173324584961
0.042205810546875
0.06223893165588379
0.048566341400146484
0.04185605049133301
0.039955854415893555
0.041837215423583984
0.05495333671569824
0.0510098934173584
0.04741835594177246
0.04917740821838379
0.0784919261932373
0.028048992156982422
0.058290958404541016
0.046019554138183594
0.019335269927978516
0.008485794067382812
0.039440155029296875
0.05417203903198242
0.04667520523071289
0.04076266288757324
0.04387402534484863
0.05170917510986328
0.046198368072509766
0.04214167594909668
0.03950190544128418
0.03495979309082031
0.04432320594787598
0.04071164131164551
0.049726247787475586
0.009546756744384766
0.00977468490600586
0.036170005798339844
0.04524111747741699
0.05273032188415527
0.0425717830657959
0.038999319076538086
0.054963111877441406
0.0503232479095459
0.045233726501464844
0.06192779541015625
0.054619550704956055
0.04305744171142578
0.039125680923461914
0.05042529106140137
0.007086038589477539
0.012769699096679688
0.03917407989501953
0.042836904525756836
0.03782796859741211
0.04761791229248047
0.039314985275268555
0.048461198806762695
0.054007530212402344
0.051579952239990234
0.04614400863647461
0.037349700927734375
0.050650835037231445
0.04243826866149902
0.03753399848937988
0.04829668998718262
0.009305953979492188
0.009059906005859375
0.03790450096130371
0.045037269592285156
0.03662896156311035
0.11496758460998535
0.07257699966430664
0.014877557754516602
0.03438115119934082
0.04874062538146973
0.04604816436767578
0.03943610191345215
0.0530095100402832
0.04346323013305664
0.05151534080505371
0.044498443603515625
0.039142608642578125
0.011131048202514648
0.0066907405853271484
0.035227298736572266
0.04216265678405762
0.03674483299255371
0.05035114288330078
0.04447197914123535
0.04077649116516113
0.05141448974609375
0.0399472713470459
0.05243062973022461
0.05084729194641113
0.0484011173248291
0.05354714393615723
0.04113912582397461
0.1280379295349121
0.08262801170349121
0.015309810638427734
0.03428459167480469
0.0388789176940918
0.052242279052734375
0.05105447769165039
0.04853248596191406
0.04951977729797363
0.05154728889465332
0.051772117614746094
0.05257225036621094
0.04805350303649902
0.03961968421936035
0.04960012435913086
0.041092872619628906
0.010817289352416992
0.009518146514892578
0.03451395034790039
0.044687509536743164
0.05051469802856445
0.04178810119628906
0.03575325012207031
0.047031402587890625
0.04044389724731445
0.053877830505371094
0.05054879188537598
0.05572700500488281
0.04925084114074707
0.04567909240722656
0.04726767539978027
0.009311437606811523
0.009487628936767578
0.03533673286437988
0.044057607650756836
0.05093193054199219
0.04349040985107422
0.053948163986206055
0.03943181037902832
0.05788445472717285
0.06054854393005371
0.04907345771789551
0.03987002372741699
0.04537367820739746
0.043228864669799805
0.0376889705657959
0.053376197814941406
0.00850987434387207
0.007456541061401367
0.036309003829956055
0.04390454292297363
0.04763936996459961
0.12490248680114746
0.06011795997619629
0.037721872329711914
0.055498600006103516
0.06041216850280762
0.04532217979431152
0.0407865047454834
0.0549778938293457
0.05163002014160156
0.049019575119018555
0.03941226005554199
0.051515817642211914
0.008977651596069336
0.008788347244262695
0.034337759017944336
0.04606318473815918
0.034494638442993164
0.04540228843688965
0.04164242744445801
0.03681755065917969
0.047777414321899414
0.04025530815124512
0.04647994041442871
0.04010295867919922
0.05300331115722656
0.048404693603515625
0.03923368453979492
0.049828529357910156
0.009271383285522461
0.008133649826049805
0.036394596099853516
0.04909491539001465
0.04611039161682129
0.03921985626220703
0.05307769775390625
0.04449152946472168
0.03656506538391113
0.0418095588684082
0.07452011108398438
0.04279494285583496
0.02846384048461914
0.06626224517822266
0.03255343437194824
0.03634071350097656
0.04567694664001465
0.038414955139160156
0.00913858413696289
0.006520509719848633
0.03410029411315918
0.042717933654785156
0.050225019454956055
0.044744014739990234
0.04205918312072754
0.05447888374328613
0.051726579666137695
0.04533958435058594
0.04219651222229004
0.03900432586669922
0.04981660842895508
0.03807806968688965
0.0418086051940918
0.052762508392333984
0.00738525390625
0.007959127426147461
0.03510165214538574
0.04937410354614258
0.041411399841308594
0.05049729347229004
0.04265451431274414
0.035802602767944336
0.043012142181396484
0.038654327392578125
0.048217058181762695
0.03991127014160156
0.037545204162597656
0.05060148239135742
0.043242692947387695
0.05503511428833008
0.005565166473388672
0.005757570266723633
0.03606152534484863
0.04473066329956055
0.041459083557128906
0.052933454513549805
0.04712271690368652
0.04327249526977539
0.03879666328430176
0.04939413070678711
0.04452180862426758
0.05983734130859375
0.05295753479003906
0.04167628288269043
0.04946732521057129
0.007658243179321289
0.005185604095458984
0.03465414047241211
0.04847073554992676
0.03771376609802246
0.04449725151062012
0.04159688949584961
0.05061984062194824
0.04649496078491211
0.03884267807006836
0.03673577308654785
0.050137996673583984
0.04604387283325195
0.0383303165435791
0.05737137794494629
0.04403376579284668
0.00618743896484375
0.0069234371185302734
0.03483390808105469
0.04466962814331055
0.05874896049499512
0.05295538902282715
0.05009341239929199
0.04017949104309082
0.05002188682556152
0.04227638244628906
0.048175811767578125
0.04123950004577637
0.05216026306152344
0.04423046112060547
0.041129112243652344
0.0504603385925293
0.006615877151489258
0.007541656494140625
0.0356748104095459
0.04365134239196777
0.03542828559875488
0.048651933670043945
0.04779839515686035
0.05373406410217285
0.045351266860961914
0.04121232032775879
0.03732705116271973
0.050081491470336914
0.04744768142700195
0.03591609001159668
0.042769432067871094
0.006211042404174805
0.010153055191040039
0.03333115577697754
0.04407525062561035
0.04016733169555664
0.048520565032958984
0.04139828681945801
0.03625941276550293
0.04868817329406738
0.04433417320251465
0.04184079170227051
0.03537487983703613
0.05149435997009277
0.04310202598571777
0.0495607852935791
0.007422685623168945
0.006838560104370117
0.034058332443237305
0.04345202445983887
0.03411293029785156
0.04608583450317383
0.04037594795227051
0.03615617752075195
0.04673147201538086
0.03987312316894531
0.0512537956237793
0.04871010780334473
0.04579806327819824
0.03810739517211914
0.04878878593444824
0.007601022720336914
0.0076847076416015625
0.03516340255737305
0.048450469970703125
0.038613080978393555
0.035062313079833984
0.046414852142333984
0.043244361877441406
0.03565788269042969
0.04595160484313965
0.041344642639160156
0.049446821212768555
0.04339313507080078
0.054817914962768555
0.03978371620178223
0.04456901550292969
0.01110529899597168
0.008223533630371094
0.03450322151184082
0.05125117301940918
0.040442466735839844
0.05734825134277344
0.04644489288330078
0.03845643997192383
0.050889015197753906
0.05112409591674805
0.03825235366821289
0.05202841758728027
0.05057930946350098
0.042177438735961914
0.05078625679016113
0.036911964416503906
0.00878596305847168
0.007380962371826172
0.03829002380371094
0.053333282470703125
0.04885506629943848
0.043313026428222656
0.051963090896606445
0.044434547424316406
0.04726696014404297
0.041524648666381836
0.03846263885498047
0.054804325103759766
0.05365180969238281
0.05083489418029785
0.03594541549682617
0.007993698120117188
0.009060859680175781
0.03572273254394531
0.044213056564331055
0.037992238998413086
0.04850578308105469
0.037653207778930664
0.05359816551208496
0.04363512992858887
0.03520345687866211
0.049536943435668945
0.04196786880493164
0.04007101058959961
0.054940223693847656
0.043447017669677734
0.05455732345581055
0.006757974624633789
0.006368875503540039
0.034169912338256836
0.0426182746887207
0.05069112777709961
0.0426633358001709
0.03831124305725098
0.04508399963378906
0.040220022201538086
0.03511667251586914
0.05591630935668945
0.05828094482421875
0.05547666549682617
0.04671502113342285
0.03626275062561035
0.007827281951904297
0.0075185298919677734
0.03631997108459473
0.05249738693237305
0.049922943115234375
0.04435896873474121
0.042180776596069336
0.03804302215576172
0.05196118354797363
0.049240827560424805
0.04407310485839844
0.041010141372680664
0.052057504653930664
0.04414963722229004
0.036340951919555664
0.007903337478637695
0.007121562957763672
0.03348231315612793
0.04574179649353027
0.04176974296569824
0.036797285079956055
0.047278642654418945
0.040538787841796875
0.03477215766906738
0.04720163345336914
0.04665231704711914
0.038572072982788086
0.04712200164794922
0.03660750389099121
0.04621148109436035
0.008116006851196289
0.007394313812255859
0.034834861755371094
0.04334092140197754
0.038637638092041016
0.03439211845397949
0.0451054573059082
0.05067038536071777
0.046088218688964844
0.04288220405578613
0.04019570350646973
0.03497195243835449
0.046343326568603516
0.03412222862243652
0.03847146034240723
0.044393301010131836
0.007847785949707031
0.007001161575317383
0.03508353233337402
0.04716157913208008
0.04557538032531738
0.037484169006347656
0.04627275466918945
0.037622690200805664
0.05062675476074219
0.043260812759399414
0.03889107704162598
0.04840874671936035
0.040900230407714844
0.05072951316833496
0.036298274993896484
0.044919729232788086
0.006837129592895508
0.009250879287719727
0.03888964653015137
0.05352950096130371
0.05145764350891113
0.049153804779052734
0.03827691078186035
0.04521012306213379
0.05392050743103027
0.04720330238342285
0.042920827865600586
0.0510408878326416
0.042764902114868164
0.049892425537109375
0.037679195404052734
0.04238152503967285
0.009975433349609375
0.004994392395019531
0.03409457206726074
0.04699444770812988
0.04400920867919922
0.036221981048583984
0.0485689640045166
0.04466748237609863
0.04138302803039551
0.04678201675415039
0.04842329025268555
0.048479557037353516
0.03970456123352051
0.04411125183105469
0.03420901298522949
0.004489898681640625
0.011956453323364258
0.03846168518066406
0.051706790924072266
0.04525923728942871
0.0462040901184082
0.04099559783935547
0.05656766891479492
0.047254323959350586
0.04732346534729004
0.03827548027038574
0.049997806549072266
0.038598060607910156
0.04667472839355469
0.03991341590881348
0.009922266006469727
0.006547451019287109
0.03400921821594238
0.043670654296875
0.03655266761779785
0.04901003837585449
0.040918827056884766
0.04971122741699219
0.03872227668762207
0.050780296325683594
0.04171276092529297
0.0539698600769043
0.05057215690612793
0.04399919509887695
0.05092597007751465
0.044612884521484375
0.007658243179321289
0.008552789688110352
0.0363926887512207
0.046864986419677734
0.039174556732177734
0.05145144462585449
0.0496976375579834
0.04617643356323242
0.039485931396484375
0.05199480056762695
0.04570484161376953
0.0419621467590332
0.05226254463195801
0.04165315628051758
0.05010676383972168
0.005318880081176758
0.0059659481048583984
0.033112287521362305
0.04664134979248047
0.03849506378173828
0.058576345443725586
0.05009341239929199
0.038480281829833984
0.04916691780090332
0.03786444664001465
0.04586148262023926
0.03885936737060547
0.05065011978149414
0.0401759147644043
0.04750776290893555
0.03818798065185547
0.0076808929443359375
0.006718635559082031
0.03453373908996582
0.04704022407531738
0.040254831314086914
0.05216836929321289
0.04620695114135742
0.038761138916015625
0.049635887145996094
0.04258608818054199
0.03832197189331055
0.05351996421813965
0.04961967468261719
0.04012322425842285
0.04787850379943848
0.006410360336303711
0.0058400630950927734
0.03496694564819336
0.044080495834350586
0.036314964294433594
0.04257702827453613
0.03879117965698242
0.053775787353515625
0.0518949031829834
0.04666614532470703
0.044884681701660156
0.04331183433532715
0.0590672492980957
0.0518345832824707
0.03902935981750488
0.006833076477050781
0.009168624877929688
0.03458571434020996
0.04909849166870117
0.04657769203186035
0.046024322509765625
0.03648877143859863
0.0507049560546875
0.045183420181274414
0.03673839569091797
0.05313754081726074
0.0488431453704834
0.03763771057128906
0.049957275390625
0.03662467002868652
0.006113529205322266
0.0051386356353759766
0.034999847412109375
0.138869047164917
0.22025346755981445
0.22987937927246094
0.23965954780578613
0.12808561325073242
0.2572004795074463
0.11088418960571289
0.08784770965576172
0.16756868362426758
0.1624302864074707
0.16165661811828613
0.1270606517791748
0.16060328483581543
0.1571354866027832
0.0060272216796875
0.005735874176025391
0.13857293128967285
0.16295528411865234
0.16466903686523438
0.16368603706359863
0.17143034934997559
0.16225576400756836
0.16319823265075684
0.1662425994873047
0.155914306640625
0.1719188690185547
0.12022614479064941
0.12395429611206055
0.0939643383026123
0.03692793846130371
0.04645538330078125
0.011353492736816406
0.00546717643737793
0.03320455551147461
0.049169301986694336
0.04131293296813965
0.036884307861328125
0.04666018486022949
0.040613412857055664
0.03795456886291504
0.04928779602050781
0.04270625114440918
0.05309343338012695
0.049022674560546875
0.04091811180114746
0.049620628356933594
0.0065004825592041016
0.007661104202270508
0.03276515007019043
0.05051565170288086
0.04146385192871094
0.05194878578186035
0.0452578067779541
0.03594827651977539
0.03914999961853027
0.04908156394958496
0.03783369064331055
0.04825615882873535
0.03556990623474121
0.04396820068359375
0.04873394966125488
0.04001498222351074
0.011672258377075195
0.009295940399169922
0.04108452796936035
0.03898024559020996
0.04713702201843262
0.03579998016357422
0.04421806335449219
0.04096555709838867
0.053624629974365234
0.04728841781616211
0.04128670692443848
0.05108928680419922
0.0388028621673584
0.049268484115600586
0.0355684757232666
0.0425260066986084
0.013225555419921875
0.0059659481048583984
0.037375688552856445
0.04778170585632324
0.0403134822845459
0.0478665828704834
0.037720680236816406
0.04743671417236328
0.03520393371582031
0.04555392265319824
0.042137861251831055
0.04678654670715332
0.043804168701171875
0.04054713249206543
0.052150726318359375
0.039723873138427734
0.008785009384155273
0.007208824157714844
0.03530550003051758
0.047391414642333984
0.044838905334472656
0.04033803939819336
0.04822993278503418
0.053711891174316406
0.03972673416137695
0.052590370178222656
0.038968563079833984
0.048413991928100586
0.03813576698303223
0.05147075653076172
0.051679372787475586
0.05681753158569336
0.006925821304321289
0.007439374923706055
0.035747528076171875
0.038941144943237305
0.053000450134277344
0.044434547424316406
0.0561823844909668
0.04969143867492676
0.0431063175201416
0.05141758918762207
0.0450892448425293
0.05664706230163574
0.04927706718444824
0.03555655479431152
0.049202919006347656
0.043259620666503906
0.006891727447509766
0.03221297264099121
0.025269508361816406
0.03924202919006348
0.048081159591674805
0.05503273010253906
0.049593210220336914
0.04943561553955078
0.03919720649719238
0.05238747596740723
0.04736590385437012
0.03758716583251953
0.045687198638916016
0.04547762870788574
0.056777000427246094
0.04703974723815918
0.008114337921142578
0.008491277694702148
0.034397125244140625
0.045382022857666016
0.04014849662780762
0.05181455612182617
0.05534958839416504
0.07286691665649414
0.05654597282409668
0.052411556243896484
0.05600309371948242
0.04608488082885742
0.047504425048828125
0.042467594146728516
0.05238175392150879
0.011546134948730469
0.008166074752807617
0.036325931549072266
0.050898075103759766
0.038161516189575195
0.049074411392211914
0.04706525802612305
0.04302358627319336
0.058344125747680664
0.0532994270324707
0.06397843360900879
0.0431666374206543
0.0412900447845459
0.053946495056152344
0.04622054100036621
0.009323596954345703
0.008208274841308594
0.03600740432739258
0.04670143127441406
0.038918495178222656
0.06101274490356445
0.05335354804992676
0.03437495231628418
0.045165300369262695
0.03762054443359375
0.0442051887512207
0.05030536651611328
0.047154903411865234
0.0379335880279541
0.0504605770111084
0.036832332611083984
0.0075452327728271484
0.009459495544433594
0.03430771827697754
0.04203534126281738
0.051299333572387695
0.043834686279296875
0.03511190414428711
0.0446932315826416
0.04736185073852539
0.04080367088317871
0.048999786376953125
0.04069018363952637
0.05479693412780762
0.04990196228027344
0.03631591796875
0.046506404876708984
0.010521411895751953
0.008939504623413086
0.043538570404052734
0.044081926345825195
0.0477907657623291
0.03663015365600586
0.05103111267089844
0.04426431655883789
0.0348968505859375
0.044475555419921875
0.04189109802246094
0.039453744888305664
0.05668926239013672
0.05156707763671875
0.045502424240112305
0.04915761947631836
0.007204294204711914
0.00758051872253418
0.034001827239990234
0.04455995559692383
0.05558180809020996
0.04460906982421875
0.1334381103515625
0.08714938163757324
0.057460784912109375
0.03964996337890625
0.05250239372253418
0.050961971282958984
0.05568194389343262
0.04408574104309082
0.07271337509155273
0.05675911903381348
0.046270132064819336
0.07198905944824219
0.013893604278564453
0.03430294990539551
0.049181461334228516
0.02847909927368164
0.05561375617980957
0.037235260009765625
0.04752397537231445
0.03832674026489258
0.04716372489929199
0.03807520866394043
0.04571795463562012
0.04240226745605469
0.0532991886138916
0.04351401329040527
0.0354156494140625
0.047472476959228516
0.05128741264343262
0.007379055023193359
0.008488178253173828
0.035646915435791016
0.04362630844116211
0.05263853073120117
0.04478287696838379
0.05523991584777832
0.0515596866607666
0.046715736389160156
0.03857612609863281
0.04464411735534668
0.04191875457763672
0.05451464653015137
0.042150020599365234
0.04942607879638672
0.04115629196166992
0.011867284774780273
0.007609367370605469
0.034293413162231445
0.04790091514587402
0.050690412521362305
0.037380218505859375
0.04844045639038086
0.04380202293395996
0.03435158729553223
0.04643058776855469
0.04042387008666992
0.051770687103271484
0.0431208610534668
0.03802227973937988
0.053215742111206055
0.04631948471069336
0.008133888244628906
0.0067746639251708984
0.03670811653137207
0.04662823677062988
0.04256415367126465
0.03682303428649902
0.04800105094909668
0.04173445701599121
0.056914329528808594
0.05097770690917969
0.049643516540527344
0.06020188331604004
0.05885481834411621
0.04861640930175781
0.03965163230895996
0.011748075485229492
0.007236003875732422
0.034485578536987305
0.046317338943481445
0.040726423263549805
0.0500187873840332
0.04480695724487305
0.03867387771606445
0.04990649223327637
0.0413055419921875
0.048287391662597656
0.04350090026855469
0.03763890266418457
0.04324698448181152
0.0424342155456543
0.05346488952636719
0.005616426467895508
0.008939504623413086
0.03552961349487305
0.04677391052246094
0.041940927505493164
0.03443479537963867
0.04618549346923828
0.04314684867858887
0.05043840408325195
0.04422926902770996
0.042105674743652344
0.03842043876647949
0.05086874961853027
0.04316139221191406
0.050389766693115234
0.008570432662963867
0.007446765899658203
0.03505587577819824
0.04253268241882324
0.037305593490600586
0.04966378211975098
0.046476125717163086
0.050702810287475586
0.04729938507080078
0.04870176315307617
0.04722905158996582
0.05192160606384277
0.04413795471191406
0.034605979919433594
0.04235363006591797
0.04642462730407715
0.006974458694458008
0.008127927780151367
0.03397703170776367
0.04304838180541992
0.03481435775756836
0.04941368103027344
0.04291129112243652
0.037433624267578125
0.04897427558898926
0.04367828369140625
0.04851818084716797
0.059986114501953125
0.05146670341491699
0.038964271545410156
0.05178213119506836
0.015093088150024414
0.009329080581665039
0.033559322357177734
0.04775190353393555
0.046154022216796875
0.05910134315490723
0.03943133354187012
0.05246138572692871
0.046413421630859375
0.042438507080078125
0.051239728927612305
0.04729104042053223
0.037095069885253906
0.048394203186035156
0.03916740417480469
0.048417091369628906
0.007487058639526367
0.0073926448822021484
0.03671860694885254
0.047911882400512695
0.04472541809082031
0.04906725883483887
0.04173851013183594
0.05125546455383301
0.05000710487365723
0.04527854919433594
0.04027819633483887
0.0512235164642334
0.04592084884643555
0.0434727668762207
0.05482745170593262
0.007642269134521484
0.006139278411865234
0.035602569580078125
0.04571843147277832
0.037821292877197266
0.04681825637817383
0.03711080551147461
0.049726009368896484
0.04167366027832031
0.06474161148071289
0.05346250534057617
0.05222058296203613
0.05307316780090332
0.04417824745178223
0.059198856353759766
0.008007287979125977
0.007761955261230469
0.034996747970581055
0.04489922523498535
0.037337303161621094
0.0440216064453125
0.043725013732910156
0.04162955284118652
0.037082672119140625
0.05050063133239746
0.0470430850982666
0.045928001403808594
0.04078030586242676
0.047762393951416016
0.03713679313659668
0.009566783905029297
0.006865501403808594
0.0340418815612793
0.04407930374145508
0.052670955657958984
0.04912829399108887
0.040328025817871094
0.0358126163482666
0.047408103942871094
0.05167722702026367
0.045757293701171875
0.04253101348876953
0.03824734687805176
0.04478144645690918
0.05295991897583008
0.007620334625244141
0.0062923431396484375
0.03383827209472656
0.04266834259033203
0.04996681213378906
0.04846525192260742
0.0409696102142334
0.05493760108947754
0.0507354736328125
0.04007101058959961
0.044899702072143555
0.03975653648376465
0.04694867134094238
0.039064645767211914
0.04635977745056152
0.050194740295410156
0.009601593017578125
0.011284828186035156
0.03866982460021973
0.053177595138549805
0.03687644004821777
0.05666017532348633
0.04929018020629883
0.04494595527648926
0.05890965461730957
0.05061459541320801
0.04523277282714844
0.04079604148864746
0.03736162185668945
0.05893349647521973
0.03713488578796387
0.04054617881774902
0.012908220291137695
0.01381063461303711
0.03791999816894531
0.0470433235168457
0.03997516632080078
0.05416369438171387
0.04627418518066406
0.03979945182800293
0.03499627113342285
0.04513692855834961
0.037604331970214844
0.05083608627319336
0.04502391815185547
0.05359244346618652
0.048192739486694336
0.07511639595031738
0.04418158531188965
0.013235092163085938
0.011822938919067383
0.03504610061645508
0.04584097862243652
0.039238691329956055
0.04756951332092285
0.035129547119140625
0.04667925834655762
0.03754997253417969
0.047568559646606445
0.03848433494567871
0.05484437942504883
0.04601407051086426
0.05472302436828613
0.04615473747253418
0.05465078353881836
0.007554769515991211
0.006440877914428711
0.03470444679260254
0.04484891891479492
0.05318140983581543
0.0441586971282959
0.05595564842224121
0.05069398880004883
0.04420614242553711
0.03880786895751953
0.034833431243896484
0.0446467399597168
0.04132819175720215
0.05024528503417969
0.03739428520202637
0.04784131050109863
0.0048792362213134766
0.006904125213623047
0.03638625144958496
0.0467071533203125
0.03755354881286621
0.05126833915710449
0.04805803298950195
0.046334266662597656
0.035715579986572266
0.044431209564208984
0.0403745174407959
0.05322384834289551
0.04597735404968262
0.039526939392089844
0.04185152053833008
0.05407905578613281
0.009182214736938477
0.006001949310302734
0.03439640998840332
0.04160451889038086
0.04941439628601074
0.04049873352050781
0.04549694061279297
0.0420074462890625
0.035909175872802734
0.05101442337036133
0.0453190803527832
0.044866323471069336
0.0367283821105957
0.045083045959472656
0.032975196838378906
0.04283285140991211
0.00609278678894043
0.004534482955932617
0.03478431701660156
0.04639410972595215
0.0415349006652832
0.05455589294433594
0.04738879203796387
0.04444313049316406
0.05278897285461426
0.04684567451477051
0.04085516929626465
0.0363459587097168
0.04409623146057129
0.03537607192993164
0.045584678649902344
0.006278514862060547
0.006859779357910156
0.03405642509460449
0.042795419692993164
0.037969350814819336
0.04976987838745117
0.040285587310791016
0.03474545478820801
0.04219508171081543
0.036253929138183594
0.04226398468017578
0.050209999084472656
0.04077577590942383
0.05133819580078125
0.04096412658691406
0.046662330627441406
0.005350351333618164
0.005528926849365234
0.03527355194091797
0.0452725887298584
0.04570770263671875
0.04754018783569336
0.041806697845458984
0.04985499382019043
0.04121208190917969
0.03720283508300781
0.047623395919799805
0.03887629508972168
0.049076080322265625
0.04007554054260254
0.049651145935058594
0.03691458702087402
0.006829261779785156
0.006543636322021484
0.03663444519042969
0.042114973068237305
0.03763294219970703
0.05153489112854004
0.04012155532836914
0.046750545501708984
0.041600704193115234
0.05725383758544922
0.04857516288757324
0.05483508110046387
0.05041384696960449
0.04596304893493652
0.04019021987915039
0.04906272888183594
0.0075609683990478516
0.008132219314575195
0.0351107120513916
0.04542231559753418
0.03876447677612305
0.03690004348754883
0.05030989646911621
0.04301571846008301
0.03856682777404785
0.04953765869140625
0.05049610137939453
0.04797220230102539
0.03880763053894043
0.05416154861450195
0.03921055793762207
0.012109756469726562
0.007264614105224609
0.0346529483795166
0.043189048767089844
0.0541379451751709
0.04575157165527344
0.03904128074645996
0.052224159240722656
0.04269814491271973
0.0531466007232666
0.049630165100097656
0.039591073989868164
0.05029106140136719
0.0515141487121582
0.03673362731933594
0.04250288009643555
0.012839794158935547
0.00464940071105957
0.03305506706237793
0.04193687438964844
0.03866720199584961
0.04610586166381836
0.03987264633178711
0.05131101608276367
0.046772003173828125
0.03651738166809082
0.04897952079772949
0.16353440284729004
0.04761552810668945
0.06307673454284668
0.0878286361694336
0.07888555526733398
0.006103515625
0.005597591400146484
0.036475181579589844
0.038558244705200195
0.16441798210144043
0.03934741020202637
0.0455625057220459
0.16536927223205566
0.18557047843933105
0.05116105079650879
0.1707613468170166
0.042180538177490234
0.05169320106506348
0.41530799865722656
0.0052607059478759766
0.0369112491607666
0.04783177375793457
0.16128230094909668
0.19892454147338867
0.07723855972290039
0.13793683052062988
0.04913473129272461
0.0403134822845459
0.17039871215820312
0.1699354648590088
0.05490565299987793
0.05215764045715332
0.12577509880065918
0.03605461120605469
0.05174732208251953
0.00569915771484375
0.007447481155395508
0.1395728588104248
0.04291820526123047
0.05022478103637695
0.16245365142822266
0.17659902572631836
0.052912235260009766
0.16263532638549805
0.04041242599487305
0.04095792770385742
0.03900265693664551
0.14523839950561523
0.04736328125
0.06065034866333008
0.14981603622436523
0.047098636627197266
0.007833719253540039
0.00713801383972168
0.0336761474609375
0.15027213096618652
0.04877948760986328
0.058594703674316406
0.1689317226409912
0.04540276527404785
0.03593087196350098
0.16547393798828125
0.1737380027770996
0.047235727310180664
0.16776800155639648
0.15840506553649902
0.042116641998291016
0.04608035087585449
0.004996299743652344
0.12519311904907227
0.03524017333984375
0.04029345512390137
0.1707601547241211
0.16354870796203613
0.03827047348022461
0.041533708572387695
0.043016910552978516
0.04062509536743164
0.039102792739868164
0.05383658409118652
0.050180912017822266
0.04431724548339844
0.03821992874145508
0.048952341079711914
0.007097721099853516
0.006845951080322266
0.032581329345703125
0.043688297271728516
0.03623175621032715
0.04166436195373535
0.04485058784484863
0.03827023506164551
0.0378420352935791
0.04636812210083008
0.04395270347595215
0.04082226753234863
0.052459001541137695
0.046332597732543945
0.03628182411193848
0.04718160629272461
0.006270408630371094
0.0069043636322021484
0.03586125373840332
0.0503392219543457
0.049202919006347656
0.0463716983795166
0.04192614555358887
0.046317100524902344
0.06168484687805176
0.049529075622558594
0.048110008239746094
0.04126334190368652
0.054993629455566406
0.04754638671875
0.04171490669250488
0.010911703109741211
0.00680232048034668
0.03592538833618164
0.04752087593078613
0.04312920570373535
0.04588937759399414
0.040584564208984375
0.03592967987060547
0.04762101173400879
0.04320383071899414
0.03865790367126465
0.049566030502319336
0.040924072265625
0.05236387252807617
0.04177045822143555
0.05196547508239746
0.006220340728759766
0.008392810821533203
0.033379554748535156
0.04647064208984375
0.03816843032836914
0.05045652389526367
0.045116424560546875
0.035816192626953125
0.048401594161987305
0.03733420372009277
0.04877614974975586
0.04520773887634277
0.037142276763916016
0.04800224304199219
0.036794185638427734
0.04722785949707031
0.00854635238647461
0.006683349609375
0.03655362129211426
0.04728507995605469
0.04030466079711914
0.04849600791931152
0.04335784912109375
0.03806352615356445
0.05122995376586914
0.04373812675476074
0.040456533432006836
0.03712320327758789
0.04515981674194336
0.05134749412536621
0.04693794250488281
0.008469343185424805
0.0077457427978515625
0.035065412521362305
0.04458260536193848
0.04035043716430664
0.05056166648864746
0.04744768142700195
0.0557703971862793
0.04540729522705078
0.03785300254821777
0.05010652542114258
0.03916478157043457
0.048517704010009766
0.039636850357055664
0.0491790771484375
0.042101383209228516
0.009668111801147461
0.010670661926269531
0.03529191017150879
0.040174007415771484
0.04992961883544922
0.046495914459228516
0.04091811180114746
0.03468632698059082
0.0440521240234375
0.038503408432006836
0.052329063415527344
0.045195817947387695
0.034635305404663086
0.04243326187133789
0.043793678283691406
0.036408185958862305
0.010119199752807617
0.005653858184814453
0.03389763832092285
0.04191327095031738
0.03508400917053223
0.044443368911743164
0.03641080856323242
0.04991459846496582
0.04383659362792969
0.05242276191711426
0.04502129554748535
0.03964710235595703
0.0486295223236084
0.04205155372619629
0.051721811294555664
0.04233574867248535
0.010695695877075195
0.006460666656494141
0.0342099666595459
0.04321932792663574
0.0548710823059082
0.048921823501586914
0.038397789001464844
0.048030853271484375
0.04519987106323242
0.03634905815124512
0.04757857322692871
0.041460275650024414
0.0499110221862793
0.050943851470947266
0.03923797607421875
0.04922938346862793
0.007452726364135742
0.005591869354248047
0.03843808174133301
0.04741501808166504
0.03721356391906738
0.042519569396972656
0.03405046463012695
0.04325151443481445
0.03844189643859863
0.0479435920715332
0.045063018798828125
0.04058241844177246
0.040097951889038086
0.050243377685546875
0.03945183753967285
0.0519869327545166
0.006445646286010742
0.005845785140991211
0.035742998123168945
0.04980039596557617
0.04590415954589844
0.045095205307006836
0.04415249824523926
0.054914236068725586
0.043764352798461914
0.037804603576660156
0.05098867416381836
0.045387983322143555
0.04662585258483887
0.042427778244018555
0.03583359718322754
0.00580906867980957
0.0052738189697265625
0.033853769302368164
0.04561161994934082
0.03768658638000488
0.04836392402648926
0.035375356674194336
0.04597806930541992
0.04900860786437988
0.04438638687133789
0.03285479545593262
0.04152059555053711
0.05478620529174805
0.04403257369995117
0.055542707443237305
0.0479426383972168
0.009856224060058594
0.007900476455688477
0.034670114517211914
0.04657316207885742
0.03973555564880371
0.04707670211791992
0.04058098793029785
0.049248456954956055
0.04069113731384277
0.052413225173950195
0.04735517501831055
0.03641986846923828
0.049386024475097656
0.03877449035644531
0.045235633850097656
0.038928985595703125
0.008980035781860352
0.006842851638793945
0.035626888275146484
0.044980525970458984
0.03769397735595703
0.046869754791259766
0.041426658630371094
0.03911924362182617
0.03634190559387207
0.04844188690185547
0.04053020477294922
0.03772616386413574
0.050599098205566406
0.04365277290344238
0.05450630187988281
0.012239217758178711
0.00609898567199707
0.03572797775268555
0.04580044746398926
0.043247222900390625
0.03550314903259277
0.04997062683105469
0.04210257530212402
0.05325961112976074
0.046236515045166016
0.03702521324157715
0.06699895858764648
0.0774385929107666
0.050316810607910156
0.058487653732299805
0.05496954917907715
0.010278940200805664
0.008618354797363281
0.03553032875061035
0.04529571533203125
0.04173612594604492
0.0508880615234375
0.039275169372558594
0.05203723907470703
0.05279135704040527
0.048311710357666016
0.04401993751525879
0.05864310264587402
0.053381919860839844
0.04694724082946777
0.05273079872131348
0.007880926132202148
0.01000356674194336
0.03531455993652344
0.05172848701477051
0.047873497009277344
0.04545259475708008
0.03854537010192871
0.0500338077545166
0.04102206230163574
0.05086398124694824
0.046891212463378906
0.052564144134521484
0.038153648376464844
0.04892706871032715
0.03627586364746094
0.045278072357177734
0.006384849548339844
0.008150577545166016
0.03566336631774902
0.043451786041259766
0.0526430606842041
0.04431939125061035
0.04025125503540039
0.03559374809265137
0.04675412178039551
0.03755831718444824
0.04658865928649902
0.03870797157287598
0.04649782180786133
0.03501272201538086
0.042420387268066406
0.037561655044555664
0.009773015975952148
0.011350393295288086
0.03421330451965332
0.04687333106994629
0.04373049736022949
0.037206172943115234
0.05250954627990723
0.04233145713806152
0.036153554916381836
0.04956555366516113
0.04768180847167969
0.04101061820983887
0.04911923408508301
0.03900313377380371
0.04465317726135254
0.04839015007019043
0.008061647415161133
0.009256124496459961
0.035259246826171875
0.0513920783996582
0.046326398849487305
0.03750252723693848
0.03968453407287598
0.054090023040771484
0.04591059684753418
0.03820610046386719
0.050720930099487305
0.04483342170715332
0.03805947303771973
0.04832029342651367
0.04216504096984863
0.006429910659790039
0.006460666656494141
0.03856539726257324
0.053029775619506836
0.043103933334350586
0.050049781799316406
0.04297494888305664
0.037935495376586914
0.04774332046508789
0.03896450996398926
0.04953622817993164
0.04404592514038086
0.051236867904663086
0.03955698013305664
0.05087637901306152
0.04587411880493164
0.007066249847412109
0.0062847137451171875
0.035019636154174805
0.044089317321777344
0.03802967071533203
0.04682493209838867
0.04143261909484863
0.05248141288757324
0.046088218688964844
0.04304671287536621
0.03593802452087402
0.045151472091674805
0.0565800666809082
0.04814624786376953
0.043840646743774414
0.03718733787536621
0.006997108459472656
0.006465911865234375
0.034946441650390625
0.04757118225097656
0.03798794746398926
0.04627585411071777
0.03782463073730469
0.04796600341796875
0.042708635330200195
0.03876948356628418
0.04568958282470703
0.034479379653930664
0.04115653038024902
0.051590681076049805
0.04288959503173828
0.036089420318603516
0.012035131454467773
0.00639653205871582
0.03721475601196289
0.0478663444519043
0.0369718074798584
0.052343130111694336
0.04903721809387207
0.042322397232055664
0.0362703800201416
0.050263166427612305
0.042383670806884766
0.051740169525146484
0.03917717933654785
0.050009965896606445
0.05417966842651367
0.050508975982666016
0.0058820247650146484
0.006108283996582031
0.0328524112701416
0.042388200759887695
0.03673386573791504
0.041900634765625
0.0521390438079834
0.05024528503417969
0.0396265983581543
0.05067849159240723
0.04640007019042969
0.03831195831298828
0.0510706901550293
0.04440164566040039
0.03644204139709473
0.039496660232543945
0.010140419006347656
0.007349729537963867
0.03705000877380371
0.047122955322265625
0.040055036544799805
0.05096745491027832
0.04314565658569336
0.03821516036987305
0.04943490028381348
0.04413747787475586
0.04665946960449219
0.06327271461486816
0.042958974838256836
0.04939842224121094
0.04180598258972168
0.050672292709350586
0.0067179203033447266
0.005621194839477539
0.035071372985839844
0.04650735855102539
0.037467002868652344
0.0408933162689209
0.04894375801086426
0.04232048988342285
0.03968548774719238
0.03555655479431152
0.04691433906555176
0.036529541015625
0.04843759536743164
0.03804492950439453
0.082763671875
0.028438329696655273
0.009192466735839844
0.010759830474853516
0.03479766845703125
0.045917510986328125
0.038620710372924805
0.04861569404602051
0.044086456298828125
0.05120515823364258
0.04494786262512207
0.035368919372558594
0.04257369041442871
0.04992794990539551
0.038208723068237305
0.051374197006225586
0.03562521934509277
0.0543668270111084
0.009478330612182617
0.01029062271118164
0.034926414489746094
0.039552927017211914
0.052161455154418945
0.04563117027282715
0.05073118209838867
0.04475975036621094
0.04199028015136719
0.036170244216918945
0.04669594764709473
0.037143707275390625
0.043823957443237305
0.03478741645812988
0.04356527328491211
0.04266977310180664
0.01655125617980957
0.007338523864746094
0.035925865173339844
0.041823387145996094
0.03625130653381348
0.04965996742248535
0.045444488525390625
0.03895854949951172
0.0496370792388916
0.04282641410827637
0.039336204528808594
0.04864764213562012
0.05426526069641113
0.06790423393249512
0.050466060638427734
0.007729291915893555
0.005281925201416016
0.03551912307739258
0.04452967643737793
0.040354013442993164
0.05136919021606445
0.045560359954833984
0.04071235656738281
0.04079008102416992
0.05410170555114746
0.04724574089050293
0.0388646125793457
0.0493168830871582
0.03511834144592285
0.043329477310180664
0.0507662296295166
0.005493640899658203
0.005093574523925781
0.03500080108642578
0.045429229736328125
0.03532719612121582
0.04361128807067871
0.03776860237121582
0.04799175262451172
0.04549717903137207
0.04744410514831543
0.05570387840270996
0.04716992378234863
0.03931164741516113
0.03436446189880371
0.04321789741516113
0.03398013114929199
0.007277727127075195
0.007786750793457031
0.03509640693664551
0.10994935035705566
0.07393693923950195
0.017955303192138672
0.046280860900878906
0.04143261909484863
0.0559842586517334
0.04686570167541504
0.03653573989868164
0.048934221267700195
0.04533076286315918
0.03427624702453613
0.04495406150817871
0.03741455078125
0.05055570602416992
0.008068561553955078
0.0067975521087646484
0.03357410430908203
0.0426030158996582
0.04049348831176758
0.04885745048522949
0.03723597526550293
0.044248342514038086
0.05029654502868652
0.03881978988647461
0.05296730995178223
0.04749107360839844
0.03690314292907715
0.04704761505126953
0.04040217399597168
0.050909996032714844
0.007683992385864258
0.006989240646362305
0.03608369827270508
0.04877614974975586
0.11366438865661621
0.13576984405517578
0.126051664352417
0.1341230869293213
0.14266395568847656
0.1326429843902588
0.11919426918029785
0.07770848274230957
0.16379070281982422
0.29405879974365234
0.3023557662963867
0.12147331237792969
0.25760507583618164
0.006308317184448242
0.0066258907318115234
0.13939571380615234
0.15689492225646973
0.16965484619140625
0.16135811805725098
0.17044830322265625
0.15759778022766113
0.16156959533691406
0.1622943878173828
0.30579185485839844
0.285050630569458
0.29194164276123047
0.2577390670776367
0.2225492000579834
0.1732804775238037
0.007962942123413086
0.009926557540893555
0.034360647201538086
0.04643678665161133
0.05098366737365723
0.04326343536376953
0.03942418098449707
0.05337691307067871
0.042946815490722656
0.04014754295349121
0.05147123336791992
0.040328025817871094
0.04990100860595703
0.04206967353820801
0.0357205867767334
0.048569440841674805
0.00624537467956543
0.005251169204711914
0.03439807891845703
0.0453338623046875
0.0402679443359375
0.05121660232543945
0.04735064506530762
0.04279160499572754
0.05087614059448242
0.04675698280334473
0.04226970672607422
0.05610990524291992
0.05142951011657715
0.043814659118652344
0.03798937797546387
0.013468503952026367
0.0062563419342041016
0.034978389739990234
0.04430699348449707
0.038301706314086914
0.049515485763549805
0.047831058502197266
0.04328608512878418
0.049524545669555664
0.04148101806640625
0.05294656753540039
0.04674863815307617
0.03742337226867676
0.04428362846374512
0.039764404296875
0.05226778984069824
0.007417917251586914
0.006031513214111328
0.03547406196594238
0.0414431095123291
0.03750038146972656
0.0515599250793457
0.04766988754272461
0.04351925849914551
0.05524754524230957
0.049904823303222656
0.04198908805847168
0.0373232364654541
0.05047464370727539
0.0468142032623291
0.03688955307006836
0.008713722229003906
0.005326271057128906
0.03504014015197754
0.047461748123168945
0.04584503173828125
0.03932023048400879
0.050293684005737305
0.04326653480529785
0.0523829460144043
0.04424929618835449
0.03606414794921875
0.04743146896362305
0.03830552101135254
0.052236080169677734
0.04748272895812988
0.008060693740844727
0.004968404769897461
0.03435468673706055
0.0485994815826416
0.04400444030761719
0.037377357482910156
0.05057406425476074
0.04919099807739258
0.04196357727050781
0.04159951210021973
0.050158023834228516
0.043157100677490234
0.03802847862243652
0.04502534866333008
0.03955793380737305
0.011003732681274414
0.00638580322265625
0.03530383110046387
0.04485940933227539
0.03981614112854004
0.034766197204589844
0.04555869102478027
0.03504753112792969
0.041713714599609375
0.047800540924072266
0.05054783821105957
0.043576717376708984
0.03805661201477051
0.04777097702026367
0.04220843315124512
0.050911903381347656
0.007088184356689453
0.006811380386352539
0.03648257255554199
0.046085357666015625
0.03551030158996582
0.047394752502441406
0.0437169075012207
0.0368802547454834
0.05116534233093262
0.045868635177612305
0.036493539810180664
0.04372096061706543
0.03642988204956055
0.0452420711517334
0.03481435775756836
0.04521512985229492
0.007127046585083008
0.0055446624755859375
0.035059452056884766
0.04523777961730957
0.04125809669494629
0.03707408905029297
0.05007505416870117
0.046774864196777344
0.036672115325927734
0.044251441955566406
0.05022001266479492
0.04468107223510742
0.054171085357666016
0.04736661911010742
0.04116320610046387
0.05466008186340332
0.0060656070709228516
0.00878143310546875
0.03865933418273926
0.05078744888305664
0.03937888145446777
0.048636436462402344
0.04485487937927246
0.055124759674072266
0.049169063568115234
0.04747462272644043
0.036544084548950195
0.04976844787597656
0.0455164909362793
0.05748605728149414
0.0451960563659668
0.053295135498046875
0.006918430328369141
0.010840415954589844
0.03369903564453125
0.04731392860412598
0.03504371643066406
0.04759716987609863
0.04013323783874512
0.05483293533325195
0.051868438720703125
0.044528961181640625
0.0372467041015625
0.04310297966003418
0.03645586967468262
0.04652833938598633
0.04226565361022949
0.05544447898864746
0.0060882568359375
0.010554075241088867
0.03516888618469238
0.04752635955810547
0.04300665855407715
0.04263019561767578
0.04086661338806152
0.03758430480957031
0.05003523826599121
0.03791952133178711
0.0515744686126709
0.04292917251586914
0.05028223991394043
0.042704105377197266
0.0383455753326416
0.008150577545166016
0.005033254623413086
0.03400421142578125
0.0467374324798584
0.044072866439819336
0.04265761375427246
0.038152217864990234
0.0523228645324707
0.044570207595825195
0.04076719284057617
0.052028656005859375
0.04532003402709961
0.042520999908447266
0.034587860107421875
0.042321205139160156
0.010025262832641602
0.008280754089355469
0.03813767433166504
0.046540021896362305
0.04546308517456055
0.04119515419006348
0.05077171325683594
0.04294300079345703
0.0359957218170166
0.042853593826293945
0.04065108299255371
0.05175375938415527
0.040476322174072266
0.04999184608459473
0.04210782051086426
0.0570836067199707
0.009591102600097656
0.008250236511230469
0.034897804260253906
0.0416264533996582
0.048126220703125
0.03905153274536133
0.05408310890197754
0.04773402214050293
0.045105934143066406
0.054212093353271484
0.04877662658691406
0.04471302032470703
0.052841901779174805
0.04418540000915527
0.05294299125671387
0.048932552337646484
0.007722377777099609
0.01226949691772461
0.03421831130981445
0.045859336853027344
0.03982734680175781
0.0509943962097168
0.041672468185424805
0.04167890548706055
0.05229902267456055
0.04471707344055176
0.03869891166687012
0.05056309700012207
0.046099185943603516
0.03913378715515137
0.053076982498168945
0.007170677185058594
0.00555872917175293
0.03513312339782715
0.046361446380615234
0.045688629150390625
0.039255619049072266
0.04892277717590332
0.04725074768066406
0.04131507873535156
0.05019831657409668
0.04298567771911621
0.04874563217163086
0.038784027099609375
0.04703927040100098
0.042474985122680664
0.006472349166870117
0.0044863224029541016
0.03391265869140625
0.04348039627075195
0.03620338439941406
0.04591488838195801
0.03923630714416504
0.05106663703918457
0.04419112205505371
0.0543060302734375
0.048220157623291016
0.03790163993835449
0.04545879364013672
0.037456512451171875
0.04668426513671875
0.03964710235595703
0.006927490234375
0.005229473114013672
0.03577852249145508
0.04724597930908203
0.039170026779174805
0.043610572814941406
0.03580594062805176
0.04898262023925781
0.046684980392456055
0.038450002670288086
0.04934811592102051
0.03759932518005371
0.04638504981994629
0.038671255111694336
0.04842066764831543
0.037481069564819336
0.005507469177246094
0.006960391998291016
0.03686928749084473
0.04589390754699707
0.05469655990600586
0.04427075386047363
0.037390708923339844
0.04906940460205078
0.04286503791809082
0.03562808036804199
0.04583454132080078
0.050377607345581055
0.03967881202697754
0.049016714096069336
0.040425777435302734
0.04922008514404297
0.007010221481323242
0.006390094757080078
0.036988258361816406
0.016635417938232422
0.04827451705932617
0.03688955307006836
0.049225807189941406
0.047456979751586914
0.04778242111206055
0.03968334197998047
0.04917263984680176
0.04134488105773926
0.047510385513305664
0.03853297233581543
0.04895901679992676
0.04047536849975586
0.006909847259521484
0.005194902420043945
0.034455299377441406
0.04465150833129883
0.03889346122741699
0.04705095291137695
0.04258561134338379
0.0344235897064209
0.04824399948120117
0.043134450912475586
0.053330421447753906
0.044472694396972656
0.052880048751831055
0.04584670066833496
0.03894329071044922
0.051131248474121094
0.007276058197021484
0.0061779022216796875
0.03475046157836914
0.045096635818481445
0.03633594512939453
0.04866147041320801
0.04273819923400879
0.03690671920776367
0.04118061065673828
0.04966115951538086
0.04128289222717285
0.0522770881652832
0.04026222229003906
0.049834489822387695
0.044614315032958984
0.05105924606323242
0.008626461029052734
0.007791757583618164
0.034879446029663086
0.04505562782287598
0.036333560943603516
0.04865622520446777
0.04869270324707031
0.037599802017211914
0.04819035530090332
0.04416704177856445
0.050726890563964844
0.041648149490356445
0.05068016052246094
0.037674665451049805
0.04723763465881348
0.03507733345031738
0.0504305362701416
0.018112659454345703
0.006497621536254883
0.03389453887939453
0.046958208084106445
0.0416867733001709
0.03399229049682617
0.04489779472351074
0.03668546676635742
0.045201778411865234
0.04478311538696289
0.039517879486083984
0.04778623580932617
0.04166054725646973
0.05168294906616211
0.048113346099853516
0.007999897003173828
0.005675792694091797
0.032507896423339844
0.04056882858276367
0.052814483642578125
0.04469943046569824
0.03884553909301758
0.046921491622924805
0.038692474365234375
0.05002903938293457
0.0405421257019043
0.05263185501098633
0.04470968246459961
0.037268877029418945
0.04895281791687012
0.038042545318603516
0.0060541629791259766
0.007292509078979492
0.034352779388427734
0.049077749252319336
0.0436549186706543
0.03431582450866699
0.045705556869506836
0.03791165351867676
0.04329395294189453
0.03632760047912598
0.040207624435424805
0.055349111557006836
0.04500269889831543
0.05252218246459961
0.04166603088378906
0.05068826675415039
0.005994319915771484
0.005078554153442383
0.03311610221862793
0.03819084167480469
0.04784512519836426
0.04067063331604004
0.04932069778442383
0.04326462745666504
0.04052162170410156
0.050127267837524414
0.05025887489318848
0.04186749458312988
0.055119991302490234
0.045920610427856445
0.0521235466003418
0.04176664352416992
0.006569385528564453
0.007014274597167969
0.033747196197509766
0.03989887237548828
0.04894614219665527
0.04612231254577637
0.06229376792907715
0.05647993087768555
0.05098748207092285
0.04104804992675781
0.05533409118652344
0.038892507553100586
0.05939793586730957
0.03646063804626465
0.04611802101135254
0.05384397506713867
0.004964113235473633
0.006016969680786133
0.036055564880371094
0.05053210258483887
0.048900604248046875
0.04988598823547363
0.047167062759399414
0.03962349891662598
0.05580568313598633
0.04816269874572754
0.03956437110900879
0.046749114990234375
0.03780674934387207
0.047515869140625
0.03683137893676758
0.008137226104736328
0.006939411163330078
0.0356440544128418
0.04607224464416504
0.03500032424926758
0.041629791259765625
0.05000495910644531
0.04471707344055176
0.040021657943725586
0.04080057144165039
0.04823946952819824
0.04014158248901367
0.04811358451843262
0.0429537296295166
0.037242889404296875
0.047315359115600586
0.0056934356689453125
0.005955219268798828
0.03470563888549805
0.045244693756103516
0.043221235275268555
0.034119606018066406
0.05068254470825195
0.04255175590515137
0.055998802185058594
0.048949241638183594
0.043050289154052734
0.05137944221496582
0.043962717056274414
0.03596615791320801
0.0502474308013916
0.006394386291503906
0.0070552825927734375
0.03618121147155762
0.04936480522155762
0.0456540584564209
0.040297746658325195
0.04925203323364258
0.04932999610900879
0.039801597595214844
0.05150723457336426
0.04711413383483887
0.037400245666503906
0.04462385177612305
0.03507828712463379
0.04563570022583008
0.0067920684814453125
0.006283760070800781
0.034806251525878906
0.04393172264099121
0.03536844253540039
0.04279375076293945
0.03817152976989746
0.04568958282470703
0.03737497329711914
0.052156925201416016
0.04478645324707031
0.039980411529541016
0.05393791198730469
0.04694986343383789
0.022228717803955078
0.046555519104003906
0.04834294319152832
0.010436058044433594
0.04321885108947754
0.025506973266601562
0.05227851867675781
0.04523801803588867
0.03629350662231445
0.0473170280456543
0.04340028762817383
0.052636146545410156
0.04450798034667969
0.036479949951171875
0.0414128303527832
0.0496821403503418
0.04069972038269043
0.050328969955444336
0.04310965538024902
0.007306337356567383
0.007080793380737305
0.03519296646118164
0.04732704162597656
0.03509211540222168
0.05163455009460449
0.03532886505126953
0.04564476013183594
0.04117274284362793
0.05020308494567871
0.043828725814819336
0.039466142654418945
0.05082821846008301
0.04193305969238281
0.047818660736083984
0.044893503189086914
0.0060710906982421875
0.007884502410888672
0.035596370697021484
0.04617118835449219
0.040609121322631836
0.051825523376464844
0.04595136642456055
0.05475354194641113
0.0639486312866211
0.04282665252685547
0.03492593765258789
0.04604387283325195
0.041867971420288086
0.049622535705566406
0.042077064514160156
0.006658077239990234
0.0070400238037109375
0.03396344184875488
0.04891467094421387
0.04662275314331055
0.03789114952087402
0.038110971450805664
0.053672075271606445
0.046575307846069336
0.04390525817871094
0.03615856170654297
0.04804205894470215
0.03909897804260254
0.04367971420288086
0.037580013275146484
0.008588552474975586
0.005776643753051758
0.03543376922607422
0.04478883743286133
0.035196542739868164
0.042220115661621094
0.05120968818664551
0.041704416275024414
0.05197024345397949
0.040215253829956055
0.05263948440551758
0.04695701599121094
0.04020118713378906
0.04934263229370117
0.0403134822845459
0.04905962944030762
0.009744405746459961
0.0065233707427978516
0.03369927406311035
0.04484200477600098
0.03887534141540527
0.04723763465881348
0.040427446365356445
0.05296063423156738
0.04685473442077637
0.037007808685302734
0.04618716239929199
0.03821516036987305
0.05160093307495117
0.0408477783203125
0.03328967094421387
0.04288029670715332
0.013541460037231445
0.006845712661743164
0.03398752212524414
0.0438389778137207
0.05274176597595215
0.04450535774230957
0.033149003982543945
0.04563570022583008
0.038675785064697266
0.04665732383728027
0.03947114944458008
0.04705953598022461
0.03950786590576172
0.04575061798095703
0.03590822219848633
0.04520893096923828
0.012056827545166016
0.010248661041259766
0.0350651741027832
0.04437255859375
0.0387728214263916
0.050744056701660156
0.04096817970275879
0.03630661964416504
0.04481697082519531
0.03803396224975586
0.051844120025634766
0.048310279846191406
0.03608536720275879
0.04586625099182129
0.03804183006286621
0.049085378646850586
0.0060236454010009766
0.005718231201171875
0.03477907180786133
0.046553850173950195
0.0373377799987793
0.05162310600280762
0.04047369956970215
0.05165243148803711
0.04607820510864258
0.05861496925354004
0.04861807823181152
0.03431963920593262
0.04050278663635254
0.04906606674194336
0.0599668025970459
0.04152178764343262
0.011762619018554688
0.008562564849853516
0.034255027770996094
0.042870283126831055
0.036527156829833984
0.04808187484741211
0.04426932334899902
0.035991668701171875
0.04718637466430664
0.038556575775146484
0.03479719161987305
0.04335284233093262
0.052071571350097656
0.04552650451660156
0.034271955490112305
0.04408907890319824
0.005843162536621094
0.010298490524291992
0.03665328025817871
0.052977561950683594
0.04685235023498535
0.03632044792175293
0.05067610740661621
0.0419926643371582
0.0557098388671875
0.04572319984436035
0.05607032775878906
0.0441737174987793
0.03520369529724121
0.049541473388671875
0.058394670486450195
0.04364895820617676
0.006053447723388672
0.007279396057128906
0.033670902252197266
0.04935026168823242
0.042238473892211914
0.05356931686401367
0.04548501968383789
0.055816650390625
0.05258989334106445
0.046285390853881836
0.036759376525878906
0.04584956169128418
0.04008650779724121
0.045375823974609375
0.03932356834411621
0.05303072929382324
0.009500503540039062
0.006618976593017578
0.03421926498413086
0.04568338394165039
0.03903532028198242
0.03455162048339844
0.042012691497802734
0.04910564422607422
0.0456540584564209
0.039701223373413086
0.052037715911865234
0.04022526741027832
0.04939079284667969
0.044728755950927734
0.03624224662780762
0.04311966896057129
0.0062639713287353516
0.005025148391723633
0.03346395492553711
0.04295849800109863
0.036420345306396484
0.04309201240539551
0.03491330146789551
0.04376101493835449
0.03765106201171875
0.051477909088134766
0.04554104804992676
0.0378565788269043
0.05547642707824707
0.04638314247131348
0.03744912147521973
0.04300403594970703
0.006730318069458008
0.008367300033569336
0.03860020637512207
0.04932665824890137
0.03969120979309082
0.05480384826660156
0.057008981704711914
0.054999351501464844
0.05394244194030762
0.05091071128845215
0.045380353927612305
0.05050802230834961
0.04141116142272949
0.0453791618347168
0.03750872611999512
0.009703636169433594
0.008104324340820312
0.03551483154296875
0.047159671783447266
0.04451322555541992
0.05274224281311035
0.04813432693481445
0.03877449035644531
0.0496976375579834
0.044387102127075195
0.042275428771972656
0.051717519760131836
0.04326748847961426
0.05292153358459473
0.04463505744934082
0.00436091423034668
0.005181550979614258
0.03429913520812988
0.043335676193237305
0.03995823860168457
0.03717494010925293
0.04921126365661621
0.04277610778808594
0.03604555130004883
0.0450437068939209
0.03574824333190918
0.04449033737182617
0.054517507553100586
0.04578685760498047
0.03782963752746582
0.04986906051635742
0.005639076232910156
0.008640050888061523
0.03442072868347168
0.04114484786987305
0.03468608856201172
0.040261030197143555
0.05226325988769531
0.04317593574523926
0.0533137321472168
0.046857595443725586
0.03658938407897949
0.0433344841003418
0.03648829460144043
0.047666311264038086
0.03414773941040039
0.04575777053833008
0.0072400569915771484
0.009070634841918945
0.03429675102233887
0.04369616508483887
0.03424572944641113
0.04649543762207031
0.03452444076538086
0.044008493423461914
0.039711713790893555
0.05308175086975098
0.04043841361999512
0.04980921745300293
0.03973507881164551
0.04887533187866211
0.03948235511779785
0.05018329620361328
0.0075531005859375
0.005228757858276367
0.03339409828186035
0.04149937629699707
0.03793954849243164
0.04862165451049805
0.04468989372253418
0.037120819091796875
0.04777789115905762
0.04423999786376953
0.03753805160522461
0.04789304733276367
0.05467557907104492
0.04533648490905762
0.04960751533508301
0.041541337966918945
0.0084381103515625
0.007516145706176758
0.03762960433959961
0.04842638969421387
0.05469989776611328
0.04729437828063965
0.06026816368103027
0.04791522026062012
0.04356718063354492
0.04077553749084473
0.05152750015258789
0.036484718322753906
0.049706220626831055
0.03393197059631348
0.04035139083862305
0.04687094688415527
0.0072498321533203125
0.007652759552001953
0.03413581848144531
0.04282855987548828
0.05304217338562012
0.04742240905761719
0.052533864974975586
0.041822195053100586
0.05248618125915527
0.04119753837585449
0.05404949188232422
0.03703713417053223
0.1064455509185791
0.08097267150878906
0.04349184036254883
0.03541827201843262
0.043314456939697266
0.045908212661743164
0.007816076278686523
0.004331111907958984
0.03373360633850098
0.04046201705932617
0.046317338943481445
0.04445314407348633
0.039495229721069336
0.045578956604003906
0.05610084533691406
0.038450002670288086
0.057465553283691406
0.03336620330810547
0.04633831977844238
0.05425906181335449
0.06072688102722168
0.0665440559387207
0.12445569038391113
0.0549771785736084
0.008374691009521484
0.03471565246582031
0.040520668029785156
0.044293880462646484
0.056097984313964844
0.040892601013183594
0.0520632266998291
0.045027971267700195
0.037357330322265625
0.049538373947143555
0.033258676528930664
0.03729128837585449
0.047522544860839844
0.03559374809265137
0.03969597816467285
0.04510688781738281
0.00787806510925293
0.007695674896240234
0.03647780418395996
0.04909825325012207
0.03548288345336914
0.05020284652709961
0.047798871994018555
0.043660879135131836
0.045595645904541016
0.04144930839538574
0.0543360710144043
0.041458845138549805
0.05531120300292969
0.04807019233703613
0.03667116165161133
0.03651022911071777
0.008046388626098633
0.005784273147583008
0.03502917289733887
0.047504425048828125
0.03522181510925293
0.04585599899291992
0.035050153732299805
0.05006814002990723
0.04602360725402832
0.04201984405517578
0.05033683776855469
0.03577828407287598
0.03849077224731445
0.06445980072021484
0.02527475357055664
0.05087566375732422
0.005942106246948242
0.006020545959472656
0.033440351486206055
0.04248809814453125
0.03593850135803223
0.048029184341430664
0.043349504470825195
0.05884671211242676
0.03817391395568848
0.04870343208312988
0.03993678092956543
0.04561734199523926
0.036565542221069336
0.04974818229675293
0.0430445671081543
0.056139469146728516
0.006319761276245117
0.004622459411621094
0.034945011138916016
0.04546475410461426
0.03803753852844238
0.05164623260498047
0.043000221252441406
0.07169198989868164
0.022655963897705078
0.05046367645263672
0.04773664474487305
0.042508840560913086
0.04855537414550781
0.04113483428955078
0.05265069007873535
0.03290843963623047
0.03926277160644531
0.00935220718383789
0.006243467330932617
0.03717541694641113
0.042659759521484375
0.04423046112060547
0.05185222625732422
0.049652099609375
0.04404258728027344
0.043418169021606445
0.057219505310058594
0.04920649528503418
0.03516340255737305
0.04771590232849121
0.0447237491607666
0.05183267593383789
0.006944179534912109
0.0067789554595947266
0.0341336727142334
0.04156756401062012
0.0543217658996582
0.044051170349121094
0.07295894622802734
0.03098773956298828
0.048027753829956055
0.04075193405151367
0.04893755912780762
0.044866085052490234
0.05521965026855469
0.03500699996948242
0.04542851448059082
0.03774833679199219
0.05769777297973633
0.007428884506225586
0.012719869613647461
0.0356440544128418
0.04709649085998535
0.038573265075683594
0.05235743522644043
0.05709242820739746
0.042298078536987305
0.061273813247680664
0.04316544532775879
0.04071235656738281
0.0483090877532959
0.05221724510192871
0.04179716110229492
0.04971909523010254
0.04147481918334961
0.04940176010131836
0.0057599544525146484
0.008554935455322266
0.034377098083496094
0.043845176696777344
0.034668922424316406
0.04551815986633301
0.28920531272888184
0.20807099342346191
0.046541690826416016
0.06266021728515625
0.058167219161987305
0.06181526184082031
0.027408361434936523
0.039804935455322266
0.04817485809326172
0.03496813774108887
0.007219791412353516
0.0099639892578125
0.04058361053466797
0.05506110191345215
0.0442047119140625
0.05115103721618652
0.049381256103515625
0.03902578353881836
0.05090522766113281
0.04085946083068848
0.04824423789978027
0.03749489784240723
0.30783677101135254
0.25931859016418457
0.044480323791503906
0.05202364921569824
0.008427619934082031
0.005020856857299805
0.08063602447509766
0.018404483795166016
0.04216766357421875
0.036750078201293945
0.050179243087768555
0.04693269729614258
0.043512821197509766
0.04480934143066406
0.043135643005371094
0.03891611099243164
0.050043344497680664
0.042330026626586914
0.058035850524902344
0.03900432586669922
0.01224827766418457
0.008629560470581055
0.034983158111572266
0.047647953033447266
0.042756080627441406
0.2747230529785156
0.12401175498962402
0.0861825942993164
0.05502963066101074
0.04504871368408203
0.06228280067443848
0.033384084701538086
0.04302048683166504
0.05263209342956543
0.05462789535522461
0.04199934005737305
0.04643988609313965
0.03913545608520508
0.0065305233001708984
0.007756471633911133
0.033654212951660156
0.03639650344848633
0.047728538513183594
0.04314756393432617
0.05180668830871582
0.0437314510345459
0.053501129150390625
0.04921388626098633
0.045308589935302734
0.05878162384033203
0.03737354278564453
0.04014015197753906
0.04712629318237305
0.05704617500305176
0.008902549743652344
0.006394863128662109
0.03890728950500488
0.050961971282958984
0.04529118537902832
0.0384678840637207
0.045660972595214844
0.038923025131225586
0.048749446868896484
0.03690361976623535
0.04346156120300293
0.05283999443054199
0.04025840759277344
0.04589414596557617
0.037293195724487305
0.05008506774902344
0.007433414459228516
0.005852937698364258
0.03521251678466797
0.011661529541015625
0.03306746482849121
0.04127764701843262
0.05220150947570801
0.05617356300354004
0.04945492744445801
0.046447038650512695
0.040998220443725586
0.05285930633544922
0.044971466064453125
0.05142021179199219
0.041931867599487305
0.05049586296081543
0.0480649471282959
0.005791902542114258
0.009783506393432617
0.03581857681274414
0.048781633377075195
0.04266476631164551
0.03776407241821289
0.04701542854309082
0.03871631622314453
0.05095934867858887
0.047925472259521484
0.046918630599975586
0.04006385803222656
0.038579702377319336
0.05232596397399902
0.04263186454772949
0.03989362716674805
0.008436203002929688
0.005446195602416992
0.03374457359313965
0.04849052429199219
0.04703998565673828
0.04142904281616211
0.052298545837402344
0.04931354522705078
0.045798540115356445
0.037070274353027344
0.05051159858703613
0.04682493209838867
0.037100791931152344
0.046405792236328125
0.040526628494262695
0.011887788772583008
0.00861668586730957
0.035230159759521484
0.0477910041809082
0.04491448402404785
0.05144691467285156
0.04819011688232422
0.03983283042907715
0.04404497146606445
0.0371396541595459
0.05051088333129883
0.03998231887817383
0.0478971004486084
0.03670310974121094
0.04033541679382324
0.04846549034118652
0.005739688873291016
0.0069580078125
0.034079551696777344
0.04347395896911621
0.04019784927368164
0.049536705017089844
0.04141545295715332
0.03522777557373047
0.04750704765319824
0.03996634483337402
0.06050872802734375
0.0354766845703125
0.04404735565185547
0.037842750549316406
0.04754137992858887
0.0075168609619140625
0.006639242172241211
0.036498069763183594
0.039185285568237305
0.050247907638549805
0.04403948783874512
0.03870987892150879
0.050859689712524414
0.03873085975646973
0.04787039756774902
0.03870534896850586
0.053457021713256836
0.043273210525512695
0.03577232360839844
0.039916038513183594
0.05148053169250488
0.006771564483642578
0.008047342300415039
0.033550262451171875
0.04399299621582031
0.03808403015136719
0.04882407188415527
0.04373788833618164
0.0380856990814209
0.051737070083618164
0.03979682922363281
0.054828643798828125
0.04411506652832031
0.03663897514343262
0.047400712966918945
0.03759121894836426
0.04806399345397949
0.007630825042724609
0.005616426467895508
0.034168243408203125
0.04381394386291504
0.03635525703430176
0.05048871040344238
0.038523197174072266
0.0525517463684082
0.043694496154785156
0.036454200744628906
0.04856419563293457
0.04548454284667969
0.036453962326049805
0.046180009841918945
0.03782963752746582
0.050934791564941406
0.006025075912475586
0.007204294204711914
0.03470206260681152
0.04206085205078125
0.037719011306762695
0.047643423080444336
0.04377102851867676
0.036975860595703125
0.04642772674560547
0.04167819023132324
0.04000258445739746
0.04960989952087402
0.03533649444580078
0.048476219177246094
0.04640913009643555
0.0061113834381103516
0.006425380706787109
0.03409409523010254
0.048879146575927734
0.04598498344421387
0.04187607765197754
0.03442096710205078
0.04375767707824707
0.03825807571411133
0.04891800880432129
0.03400540351867676
0.04602479934692383
0.037760257720947266
0.047196149826049805
0.037564992904663086
0.046692848205566406
0.005818367004394531
0.005354881286621094
0.03465008735656738
0.045308828353881836
0.03995013236999512
0.05084514617919922
0.0445101261138916
0.039134979248046875
0.03501152992248535
0.047467947006225586
0.042830705642700195
0.04917144775390625
0.03641080856323242
0.04659557342529297
0.036950111389160156
0.04388260841369629
0.009140968322753906
0.008633136749267578
0.03739309310913086
0.04986572265625
0.045842885971069336
0.04347944259643555
0.04730796813964844
0.1273479461669922
0.22695207595825195
0.12579584121704102
0.22874927520751953
0.1263582706451416
0.22389769554138184
0.1226503849029541
0.3358120918273926
0.16976428031921387
0.30401062965393066
0.0070285797119140625
0.006094932556152344
0.11304998397827148
0.16406989097595215
0.16848540306091309
0.15033674240112305
0.16532206535339355
0.16115593910217285
0.16187620162963867
0.1655886173248291
0.3020496368408203
0.160996675491333
0.16291022300720215
0.16983938217163086
0.16473150253295898
0.13197827339172363
0.19934940338134766
0.007687807083129883
0.0062103271484375
0.05643129348754883
0.04188799858093262
0.05434226989746094
0.05042290687561035
0.045915842056274414
0.045935630798339844
0.03841114044189453
0.04622244834899902
0.043020009994506836
0.044382572174072266
0.05134010314941406
0.04780316352844238
0.03751063346862793
0.044467926025390625
0.009885549545288086
0.0091094970703125
0.03400135040283203
0.04606914520263672
0.04109501838684082
0.05576372146606445
0.05116438865661621
0.0407412052154541
0.039431095123291016
0.05450153350830078
0.047733306884765625
0.04158449172973633
0.057190656661987305
0.05034232139587402
0.04415440559387207
0.006701231002807617
0.006249427795410156
0.03302001953125
0.040720462799072266
0.04635047912597656
0.04873013496398926
0.05375051498413086
0.045918941497802734
0.045989990234375
0.046788692474365234
0.04385209083557129
0.03486824035644531
0.050887346267700195
0.046381473541259766
0.05088496208190918
0.048552751541137695
0.004429340362548828
0.008192300796508789
0.03648257255554199
0.04762554168701172
0.04421877861022949
0.05677938461303711
0.0472257137298584
0.040373802185058594
0.0482182502746582
0.0391080379486084
0.04820585250854492
0.038851022720336914
0.054692745208740234
0.04594111442565918
0.041841745376586914
0.007119655609130859
0.00655364990234375
0.03333163261413574
0.04359722137451172
0.0362701416015625
0.05111885070800781
0.051355838775634766
0.04534482955932617
0.04235196113586426
0.05026507377624512
0.04526329040527344
0.04087495803833008
0.05059623718261719
0.03855323791503906
0.033802032470703125
0.007565498352050781
0.006497621536254883
0.03369545936584473
0.04769110679626465
0.04048013687133789
0.049355268478393555
0.04740309715270996
0.03862595558166504
0.05032086372375488
0.04633021354675293
0.04300570487976074
0.03622865676879883
0.04316234588623047
0.03828620910644531
0.05043649673461914
0.008026838302612305
0.014004707336425781
0.03508114814758301
0.04518246650695801
0.05295753479003906
0.043768882751464844
0.03813767433166504
0.04877424240112305
0.04250311851501465
0.03816986083984375
0.04643583297729492
0.03620266914367676
0.047913551330566406
0.038353681564331055
0.04345273971557617
0.036608219146728516
0.007616281509399414
0.008249998092651367
0.03552746772766113
0.04693412780761719
0.04411196708679199
0.05137038230895996
0.039003610610961914
0.03394603729248047
0.042467355728149414
0.035460710525512695
0.040978193283081055
0.036330461502075195
0.048009395599365234
0.04033350944519043
0.04722309112548828
0.04056596755981445
0.00820469856262207
0.0061397552490234375
0.036630868911743164
0.04608273506164551
0.03987288475036621
0.05785965919494629
0.053475379943847656
0.050554752349853516
0.04789280891418457
0.0444486141204834
0.05197858810424805
0.04509234428405762
0.05184459686279297
0.04552459716796875
0.03840041160583496
0.012082576751708984
0.005509614944458008
0.03690147399902344
0.044745445251464844
0.03755545616149902
0.04578733444213867
0.03985881805419922
0.046810150146484375
0.038925886154174805
0.05144667625427246
0.04746532440185547
0.036849260330200195
0.04817509651184082
0.04049038887023926
0.0503382682800293
0.04153752326965332
0.01116037368774414
0.006412982940673828
0.03550291061401367
0.04692840576171875
0.053938865661621094
0.042720794677734375
0.037375688552856445
0.0533447265625
0.05327177047729492
0.05136442184448242
0.04349684715270996
0.035448312759399414
0.04146456718444824
0.03610086441040039
0.04782438278198242
0.004195451736450195
0.004700183868408203
0.034739017486572266
0.04882669448852539
0.04945659637451172
0.043425559997558594
0.0521395206451416
0.041337013244628906
0.04213356971740723
0.04814004898071289
0.03912854194641113
0.04886984825134277
0.03597068786621094
0.045529842376708984
0.04018592834472656
0.049965620040893555
0.0063457489013671875
0.005324125289916992
0.03371167182922363
0.043814897537231445
0.03981661796569824
0.05249595642089844
0.04422879219055176
0.03707718849182129
0.04612302780151367
0.039713382720947266
0.04759573936462402
0.04237842559814453
0.05341792106628418
0.04489779472351074
0.036125898361206055
0.046990156173706055
0.01805567741394043
0.007918119430541992
0.03420591354370117
0.047623634338378906
0.04071974754333496
0.036026716232299805
0.049808502197265625
0.04645395278930664
0.04084968566894531
0.05386495590209961
0.04906129837036133
0.03528094291687012
0.04240298271179199
0.05168437957763672
0.062111616134643555
0.01761937141418457
0.0073394775390625
0.034238576889038086
0.037601470947265625
0.05082225799560547
0.043879032135009766
0.036899566650390625
0.052886009216308594
0.052626848220825195
0.04898667335510254
0.04597830772399902
0.05872321128845215
0.04661703109741211
0.04119992256164551
0.0526123046875
0.007211446762084961
0.00711512565612793
0.03406858444213867
0.04468059539794922
0.038704633712768555
0.04445505142211914
0.033905744552612305
0.04600882530212402
0.03925347328186035
0.03476119041442871
0.04419279098510742
0.03765439987182617
0.045783042907714844
0.03579068183898926
0.04697251319885254
0.037104129791259766
0.010633468627929688
0.009401082992553711
0.03334355354309082
0.04308581352233887
0.049269676208496094
0.04607653617858887
0.04027271270751953
0.04905438423156738
0.053676605224609375
0.049872636795043945
0.04109811782836914
0.049976348876953125
0.042031288146972656
0.049806833267211914
0.04534173011779785
0.040848731994628906
0.008699417114257812
0.006960391998291016
0.03539276123046875
0.04964494705200195
0.04395270347595215
0.04281735420227051
0.0436856746673584
0.03725147247314453
0.03336477279663086
0.05229544639587402
0.04809713363647461
0.043131113052368164
0.05517220497131348
0.04857349395751953
0.040670156478881836
0.01214146614074707
0.007926702499389648
0.03480863571166992
0.04750323295593262
0.04367232322692871
0.03487706184387207
0.04462623596191406
0.051706552505493164
0.04648447036743164
0.03939199447631836
0.05364680290222168
0.043627262115478516
0.051059722900390625
0.04274725914001465
0.038370370864868164
0.05107283592224121
0.007128715515136719
0.007878303527832031
0.034097909927368164
0.05445504188537598
0.033315181732177734
0.04663681983947754
0.0374302864074707
0.048540592193603516
0.04326653480529785
0.03709554672241211
0.04393458366394043
0.03660702705383301
0.04294133186340332
0.03725290298461914
0.05039811134338379
0.043504953384399414
0.006155490875244141
0.007382392883300781
0.03351879119873047
0.044069528579711914
0.05114936828613281
0.046550750732421875
0.03885912895202637
0.04752206802368164
0.05561256408691406
0.045273542404174805
0.05452442169189453
0.03785133361816406
0.05088090896606445
0.05069684982299805
0.04873847961425781
0.0419926643371582
0.009786605834960938
0.006042003631591797
0.03472471237182617
0.04534626007080078
0.040454864501953125
0.04772806167602539
0.047519683837890625
0.038103342056274414
0.05127596855163574
0.0452113151550293
0.040654659271240234
0.051602840423583984
0.044695377349853516
0.038497209548950195
0.04539990425109863
0.008858680725097656
0.005529880523681641
0.03575849533081055
0.041933536529541016
0.05196428298950195
0.04932594299316406
0.0412907600402832
0.03734397888183594
0.04686331748962402
0.03998708724975586
0.05023980140686035
0.04363727569580078
0.03782248497009277
0.05096936225891113
0.0414423942565918
0.05298042297363281
0.02050495147705078
0.007058382034301758
0.03463268280029297
0.04723763465881348
0.04366135597229004
0.03742814064025879
0.048004865646362305
0.042542219161987305
0.03408098220825195
0.04694199562072754
0.041666507720947266
0.05109119415283203
0.046999216079711914
0.038216352462768555
0.04569220542907715
0.006428718566894531
0.005833864212036133
0.03794121742248535
0.05491781234741211
0.049134016036987305
0.04194188117980957
0.034093379974365234
0.0438079833984375
0.038625240325927734
0.04849076271057129
0.040691375732421875
0.038172245025634766
0.05147123336791992
0.050794124603271484
0.039754390716552734
0.011346578598022461
0.006783962249755859
0.034256696701049805
0.04577207565307617
0.040555715560913086
0.03654074668884277
0.056000709533691406
0.05173325538635254
0.04974818229675293
0.04338550567626953
0.05374908447265625
0.0448760986328125
0.05222678184509277
0.048223018646240234
0.041222572326660156
0.008094549179077148
0.006157875061035156
0.03248167037963867
0.046783447265625
0.05368542671203613
0.04114341735839844
0.0500028133392334
0.04363560676574707
0.03705644607543945
0.043116092681884766
0.03464508056640625
0.04313826560974121
0.0440831184387207
0.03982830047607422
0.04837226867675781
0.04157257080078125
0.01092386245727539
0.007591724395751953
0.037541866302490234
0.04736661911010742
0.04158496856689453
0.050649166107177734
0.04345083236694336
0.0374758243560791
0.045616865158081055
0.03872179985046387
0.04927873611450195
0.044779300689697266
0.03735804557800293
0.055556297302246094
0.03203082084655762
0.038793325424194336
0.011016368865966797
0.006512880325317383
0.039826393127441406
0.05095839500427246
0.047232627868652344
0.055947303771972656
0.053604841232299805
0.04820895195007324
0.04340410232543945
0.04953932762145996
0.042583465576171875
0.048612356185913086
0.04179644584655762
0.035106658935546875
0.04566764831542969
0.006063222885131836
0.006482124328613281
0.03826618194580078
0.04893088340759277
0.046030521392822266
0.05983567237854004
0.03931427001953125
0.053376197814941406
0.04713177680969238
0.042418479919433594
0.05145525932312012
0.04687643051147461
0.03720879554748535
0.041426897048950195
0.051656484603881836
0.045751333236694336
0.005713224411010742
0.007791996002197266
0.0348968505859375
0.04288029670715332
0.035578250885009766
0.042951345443725586
0.0392909049987793
0.0482785701751709
0.040625572204589844
0.05111432075500488
0.04640769958496094
0.04045605659484863
0.05115151405334473
0.04320955276489258
0.053041696548461914
0.04387974739074707
0.007064342498779297
0.007256984710693359
0.03543257713317871
0.04498910903930664
0.04057121276855469
0.05286765098571777
0.04653429985046387
0.03740692138671875
0.04492783546447754
0.04023575782775879
0.04911375045776367
0.03773021697998047
0.0443270206451416
0.03826475143432617
0.05045318603515625
0.03845715522766113
0.01211690902709961
0.00937962532043457
0.0344235897064209
0.04364657402038574
0.041612863540649414
0.055357933044433594
0.048219919204711914
0.042118072509765625
0.038698673248291016
0.05192995071411133
0.040721893310546875
0.04969906806945801
0.044891357421875
0.04909372329711914
0.04102158546447754
0.007262706756591797
0.0075566768646240234
0.03646349906921387
0.0502164363861084
0.0435481071472168
0.03845024108886719
0.04934835433959961
0.043933868408203125
0.04446101188659668
0.03785562515258789
0.0515291690826416
0.04500412940979004
0.03864455223083496
0.04904007911682129
0.04716229438781738
0.0074732303619384766
0.007211446762084961
0.034731149673461914
0.045949459075927734
0.055156707763671875
0.05611014366149902
0.04580545425415039
0.03988075256347656
0.05214834213256836
0.04582643508911133
0.03729104995727539
0.0512385368347168
0.04597115516662598
0.043226003646850586
0.03563237190246582
0.04582047462463379
0.012926101684570312
0.008322477340698242
0.03637123107910156
0.04323077201843262
0.036299705505371094
0.053827524185180664
0.04755878448486328
0.0383608341217041
0.05220985412597656
0.04857516288757324
0.04154467582702637
0.04959583282470703
0.04662036895751953
0.03694343566894531
0.04561972618103027
0.007547140121459961
0.0062029361724853516
0.03473687171936035
0.04593515396118164
0.040929317474365234
0.050923824310302734
0.04216504096984863
0.048587799072265625
0.04113292694091797
0.03944849967956543
0.03410148620605469
0.04571247100830078
0.036263465881347656
0.04906272888183594
0.04283714294433594
0.00496220588684082
0.0071527957916259766
0.03545427322387695
0.04682469367980957
0.038210391998291016
0.05006814002990723
0.03687858581542969
0.04812479019165039
0.039748191833496094
0.05070161819458008
0.04437589645385742
0.05024886131286621
0.04246783256530762
0.0508272647857666
0.04473447799682617
0.05186653137207031
0.007881402969360352
0.005461692810058594
0.034967660903930664
0.042237043380737305
0.052224159240722656
0.048030853271484375
0.045972347259521484
0.042173147201538086
0.050122976303100586
0.04208993911743164
0.050949811935424805
0.045758724212646484
0.05125927925109863
0.04153037071228027
0.03682422637939453
0.054599761962890625
0.007257223129272461
0.0062007904052734375
0.03565502166748047
0.04680633544921875
0.039379119873046875
0.04915499687194824
0.04066061973571777
0.0368657112121582
0.04912543296813965
0.041034698486328125
0.05272865295410156
0.042453765869140625
0.037127017974853516
0.05027127265930176
0.03673219680786133
0.04538440704345703
0.011183977127075195
0.006512880325317383
0.03559446334838867
0.04706215858459473
0.04204607009887695
0.04911088943481445
0.0437469482421875
0.05526876449584961
0.05246114730834961
0.04402923583984375
0.04839587211608887
0.03905820846557617
0.04905843734741211
0.038342952728271484
0.047034502029418945
0.042874813079833984
0.00829315185546875
0.00741887092590332
0.0345301628112793
0.044411420822143555
0.03676414489746094
0.04377341270446777
0.03745293617248535
0.04939723014831543
0.04198312759399414
0.04856157302856445
0.041797637939453125
0.03394031524658203
0.04445528984069824
0.037462711334228516
0.04886269569396973
0.05319666862487793
0.0063555240631103516
0.0059566497802734375
0.03495454788208008
0.04574179649353027
0.03381156921386719
0.045516014099121094
0.043457984924316406
0.0540773868560791
0.04407620429992676
0.035849571228027344
0.05024290084838867
0.04369211196899414
0.03917503356933594
0.04961085319519043
0.04611563682556152
0.006971120834350586
0.005203962326049805
0.03459453582763672
0.04751181602478027
0.048407554626464844
0.03762984275817871
0.03762936592102051
0.050547122955322266
0.042055606842041016
0.03760647773742676
0.04914426803588867
0.03857254981994629
0.04873204231262207
0.03591442108154297
0.04967498779296875
0.00821995735168457
0.008698701858520508
0.034046173095703125
0.04249763488769531
0.036310672760009766
0.049063682556152344
0.042809247970581055
0.04831671714782715
0.04402303695678711
0.054514408111572266
0.04073047637939453
0.05348324775695801
0.04142427444458008
0.05190920829772949
0.040453195571899414
0.05048322677612305
0.007476329803466797
0.006176948547363281
0.03710508346557617
0.04177975654602051
0.04764556884765625
0.035069942474365234
0.04515576362609863
0.040709495544433594
0.04780173301696777
0.03873729705810547
0.04529428482055664
0.04254150390625
0.034906864166259766
0.04183816909790039
0.04874467849731445
0.05111241340637207
0.05218911170959473
0.007881879806518555
0.007189035415649414
0.034307241439819336
0.04572796821594238
0.03312492370605469
0.04627346992492676
0.03647589683532715
0.04985356330871582
0.0413210391998291
0.05314517021179199
0.040502309799194336
0.034142255783081055
0.04334402084350586
0.05431556701660156
0.03994417190551758
0.0487210750579834
0.0078067779541015625
0.0069887638092041016
0.03518867492675781
0.04166054725646973
0.05260729789733887
0.05047869682312012
0.04821276664733887
0.037065982818603516
0.04583477973937988
0.04007554054260254
0.05013608932495117
0.04026484489440918
0.04703521728515625
0.03879547119140625
0.04875922203063965
0.010439634323120117
0.006025791168212891
0.03610515594482422
0.043532609939575195
0.03742098808288574
0.045542240142822266
0.038909196853637695
0.04896187782287598
0.03673720359802246
0.047641754150390625
0.0407404899597168
0.05247974395751953
0.04634571075439453
0.03920769691467285
0.03806495666503906
0.04787278175354004
0.005907297134399414
0.006958723068237305
0.03398895263671875
0.044655799865722656
0.04179954528808594
0.03925657272338867
0.03478837013244629
0.04695844650268555
0.043077707290649414
0.03883099555969238
0.04736661911010742
0.042784929275512695
0.047118186950683594
0.04169940948486328
0.0377805233001709
0.007207155227661133
0.009506702423095703
0.0377349853515625
0.0515134334564209
0.04955649375915527
0.045865535736083984
0.03727912902832031
0.045366525650024414
0.05442070960998535
0.04777240753173828
0.039910316467285156
0.050729990005493164
0.04088187217712402
0.04869985580444336
0.04980754852294922
0.04901599884033203
0.018273591995239258
0.007457256317138672
0.03524303436279297
0.04674983024597168
0.041065216064453125
0.03513073921203613
0.04740595817565918
0.0425722599029541
0.03759312629699707
0.04796290397644043
0.04628753662109375
0.03863859176635742
0.05051231384277344
0.0381474494934082
0.04448866844177246
0.008952856063842773
0.00683140754699707
0.03535127639770508
0.04425621032714844
0.04149818420410156
0.0522618293762207
0.04802823066711426
0.04054403305053711
0.048525094985961914
0.03968358039855957
0.05007791519165039
0.04462742805480957
0.03347349166870117
0.043813467025756836
0.035620927810668945
0.04706835746765137
0.009156942367553711
0.008923530578613281
0.03481936454772949
0.04503679275512695
0.03737211227416992
0.047534942626953125
0.038321733474731445
0.05194997787475586
0.06048250198364258
0.05269217491149902
0.04257345199584961
0.05194807052612305
0.04304814338684082
0.03415203094482422
0.04446840286254883
0.05088376998901367
0.0072193145751953125
0.010783672332763672
0.03619384765625
0.04517197608947754
0.038336992263793945
0.04996943473815918
0.04245758056640625
0.04015016555786133
0.03393268585205078
0.04265165328979492
0.03357505798339844
0.04434013366699219
0.056865692138671875
0.06851768493652344
0.04962491989135742
0.006154775619506836
0.00715947151184082
0.03609442710876465
0.04450559616088867
0.03470182418823242
0.041870832443237305
0.03592824935913086
