0.008340835571289062
0.0393369197845459
0.05867147445678711
0.04279184341430664
0.052849769592285156
0.043051719665527344
0.04531455039978027
0.03803300857543945
0.04749751091003418
0.0388951301574707
0.037711381912231445
0.05326223373413086
0.0573887825012207
0.03737354278564453
0.04690742492675781
0.057019710540771484
0.02091383934020996
0.00841975212097168
0.03940105438232422
0.0535740852355957
0.046648263931274414
0.04133272171020508
0.04750633239746094
0.03932642936706543
0.05096030235290527
0.04574918746948242
0.04153561592102051
0.03613090515136719
0.044681549072265625
0.04111337661743164
0.04929852485656738
0.0066149234771728516
0.008839607238769531
0.03696894645690918
0.04581117630004883
0.056848764419555664
0.045449256896972656
0.04006052017211914
0.057440757751464844
0.05353999137878418
0.05052900314331055
0.04586482048034668
0.0392603874206543
0.05608105659484863
0.05289196968078613
0.053139448165893555
0.013720989227294922
0.010796546936035156
0.03548479080200195
0.04328751564025879
0.03692364692687988
0.05022454261779785
0.04017186164855957
0.04729104042053223
0.04265093803405762
0.043283939361572266
0.05673861503601074
0.04756951332092285
0.04318094253540039
0.03410744667053223
0.0444791316986084
0.00776982307434082
0.009613513946533203
0.04014444351196289
0.04654431343078613
0.03937673568725586
0.05294084548950195
0.06624245643615723
0.04741406440734863
0.03616070747375488
0.03625082969665527
0.04867815971374512
0.04367351531982422
0.039292097091674805
0.046475887298583984
0.039904117584228516
0.04854083061218262
0.04435563087463379
0.008852243423461914
0.010868549346923828
0.03631281852722168
0.042113304138183594
0.05151653289794922
0.043839454650878906
0.052198171615600586
0.04827547073364258
0.0399775505065918
0.047417640686035156
0.05102252960205078
0.04474210739135742
0.0430295467376709
0.04014015197753906
0.0585780143737793
0.05180692672729492
0.04889106750488281
0.020850419998168945
0.018557310104370117
0.03415989875793457
0.04070115089416504
0.055600881576538086
0.05243825912475586
0.05274796485900879
0.054000139236450195
0.05413031578063965
0.05538344383239746
0.057790517807006836
0.055713653564453125
0.04790043830871582
0.038886308670043945
0.0162200927734375
0.007654666900634766
0.03332209587097168
0.038396358489990234
0.04689764976501465
0.03427696228027344
0.04169297218322754
0.03579568862915039
0.04667377471923828
0.04223442077636719
0.03554177284240723
0.05208992958068848
0.05512809753417969
0.04944634437561035
0.04589438438415527
0.041005611419677734
0.02176642417907715
0.008149385452270508
0.037346601486206055
0.04553723335266113
0.0472109317779541
0.06325364112854004
0.050154924392700195
0.05362987518310547
0.04494166374206543
0.039956092834472656
0.04148674011230469
0.0515899658203125
0.032556772232055664
0.045495033264160156
0.04528498649597168
0.040437936782836914
0.015549421310424805
0.008371353149414062
0.035959482192993164
0.0632929801940918
0.04999852180480957
0.04529070854187012
0.10797262191772461
0.06281542778015137
0.03914165496826172
0.04550528526306152
0.04900550842285156
0.04430365562438965
0.03994154930114746
0.05614733695983887
0.048249244689941406
0.0422208309173584
0.05317234992980957
0.008388996124267578
0.009106874465942383
0.03287863731384277
0.04465746879577637
0.0364992618560791
0.04494142532348633
0.04090523719787598
0.036478519439697266
0.05019211769104004
0.04091763496398926
0.0492701530456543
0.0455322265625
0.05521678924560547
0.05124235153198242
0.04153251647949219
0.05713534355163574
0.006575345993041992
0.009207010269165039
0.03311896324157715
0.04361534118652344
0.0378420352935791
0.04863238334655762
0.042284250259399414
0.03737163543701172
0.04722118377685547
0.04568839073181152
0.03090047836303711
0.07520103454589844
0.05313920974731445
0.0890195369720459
0.05024218559265137
0.04788088798522949
0.05114269256591797
0.04157209396362305
0.01100015640258789
0.008348464965820312
0.03417181968688965
0.044217586517333984
0.05148911476135254
0.04431748390197754
0.04007577896118164
0.05407261848449707
0.048146963119506836
0.045925140380859375
0.04238295555114746
0.03873276710510254
0.05718588829040527
0.048114776611328125
0.06305217742919922
0.010580778121948242
0.007848024368286133
0.03666853904724121
0.04678964614868164
0.04310798645019531
0.039185523986816406
0.04750227928161621
0.039351463317871094
0.0510401725769043
0.04021739959716797
0.05017495155334473
0.04497861862182617
0.03506016731262207
0.04621744155883789
0.04448246955871582
0.007965803146362305
0.009296894073486328
0.03676271438598633
0.04762554168701172
0.04167628288269043
0.04916834831237793
0.04035830497741699
0.04794025421142578
0.04109501838684082
0.03415322303771973
0.04644417762756348
0.03688764572143555
0.043509721755981445
0.036905765533447266
0.04582667350769043
0.042135000228881836
0.013756752014160156
0.007401227951049805
0.0366673469543457
0.04685330390930176
0.04032778739929199
0.0536799430847168
0.04907035827636719
0.046106576919555664
0.039427757263183594
0.04976701736450195
0.046117544174194336
0.03996014595031738
0.0371701717376709
0.050438880920410156
0.06142687797546387
0.007245302200317383
0.007623434066772461
0.036467552185058594
0.04369211196899414
0.038530826568603516
0.05242156982421875
0.041548728942871094
0.05246400833129883
0.04816079139709473
0.037603139877319336
0.051541805267333984
0.044034719467163086
0.05228257179260254
0.04979205131530762
0.04332876205444336
0.056023359298706055
0.008913278579711914
0.006764650344848633
0.033837318420410156
0.041940927505493164
0.03586268424987793
0.04658222198486328
0.03678703308105469
0.04803800582885742
0.044315338134765625
0.04885101318359375
0.043402671813964844
0.03878140449523926
0.04022669792175293
0.0569150447845459
0.054854393005371094
0.012518882751464844
0.009148836135864258
0.03457021713256836
0.04286503791809082
0.036792755126953125
0.044550180435180664
0.045189619064331055
0.03730273246765137
0.04777717590332031
0.04643535614013672
0.03659820556640625
0.05093789100646973
0.046019554138183594
0.040079593658447266
0.03456425666809082
0.00948190689086914
0.006974935531616211
0.03171873092651367
0.0390467643737793
0.05444002151489258
0.047713518142700195
0.03879666328430176
0.049214839935302734
0.04490470886230469
0.03958725929260254
0.054952383041381836
0.04996752738952637
0.041884660720825195
0.03963899612426758
0.05475664138793945
0.012851715087890625
0.0074422359466552734
0.03577733039855957
0.04406619071960449
0.051111459732055664
0.042955875396728516
0.03532528877258301
0.045989274978637695
0.03993582725524902
0.03687262535095215
0.04930877685546875
0.043286800384521484
0.042212724685668945
0.051069021224975586
0.045543670654296875
0.05364274978637695
0.009264469146728516
0.009235858917236328
0.03454399108886719
0.04325556755065918
0.0510714054107666
0.05095243453979492
0.041116952896118164
0.037340402603149414
0.04649758338928223
0.03639864921569824
0.049897193908691406
0.050283193588256836
0.03785061836242676
0.051959991455078125
0.05041813850402832
0.04028630256652832
0.012019872665405273
0.010319232940673828
0.035051822662353516
0.044805049896240234
0.03845977783203125
0.05319070816040039
0.04874014854431152
0.03861880302429199
0.04725909233093262
0.03850245475769043
0.040906667709350586
0.05478525161743164
0.0545191764831543
0.05455183982849121
0.05430960655212402
0.013370513916015625
0.008989810943603516
0.03618192672729492
0.045088768005371094
0.053816795349121094
0.04114055633544922
0.05394887924194336
0.04821276664733887
0.03703880310058594
0.05257868766784668
0.04801344871520996
0.04152417182922363
0.04075932502746582
0.05260896682739258
0.049959659576416016
0.010674715042114258
0.009778976440429688
0.038442134857177734
0.04787802696228027
0.05239415168762207
0.04609417915344238
0.05416250228881836
0.048192501068115234
0.05382275581359863
0.05065274238586426
0.051595449447631836
0.04907727241516113
0.054396629333496094
0.055457115173339844
0.051013946533203125
0.008596181869506836
0.006783485412597656
0.03448367118835449
0.047022342681884766
0.04263472557067871
0.042084455490112305
0.03710770606994629
0.051886558532714844
0.049854278564453125
0.04765582084655762
0.04416060447692871
0.03908705711364746
0.05318403244018555
0.05114006996154785
0.04294419288635254
0.006857156753540039
0.007521629333496094
0.03529667854309082
0.04422426223754883
0.035921573638916016
0.048439979553222656
0.04621386528015137
0.03948211669921875
0.049637794494628906
0.045035362243652344
0.04012012481689453
0.03599667549133301
0.047826528549194336
0.04194927215576172
0.052622318267822266
0.007551431655883789
0.007629871368408203
0.03268313407897949
0.045926809310913086
0.03556561470031738
0.04755663871765137
0.0413365364074707
0.03654766082763672
0.0414125919342041
0.03663492202758789
0.04992866516113281
0.047574520111083984
0.04830670356750488
0.04946780204772949
0.03809499740600586
0.00937652587890625
0.007826566696166992
0.03612208366394043
0.04011178016662598
0.050061702728271484
0.042812347412109375
0.040252685546875
0.05072283744812012
0.042912960052490234
0.0346980094909668
0.04427027702331543
0.03803205490112305
0.04532146453857422
0.04045510292053223
0.049414873123168945
0.03938150405883789
0.00693821907043457
0.007516145706176758
0.03496050834655762
0.04489254951477051
0.03333783149719238
0.041352033615112305
0.03746604919433594
0.051477909088134766
0.04806947708129883
0.05823040008544922
0.04508805274963379
0.05450797080993652
0.0505681037902832
0.04446673393249512
0.035404205322265625
0.04681587219238281
0.014371395111083984
0.006584644317626953
0.03460979461669922
0.04387545585632324
0.03506326675415039
0.04374337196350098
0.03969764709472656
0.03689384460449219
0.04390382766723633
0.04090118408203125
0.0372469425201416
0.04856252670288086
0.04299664497375488
0.04801011085510254
0.05012774467468262
0.009876012802124023
0.009107112884521484
0.03775191307067871
0.04880642890930176
0.03776884078979492
0.04767751693725586
0.04278159141540527
0.05286836624145508
0.05010414123535156
0.04294562339782715
0.040320396423339844
0.05326724052429199
0.05151224136352539
0.04776597023010254
0.04272294044494629
0.01178884506225586
0.008412837982177734
0.03576350212097168
0.046949148178100586
0.03817176818847656
0.04809093475341797
0.04095959663391113
0.04772138595581055
0.04407668113708496
0.035387516021728516
0.045520782470703125
0.050989627838134766
0.04434394836425781
0.054277658462524414
0.04395413398742676
0.03861284255981445
0.010839462280273438
0.009295225143432617
0.0355987548828125
0.04779839515686035
0.04181671142578125
0.05581068992614746
0.04678058624267578
0.03902149200439453
0.049027442932128906
0.04409456253051758
0.04050922393798828
0.050256967544555664
0.04111957550048828
0.049146175384521484
0.04404640197753906
0.007383584976196289
0.007256984710693359
0.03622293472290039
0.04899477958679199
0.05269265174865723
0.04432106018066406
0.03656721115112305
0.04897570610046387
0.040686845779418945
0.06182432174682617
0.04838299751281738
0.036688804626464844
0.041855812072753906
0.050115346908569336
0.04167628288269043
0.03661704063415527
0.008049964904785156
0.008768558502197266
0.03487229347229004
0.04330563545227051
0.049866437911987305
0.04246973991394043
0.03803229331970215
0.04805421829223633
0.03939056396484375
0.05132699012756348
0.04389023780822754
0.03751015663146973
0.048978328704833984
0.04288649559020996
0.038431644439697266
0.051874637603759766
0.009655952453613281
0.007026195526123047
0.03410196304321289
0.04043269157409668
0.05290532112121582
0.0536351203918457
0.0431826114654541
0.056270599365234375
0.04746818542480469
0.039815664291381836
0.051287174224853516
0.04409027099609375
0.03853583335876465
0.050293684005737305
0.046651363372802734
0.006385326385498047
0.008137941360473633
0.034610748291015625
0.0384371280670166
0.04663825035095215
0.04143571853637695
0.03917074203491211
0.04962515830993652
0.04374289512634277
0.04926776885986328
0.04193925857543945
0.034827232360839844
0.04257512092590332
0.04257345199584961
0.035343170166015625
0.046376705169677734
0.008248567581176758
0.007681846618652344
0.03333401679992676
0.04131269454956055
0.03866004943847656
0.13006162643432617
0.13273954391479492
0.12720751762390137
0.12548398971557617
0.22801613807678223
0.25745534896850586
0.11092925071716309
0.08657097816467285
0.16718220710754395
0.1624889373779297
0.1601858139038086
0.1262664794921875
0.01409149169921875
0.13489365577697754
0.15767240524291992
0.16014313697814941
0.29443883895874023
0.15708088874816895
0.2936110496520996
0.15943217277526855
0.2986299991607666
0.1559429168701172
0.15890002250671387
0.2892632484436035
0.15947961807250977
0.25383639335632324
0.22589969635009766
0.08966326713562012
0.007479190826416016
0.0067806243896484375
0.03589463233947754
0.04011964797973633
0.04749321937561035
0.04820656776428223
0.043121337890625
0.03608417510986328
0.04687833786010742
0.04180645942687988
0.0378117561340332
0.050368309020996094
0.04202842712402344
0.03480386734008789
0.051015377044677734
0.005988597869873047
0.0066585540771484375
0.04467940330505371
0.04119467735290527
0.053533315658569336
0.054544925689697266
0.05015969276428223
0.04610323905944824
0.03995966911315918
0.05030536651611328
0.054334402084350586
0.04541206359863281
0.05118203163146973
0.044234275817871094
0.056185245513916016
0.04120373725891113
0.008888721466064453
0.006735324859619141
0.03618168830871582
0.04377269744873047
0.04652690887451172
0.0436553955078125
0.03843402862548828
0.04296159744262695
0.05285024642944336
0.04671359062194824
0.040787458419799805
0.05078744888305664
0.042694807052612305
0.05212259292602539
0.04333806037902832
0.05663752555847168
0.007062435150146484
0.008762836456298828
0.035422325134277344
0.04277658462524414
0.036191463470458984
0.051903486251831055
0.04095864295959473
0.04804515838623047
0.03898167610168457
0.04807901382446289
0.039627790451049805
0.05419492721557617
0.04007673263549805
0.051019906997680664
0.04699254035949707
0.03893423080444336
0.010121822357177734
0.0063474178314208984
0.036681413650512695
0.04618239402770996
0.042589426040649414
0.04079413414001465
0.040453433990478516
0.048784732818603516
0.04561758041381836
0.03580975532531738
0.05096626281738281
0.035180091857910156
0.045081138610839844
0.05426144599914551
0.05017828941345215
0.046163320541381836
0.011160850524902344
0.009843587875366211
0.03468203544616699
0.04713702201843262
0.05769920349121094
0.04548954963684082
0.03704643249511719
0.04768490791320801
0.04742121696472168
0.03924131393432617
0.04873323440551758
0.04475069046020508
0.05302309989929199
0.047238826751708984
0.034169912338256836
0.04898810386657715
0.005831003189086914
0.007772207260131836
0.034914255142211914
0.04383254051208496
0.04283332824707031
0.05205488204956055
0.058998823165893555
0.04297447204589844
0.04530906677246094
0.05665707588195801
0.048879146575927734
0.04671835899353027
0.056841135025024414
0.04240059852600098
0.03911590576171875
0.0500941276550293
0.007361650466918945
0.008839607238769531
0.03463292121887207
0.04398798942565918
0.053450584411621094
0.047341108322143555
0.0453338623046875
0.05255246162414551
0.07037663459777832
0.057161569595336914
0.05062675476074219
0.04279971122741699
0.05449938774108887
0.0571446418762207
0.04907870292663574
0.006297111511230469
0.009075403213500977
0.03508806228637695
0.03830742835998535
0.04552960395812988
0.03777170181274414
0.04273557662963867
0.052083730697631836
0.04503059387207031
0.04044818878173828
0.050292253494262695
0.044003963470458984
0.04491996765136719
0.04754233360290527
0.04373478889465332
0.036015987396240234
0.007455587387084961
0.007720470428466797
0.04001784324645996
0.04549241065979004
0.040047407150268555
0.05149579048156738
0.046610355377197266
0.040795326232910156
0.046520233154296875
0.05134773254394531
0.04371833801269531
0.034192562103271484
0.04234910011291504
0.0340578556060791
0.04078483581542969
0.04972410202026367
0.010994672775268555
0.008207321166992188
0.039626121520996094
0.05230545997619629
0.04181504249572754
0.05140495300292969
0.044413089752197266
0.03553938865661621
0.04477429389953613
0.047512054443359375
0.04131007194519043
0.04940938949584961
0.040946006774902344
0.05484271049499512
0.04964089393615723
0.03446388244628906
0.009287357330322266
0.0076885223388671875
0.03920722007751465
0.04826951026916504
0.036823272705078125
0.04406595230102539
0.05413031578063965
0.04668593406677246
0.04197072982788086
0.052839040756225586
0.04010581970214844
0.06156206130981445
0.039298295974731445
0.05310654640197754
0.05083656311035156
0.04285120964050293
0.009148120880126953
0.007861852645874023
0.034853219985961914
0.045122385025024414
0.03797292709350586
0.044524431228637695
0.06282806396484375
0.13597416877746582
0.08542084693908691
0.0593256950378418
0.03946232795715332
0.05269217491149902
0.050894975662231445
0.06201744079589844
0.047348976135253906
0.06754899024963379
0.057495832443237305
0.047310829162597656
0.01048135757446289
0.009025096893310547
0.0722198486328125
0.04228663444519043
0.04992866516113281
0.06077146530151367
0.033280134201049805
0.04656100273132324
0.03908514976501465
0.04540824890136719
0.0378727912902832
0.04555869102478027
0.039339303970336914
0.05345463752746582
0.051296234130859375
0.040181875228881836
0.0504608154296875
0.05590701103210449
0.005800724029541016
0.007349491119384766
0.03472256660461426
0.04193568229675293
0.050951242446899414
0.04177045822143555
0.04610800743103027
0.04199337959289551
0.04242658615112305
0.06646609306335449
0.03690147399902344
0.030216217041015625
0.03928327560424805
0.04881024360656738
0.03826403617858887
0.0482940673828125
0.008286476135253906
0.006560087203979492
0.032895803451538086
0.04392123222351074
0.05487370491027832
0.042275190353393555
0.04842376708984375
0.04559183120727539
0.040711402893066406
0.04847884178161621
0.0424962043762207
0.051285505294799805
0.0429081916809082
0.03666806221008301
0.05204153060913086
0.046298980712890625
0.014150857925415039
0.006439924240112305
0.03574633598327637
0.04451394081115723
0.03585100173950195
0.04839897155761719
0.04228687286376953
0.036989450454711914
0.04754996299743652
0.0403439998626709
0.052497148513793945
0.05034661293029785
0.059099674224853516
0.05923342704772949
0.0485079288482666
0.0060100555419921875
0.006499767303466797
0.03649711608886719
0.0436248779296875
0.04970097541809082
0.043608665466308594
0.03834939002990723
0.05012702941894531
0.04433894157409668
0.03956174850463867
0.0475008487701416
0.041687965393066406
0.05148720741271973
0.044380903244018555
0.0520014762878418
0.05307602882385254
0.007091522216796875
0.006617307662963867
0.03497433662414551
0.0446314811706543
0.04030156135559082
0.03536725044250488
0.04387545585632324
0.039174556732177734
0.03627753257751465
0.04568314552307129
0.043041229248046875
0.037102699279785156
0.05109906196594238
0.04575037956237793
0.03830361366271973
0.011252880096435547
0.007892608642578125
0.03764963150024414
0.04518890380859375
0.03580427169799805
0.045453786849975586
0.04268193244934082
0.05068826675415039
0.03478503227233887
0.04970073699951172
0.04999876022338867
0.05063796043395996
0.04087233543395996
0.05763864517211914
0.04939103126525879
0.010082483291625977
0.007231950759887695
0.033776283264160156
0.04592180252075195
0.05687451362609863
0.04800057411193848
0.044267892837524414
0.03891396522521973
0.05027151107788086
0.04751014709472656
0.04241824150085449
0.039078712463378906
0.0516664981842041
0.03362774848937988
0.04378223419189453
0.05052781105041504
0.009258031845092773
0.006973743438720703
0.03491473197937012
0.03324413299560547
0.04610776901245117
0.046424150466918945
0.0591585636138916
0.0396883487701416
0.05204200744628906
0.04634547233581543
0.04266500473022461
0.05129408836364746
0.047371625900268555
0.03704547882080078
0.048284053802490234
0.03926682472229004
0.00931406021118164
0.007531881332397461
0.03437638282775879
0.04559946060180664
0.0383608341217041
0.05481863021850586
0.04234051704406738
0.03633284568786621
0.0453035831451416
0.0418701171875
0.03746485710144043
0.05359339714050293
0.04727458953857422
0.04386782646179199
0.03847527503967285
0.011870384216308594
0.008180856704711914
0.03440117835998535
0.04156899452209473
0.05490279197692871
0.04460453987121582
0.038950204849243164
0.04894614219665527
0.04202985763549805
0.053014278411865234
0.0651087760925293
0.052521705627441406
0.053221940994262695
0.05300450325012207
0.04442596435546875
0.01414632797241211
0.011598825454711914
0.034208059310913086
0.04049277305603027
0.050574541091918945
0.04516267776489258
0.03228926658630371
0.04663586616516113
0.0445406436920166
0.04312491416931152
0.0407407283782959
0.037854909896850586
0.036715030670166016
0.05059027671813965
0.0425267219543457
0.011849403381347656
0.007822275161743164
0.032640695571899414
0.03736257553100586
0.049124956130981445
0.04104971885681152
0.04818558692932129
0.03970742225646973
0.0501408576965332
0.0490262508392334
0.0576319694519043
0.045145511627197266
0.043523550033569336
0.045868873596191406
0.036023616790771484
0.006969451904296875
0.007174491882324219
0.036585092544555664
0.04614758491516113
0.03684830665588379
0.05009603500366211
0.04806041717529297
0.042319536209106445
0.05474543571472168
0.05121421813964844
0.03960061073303223
0.044956207275390625
0.04141068458557129
0.04831981658935547
0.04455995559692383
0.05328774452209473
0.0063860416412353516
0.008609771728515625
0.03328895568847656
0.04070925712585449
0.05466032028198242
0.0400698184967041
0.055197715759277344
0.04942917823791504
0.04503965377807617
0.05506181716918945
0.04643988609313965
0.04098653793334961
0.051522016525268555
0.04736971855163574
0.0590057373046875
0.041718244552612305
0.007205963134765625
0.00734710693359375
0.03819632530212402
0.04186367988586426
0.043485164642333984
0.050295352935791016
0.06146407127380371
0.035581111907958984
0.04480457305908203
0.04778003692626953
0.04348349571228027
0.05336356163024902
0.04716753959655762
0.0370020866394043
0.04586148262023926
0.04464292526245117
0.010698556900024414
0.03851056098937988
0.03052544593811035
0.03713417053222656
0.047348976135253906
0.03969836235046387
0.04921889305114746
0.03519177436828613
0.045990943908691406
0.037927865982055664
0.05431818962097168
0.04967927932739258
0.04649806022644043
0.03600025177001953
0.04336428642272949
0.03538107872009277
0.0070760250091552734
0.007400035858154297
0.03716850280761719
0.045152902603149414
0.037899017333984375
0.047693490982055664
0.03654074668884277
0.04573535919189453
0.03948020935058594
0.05135965347290039
0.04410290718078613
0.04038071632385254
0.050637006759643555
0.04401230812072754
0.03727602958679199
0.04702305793762207
0.00743865966796875
0.007902383804321289
0.035264015197753906
0.04962444305419922
0.046273231506347656
0.036041259765625
0.04726052284240723
0.04421663284301758
0.04624652862548828
0.05947303771972656
0.051221370697021484
0.05055403709411621
0.047719717025756836
0.03888225555419922
0.051946401596069336
0.0055389404296875
0.007872581481933594
0.03619265556335449
0.04516792297363281
0.03670477867126465
0.04543948173522949
0.038518667221069336
0.04637765884399414
0.03828072547912598
0.048200368881225586
0.044995784759521484
0.04170536994934082
0.03868222236633301
0.05425715446472168
0.04511380195617676
0.007456302642822266
0.005867958068847656
0.03828120231628418
0.047141313552856445
0.039699554443359375
0.053229331970214844
0.04807925224304199
0.039131879806518555
0.046965599060058594
0.043184518814086914
0.05205821990966797
0.04455304145812988
0.038129568099975586
0.050737619400024414
0.048883914947509766
0.007216691970825195
0.010553359985351562
0.03479433059692383
0.04610323905944824
0.04028654098510742
0.05883049964904785
0.05582118034362793
0.039855241775512695
0.04832887649536133
0.04364633560180664
0.053777217864990234
0.04435372352600098
0.03206348419189453
0.03909945487976074
0.04910635948181152
0.04039788246154785
0.011934041976928711
0.008819580078125
0.04008817672729492
0.0518033504486084
0.047212839126586914
0.04136943817138672
0.04226422309875488
0.04127001762390137
0.0521240234375
0.04149055480957031
0.05118370056152344
0.04911613464355469
0.043885231018066406
0.04986262321472168
0.0475313663482666
0.03790140151977539
0.009822845458984375
0.01047205924987793
0.0358121395111084
0.04766559600830078
0.041533708572387695
0.0509185791015625
0.04808449745178223
0.04091978073120117
0.04810380935668945
0.03877449035644531
0.05153799057006836
0.04494881629943848
0.03992509841918945
0.04591679573059082
0.04427790641784668
0.007089853286743164
0.006840705871582031
0.03785085678100586
0.04487037658691406
0.033954620361328125
0.04177737236022949
0.035271406173706055
0.046431541442871094
0.045221805572509766
0.043099403381347656
0.0369105339050293
0.0510103702545166
0.05109763145446777
0.0468449592590332
0.040505409240722656
0.010317325592041016
0.00796365737915039
0.052490949630737305
0.061710357666015625
0.05414271354675293
0.04165220260620117
0.04998588562011719
0.040045738220214844
0.04643392562866211
0.04309964179992676
0.03486776351928711
0.0409703254699707
0.04756665229797363
0.04134964942932129
0.051666259765625
0.04638361930847168
0.0060465335845947266
0.01001739501953125
0.03542470932006836
0.044811248779296875
0.039034366607666016
0.04935169219970703
0.04646730422973633
0.03414201736450195
0.0450136661529541
0.038255929946899414
0.0470430850982666
0.036726951599121094
0.0507502555847168
0.1635589599609375
0.04297041893005371
0.05631732940673828
0.010195732116699219
0.06287264823913574
0.07744240760803223
0.046906471252441406
0.03869199752807617
0.18236422538757324
0.19807744026184082
0.04809904098510742
0.16641497611999512
0.18563175201416016
0.0461575984954834
0.17087745666503906
0.04190969467163086
0.05186033248901367
0.1832749843597412
0.20061516761779785
0.008107900619506836
0.008454322814941406
0.03910517692565918
0.10356020927429199
0.05217170715332031
0.04863309860229492
0.16347765922546387
0.20212745666503906
0.07996630668640137
0.13763904571533203
0.049237728118896484
0.040403127670288086
0.15358614921569824
0.043637752532958984
0.05861330032348633
0.17022705078125
0.12595748901367188
0.005791425704956055
0.03583192825317383
0.04507732391357422
0.1544642448425293
0.1719827651977539
0.05127859115600586
0.16222000122070312
0.1773226261138916
0.05350971221923828
0.1665337085723877
0.04564094543457031
0.047327280044555664
0.44847583770751953
0.010513544082641602
0.04361867904663086
0.05337166786193848
0.16585755348205566
0.043615102767944336
0.05678868293762207
0.16634202003479004
0.04529976844787598
0.06046128273010254
0.16617631912231445
0.17402267456054688
0.0475766658782959
0.16779375076293945
0.1601269245147705
0.04407072067260742
0.008499383926391602
0.006859540939331055
0.1525580883026123
0.16536545753479004
0.03459048271179199
0.046846628189086914
0.13551759719848633
0.049063682556152344
0.04853630065917969
0.06430768966674805
0.051558494567871094
0.05351877212524414
0.048720598220825195
0.038747310638427734
0.047708749771118164
0.042223215103149414
0.010609149932861328
0.006845712661743164
0.035794734954833984
0.04714345932006836
0.04090452194213867
0.05578184127807617
0.053209781646728516
0.061215877532958984
0.04935002326965332
0.04287433624267578
0.05385780334472656
0.04741191864013672
0.04460597038269043
0.036992788314819336
0.04811501502990723
0.006039857864379883
0.00559234619140625
0.0346684455871582
0.0470428466796875
0.04003739356994629
0.049504995346069336
0.04786419868469238
0.04443359375
0.03641176223754883
0.05086326599121094
0.04971790313720703
0.03445315361022949
0.04326272010803223
0.03795456886291504
0.04972267150878906
0.00703883171081543
0.006850481033325195
0.036917686462402344
0.04924201965332031
0.037854909896850586
0.04996347427368164
0.04676961898803711
0.03908038139343262
0.05371284484863281
0.044300079345703125
0.04057931900024414
0.03423047065734863
0.046952247619628906
0.04015970230102539
0.04701352119445801
0.0068972110748291016
0.007138729095458984
0.03447437286376953
0.04397225379943848
0.037307024002075195
0.05125236511230469
0.044275522232055664
0.03879404067993164
0.04942059516906738
0.0452570915222168
0.03795647621154785
0.04768061637878418
0.038402557373046875
0.050212860107421875
0.044646501541137695
0.0071985721588134766
0.007089376449584961
0.03542137145996094
0.044064998626708984
0.03622102737426758
0.04476809501647949
0.03682446479797363
0.048716068267822266
0.044353485107421875
0.036559104919433594
0.04846000671386719
0.04159212112426758
0.039365291595458984
0.04969286918640137
0.045150041580200195
0.006254434585571289
0.006917238235473633
0.03332996368408203
0.038118600845336914
0.04573798179626465
0.03946065902709961
0.047846317291259766
0.038751840591430664
0.05127096176147461
0.04277920722961426
0.03736472129821777
0.045716285705566406
0.05387377738952637
0.0486302375793457
0.041585683822631836
0.04928135871887207
0.007292270660400391
0.007246732711791992
0.03300142288208008
0.0424952507019043
0.03618884086608887
0.045964717864990234
0.0502924919128418
0.038472890853881836
0.04618382453918457
0.042002201080322266
0.03648948669433594
0.05355334281921387
0.04729318618774414
0.040653228759765625
0.04980039596557617
0.04244661331176758
0.00869607925415039
0.006438732147216797
0.03471708297729492
0.042366743087768555
0.045111656188964844
0.038282155990600586
0.049833059310913086
0.04162478446960449
0.03563380241394043
0.047628164291381836
0.03987288475036621
0.03724861145019531
0.049704790115356445
0.04143786430358887
0.050664424896240234
0.04569673538208008
0.0072634220123291016
0.006562709808349609
0.034331321716308594
0.043586015701293945
0.0363924503326416
0.04366707801818848
0.0383298397064209
0.04677128791809082
0.03855013847351074
0.04895162582397461
0.036106109619140625
0.046407461166381836
0.04572725296020508
0.03420114517211914
0.04674959182739258
0.03810262680053711
0.0075702667236328125
0.008098125457763672
0.03596353530883789
0.04913973808288574
0.05548572540283203
0.04405665397644043
0.05417275428771973
0.04772067070007324
0.03900027275085449
0.04539823532104492
0.03910040855407715
0.0477907657623291
0.04113316535949707
0.054290056228637695
0.04786491394042969
0.03753376007080078
0.016218900680541992
0.0059278011322021484
0.03334307670593262
0.040932655334472656
0.04978036880493164
0.04433250427246094
0.03925061225891113
0.052021026611328125
0.0455174446105957
0.03788495063781738
0.050017595291137695
0.04820418357849121
0.05508708953857422
0.04774904251098633
0.04283881187438965
0.006747722625732422
0.012967348098754883
0.033883094787597656
0.043056488037109375
0.036838531494140625
0.04799151420593262
0.042240142822265625
0.05013704299926758
0.04337048530578613
0.03448343276977539
0.04837489128112793
0.05467867851257324
0.03867530822753906
0.050444841384887695
0.04818534851074219
0.04073977470397949
0.009723186492919922
0.010093450546264648
0.03459000587463379
0.04280495643615723
0.053925275802612305
0.042601585388183594
0.04769325256347656
0.03932905197143555
0.04865884780883789
0.03652358055114746
0.04840087890625
0.04464864730834961
0.05412626266479492
0.04708051681518555
0.04352426528930664
0.04253053665161133
0.015505313873291016
0.007927656173706055
0.035639047622680664
0.04323601722717285
0.048918962478637695
0.042365312576293945
0.052185773849487305
0.04378795623779297
0.0374445915222168
0.04475760459899902
0.042763471603393555
0.040512800216674805
0.03834223747253418
0.05199408531188965
0.04847455024719238
0.0071527957916259766
0.006979465484619141
0.033530235290527344
0.045005083084106445
0.03647136688232422
0.04624605178833008
0.041777610778808594
0.03512310981750488
0.048998355865478516
0.0457608699798584
0.042925357818603516
0.03713202476501465
0.04635334014892578
0.04053950309753418
0.05392193794250488
0.008528470993041992
0.00866842269897461
0.03558015823364258
0.04486584663391113
0.05376887321472168
0.03958249092102051
0.05532670021057129
0.05208539962768555
0.039713382720947266
0.05134105682373047
0.045968055725097656
0.04686856269836426
0.05317807197570801
0.04335355758666992
0.038114070892333984
0.05457901954650879
0.007147550582885742
0.006513833999633789
0.03960084915161133
0.048645734786987305
0.042107343673706055
0.052922964096069336
0.046440839767456055
0.03537297248840332
0.051111698150634766
0.04603981971740723
0.0448603630065918
0.05925941467285156
0.052605390548706055
0.041397809982299805
0.053327083587646484
0.011578083038330078
0.00893092155456543
0.03637409210205078
0.0424807071685791
0.04883170127868652
0.034990787506103516
0.04115033149719238
0.048430681228637695
0.04084587097167969
0.04714536666870117
0.041193246841430664
0.05294609069824219
0.0525515079498291
0.050833940505981445
0.04342055320739746
0.03476715087890625
0.007044076919555664
0.005991697311401367
0.03699779510498047
0.047899723052978516
0.03766179084777832
0.043550968170166016
0.0350799560546875
0.04712176322937012
0.03360748291015625
0.04667925834655762
0.044371843338012695
0.037043094635009766
0.05239677429199219
0.04249429702758789
0.03620505332946777
0.04974365234375
0.006947755813598633
0.006028175354003906
0.03590798377990723
0.046741485595703125
0.03959226608276367
0.04882311820983887
0.03811502456665039
0.04536843299865723
0.05348014831542969
0.04951667785644531
0.04398155212402344
0.05611586570739746
0.03886103630065918
0.05375409126281738
0.05018115043640137
0.04481101036071777
0.0045928955078125
0.00580286979675293
0.03449583053588867
0.04587149620056152
0.039490461349487305
0.054055213928222656
0.047313690185546875
0.04492521286010742
0.04420113563537598
0.05603289604187012
0.04420113563537598
0.03907370567321777
0.04221630096435547
0.05664873123168945
0.04997062683105469
0.007857799530029297
0.007913827896118164
0.03589272499084473
0.039324045181274414
0.05270791053771973
0.04716682434082031
0.04252910614013672
0.03606438636779785
0.045035600662231445
0.04010725021362305
0.05409121513366699
0.04776453971862793
0.038515329360961914
0.05038762092590332
0.04370474815368652
0.006777763366699219
0.028451919555664062
0.03763246536254883
0.0483243465423584
0.04007530212402344
0.050432682037353516
0.04462027549743652
0.03682541847229004
0.047112226486206055
0.038381338119506836
0.05248308181762695
0.04187202453613281
0.05685091018676758
0.050269365310668945
0.04509925842285156
0.00764012336730957
0.00823521614074707
0.03684663772583008
0.04521536827087402
0.05388808250427246
0.046985626220703125
0.03699135780334473
0.05052947998046875
0.04899740219116211
0.044783592224121094
0.05563545227050781
0.047382354736328125
0.04348564147949219
0.03828597068786621
0.05320382118225098
0.008504152297973633
0.006542682647705078
0.034424781799316406
0.042841434478759766
0.054025888442993164
0.04975175857543945
0.03997659683227539
0.03974461555480957
0.05113959312438965
0.04361915588378906
0.037558794021606445
0.051885366439819336
0.04059720039367676
0.03991532325744629
0.03925466537475586
0.04986000061035156
0.005041837692260742
0.0062961578369140625
0.03631711006164551
0.04973340034484863
0.039937496185302734
0.050698041915893555
0.04423999786376953
0.04479813575744629
0.03579354286193848
0.04513382911682129
0.039791107177734375
0.05425286293029785
0.049584388732910156
0.0426633358001709
0.03666496276855469
0.04932594299316406
0.007634162902832031
0.008395671844482422
0.04744672775268555
0.061147212982177734
0.042807579040527344
0.04968667030334473
0.04173684120178223
0.050724029541015625
0.04227471351623535
0.03821158409118652
0.054340362548828125
0.03930974006652832
0.05397844314575195
0.050374746322631836
0.04894685745239258
0.007230043411254883
0.006932973861694336
0.034510135650634766
0.04898834228515625
0.03898787498474121
0.05027461051940918
0.03965282440185547
0.06888890266418457
0.040946006774902344
0.03881645202636719
0.04616975784301758
0.04095149040222168
0.05025982856750488
0.03940868377685547
0.050975799560546875
0.041951656341552734
0.00796198844909668
0.008813619613647461
0.03597736358642578
0.048898935317993164
0.056572675704956055
0.05074501037597656
0.03946733474731445
0.04886007308959961
0.04381680488586426
0.05028533935546875
0.03436470031738281
0.04690909385681152
0.042464494705200195
0.04731559753417969
0.04349708557128906
0.040186166763305664
0.0067844390869140625
0.010057210922241211
0.038013458251953125
0.052413225173950195
0.03817391395568848
0.048380136489868164
0.03755545616149902
0.05176687240600586
0.03746843338012695
0.04452085494995117
0.04913783073425293
0.04229998588562012
0.04000401496887207
0.05325889587402344
0.048659563064575195
0.04224538803100586
0.005598545074462891
0.006535530090332031
0.036351680755615234
0.04785656929016113
0.054527997970581055
0.06887650489807129
0.05043482780456543
0.04283761978149414
0.03602194786071777
0.04423642158508301
0.04033660888671875
0.04802584648132324
0.040976524353027344
0.03699541091918945
0.04845857620239258
0.006358146667480469
0.0064313411712646484
0.038919925689697266
0.05318641662597656
0.042586565017700195
0.04810643196105957
0.038700103759765625
0.04653358459472656
0.04031658172607422
0.03737235069274902
0.04656720161437988
0.03926491737365723
0.05878257751464844
0.0504302978515625
0.04766201972961426
0.048827409744262695
0.012350320816040039
0.009033441543579102
0.03549766540527344
0.047203779220581055
0.039369821548461914
0.03433799743652344
0.043151140213012695
0.03760337829589844
0.046117305755615234
0.039101600646972656
0.05525565147399902
0.035811424255371094
0.03903651237487793
0.04968738555908203
0.04138970375061035
0.0528714656829834
0.04509782791137695
0.007308244705200195
0.005579233169555664
0.03599739074707031
0.04829668998718262
0.04077887535095215
0.05226850509643555
0.04777407646179199
0.041245460510253906
0.037317752838134766
0.0496370792388916
0.044977426528930664
0.03691506385803223
0.04651641845703125
0.05309033393859863
0.04378104209899902
0.05690908432006836
0.007530689239501953
0.005068778991699219
0.03533816337585449
0.0404665470123291
0.04839944839477539
0.039153099060058594
0.05090761184692383
0.0445094108581543
0.03972458839416504
0.052660226821899414
0.12663650512695312
0.12742996215820312
0.2309713363647461
0.1260223388671875
0.13602614402770996
0.12651920318603516
0.1029963493347168
0.0052835941314697266
0.1094057559967041
0.08350491523742676
0.17139792442321777
0.15828299522399902
0.15192317962646484
0.12411284446716309
0.25740647315979004
0.16726922988891602
0.3011178970336914
0.16627049446105957
0.1581740379333496
0.17023682594299316
0.15711450576782227
0.15884733200073242
0.29790711402893066
0.13068366050720215
0.0050830841064453125
0.16531991958618164
0.2891080379486084
0.16442251205444336
0.26367664337158203
0.12052035331726074
0.17322087287902832
0.04633617401123047
0.05479717254638672
0.05180215835571289
0.039528608322143555
0.046651601791381836
0.033913612365722656
0.043755292892456055
0.038518428802490234
0.011695384979248047
0.005601406097412109
0.033011674880981445
0.042339324951171875
0.04834723472595215
0.042618751525878906
0.04075431823730469
0.04961347579956055
0.04077267646789551
0.03593325614929199
0.046135663986206055
0.04022669792175293
0.0511622428894043
0.04593968391418457
0.042672157287597656
0.05057835578918457
0.006498575210571289
0.00704503059387207
0.03466057777404785
0.043657779693603516
0.035471439361572266
0.04748964309692383
0.03715372085571289
0.047415971755981445
0.04188203811645508
0.055020809173583984
0.050473928451538086
0.04464244842529297
0.04515337944030762
0.03944993019104004
0.043451547622680664
0.04875445365905762
0.008451700210571289
0.00783681869506836
0.03522086143493652
0.04430127143859863
0.03567004203796387
0.0440516471862793
0.0380861759185791
0.05147147178649902
0.046457767486572266
0.05898690223693848
0.0518498420715332
0.04677724838256836
0.04104161262512207
0.03467702865600586
0.04070425033569336
0.04825162887573242
0.007519721984863281
0.007276773452758789
0.03805065155029297
0.04871559143066406
0.041924476623535156
0.038553714752197266
0.04777956008911133
0.04339027404785156
0.03551793098449707
0.04852724075317383
0.044470787048339844
0.03781700134277344
0.045366525650024414
0.04081273078918457
0.05071282386779785
0.009107112884521484
0.0062444210052490234
0.036139726638793945
0.04597735404968262
0.03629946708679199
0.04962658882141113
0.04920363426208496
0.04177594184875488
0.04198741912841797
0.03820061683654785
0.04973745346069336
0.04094362258911133
0.03718829154968262
0.0476071834564209
0.0468287467956543
0.006405353546142578
0.008309125900268555
0.03371596336364746
0.047174692153930664
0.03720664978027344
0.04759097099304199
0.04106473922729492
0.05081033706665039
0.04510354995727539
0.0397946834564209
0.03469967842102051
0.04546809196472168
0.036081790924072266
0.04376983642578125
0.05005669593811035
0.05050349235534668
0.0059201717376708984
0.006972789764404297
0.03270697593688965
0.04502725601196289
0.03591585159301758
0.04853010177612305
0.04058694839477539
0.04753851890563965
0.039902448654174805
0.05221819877624512
0.04268360137939453
0.035924673080444336
0.04977607727050781
0.04813337326049805
0.03977203369140625
0.04754137992858887
0.008148431777954102
0.006148099899291992
0.03610634803771973
0.04641366004943848
0.03838825225830078
0.04523444175720215
0.04343390464782715
0.03973221778869629
0.052892208099365234
0.05126333236694336
0.04690885543823242
0.040908098220825195
0.03409242630004883
0.043202877044677734
0.050382137298583984
0.006413936614990234
0.007546186447143555
0.034162044525146484
0.04180145263671875
0.05363130569458008
0.04598569869995117
0.041941165924072266
0.04876208305358887
0.04150533676147461
0.05218076705932617
0.04246950149536133
0.05282473564147949
0.0482943058013916
0.036055803298950195
0.04890942573547363
0.047835588455200195
0.005034685134887695
0.008099555969238281
0.03691840171813965
0.05041694641113281
0.03895711898803711
0.04501914978027344
0.034612417221069336
0.043820858001708984
0.033891916275024414
0.04834151268005371
0.03651142120361328
0.052904367446899414
0.04385828971862793
0.037978172302246094
0.05169034004211426
0.04932570457458496
0.010098934173583984
0.0073091983795166016
0.03432464599609375
0.04477524757385254
0.03441739082336426
0.04702353477478027
0.040619850158691406
0.048863887786865234
0.039397239685058594
0.04842519760131836
0.04316353797912598
0.03815650939941406
0.03741264343261719
0.050536155700683594
0.047590017318725586
0.006597995758056641
0.007582902908325195
0.03407883644104004
0.045471906661987305
0.035779476165771484
0.04695630073547363
0.04188942909240723
0.033762454986572266
0.046502113342285156
0.04135394096374512
0.04123687744140625
0.04045701026916504
0.05309438705444336
0.04985356330871582
0.041512489318847656
0.010701656341552734
0.006215333938598633
0.03727388381958008
0.0467076301574707
0.04318094253540039
0.03567075729370117
0.042754173278808594
0.05034995079040527
0.05337166786193848
0.04629015922546387
0.045049428939819336
0.04405498504638672
0.03727364540100098
0.04936051368713379
0.04431581497192383
0.049954891204833984
0.008026599884033203
0.007771730422973633
0.03372383117675781
0.04037070274353027
0.06387853622436523
0.04125332832336426
0.05331110954284668
0.05003619194030762
0.04172062873840332
0.05607318878173828
0.049750328063964844
0.038248300552368164
0.04799985885620117
0.04228997230529785
0.05049896240234375
0.04063534736633301
0.011688709259033203
0.005253314971923828
0.03336215019226074
0.04098868370056152
0.050003767013549805
0.03827214241027832
0.04996156692504883
0.046352386474609375
0.057558536529541016
0.043595314025878906
0.04006481170654297
0.05210566520690918
0.041640520095825195
0.04175519943237305
0.05209016799926758
0.04301261901855469
0.005696535110473633
0.007041454315185547
0.03456282615661621
0.044303178787231445
0.04053044319152832
0.03602766990661621
0.04825282096862793
0.0419621467590332
0.03617429733276367
0.047368526458740234
0.04382634162902832
0.03607630729675293
0.0501711368560791
0.04302096366882324
0.055145978927612305
0.008295059204101562
0.009610176086425781
0.034767866134643555
0.04285860061645508
0.05092811584472656
0.044280052185058594
0.03813505172729492
0.047380685806274414
0.0421292781829834
0.05316042900085449
0.046012163162231445
0.039313554763793945
0.05116415023803711
0.04421734809875488
0.05425429344177246
0.04909849166870117
0.008754253387451172
0.005901336669921875
0.03169655799865723
0.04278302192687988
0.05283641815185547
0.0454564094543457
0.04186105728149414
0.037885427474975586
0.049956560134887695
0.04183673858642578
0.04796028137207031
0.0418696403503418
0.03838157653808594
0.03484702110290527
0.045644521713256836
0.00739741325378418
0.006454944610595703
0.03510403633117676
0.04519200325012207
0.035970211029052734
0.047091007232666016
0.03752851486206055
0.04239630699157715
0.03602242469787598
0.04236316680908203
0.049044132232666016
0.03966045379638672
0.05156707763671875
0.045296430587768555
0.04281425476074219
0.05478692054748535
0.011598348617553711
0.009386777877807617
0.0348052978515625
0.045174360275268555
0.03555440902709961
0.0462489128112793
0.03784942626953125
0.04817485809326172
0.045427560806274414
0.0444185733795166
0.05650496482849121
0.05187559127807617
0.04692506790161133
0.046379804611206055
0.04183077812194824
0.04839968681335449
0.007402181625366211
0.008152484893798828
0.03760099411010742
0.04260444641113281
0.05428361892700195
0.0431826114654541
0.035199880599975586
0.048537254333496094
0.04345989227294922
0.039083003997802734
0.050260066986083984
0.041799068450927734
0.03577399253845215
0.04511904716491699
0.03851652145385742
0.047930002212524414
0.007380247116088867
0.009651899337768555
0.03348278999328613
0.04721832275390625
0.040494680404663086
0.03503537178039551
0.04689836502075195
0.03912162780761719
0.05041670799255371
0.04279732704162598
0.035938262939453125
0.04952692985534668
0.04747891426086426
0.037036895751953125
0.04892396926879883
0.007073879241943359
0.007837533950805664
0.03211784362792969
0.038919687271118164
0.04681134223937988
0.04102063179016113
0.04680991172790527
0.036745548248291016
0.048651933670043945
0.041161298751831055
0.0541377067565918
0.04517674446105957
0.042786359786987305
0.047209739685058594
0.04253697395324707
0.03874850273132324
0.0431208610534668
0.009405374526977539
0.008389711380004883
0.03671431541442871
0.04273533821105957
0.053629398345947266
0.04376554489135742
0.05138564109802246
0.043593645095825195
0.04758906364440918
0.041043758392333984
0.03519439697265625
0.04736185073852539
0.04236745834350586
0.03366851806640625
0.04244661331176758
0.0426182746887207
0.008148670196533203
0.005475282669067383
0.035604238510131836
0.04869961738586426
0.03975629806518555
0.052239179611206055
0.04631400108337402
0.03943920135498047
0.05100703239440918
0.04411506652832031
0.03775620460510254
0.048177480697631836
0.03739666938781738
0.04549980163574219
0.041704416275024414
0.05254936218261719
0.008023738861083984
0.008075237274169922
0.035635948181152344
0.04640388488769531
0.03433847427368164
0.045157670974731445
0.0471644401550293
0.04292750358581543
0.040288686752319336
0.05736708641052246
0.05041646957397461
0.04303240776062012
0.03741455078125
0.04430651664733887
0.034091949462890625
0.04062318801879883
0.009877920150756836
0.01122426986694336
0.033818721771240234
0.03930306434631348
0.049843788146972656
0.044859886169433594
0.042443037033081055
0.05521988868713379
0.04840397834777832
0.045801639556884766
0.03873705863952637
0.05212283134460449
0.04841780662536621
0.04238152503967285
0.03945183753967285
0.05049538612365723
0.009775876998901367
0.008363485336303711
0.03687429428100586
0.04683494567871094
0.03680920600891113
0.04703640937805176
0.040902137756347656
0.04939985275268555
0.04715466499328613
0.043784379959106445
0.053238630294799805
0.04579353332519531
0.03567099571228027
0.04233360290527344
0.053633928298950195
0.04535555839538574
0.011760473251342773
0.010018587112426758
0.05093717575073242
0.050957441329956055
0.04286599159240723
0.05252695083618164
0.05079460144042969
0.04693317413330078
0.046885013580322266
0.04370474815368652
0.03722548484802246
0.048139095306396484
0.038117170333862305
0.043764352798461914
0.038497209548950195
0.00803375244140625
0.006536960601806641
0.03530454635620117
0.04469180107116699
0.035273075103759766
0.04522109031677246
0.03313183784484863
0.044486045837402344
0.03637838363647461
0.04148054122924805
0.03687763214111328
0.04960989952087402
0.04980158805847168
0.03478264808654785
0.0430450439453125
0.038045644760131836
0.006886005401611328
0.006258487701416016
0.03601861000061035
0.045973777770996094
0.03603410720825195
0.04792904853820801
0.04299449920654297
0.03582930564880371
0.04800224304199219
0.04230141639709473
0.03958392143249512
0.0511326789855957
0.04211139678955078
0.03544187545776367
0.04913783073425293
0.006804943084716797
0.0076291561126708984
0.032867431640625
0.0457310676574707
0.039730072021484375
0.05199313163757324
0.042444467544555664
0.03619670867919922
0.047318220138549805
0.04142022132873535
0.050397396087646484
0.04622793197631836
0.0424656867980957
0.05166959762573242
0.048100948333740234
0.007355928421020508
0.007451534271240234
0.03509092330932617
0.046527862548828125
0.0361783504486084
0.04575634002685547
0.038564443588256836
0.051331520080566406
0.04510331153869629
0.06040000915527344
0.03421497344970703
0.043840646743774414
0.05420398712158203
0.049971818923950195
0.044623613357543945
0.00798654556274414
0.005776643753051758
0.03360486030578613
0.08093523979187012
0.05218195915222168
0.041779518127441406
0.04562115669250488
0.04929661750793457
0.05823850631713867
0.052854299545288086
0.04393172264099121
0.03619647026062012
0.04464387893676758
0.03689432144165039
0.048029422760009766
0.037247657775878906
0.04892897605895996
0.040142059326171875
0.00883936882019043
0.007930994033813477
0.03440594673156738
0.047211647033691406
0.03511238098144531
0.04630899429321289
0.03718447685241699
0.04866743087768555
0.042144775390625
0.053548574447631836
0.043657541275024414
0.046324968338012695
0.040000200271606445
0.049492835998535156
0.04428386688232422
0.03724193572998047
0.01058197021484375
0.0067844390869140625
0.0341944694519043
0.045829057693481445
0.03571915626525879
0.046723365783691406
0.04408597946166992
0.05180048942565918
0.04630851745605469
0.04073596000671387
0.05346846580505371
0.05073881149291992
0.054924726486206055
0.03773379325866699
0.043024301528930664
0.008096694946289062
0.006013154983520508
0.0354311466217041
0.04875373840332031
0.041683197021484375
0.05285334587097168
0.04571843147277832
0.03553056716918945
0.0533905029296875
0.05039477348327637
0.04286456108093262
0.04167771339416504
0.03572964668273926
0.05308699607849121
0.04992341995239258
0.007530689239501953
0.00678253173828125
0.035491228103637695
0.048753976821899414
0.05465340614318848
0.04573798179626465
0.03592967987060547
0.049550533294677734
0.039322853088378906
0.05018806457519531
0.04105710983276367
0.05286812782287598
0.04472851753234863
0.05486345291137695
0.04568147659301758
0.03990888595581055
0.011601448059082031
0.006051301956176758
0.0337221622467041
0.04381680488586426
0.039942026138305664
0.04816102981567383
0.03981590270996094
0.048604726791381836
0.04126715660095215
0.0341486930847168
0.04462289810180664
0.03948259353637695
0.04890584945678711
0.03999018669128418
0.05183815956115723
0.04223370552062988
0.006110191345214844
0.006582736968994141
0.032867431640625
0.041097164154052734
0.03320789337158203
0.04269671440124512
0.05247139930725098
0.045534610748291016
0.0353398323059082
0.044881343841552734
0.03454446792602539
0.04506826400756836
0.036904335021972656
0.042975425720214844
0.04969167709350586
0.046886444091796875
0.0067899227142333984
0.007842540740966797
0.03400683403015137
0.04616832733154297
0.03452110290527344
0.04889965057373047
0.054897308349609375
0.04419827461242676
0.03803539276123047
0.05096125602722168
0.04327678680419922
0.039368391036987305
0.04533505439758301
0.03823113441467285
0.05314183235168457
0.04836440086364746
0.007617950439453125
0.00626683235168457
0.03792691230773926
0.04704451560974121
0.03978085517883301
0.046855926513671875
0.04034137725830078
0.05297446250915527
0.046056509017944336
0.04289960861206055
0.05098843574523926
0.04453015327453613
0.05416274070739746
0.04336667060852051
0.0382535457611084
0.0422816276550293
0.008948087692260742
0.0063970088958740234
0.034790992736816406
0.044742584228515625
0.04552960395812988
0.03596782684326172
0.04378938674926758
0.03687620162963867
0.05132412910461426
0.04718780517578125
0.04220175743103027
0.03626132011413574
0.047933340072631836
0.04352617263793945
0.033493995666503906
0.045844078063964844
0.006235837936401367
0.007001399993896484
0.036664724349975586
0.05734443664550781
0.06874680519104004
0.04886436462402344
0.04130721092224121
0.050272226333618164
0.04410958290100098
0.04073286056518555
0.05021953582763672
0.05015063285827637
0.03699350357055664
0.049500465393066406
0.036664724349975586
0.05013704299926758
0.0072879791259765625
0.00759124755859375
0.037720680236816406
0.04154324531555176
0.0377805233001709
0.04629850387573242
0.04267239570617676
0.05629873275756836
0.05232810974121094
0.04536795616149902
0.05805468559265137
0.05318713188171387
0.04944443702697754
0.04506516456604004
0.04061102867126465
0.012079477310180664
0.008095026016235352
0.03647875785827637
0.04767775535583496
0.04394102096557617
0.03941631317138672
0.05048513412475586
0.04813551902770996
0.04565715789794922
0.03852725028991699
0.055292606353759766
0.0523679256439209
0.04774045944213867
0.03915524482727051
0.05104851722717285
0.008822441101074219
0.0064814090728759766
0.03605198860168457
0.05785727500915527
0.05278515815734863
0.046186208724975586
0.047240495681762695
0.03977060317993164
0.05135059356689453
0.04375314712524414
0.03592348098754883
0.04321765899658203
0.033739566802978516
0.04639124870300293
0.03795742988586426
0.007021665573120117
0.005076408386230469
0.03440237045288086
0.04380464553833008
0.034598588943481445
0.042815208435058594
0.054872989654541016
0.04881024360656738
0.042313337326049805
0.055466651916503906
0.053595781326293945
0.056900978088378906
0.05072927474975586
0.047066688537597656
0.03873753547668457
0.007923603057861328
0.010694503784179688
0.03713631629943848
0.047949790954589844
0.03947019577026367
0.047867536544799805
0.038537025451660156
0.05406332015991211
0.0470890998840332
0.04372215270996094
0.05207061767578125
0.048242807388305664
0.03868436813354492
0.04974818229675293
0.04441428184509277
0.006701469421386719
0.0071620941162109375
0.035436391830444336
0.048972129821777344
0.037210941314697266
0.04881453514099121
0.04711627960205078
0.04318952560424805
0.03567147254943848
0.0521235466003418
0.04893159866333008
0.04012656211853027
0.05189394950866699
0.04723763465881348
0.040259361267089844
0.010451316833496094
0.008688926696777344
0.03445744514465332
0.042424917221069336
0.052794694900512695
0.04254317283630371
0.05122804641723633
0.04675006866455078
0.03792214393615723
0.04546642303466797
0.038442373275756836
0.04409623146057129
0.03621506690979004
0.04554867744445801
0.0361790657043457
0.04969191551208496
0.009190797805786133
0.008141040802001953
0.03654670715332031
0.04879879951477051
0.040041208267211914
0.04938101768493652
0.03975844383239746
0.05344033241271973
0.04308772087097168
0.03477144241333008
0.04511666297912598
0.037140846252441406
0.044884681701660156
0.03915810585021973
0.048895835876464844
0.04075980186462402
0.010365724563598633
0.007250308990478516
0.035243988037109375
0.046156883239746094
0.047054290771484375
0.05305314064025879
0.04628705978393555
0.039302825927734375
0.051927804946899414
0.043173789978027344
0.03658342361450195
0.04822111129760742
0.04083895683288574
0.039907217025756836
0.050124168395996094
0.005701541900634766
0.007075071334838867
0.03918719291687012
0.047197580337524414
0.05437779426574707
0.04532003402709961
0.049474239349365234
0.04151201248168945
0.039069414138793945
0.047899484634399414
0.04429054260253906
0.045937538146972656
0.05784010887145996
0.04622387886047363
0.05240678787231445
0.04559183120727539
0.00941610336303711
0.006815195083618164
0.035173892974853516
0.0392308235168457
0.049661874771118164
0.036830902099609375
0.04040646553039551
0.04928302764892578
0.04009675979614258
0.04975461959838867
0.04277801513671875
0.05306696891784668
0.04744839668273926
0.052253007888793945
0.04239058494567871
0.052778005599975586
0.007949113845825195
0.007816553115844727
0.036596059799194336
0.044977426528930664
0.22746801376342773
0.18755555152893066
0.033228397369384766
0.04217338562011719
0.045969247817993164
0.050341129302978516
0.04685091972351074
0.03649258613586426
0.033867835998535156
0.04775357246398926
0.03910064697265625
0.05558347702026367
0.05973553657531738
0.018067121505737305
0.01872396469116211
0.031995296478271484
0.05791497230529785
0.04676079750061035
0.049234867095947266
0.04632854461669922
0.14429354667663574
0.05795645713806152
0.040869951248168945
0.04828476905822754
0.03946566581726074
0.046329498291015625
0.05458879470825195
0.042450904846191406
0.0518801212310791
0.04591989517211914
0.026636123657226562
0.012583732604980469
0.03322887420654297
0.036221981048583984
0.047495126724243164
0.0379791259765625
0.04316425323486328
0.04803037643432617
0.044173479080200195
0.039533376693725586
0.04331159591674805
0.050984859466552734
0.07339978218078613
0.059200286865234375
0.05670785903930664
0.05015277862548828
0.009603738784790039
0.008058309555053711
0.034636497497558594
0.041207075119018555
0.05218052864074707
0.05567789077758789
0.03671002388000488
0.03908205032348633
0.04459524154663086
0.03926420211791992
0.04973006248474121
0.03940439224243164
0.04946327209472656
0.04984569549560547
0.04395627975463867
0.040061235427856445
0.008964061737060547
0.012778282165527344
0.039763450622558594
0.04714512825012207
0.06250548362731934
0.05303788185119629
0.0404050350189209
0.051126956939697266
0.04440045356750488
0.03914332389831543
0.04982733726501465
0.04367661476135254
0.03476095199584961
0.05656552314758301
0.04739952087402344
0.03970074653625488
0.05150794982910156
0.007611751556396484
0.008568048477172852
0.03664112091064453
0.04999399185180664
0.044196367263793945
0.05617809295654297
0.0397186279296875
0.05206155776977539
0.046308040618896484
0.037232160568237305
0.05121040344238281
0.042565345764160156
0.0569760799407959
0.04648399353027344
0.04677581787109375
0.044327735900878906
0.01078343391418457
0.006712436676025391
0.03811979293823242
0.04864788055419922
0.03840470314025879
0.04363203048706055
0.05020928382873535
0.04549813270568848
0.03617238998413086
0.05099320411682129
0.04182291030883789
0.03870844841003418
0.04974818229675293
0.04318356513977051
0.03812408447265625
0.049744367599487305
0.01009821891784668
0.007349729537963867
0.03355002403259277
0.04713940620422363
0.038306474685668945
0.047641754150390625
0.03894495964050293
0.04960060119628906
0.04011678695678711
0.050409555435180664
0.07172513008117676
0.015172004699707031
0.035600900650024414
0.048445701599121094
0.0405731201171875
0.049956560134887695
0.04060935974121094
0.012470006942749023
0.0070650577545166016
0.03534054756164551
0.047926902770996094
0.04188346862792969
0.05104994773864746
0.041777610778808594
0.04433870315551758
0.038205862045288086
0.0483098030090332
0.03609752655029297
0.04346013069152832
0.05310416221618652
0.04132437705993652
0.03275752067565918
0.038451194763183594
0.04623770713806152
0.013717174530029297
0.0070209503173828125
0.03342175483703613
0.043023109436035156
0.05388307571411133
0.04290151596069336
0.05553150177001953
0.05275845527648926
0.043903350830078125
0.06394433975219727
0.19130277633666992
0.08814191818237305
0.13903594017028809
0.08920049667358398
0.045273542404174805
0.059790611267089844
0.0539853572845459
0.006940364837646484
0.03214883804321289
0.023042917251586914
0.053572893142700195
0.04640913009643555
0.05484724044799805
0.04947853088378906
0.04020071029663086
0.05124473571777344
0.0429072380065918
0.04530048370361328
0.045656442642211914
0.03696250915527344
0.0449674129486084
0.036712646484375
0.04925727844238281
0.007321596145629883
0.007210969924926758
0.05776834487915039
0.2651519775390625
0.2014615535736084
0.044614315032958984
0.05139899253845215
0.10550975799560547
0.06897282600402832
0.0354764461517334
0.044527292251586914
0.03925275802612305
0.049622297286987305
0.04507780075073242
0.043354034423828125
0.040283918380737305
0.0394439697265625
0.010245800018310547
0.008608341217041016
0.034128665924072266
0.04543805122375488
0.05019211769104004
0.04398918151855469
0.050743818283081055
0.04349350929260254
0.03891777992248535
0.05237984657287598
0.26639270782470703
0.1590886116027832
0.020984888076782227
0.06861114501953125
0.04600048065185547
0.061009883880615234
0.04189157485961914
0.0494842529296875
0.010879755020141602
0.008026123046875
0.0389256477355957
0.046799421310424805
0.05362820625305176
0.04820561408996582
0.03916025161743164
0.04282712936401367
0.05485844612121582
0.04984641075134277
0.04270172119140625
0.033400535583496094
0.0378262996673584
0.051302433013916016
0.051489830017089844
0.044515371322631836
0.008770465850830078
0.015295743942260742
0.038970947265625
0.04248404502868652
0.0467374324798584
0.05996298789978027
0.04191255569458008
0.05373835563659668
0.04807901382446289
0.03571295738220215
0.047742366790771484
0.039388418197631836
0.05335354804992676
0.04525876045227051
0.051186561584472656
0.03972887992858887
0.009039163589477539
0.007767677307128906
0.034407854080200195
0.04166722297668457
0.05138587951660156
0.046617984771728516
0.03778696060180664
0.06548404693603516
0.04611015319824219
0.05749917030334473
0.0482327938079834
0.05139923095703125
0.04130363464355469
0.036167144775390625
0.04909062385559082
0.0443120002746582
0.05306053161621094
0.008902788162231445
0.008216381072998047
0.034868478775024414
0.059015750885009766
0.07398629188537598
0.06311726570129395
0.054103851318359375
0.050689697265625
0.04687833786010742
0.04010581970214844
0.05540919303894043
0.051106929779052734
0.0425267219543457
0.044715166091918945
0.05536460876464844
0.018719911575317383
0.006792783737182617
0.0358586311340332
0.04753398895263672
0.041590213775634766
0.0344700813293457
0.044465065002441406
0.04131364822387695
0.04033350944519043
0.0571138858795166
0.051244258880615234
0.04714560508728027
0.04177117347717285
0.052079200744628906
0.04605913162231445
0.006995677947998047
0.008015155792236328
0.03512859344482422
0.04606437683105469
0.04015302658081055
0.05017375946044922
0.03830265998840332
0.05244731903076172
0.051255226135253906
0.042762041091918945
0.04157066345214844
0.05189061164855957
0.03748345375061035
0.04448843002319336
0.03459739685058594
0.04365396499633789
0.011377334594726562
0.009084224700927734
0.036179304122924805
0.04022073745727539
0.04793095588684082
0.04066753387451172
0.053299665451049805
0.044922590255737305
0.040309906005859375
0.0495915412902832
0.04074358940124512
0.053119659423828125
0.047585487365722656
0.041473388671875
0.03421497344970703
0.04592776298522949
0.004734516143798828
0.006987333297729492
0.03506755828857422
0.042799949645996094
0.03375673294067383
0.042546987533569336
0.047599077224731445
0.04091382026672363
0.051476240158081055
0.046730756759643555
0.040021419525146484
0.049752235412597656
0.03867053985595703
0.04780983924865723
0.03800225257873535
0.05045962333679199
0.0069544315338134766
0.006349802017211914
0.03477883338928223
0.04039716720581055
0.05134844779968262
0.03981637954711914
0.053389787673950195
0.048247575759887695
0.04355502128601074
0.04043745994567871
0.05280280113220215
0.04817962646484375
0.055175065994262695
0.04838895797729492
0.037323713302612305
0.0465245246887207
0.00698089599609375
0.008197784423828125
0.03486061096191406
0.04434990882873535
0.03797650337219238
0.050048112869262695
0.043918609619140625
0.03658580780029297
0.05024576187133789
0.03873419761657715
0.05267620086669922
0.04380917549133301
0.05717182159423828
0.04849672317504883
0.04432058334350586
0.009554624557495117
0.006432294845581055
0.036057472229003906
0.04598546028137207
0.034833431243896484
0.0487363338470459
0.04062199592590332
0.048976898193359375
0.046418190002441406
0.04250597953796387
0.05537295341491699
0.0485224723815918
0.04071354866027832
0.0339505672454834
0.05146002769470215
0.006530284881591797
0.008035898208618164
0.03350257873535156
0.046668291091918945
0.04604601860046387
0.03768467903137207
0.0457453727722168
0.042882442474365234
0.03694891929626465
0.04532814025878906
0.036681413650512695
0.04809975624084473
0.03964829444885254
0.05270028114318848
0.03749203681945801
0.04817390441894531
0.0061299800872802734
0.008142471313476562
0.03482675552368164
0.045105695724487305
0.03689217567443848
0.04825329780578613
0.0448458194732666
0.035254716873168945
0.04676508903503418
0.0370175838470459
0.04953122138977051
0.04482889175415039
0.03819847106933594
0.05179882049560547
0.047330379486083984
0.008758068084716797
0.008576631546020508
0.03496074676513672
0.0432581901550293
0.03184080123901367
0.03980588912963867
0.05222892761230469
0.04198884963989258
0.039060115814208984
0.05143427848815918
0.048863887786865234
0.05542135238647461
0.1313304901123047
0.22862482070922852
0.13078808784484863
0.2293095588684082
0.0056400299072265625
0.00921010971069336
0.09618902206420898
0.12701773643493652
0.1301589012145996
0.33569812774658203
0.1699509620666504
0.30388927459716797
0.14749979972839355
0.16398358345031738
0.16810989379882812
0.1502361297607422
0.16360974311828613
0.15855026245117188
0.1597423553466797
0.3018813133239746
0.29942917823791504
0.00683903694152832
0.13907146453857422
0.16112923622131348
0.1682415008544922
0.1612539291381836
0.12707757949829102
0.19373798370361328
0.08278799057006836
0.09296894073486328
0.03757929801940918
0.05154252052307129
0.04230785369873047
0.04091191291809082
0.05058026313781738
0.04132676124572754
0.06763529777526855
0.008338451385498047
0.03472781181335449
0.045625925064086914
0.036002397537231445
0.04620003700256348
0.053817033767700195
0.048684120178222656
0.03653120994567871
0.0484318733215332
0.04265618324279785
0.038532257080078125
0.046689510345458984
0.039789676666259766
0.05353522300720215
0.05192136764526367
0.009395837783813477
0.009746789932250977
0.039595842361450195
0.05595517158508301
0.05021166801452637
0.0442051887512207
0.04030013084411621
0.05173206329345703
0.04432821273803711
0.04780125617980957
0.049578189849853516
0.038484811782836914
0.04776930809020996
0.04460906982421875
0.04091024398803711
0.005441904067993164
0.008519172668457031
0.03489422798156738
0.05080246925354004
0.04700827598571777
0.04876899719238281
0.04277992248535156
0.036765336990356445
0.048233747482299805
0.03900146484375
0.04810047149658203
0.03729891777038574
0.049263715744018555
0.04313302040100098
0.05309772491455078
0.045304059982299805
0.008810281753540039
0.00873422622680664
0.032778263092041016
0.05217337608337402
0.041840553283691406
0.032867431640625
0.04771780967712402
0.03905010223388672
0.04931497573852539
0.0418858528137207
0.03852343559265137
0.03665924072265625
0.049489736557006836
0.04665803909301758
0.038979530334472656
0.009400606155395508
0.006502389907836914
0.035056114196777344
0.04097461700439453
0.05395340919494629
0.04451799392700195
0.04086947441101074
0.03334856033325195
0.046492815017700195
0.038704872131347656
0.04796290397644043
0.0456390380859375
0.05659770965576172
0.05058455467224121
0.04644036293029785
0.006063222885131836
0.008832931518554688
0.03920388221740723
0.04896950721740723
0.04420042037963867
0.03948712348937988
0.03574419021606445
0.037438392639160156
0.049335479736328125
0.03727436065673828
0.04763507843017578
0.042791128158569336
0.036489009857177734
0.04973626136779785
0.046828508377075195
0.006955623626708984
0.0068209171295166016
0.03559732437133789
0.04427981376647949
0.03618931770324707
0.04299616813659668
0.05443906784057617
0.0460963249206543
0.037047624588012695
0.05054616928100586
0.042201995849609375
0.049104928970336914
0.04292130470275879
0.03509831428527832
0.044710397720336914
0.03499865531921387
0.005956888198852539
0.007209300994873047
0.036210060119628906
0.05164384841918945
0.042673349380493164
0.0497441291809082
0.04242253303527832
0.049544572830200195
0.043044090270996094
0.052169084548950195
0.04591226577758789
0.0409696102142334
0.050751686096191406
0.04377031326293945
0.039934635162353516
0.05493617057800293
0.006625175476074219
0.007790565490722656
0.036949872970581055
0.04205489158630371
0.03684568405151367
0.04568171501159668
0.04207491874694824
0.03719782829284668
0.04922127723693848
0.04520297050476074
0.05063676834106445
0.04290127754211426
0.03562593460083008
0.04784870147705078
0.04339408874511719
0.00897979736328125
0.008322954177856445
0.03617238998413086
0.048180580139160156
0.03885459899902344
0.047858238220214844
0.03706979751586914
0.04820108413696289
0.04269909858703613
0.05099821090698242
0.03701019287109375
0.050342559814453125
0.04417300224304199
0.04167771339416504
0.03950166702270508
0.05016279220581055
0.0057830810546875
0.008358240127563477
0.03438377380371094
0.04764437675476074
0.04386019706726074
0.03964972496032715
0.037278175354003906
0.05131721496582031
0.05009603500366211
0.04469799995422363
0.038074493408203125
0.0490415096282959
0.050542354583740234
0.04191946983337402
0.05045890808105469
0.007578134536743164
0.00890493392944336
0.032945871353149414
0.04447340965270996
0.03601551055908203
0.047152042388916016
0.039847373962402344
0.03431081771850586
0.04667091369628906
0.04134082794189453
0.0392765998840332
0.05170035362243652
0.04209780693054199
0.05426788330078125
0.04660296440124512
0.006682872772216797
0.0066852569580078125
0.035437583923339844
0.04383134841918945
0.03710198402404785
0.04466056823730469
0.03667116165161133
0.0446016788482666
0.03955245018005371
0.052358150482177734
0.04619741439819336
0.04503822326660156
0.04178166389465332
0.03793740272521973
0.05458378791809082
0.008846282958984375
0.0064351558685302734
0.036019086837768555
0.04362964630126953
0.05470585823059082
0.04862236976623535
0.03939628601074219
0.044825077056884766
0.05106353759765625
0.0422208309173584
0.03520321846008301
0.048941850662231445
0.03948402404785156
0.05202460289001465
0.05069255828857422
0.04503178596496582
0.01234126091003418
0.0074155330657958984
0.03461575508117676
0.04215741157531738
0.03807258605957031
0.046068429946899414
0.042632341384887695
0.05357098579406738
0.04667162895202637
0.03527402877807617
0.047246456146240234
0.04191851615905762
0.03659319877624512
0.05014443397521973
0.040471792221069336
0.05182695388793945
0.00716710090637207
0.007783651351928711
0.03452420234680176
0.04672741889953613
0.03921842575073242
0.04480433464050293
0.048137664794921875
0.03989124298095703
0.04753375053405762
0.04043221473693848
0.050254106521606445
0.044019222259521484
0.05208897590637207
0.05037355422973633
0.040810346603393555
0.050049543380737305
0.007699251174926758
0.008351802825927734
0.035264015197753906
0.04751777648925781
0.04083967208862305
0.039655447006225586
0.04880976676940918
0.04413890838623047
0.03570675849914551
0.04920840263366699
0.05005788803100586
0.04369235038757324
0.04230332374572754
0.0453190803527832
0.039917707443237305
0.009185791015625
0.006649494171142578
0.036078691482543945
0.0467524528503418
0.04373908042907715
0.03673839569091797
0.047324180603027344
0.04005098342895508
0.05167675018310547
0.04934811592102051
0.04079294204711914
0.047211647033691406
0.0411686897277832
0.05105018615722656
0.04816460609436035
0.007741689682006836
0.008455753326416016
0.03464794158935547
0.04403042793273926
0.042311906814575195
0.038315534591674805
0.050879716873168945
0.04140591621398926
0.054383277893066406
0.039829254150390625
0.05338883399963379
0.04649758338928223
0.040791988372802734
0.05138373374938965
0.05055689811706543
0.007180452346801758
0.006941080093383789
0.036544084548950195
0.043103933334350586
0.03735613822937012
0.050186872482299805
0.04183530807495117
0.03552079200744629
0.04804825782775879
0.04238009452819824
0.04913473129272461
0.04243898391723633
0.05409574508666992
0.04333138465881348
0.04966282844543457
0.05394554138183594
0.022553205490112305
0.008924245834350586
0.03671741485595703
0.04770922660827637
0.0455327033996582
0.040131330490112305
0.05243325233459473
0.04464077949523926
0.03866076469421387
0.05124974250793457
0.043125152587890625
0.038465261459350586
0.049631357192993164
0.040823936462402344
0.05196213722229004
0.0069348812103271484
0.008023738861083984
0.03529167175292969
0.044678688049316406
0.036252498626708984
0.04774212837219238
0.036859750747680664
0.04636216163635254
0.03821992874145508
0.04673361778259277
0.03840065002441406
0.0519716739654541
0.04482913017272949
0.039914608001708984
0.051659345626831055
0.049401283264160156
0.00792837142944336
0.007107973098754883
0.03466081619262695
0.04839277267456055
0.04260396957397461
0.05597519874572754
0.042775630950927734
0.04775118827819824
0.04152178764343262
0.05181002616882324
0.04917502403259277
0.045592546463012695
0.04057812690734863
0.048974037170410156
0.04372358322143555
0.04034090042114258
0.0070648193359375
0.006286144256591797
0.03662300109863281
0.053650617599487305
0.046905517578125
0.03756380081176758
0.044806480407714844
0.04412245750427246
0.040902137756347656
0.03766751289367676
0.05422329902648926
0.05080080032348633
0.044098615646362305
0.037468910217285156
0.05058169364929199
0.007867813110351562
0.007066488265991211
0.03749513626098633
0.05199742317199707
0.0471193790435791
0.03925919532775879
0.05440521240234375
0.04879617691040039
0.04766345024108887
0.04696989059448242
0.056162118911743164
0.0555727481842041
0.049544572830200195
0.04325056076049805
0.0539090633392334
0.010828018188476562
0.0064733028411865234
0.037464141845703125
0.051340341567993164
0.04909944534301758
0.04866981506347656
0.04103231430053711
0.05486869812011719
0.03899359703063965
0.05371427536010742
0.04948568344116211
0.045346975326538086
0.05889081954956055
0.04919099807739258
0.04047107696533203
0.013341903686523438
0.006394386291503906
0.03410148620605469
0.04801034927368164
0.03757667541503906
0.04761767387390137
0.03856515884399414
0.050805091857910156
0.041141510009765625
0.03533816337585449
0.04401516914367676
0.0414583683013916
0.05126643180847168
0.04073143005371094
0.05253458023071289
0.04555463790893555
0.00623774528503418
0.008582353591918945
0.03415179252624512
0.04699206352233887
0.04879117012023926
0.03739142417907715
0.04877448081970215
0.042989492416381836
0.043505191802978516
0.0516505241394043
0.049260616302490234
0.04188227653503418
0.03510260581970215
0.04300427436828613
0.05283498764038086
0.04285001754760742
0.00574040412902832
0.00537562370300293
0.039395809173583984
0.04829907417297363
0.03996729850769043
0.05213642120361328
0.04538583755493164
0.04049277305603027
0.05780220031738281
0.038346052169799805
0.05347847938537598
0.04980206489562988
0.04720735549926758
0.04123878479003906
0.05456113815307617
0.0056722164154052734
0.014580965042114258
0.03545045852661133
0.04785013198852539
0.04052591323852539
0.04989886283874512
0.04503583908081055
0.033026933670043945
0.04323935508728027
0.03629660606384277
0.04747748374938965
0.04063868522644043
0.051277875900268555
0.045751094818115234
0.04456591606140137
0.007069110870361328
0.007230520248413086
0.03638029098510742
0.04696369171142578
0.038373470306396484
0.04697370529174805
0.04257798194885254
0.053548574447631836
0.04761362075805664
0.04071831703186035
0.04879617691040039
0.04227924346923828
0.051981449127197266
0.039487361907958984
0.03724312782287598
0.04599952697753906
0.007391691207885742
0.005570888519287109
0.03397679328918457
0.04725384712219238
0.04259634017944336
0.05001640319824219
0.043488502502441406
0.04958915710449219
0.04269599914550781
0.037607431411743164
0.04751181602478027
0.03878617286682129
0.05212998390197754
0.049871206283569336
0.04257488250732422
0.05101203918457031
0.0070095062255859375
0.004686832427978516
0.03615427017211914
0.039804935455322266
0.04942035675048828
0.0485692024230957
0.040564775466918945
0.05093097686767578
0.048050880432128906
0.044648170471191406
0.04163789749145508
0.04537034034729004
0.04034757614135742
0.03489279747009277
0.049352407455444336
0.006365776062011719
0.00596308708190918
0.03177022933959961
0.042292118072509766
0.03740239143371582
0.060280561447143555
0.0391695499420166
0.051844120025634766
0.05097174644470215
0.03919839859008789
0.04919099807739258
0.0437321662902832
0.052587032318115234
0.04810214042663574
0.03763723373413086
0.0467989444732666
0.004679203033447266
0.005776166915893555
0.03523373603820801
0.04556417465209961
0.04586458206176758
0.057839155197143555
0.04263901710510254
0.0477907657623291
0.03967928886413574
0.05001974105834961
0.04327702522277832
0.05088376998901367
0.047100067138671875
0.0397799015045166
0.047396183013916016
0.033153533935546875
0.005797386169433594
0.006120920181274414
0.03201889991760254
0.04353833198547363
0.049732208251953125
0.044560909271240234
0.0376284122467041
0.05090188980102539
0.04404425621032715
0.035652875900268555
0.04025149345397949
0.05242419242858887
0.04758620262145996
0.042052507400512695
0.03651285171508789
0.0452578067779541
0.007850885391235352
0.007096529006958008
0.03391313552856445
0.04324197769165039
0.040051937103271484
0.05039525032043457
0.045299530029296875
0.036803245544433594
0.04606223106384277
0.03828859329223633
0.0509343147277832
0.04239678382873535
0.05271482467651367
0.0430600643157959
0.035874366760253906
0.04480576515197754
0.006739377975463867
0.008262395858764648
0.03644084930419922
0.044680118560791016
0.03837728500366211
0.047013044357299805
0.0380854606628418
0.05118393898010254
0.049408912658691406
0.04827094078063965
0.03795266151428223
0.04780316352844238
0.039427757263183594
0.05053448677062988
0.03632235527038574
0.04636430740356445
0.0056247711181640625
0.005651235580444336
0.03684544563293457
0.044677734375
0.0404353141784668
0.05041003227233887
0.04340648651123047
0.03807353973388672
0.04680657386779785
0.04411578178405762
0.04255318641662598
0.0520017147064209
0.0420682430267334
0.05234527587890625
0.045775413513183594
0.009825944900512695
0.008476018905639648
0.03270435333251953
0.0408320426940918
0.04677152633666992
0.03570723533630371
0.04682755470275879
0.04210662841796875
0.04891252517700195
0.04385948181152344
0.037506818771362305
0.053056955337524414
0.044451236724853516
0.048432111740112305
0.038939714431762695
0.047940969467163086
0.008822202682495117
0.007322788238525391
0.03484845161437988
0.048584699630737305
0.04437875747680664
0.03604626655578613
0.048885345458984375
0.04347991943359375
0.05219125747680664
0.04660487174987793
0.043631792068481445
0.05429792404174805
0.0442502498626709
0.03632521629333496
0.05426192283630371
0.008924484252929688
0.009259700775146484
0.038057804107666016
0.04773592948913574
0.052907466888427734
0.046205997467041016
0.04206061363220215
0.037740230560302734
0.04602479934692383
0.04144144058227539
0.05130958557128906
0.044722557067871094
0.03470659255981445
0.04347825050354004
0.03775668144226074
0.04937291145324707
0.0053327083587646484
0.006287097930908203
0.03260612487792969
0.04600811004638672
0.043396711349487305
0.03757739067077637
0.04860043525695801
0.04689145088195801
0.03930401802062988
0.03905820846557617
0.04743194580078125
0.041674137115478516
0.038964033126831055
0.050989389419555664
0.03867506980895996
0.006999492645263672
0.007830381393432617
0.03597426414489746
0.051053762435913086
0.04575347900390625
0.03652334213256836
0.04527997970581055
0.043328046798706055
0.04413318634033203
0.050665855407714844
0.04242086410522461
0.07143449783325195
0.06374907493591309
0.050736427307128906
0.04172062873840332
0.010510683059692383
0.007333278656005859
0.03457975387573242
0.04378151893615723
0.03580117225646973
0.048309326171875
0.03488969802856445
0.04330015182495117
0.05109548568725586
0.04137992858886719
0.0345458984375
0.043884992599487305
0.0366518497467041
0.04306173324584961
0.03789043426513672
0.0481107234954834
0.009301900863647461
0.007920265197753906
0.03584170341491699
0.04162478446960449
0.03893566131591797
0.04745078086853027
0.03482246398925781
0.04566049575805664
0.03318619728088379
0.046797990798950195
0.03615999221801758
0.04993104934692383
0.0413663387298584
0.053011178970336914
0.043366432189941406
0.04075360298156738
0.010259628295898438
0.0053272247314453125
0.033048391342163086
0.044902801513671875
0.046105384826660156
0.03485608100891113
0.04621624946594238
0.05383706092834473
0.04465818405151367
0.039075374603271484
0.047400474548339844
0.04405713081359863
0.04399847984313965
0.03744864463806152
0.04957222938537598
0.04074978828430176
0.010934829711914062
0.0069310665130615234
0.0329592227935791
0.04170060157775879
0.055264949798583984
0.04967045783996582
0.04076886177062988
0.04731416702270508
0.03774714469909668
0.04836893081665039
0.04124927520751953
0.04893755912780762
0.04687833786010742
0.04172968864440918
0.0486598014831543
0.040415048599243164
0.010257244110107422
0.006754159927368164
0.03508281707763672
0.049767255783081055
0.04161214828491211
0.03776907920837402
0.05177044868469238
0.047928810119628906
0.044350624084472656
0.04089856147766113
0.036580562591552734
0.04787278175354004
0.04506397247314453
0.039496421813964844
0.04759812355041504
0.009354352951049805
0.008620023727416992
0.03504180908203125
0.04571962356567383
0.04555487632751465
0.04154562950134277
0.04846549034118652
0.04358530044555664
0.03824448585510254
0.0467069149017334
0.04172706604003906
0.04703831672668457
0.03474259376525879
0.048064470291137695
0.03800630569458008
0.0502772331237793
0.007413387298583984
0.01023554801940918
0.0346684455871582
0.03562521934509277
0.05018949508666992
0.0374455451965332
0.05089759826660156
0.04265308380126953
0.040139198303222656
0.03598642349243164
0.04774332046508789
0.0416719913482666
0.04907703399658203
0.04510831832885742
0.04052853584289551
0.04907345771789551
0.011223316192626953
0.010451555252075195
0.036141157150268555
0.04275846481323242
0.04077553749084473
0.053395748138427734
0.04882979393005371
0.04011178016662598
0.03622102737426758
0.04412102699279785
0.03687644004821777
0.04763317108154297
0.03689885139465332
0.0488276481628418
0.03915762901306152
0.046671390533447266
0.006119489669799805
0.007063627243041992
0.03326082229614258
0.048029422760009766
0.05768561363220215
0.04801034927368164
0.04350113868713379
0.0546724796295166
0.048856496810913086
0.04398036003112793
0.03722739219665527
0.04809713363647461
0.05760908126831055
0.05050468444824219
0.039458274841308594
0.05065417289733887
0.007600307464599609
0.0079193115234375
0.03349637985229492
0.04198479652404785
0.034235239028930664
0.04180598258972168
0.04768037796020508
0.040292978286743164
0.035416364669799805
0.048777103424072266
0.04993629455566406
0.040830135345458984
0.058506011962890625
0.05611109733581543
0.05640578269958496
0.022475004196166992
0.006990671157836914
0.03636288642883301
0.048668622970581055
0.04519224166870117
0.03783893585205078
0.04808807373046875
0.0367889404296875
0.04706621170043945
