0.005484580993652344
0.032453060150146484
0.04732012748718262
0.02923893928527832
0.04177093505859375
0.05114126205444336
0.04716181755065918
0.04292631149291992
0.05069565773010254
0.04308152198791504
0.03781247138977051
0.05660104751586914
0.0788877010345459
0.03041696548461914
0.046347856521606445
0.06675958633422852
0.0057294368743896484
0.0042247772216796875
0.031440019607543945
0.04342937469482422
0.03746461868286133
0.04885411262512207
0.03754734992980957
0.04725766181945801
0.04551076889038086
0.047512054443359375
0.0497128963470459
0.04810595512390137
0.047736167907714844
0.039190053939819336
0.058046579360961914
0.0053408145904541016
0.006151914596557617
0.03517317771911621
0.04176974296569824
0.053453922271728516
0.04328441619873047
0.03435921669006348
0.04356074333190918
0.035994768142700195
0.044023752212524414
0.036432743072509766
0.044106483459472656
0.039719343185424805
0.05560922622680664
0.05456852912902832
0.046422481536865234
0.006652116775512695
0.005109548568725586
0.03264880180358887
0.04531550407409668
0.03859758377075195
0.04612588882446289
0.03363037109375
0.04129147529602051
0.03965592384338379
0.04978013038635254
0.040404558181762695
0.0361788272857666
0.04386329650878906
0.03764510154724121
0.04804277420043945
0.03942561149597168
0.00675201416015625
0.005967855453491211
0.03316926956176758
0.04533123970031738
0.0737450122833252
0.07184743881225586
0.012954235076904297
0.03358316421508789
0.04615211486816406
0.040517568588256836
0.03316450119018555
0.04277324676513672
0.031421661376953125
0.03792762756347656
0.048233747482299805
0.04690837860107422
0.03353071212768555
0.006121635437011719
0.007619142532348633
0.03412342071533203
0.04763340950012207
0.04208874702453613
0.05285811424255371
0.04989790916442871
0.04116320610046387
0.04865455627441406
0.0363612174987793
0.04739546775817871
0.04348611831665039
0.047591447830200195
0.060853004455566406
0.1444566249847412
0.07784080505371094
0.01868271827697754
0.006353855133056641
0.010116100311279297
0.037889957427978516
0.05227518081665039
0.05084514617919922
0.048586368560791016
0.04935431480407715
0.05021858215332031
0.05180191993713379
0.052849769592285156
0.04875493049621582
0.03956198692321777
0.04953908920288086
0.041036367416381836
0.05159473419189453
0.008535385131835938
0.007191896438598633
0.03347611427307129
0.04148244857788086
0.04722714424133301
0.041641950607299805
0.03510880470275879
0.0442357063293457
0.03844475746154785
0.05200457572937012
0.03637814521789551
0.04942131042480469
0.04638099670410156
0.0479731559753418
0.03862261772155762
0.04366922378540039
0.009850502014160156
0.004963397979736328
0.0319669246673584
0.043242692947387695
0.053558349609375
0.03982257843017578
0.05642127990722656
0.054735660552978516
0.04052233695983887
0.046312570571899414
0.05422544479370117
0.050148725509643555
0.047710418701171875
0.041872262954711914
0.04994511604309082
0.03916049003601074
0.013576745986938477
0.008200407028198242
0.038254737854003906
0.14291143417358398
0.060071706771850586
0.017096281051635742
0.04250288009643555
0.04610443115234375
0.049635887145996094
0.04433131217956543
0.03737068176269531
0.051728248596191406
0.04472613334655762
0.036293983459472656
0.04403996467590332
0.036179542541503906
0.03992271423339844
0.010043859481811523
0.00549006462097168
0.034015655517578125
0.039842844009399414
0.0348668098449707
0.046195268630981445
0.04411816596984863
0.03625893592834473
0.04700207710266113
0.038053035736083984
0.04745340347290039
0.03970026969909668
0.048584938049316406
0.039361000061035156
0.05051994323730469
0.037600040435791016
0.004861354827880859
0.0069882869720458984
0.033318281173706055
0.04561448097229004
0.040375709533691406
0.05033087730407715
0.04355192184448242
0.03560781478881836
0.04167985916137695
0.062238454818725586
0.0412755012512207
0.04929685592651367
0.06897783279418945
0.014415740966796875
0.03403806686401367
0.043358802795410156
0.03601408004760742
0.048865556716918945
0.006034135818481445
0.009207963943481445
0.03331589698791504
0.04137396812438965
0.03503084182739258
0.048805952072143555
0.042055368423461914
0.03628110885620117
0.04665851593017578
0.039568424224853516
0.0346066951751709
0.043918609619140625
0.05300259590148926
0.04032421112060547
0.052474021911621094
0.041387319564819336
0.011525392532348633
0.004372119903564453
0.03324699401855469
0.0458984375
0.054544925689697266
0.042241573333740234
0.03414416313171387
0.04248666763305664
0.04941225051879883
0.04478311538696289
0.03670454025268555
0.046378135681152344
0.04260063171386719
0.03711533546447754
0.047814369201660156
0.037245988845825195
0.007926464080810547
0.005603313446044922
0.03572583198547363
0.044199466705322266
0.03987526893615723
0.05134153366088867
0.04589080810546875
0.04186606407165527
0.03469681739807129
0.04337048530578613
0.03753519058227539
0.04799485206604004
0.03917813301086426
0.051514625549316406
0.04056739807128906
0.05042743682861328
0.004569053649902344
0.007575273513793945
0.03540325164794922
0.044629573822021484
0.03581666946411133
0.0516357421875
0.04395651817321777
0.039719581604003906
0.05012226104736328
0.04683113098144531
0.04215216636657715
0.03645610809326172
0.052027225494384766
0.05718636512756348
0.043816566467285156
0.006126880645751953
0.006289958953857422
0.034886837005615234
0.04451251029968262
0.05780792236328125
0.0489659309387207
0.03998827934265137
0.0482792854309082
0.0411679744720459
0.05223679542541504
0.04105019569396973
0.03535318374633789
0.04484868049621582
0.03667497634887695
0.050935983657836914
0.04043865203857422
0.009311676025390625
0.004594564437866211
0.035284996032714844
0.04453015327453613
0.0521390438079834
0.04267692565917969
0.03894543647766113
0.048566341400146484
0.04324746131896973
0.03869438171386719
0.03818178176879883
0.05460810661315918
0.05225396156311035
0.041060447692871094
0.04521465301513672
0.006107330322265625
0.006047964096069336
0.03515481948852539
0.04093575477600098
0.04053831100463867
0.053148746490478516
0.04430127143859863
0.03994941711425781
0.04814338684082031
0.04304671287536621
0.038407087326049805
0.03149914741516113
0.04433751106262207
0.03853321075439453
0.04641294479370117
0.004736661911010742
0.005680084228515625
0.03275036811828613
0.043770790100097656
0.03431963920593262
0.04530930519104004
0.041039228439331055
0.03565716743469238
0.0486905574798584
0.04095053672790527
0.04986119270324707
0.04841732978820801
0.04483461380004883
0.038130998611450195
0.04641079902648926
0.006968498229980469
0.00715184211730957
0.03449583053588867
0.04389595985412598
0.035919189453125
0.048398494720458984
0.04195117950439453
0.03893136978149414
0.05376315116882324
0.046921491622924805
0.04649686813354492
0.05277514457702637
0.04518437385559082
0.035553693771362305
0.03934526443481445
0.04278731346130371
0.012890815734863281
0.005709648132324219
0.030497074127197266
0.0419154167175293
0.050408363342285156
0.04495692253112793
0.03897380828857422
0.050202131271362305
0.06140303611755371
0.056677818298339844
0.038899898529052734
0.047684669494628906
0.04292893409729004
0.03789544105529785
0.050449371337890625
0.037618160247802734
0.00751805305480957
0.0064847469329833984
0.03368639945983887
0.04514646530151367
0.044045209884643555
0.05557584762573242
0.052707672119140625
0.05116915702819824
0.03762483596801758
0.050607919692993164
0.04710555076599121
0.04289531707763672
0.04033946990966797
0.0511777400970459
0.041197776794433594
0.013719558715820312
0.00744318962097168
0.035752296447753906
0.041451215744018555
0.052490234375
0.04409456253051758
0.03306317329406738
0.03893256187438965
0.04991483688354492
0.04415106773376465
0.042000770568847656
0.037348031997680664
0.05015444755554199
0.05059623718261719
0.04166126251220703
0.05114245414733887
0.006943225860595703
0.006640195846557617
0.03489184379577637
0.04361581802368164
0.05139803886413574
0.04405093193054199
0.03930068016052246
0.05079531669616699
0.05119895935058594
0.04613828659057617
0.042638301849365234
0.03947591781616211
0.04955267906188965
0.04281497001647949
0.050614118576049805
0.006365060806274414
0.00437617301940918
0.032489776611328125
0.04308772087097168
0.04202604293823242
0.03595471382141113
0.04954671859741211
0.04532337188720703
0.03945803642272949
0.03535175323486328
0.05430912971496582
0.0502324104309082
0.048357248306274414
0.038095712661743164
0.0478825569152832
0.005673408508300781
0.005520343780517578
0.03184652328491211
0.04041004180908203
0.0359187126159668
0.049059152603149414
0.04284787178039551
0.03841972351074219
0.05324244499206543
0.05237460136413574
0.048110246658325195
0.04481387138366699
0.036897897720336914
0.044875144958496094
0.03398466110229492
0.004644155502319336
0.007783412933349609
0.03373837471008301
0.0426023006439209
0.03654146194458008
0.04718589782714844
0.04153943061828613
0.046588897705078125
0.04292607307434082
0.0411229133605957
0.038828372955322266
0.03589606285095215
0.05361628532409668
0.04647994041442871
0.054308176040649414
0.007292270660400391
0.004888057708740234
0.03544759750366211
0.04831194877624512
0.04383540153503418
0.04347658157348633
0.035376548767089844
0.046147823333740234
0.037943124771118164
0.05116868019104004
0.043360233306884766
0.03894639015197754
0.05050516128540039
0.04266071319580078
0.05155634880065918
0.0049381256103515625
0.006071805953979492
0.03252267837524414
0.048325300216674805
0.03940439224243164
0.05291628837585449
0.0508732795715332
0.048696041107177734
0.03605818748474121
0.043027400970458984
0.0510716438293457
0.04431486129760742
0.04334211349487305
0.050928592681884766
0.042704105377197266
0.05003547668457031
0.008094310760498047
0.009259939193725586
0.0353093147277832
0.04765605926513672
0.03899335861206055
0.05004525184631348
0.048475027084350586
0.041974782943725586
0.03804445266723633
0.048944950103759766
0.044405221939086914
0.0353548526763916
0.048525333404541016
0.04988908767700195
0.043677330017089844
0.00850534439086914
0.005778789520263672
0.0336148738861084
0.04654097557067871
0.0386197566986084
0.05186271667480469
0.046694278717041016
0.04631543159484863
0.042433738708496094
0.05617833137512207
0.051610469818115234
0.04738926887512207
0.04289841651916504
0.03688192367553711
0.03984236717224121
0.009036540985107422
0.006444215774536133
0.03301095962524414
0.04451942443847656
0.049263715744018555
0.041764020919799805
0.04986238479614258
0.046010732650756836
0.041013479232788086
0.05020594596862793
0.040462493896484375
0.051732540130615234
0.04276561737060547
0.05427265167236328
0.05048704147338867
0.0456695556640625
0.012148141860961914
0.005099296569824219
0.033278703689575195
0.04246163368225098
0.0374760627746582
0.04413294792175293
0.03604292869567871
0.04651999473571777
0.03919386863708496
0.03561854362487793
0.04615616798400879
0.03404688835144043
0.04386329650878906
0.03731656074523926
0.052496910095214844
0.04600644111633301
0.004916667938232422
0.007192134857177734
0.03075265884399414
0.042687177658081055
0.04155373573303223
0.037149906158447266
0.046070098876953125
0.037175655364990234
0.04508805274963379
0.04685711860656738
0.03738903999328613
0.045067787170410156
0.03636479377746582
0.05400824546813965
0.046532630920410156
0.03494834899902344
0.004699230194091797
0.006737947463989258
0.03272652626037598
0.04200243949890137
0.03629350662231445
0.04803156852722168
0.04215526580810547
0.03728199005126953
0.04832768440246582
0.04190540313720703
0.03651690483093262
0.04901862144470215
0.04570603370666504
0.03847980499267578
0.047937870025634766
0.007303714752197266
0.010941505432128906
0.03892636299133301
0.048123836517333984
0.04207038879394531
0.048468828201293945
0.03854823112487793
0.04576826095581055
0.039360761642456055
0.04967045783996582
0.04278826713562012
0.03732657432556152
0.05100512504577637
0.04964756965637207
0.04079794883728027
0.05365180969238281
0.007279634475708008
0.006865739822387695
0.03487968444824219
0.04558587074279785
0.045179128646850586
0.04129505157470703
0.0330355167388916
0.04231834411621094
0.038141727447509766
0.048226356506347656
0.04119229316711426
0.041274070739746094
0.05437421798706055
0.04722285270690918
0.035529136657714844
0.008322000503540039
0.006425142288208008
0.03421759605407715
0.04430842399597168
0.12542986869812012
0.22658371925354004
0.2303786277770996
0.1238560676574707
0.2277374267578125
0.2529468536376953
0.10346150398254395
0.07837295532226562
0.21752405166625977
0.2973036766052246
0.29749155044555664
0.12586474418640137
0.15870881080627441
0.005466938018798828
0.1316535472869873
0.158095121383667
0.29290151596069336
0.15571045875549316
0.2938203811645508
0.15995121002197266
0.2986721992492676
0.1611011028289795
0.15998387336730957
0.29419517517089844
0.16192865371704102
0.12108159065246582
0.12037277221679688
0.08989834785461426
0.03450822830200195
0.013472318649291992
0.0056340694427490234
0.02991795539855957
0.0359952449798584
0.033915042877197266
0.043122053146362305
0.03785896301269531
0.047988176345825195
0.0419461727142334
0.038472890853881836
0.0493464469909668
0.04278135299682617
0.05289816856384277
0.04907965660095215
0.043476104736328125
0.04971957206726074
0.004164218902587891
0.007428407669067383
0.03728771209716797
0.04934859275817871
0.041573524475097656
0.05344676971435547
0.04823184013366699
0.04458975791931152
0.04445314407348633
0.035306692123413086
0.0424656867980957
0.05327558517456055
0.05038261413574219
0.059266090393066406
0.05449485778808594
0.048521995544433594
0.016686201095581055
0.012364625930786133
0.030024290084838867
0.05415511131286621
0.03774690628051758
0.04315757751464844
0.05010795593261719
0.044064998626708984
0.03708362579345703
0.04927515983581543
0.046159982681274414
0.036469459533691406
0.044141530990600586
0.03620123863220215
0.043251991271972656
0.052333831787109375
0.005795478820800781
0.005833148956298828
0.034271240234375
0.048978328704833984
0.04085946083068848
0.04879641532897949
0.03922748565673828
0.05317950248718262
0.04281187057495117
0.039711952209472656
0.04700422286987305
0.036235809326171875
0.04794430732727051
0.0430147647857666
0.04741549491882324
0.040198326110839844
0.012255430221557617
0.005379915237426758
0.036547183990478516
0.05375385284423828
0.05440568923950195
0.04081249237060547
0.04912924766540527
0.04404139518737793
0.04876708984375
0.042142629623413086
0.04692244529724121
0.03913569450378418
0.051483869552612305
0.050103187561035156
0.04802989959716797
0.05346536636352539
0.006798267364501953
0.0064373016357421875
0.031246185302734375
0.03808307647705078
0.05064725875854492
0.04251980781555176
0.04773855209350586
0.04205822944641113
0.03360772132873535
0.04466557502746582
0.03760671615600586
0.047588348388671875
0.04419970512390137
0.05121898651123047
0.04158759117126465
0.035294294357299805
0.0070362091064453125
0.03426623344421387
0.022191524505615234
0.05793642997741699
0.047980308532714844
0.05514693260192871
0.050079345703125
0.049413442611694336
0.03928422927856445
0.04884171485900879
0.04661822319030762
0.056908369064331055
0.041266441345214844
0.03914761543273926
0.04888343811035156
0.03720211982727051
0.04559588432312012
0.008394002914428711
0.006250858306884766
0.03595542907714844
0.04472708702087402
0.04302263259887695
0.0721440315246582
0.05898475646972656
0.04070711135864258
0.050902366638183594
0.043601274490356445
0.03410005569458008
0.03385496139526367
0.04398703575134277
0.03448605537414551
0.044271230697631836
0.04961705207824707
0.013416528701782227
0.005578279495239258
0.03160238265991211
0.039780616760253906
0.045942068099975586
0.037683725357055664
0.04702591896057129
0.04219198226928711
0.050589561462402344
0.046825408935546875
0.04859781265258789
0.05072331428527832
0.04760313034057617
0.03819441795349121
0.048444509506225586
0.03606295585632324
0.00503993034362793
0.004109859466552734
0.03072977066040039
0.040021657943725586
0.049692392349243164
0.04595351219177246
0.03626060485839844
0.03971552848815918
0.05054736137390137
0.04264354705810547
0.051692962646484375
0.04793977737426758
0.03693389892578125
0.045415401458740234
0.03643798828125
0.05438494682312012
0.005658864974975586
0.00641942024230957
0.03522491455078125
0.04512619972229004
0.03902697563171387
0.05039787292480469
0.042027950286865234
0.045777082443237305
0.04140758514404297
0.05129742622375488
0.040860891342163086
0.03442192077636719
0.051148176193237305
0.037764787673950195
0.04869222640991211
0.04105567932128906
0.007323265075683594
0.006015777587890625
0.03409981727600098
0.04080843925476074
0.05236458778381348
0.04155445098876953
0.05325436592102051
0.04460954666137695
0.03382229804992676
0.06067514419555664
0.06868982315063477
0.05136871337890625
0.04594087600708008
0.037073373794555664
0.041811466217041016
0.04943394660949707
0.006989002227783203
0.007000923156738281
0.034575700759887695
0.04369091987609863
0.06229090690612793
0.13337326049804688
0.08146500587463379
0.023761510848999023
0.03368949890136719
0.04340338706970215
0.06355166435241699
0.046573638916015625
0.032219886779785156
0.041706085205078125
0.0564115047454834
0.038368940353393555
0.0434420108795166
0.09700369834899902
0.030561208724975586
0.007025003433227539
0.01098489761352539
0.0417330265045166
0.03548932075500488
0.04695487022399902
0.04067635536193848
0.04886817932128906
0.0428776741027832
0.04989314079284668
0.04588055610656738
0.042160987854003906
0.05141091346740723
0.043445587158203125
0.05631732940673828
0.04120159149169922
0.052111148834228516
0.007564067840576172
0.008014917373657227
0.03491926193237305
0.04503273963928223
0.03362679481506348
0.040856361389160156
0.03611874580383301
0.0470883846282959
0.04622697830200195
0.052431583404541016
0.04511404037475586
0.037247657775878906
0.04304766654968262
0.03180241584777832
0.040058135986328125
0.04824209213256836
0.005498170852661133
0.005371570587158203
0.039937734603881836
0.04350924491882324
0.050519466400146484
0.040010690689086914
0.0339813232421875
0.046319007873535156
0.03706765174865723
0.04891085624694824
0.0424654483795166
0.05206012725830078
0.047570228576660156
0.04638791084289551
0.03992438316345215
0.04522228240966797
0.005761146545410156
0.005400657653808594
0.03332185745239258
0.048200130462646484
0.04256629943847656
0.036286115646362305
0.046471357345581055
0.03949737548828125
0.04879879951477051
0.04498553276062012
0.04502058029174805
0.044028282165527344
0.05314898490905762
0.04243659973144531
0.05226874351501465
0.0063440799713134766
0.005923748016357422
0.02910161018371582
0.03936886787414551
0.04896283149719238
0.0408930778503418
0.035962581634521484
0.04621076583862305
0.04308748245239258
0.05271172523498535
0.04676175117492676
0.038932085037231445
0.05071854591369629
0.04038381576538086
0.03900551795959473
0.04668593406677246
0.007088422775268555
0.00522923469543457
0.03273940086364746
0.04290962219238281
0.03578543663024902
0.04378843307495117
0.03922462463378906
0.03621983528137207
0.042569875717163086
0.037741899490356445
0.050455570220947266
0.04549074172973633
0.0373682975769043
0.050444841384887695
0.04096078872680664
0.049451351165771484
0.005387783050537109
0.00477910041809082
0.035861968994140625
0.04659104347229004
0.042894601821899414
0.05598926544189453
0.040264129638671875
0.05145072937011719
0.0504453182220459
0.05009937286376953
0.03458547592163086
0.04656171798706055
0.03467965126037598
0.04237794876098633
0.04628419876098633
0.035897254943847656
0.00948023796081543
0.00477290153503418
0.033315181732177734
0.044623613357543945
0.03843188285827637
0.05199170112609863
0.044991254806518555
0.039818525314331055
0.04930257797241211
0.05496549606323242
0.0493776798248291
0.03453993797302246
0.04385995864868164
0.046045541763305664
0.035605430603027344
0.04424929618835449
0.008521318435668945
0.005337238311767578
0.032187461853027344
0.043207645416259766
0.04581451416015625
0.03562331199645996
0.04929018020629883
0.04149818420410156
0.03519749641418457
0.0454409122467041
0.04139256477355957
0.049252986907958984
0.04209566116333008
0.05129504203796387
0.044600486755371094
0.05514931678771973
0.006001472473144531
0.006438255310058594
0.03223848342895508
0.04828023910522461
0.050771236419677734
0.043370962142944336
0.036252498626708984
0.05014443397521973
0.04529929161071777
0.039855241775512695
0.05112099647521973
0.04497814178466797
0.03947186470031738
0.051223039627075195
0.03843832015991211
0.047124624252319336
0.007898092269897461
0.0074079036712646484
0.03316211700439453
0.04180192947387695
0.058175086975097656
0.05049490928649902
0.04410266876220703
0.04786419868469238
0.052597999572753906
0.05260062217712402
0.05282878875732422
0.04409027099609375
0.03824758529663086
0.039047956466674805
0.050188541412353516
0.006787776947021484
0.005249738693237305
0.033983469009399414
0.04036402702331543
0.039090871810913086
0.035901546478271484
0.047847747802734375
0.04433631896972656
0.04015684127807617
0.038524627685546875
0.05237436294555664
0.04749655723571777
0.0425872802734375
0.05005979537963867
0.03878164291381836
0.010579109191894531
0.0077474117279052734
0.035138845443725586
0.05090665817260742
0.04052162170410156
0.03564286231994629
0.04643392562866211
0.05011892318725586
0.042589664459228516
0.037241458892822266
0.050014495849609375
0.03835749626159668
0.04757976531982422
0.03753328323364258
0.0494694709777832
0.009801387786865234
0.005156278610229492
0.033069610595703125
0.04810023307800293
0.04089927673339844
0.05850863456726074
0.05493879318237305
0.044759273529052734
0.050667762756347656
0.04563593864440918
0.03397774696350098
0.045233964920043945
0.053467512130737305
0.03718829154968262
0.04738330841064453
0.050786733627319336
0.011021614074707031
0.014085054397583008
0.037049293518066406
0.05498695373535156
0.04951596260070801
0.04476451873779297
0.052071332931518555
0.041831016540527344
0.0345761775970459
0.043975114822387695
0.03864336013793945
0.07387804985046387
0.03638052940368652
0.03833150863647461
0.055956125259399414
0.03797769546508789
0.009293317794799805
0.0055577754974365234
0.03445315361022949
0.06137418746948242
0.03555560111999512
0.04493284225463867
0.047460079193115234
0.04369044303894043
0.053473472595214844
0.04730963706970215
0.03966665267944336
0.04590034484863281
0.04431033134460449
0.07517766952514648
0.041991233825683594
0.03917741775512695
0.0400087833404541
0.008955001831054688
0.007090091705322266
0.03401446342468262
0.044486284255981445
0.04888916015625
0.03625822067260742
0.04444551467895508
0.03718233108520508
0.0438385009765625
0.03943943977355957
0.05043935775756836
0.03932929039001465
0.0488433837890625
0.039327383041381836
0.04861927032470703
0.03519177436828613
0.007847309112548828
0.010524749755859375
0.035002946853637695
0.045922279357910156
0.03414416313171387
0.04247879981994629
0.04001164436340332
0.052048683166503906
0.04619932174682617
0.04062390327453613
0.03609204292297363
0.04875993728637695
0.0411074161529541
0.04436087608337402
0.03672146797180176
0.047516584396362305
0.004045724868774414
0.0062406063079833984
0.03267383575439453
0.03939008712768555
0.050667762756347656
0.04793882369995117
0.04563164710998535
0.03731584548950195
0.044730424880981445
0.040888309478759766
0.0337526798248291
0.0446171760559082
0.037912607192993164
0.042009830474853516
0.05469107627868652
0.045784711837768555
0.004484415054321289
0.0065004825592041016
0.032007455825805664
0.04527592658996582
0.03525066375732422
0.04444313049316406
0.0382537841796875
0.05042409896850586
0.04492807388305664
0.040651798248291016
0.03657722473144531
0.04691886901855469
0.035811662673950195
0.044373512268066406
0.03635096549987793
0.056536197662353516
0.005424976348876953
0.004120588302612305
0.03311729431152344
0.041918039321899414
0.05080270767211914
0.044029951095581055
0.03652334213256836
0.04773235321044922
0.04376840591430664
0.036920785903930664
0.04952502250671387
0.040107011795043945
0.050202369689941406
0.04214119911193848
0.03711438179016113
0.04713129997253418
0.016989469528198242
0.0060613155364990234
0.032787322998046875
0.04170870780944824
0.038237810134887695
0.04851341247558594
0.03700709342956543
0.05205702781677246
0.04088711738586426
0.04950976371765137
0.04066824913024902
0.035559654235839844
0.040554046630859375
0.051566123962402344
0.05115246772766113
0.04563617706298828
0.030672311782836914
0.005887746810913086
0.03471636772155762
0.046027183532714844
0.03323936462402344
0.046271562576293945
0.040856122970581055
0.03421592712402344
0.04354572296142578
0.03731822967529297
0.04709506034851074
0.034897804260253906
0.041150569915771484
0.03527665138244629
0.045244455337524414
0.0392909049987793
0.014503955841064453
0.007305145263671875
0.03356194496154785
0.0401616096496582
0.046729087829589844
0.04178261756896973
0.03600621223449707
0.05197954177856445
0.04120826721191406
0.04085564613342285
0.05106377601623535
0.044110774993896484
0.03870344161987305
0.046984195709228516
0.03725600242614746
0.04883909225463867
0.0066680908203125
0.004767417907714844
0.034613847732543945
0.04994964599609375
0.04051685333251953
0.037431955337524414
0.048439979553222656
0.047751665115356445
0.043385982513427734
0.04895830154418945
0.05226302146911621
0.06176614761352539
0.05362582206726074
0.041713714599609375
0.031833648681640625
0.008300065994262695
0.007587909698486328
0.03470158576965332
0.04659223556518555
0.039452314376831055
0.045148372650146484
0.03917360305786133
0.05215263366699219
0.04365277290344238
0.03654217720031738
0.05122113227844238
0.04251241683959961
0.0478062629699707
0.0405430793762207
0.037987470626831055
0.04921889305114746
0.004627704620361328
0.00631403923034668
0.03477954864501953
0.0471806526184082
0.040999412536621094
0.05081009864807129
0.04013562202453613
0.1715095043182373
0.18543410301208496
0.04207634925842285
0.043880462646484375
0.06608128547668457
0.07967567443847656
0.049576520919799805
0.04072237014770508
0.18343472480773926
0.03981733322143555
0.011562108993530273
0.004076719284057617
0.03234601020812988
0.1593775749206543
0.048180341720581055
0.06260061264038086
0.1785728931427002
0.05620408058166504
0.04562234878540039
0.18472862243652344
0.04060173034667969
0.04179096221923828
0.13405489921569824
0.0422368049621582
0.04461860656738281
0.1529695987701416
0.1857755184173584
0.0314633846282959
0.004851102828979492
0.15112018585205078
0.048322439193725586
0.0400547981262207
0.16938161849975586
0.16996073722839355
0.054856061935424805
0.050542354583740234
0.1242671012878418
0.036020755767822266
0.05098891258239746
0.16266393661499023
0.15872573852539062
0.06326556205749512
0.1706836223602295
0.1291027069091797
0.005311250686645508
0.03323650360107422
0.03734755516052246
0.17330026626586914
0.05618429183959961
0.05743741989135742
0.16054725646972656
0.04773688316345215
0.06009674072265625
0.15008139610290527
0.04615378379821777
0.03491377830505371
0.16389036178588867
0.1591176986694336
0.05006003379821777
0.004164218902587891
0.006911754608154297
0.15236687660217285
0.0507349967956543
0.043439388275146484
0.17376065254211426
0.042804718017578125
0.05552196502685547
0.16281652450561523
0.17414164543151855
0.03678178787231445
0.16336488723754883
0.1598966121673584
0.04983639717102051
0.041245222091674805
0.15056538581848145
0.006305217742919922
0.004191160202026367
0.03369426727294922
0.036032915115356445
0.038591623306274414
0.053708791732788086
0.05349421501159668
0.053411245346069336
0.04976844787597656
0.042611122131347656
0.03713679313659668
0.046051979064941406
0.04168224334716797
0.054007530212402344
0.051050424575805664
0.009920835494995117
0.0072116851806640625
0.03445887565612793
0.03876090049743652
0.047538042068481445
0.04478740692138672
0.03539252281188965
0.04840850830078125
0.045446157455444336
0.03743553161621094
0.05129551887512207
0.04240608215332031
0.038793325424194336
0.047796010971069336
0.04208564758300781
0.006131172180175781
0.0055294036865234375
0.03500556945800781
0.04797649383544922
0.04285788536071777
0.0461122989654541
0.03717994689941406
0.04987287521362305
0.04714083671569824
0.04076266288757324
0.05482125282287598
0.04699110984802246
0.04111909866333008
0.04911088943481445
0.04191160202026367
0.00499415397644043
0.011927604675292969
0.03604912757873535
0.046309471130371094
0.03599214553833008
0.047804832458496094
0.041715145111083984
0.03899669647216797
0.03471231460571289
0.042334794998168945
0.036658287048339844
0.04788470268249512
0.03802919387817383
0.04791069030761719
0.04149913787841797
0.006808280944824219
0.005174875259399414
0.034545183181762695
0.04556989669799805
0.04537391662597656
0.03798317909240723
0.04510974884033203
0.03435802459716797
0.04478955268859863
0.03922390937805176
0.05123305320739746
0.046965837478637695
0.03661918640136719
0.04416060447692871
0.03473210334777832
0.043675899505615234
0.0071299076080322266
0.005776405334472656
0.03423953056335449
0.04407238960266113
0.037129878997802734
0.04833841323852539
0.0436708927154541
0.03945446014404297
0.04966425895690918
0.04601144790649414
0.037806034088134766
0.045925140380859375
0.03745388984680176
0.051104068756103516
0.04431581497192383
0.0050334930419921875
0.00810551643371582
0.0345613956451416
0.04549145698547363
0.03995871543884277
0.04697370529174805
0.03985905647277832
0.05316805839538574
0.04674386978149414
0.03734898567199707
0.04961395263671875
0.039968252182006836
0.0502934455871582
0.046710968017578125
0.054926395416259766
0.04269003868103027
0.008735895156860352
0.006296873092651367
0.03430986404418945
0.047327280044555664
0.04459571838378906
0.04147458076477051
0.03208589553833008
0.043186187744140625
0.03976082801818848
0.04900789260864258
0.042734384536743164
0.05199694633483887
0.034631967544555664
0.04502367973327637
0.04278063774108887
0.0041196346282958984
0.0059053897857666016
0.03560066223144531
0.04799294471740723
0.04123950004577637
0.0354917049407959
0.04735970497131348
0.03955698013305664
0.04909110069274902
0.04321718215942383
0.03548789024353027
0.04472160339355469
0.0349271297454834
0.050035953521728516
0.03898262977600098
0.00694584846496582
0.00703120231628418
0.035301923751831055
0.04671645164489746
0.03624105453491211
0.04328513145446777
0.049665212631225586
0.04330563545227051
0.035474538803100586
0.04356217384338379
0.051409006118774414
0.04459738731384277
0.03648948669433594
0.04752206802368164
0.03227496147155762
0.04317593574523926
0.05196070671081543
0.005027055740356445
0.008084774017333984
0.03103017807006836
0.04274153709411621
0.050310373306274414
0.041875600814819336
0.03217005729675293
0.04445171356201172
0.03799843788146973
0.050319671630859375
0.0428922176361084
0.0440974235534668
0.052155494689941406
0.04068303108215332
0.03625631332397461
0.050615787506103516
0.006611824035644531
0.005338907241821289
0.03467059135437012
0.05014204978942871
0.04685330390930176
0.04530954360961914
0.03940224647521973
0.04958391189575195
0.048331260681152344
0.049251556396484375
0.03804945945739746
0.04470038414001465
0.03962588310241699
0.0500950813293457
0.04498720169067383
0.006611347198486328
0.008568525314331055
0.034677743911743164
0.04487776756286621
0.03656888008117676
0.04232478141784668
0.04730033874511719
0.04046201705932617
0.05096936225891113
0.04261469841003418
0.05259132385253906
0.04079842567443848
0.05167794227600098
0.04496121406555176
0.05109667778015137
0.03444480895996094
0.005309581756591797
0.006139993667602539
0.03314065933227539
0.04271841049194336
0.0490565299987793
0.04706549644470215
0.037296295166015625
0.04831051826477051
0.04218482971191406
0.039404869079589844
0.04716157913208008
0.03777813911437988
0.043504953384399414
0.05075860023498535
0.04256486892700195
0.05243086814880371
0.005904674530029297
0.005491971969604492
0.03370356559753418
0.04437685012817383
0.03625082969665527
0.048134565353393555
0.05118274688720703
0.049030303955078125
0.04102444648742676
0.05018186569213867
0.04459500312805176
0.03734445571899414
0.04768514633178711
0.04130387306213379
0.03708934783935547
0.01046299934387207
0.00643157958984375
0.03497958183288574
0.0475919246673584
0.040172576904296875
0.03673434257507324
0.04716610908508301
0.03830599784851074
0.05316901206970215
0.04309511184692383
0.06733298301696777
0.0393369197845459
0.050513267517089844
0.05756831169128418
0.0557248592376709
0.0503537654876709
0.008542776107788086
0.004582881927490234
0.03378891944885254
0.0421597957611084
0.050454139709472656
0.03933262825012207
0.052904367446899414
0.04996991157531738
0.04616808891296387
0.04311370849609375
0.05791807174682617
0.05274224281311035
0.04302406311035156
0.04701733589172363
0.04126453399658203
0.0466763973236084
0.005441904067993164
0.005199432373046875
0.034073829650878906
0.04541349411010742
0.03949475288391113
0.04898881912231445
0.04038548469543457
0.050742387771606445
0.04369664192199707
0.03422045707702637
0.04245448112487793
0.04909491539001465
0.035132646560668945
0.04315972328186035
0.05113506317138672
0.04092741012573242
0.009271383285522461
0.008633136749267578
0.03228449821472168
0.04494905471801758
0.0390167236328125
0.05063748359680176
0.04746222496032715
0.04122328758239746
0.05202364921569824
0.04864144325256348
0.03994464874267578
0.05056428909301758
0.03844261169433594
0.04794430732727051
0.03993821144104004
0.049550533294677734
0.004678010940551758
0.004619121551513672
0.035195112228393555
0.0476534366607666
0.041417598724365234
0.0468294620513916
0.03756284713745117
0.04612135887145996
0.04047346115112305
0.05155611038208008
0.04930710792541504
0.03963041305541992
0.04968118667602539
0.038637638092041016
0.04575467109680176
0.034069061279296875
0.005654096603393555
0.009270668029785156
0.037511348724365234
0.04941248893737793
0.03930091857910156
0.04008626937866211
0.054801225662231445
0.050055503845214844
0.04366159439086914
0.040563106536865234
0.05318641662597656
0.04874539375305176
0.04176592826843262
0.0508267879486084
0.04276776313781738
0.00430750846862793
0.007287263870239258
0.03591728210449219
0.04419136047363281
0.050108909606933594
0.043003082275390625
0.03868865966796875
0.04765009880065918
0.038727521896362305
0.049685001373291016
0.044233083724975586
0.0511317253112793
0.03971576690673828
0.050660133361816406
0.045648813247680664
0.03702688217163086
0.007976293563842773
0.005487680435180664
0.03333091735839844
0.04429149627685547
0.03827190399169922
0.05095481872558594
0.04199504852294922
0.03557276725769043
0.04790210723876953
0.04667520523071289
0.03992009162902832
0.05410480499267578
0.04472017288208008
0.03933382034301758
0.04922628402709961
0.04330563545227051
0.004885435104370117
0.009974002838134766
0.035541534423828125
0.04824995994567871
0.03710365295410156
0.05010795593261719
0.044445037841796875
0.04289078712463379
0.03453540802001953
0.043390750885009766
0.05167961120605469
0.03886985778808594
0.04930877685546875
0.04176139831542969
0.03703427314758301
0.04897022247314453
0.006251811981201172
0.005583524703979492
0.03338766098022461
0.0393526554107666
0.050135135650634766
0.04491162300109863
0.041131019592285156
0.05156826972961426
0.046298980712890625
0.03775668144226074
0.0469202995300293
0.03602766990661621
0.05990743637084961
0.06280994415283203
0.043547630310058594
0.034616708755493164
0.0053288936614990234
0.005106210708618164
0.03594255447387695
0.044066429138183594
0.05945396423339844
0.036641597747802734
0.044888973236083984
0.0427556037902832
0.04017186164855957
0.051047563552856445
0.040926218032836914
0.050646066665649414
0.044217586517333984
0.044756412506103516
0.035622358322143555
0.045200347900390625
0.004485607147216797
0.005070924758911133
0.03410792350769043
0.046569108963012695
0.03805065155029297
0.05056309700012207
0.045417070388793945
0.041615962982177734
0.06490755081176758
0.06072545051574707
0.038137197494506836
0.04344487190246582
0.05424213409423828
0.04514336585998535
0.03602147102355957
0.048753976821899414
0.010586738586425781
0.004704952239990234
0.03018641471862793
0.05096697807312012
0.04368162155151367
0.03901839256286621
0.0355989933013916
0.05078744888305664
0.046776771545410156
0.03681445121765137
0.048505544662475586
0.03800201416015625
0.0462191104888916
0.048941612243652344
0.03742694854736328
0.043370962142944336
0.005791187286376953
0.006493568420410156
0.03478741645812988
0.04159259796142578
0.04542899131774902
0.03765702247619629
0.048580169677734375
0.042138099670410156
0.047756195068359375
0.03891897201538086
0.04445242881774902
0.0369873046875
0.04193377494812012
0.05073237419128418
0.04435610771179199
0.05045008659362793
0.0065038204193115234
0.0050907135009765625
0.03436684608459473
0.045415401458740234
0.03585243225097656
0.04851174354553223
0.04389333724975586
0.04486560821533203
0.05739951133728027
0.04996371269226074
0.0339055061340332
0.045372962951660156
0.034754276275634766
0.04963421821594238
0.05228877067565918
0.04057669639587402
0.005468606948852539
0.005285739898681641
0.030808687210083008
0.0401759147644043
0.036391496658325195
0.04615473747253418
0.03959012031555176
0.05087447166442871
0.044205665588378906
0.0390164852142334
0.04825282096862793
0.042017221450805664
0.04039478302001953
0.05888485908508301
0.05449819564819336
0.04714655876159668
0.006287336349487305
0.0044155120849609375
0.03478050231933594
0.039968252182006836
0.03369927406311035
0.04640603065490723
0.04315614700317383
0.03756570816040039
0.053553104400634766
0.04747152328491211
0.03599381446838379
0.04596209526062012
0.0370631217956543
0.04786992073059082
0.04526519775390625
0.010320663452148438
0.0069522857666015625
0.03396201133728027
0.04209542274475098
0.04158806800842285
0.05713677406311035
0.05189657211303711
0.05319952964782715
0.04005742073059082
0.05169796943664551
0.04602646827697754
0.0417020320892334
0.03496265411376953
0.04615640640258789
0.03963494300842285
0.051644325256347656
0.0058841705322265625
0.07383966445922852
0.03219413757324219
0.01779007911682129
0.04503774642944336
0.0385127067565918
0.05118966102600098
0.03998899459838867
0.04729104042053223
0.03813028335571289
0.032792091369628906
0.0396268367767334
0.04790329933166504
0.03966689109802246
0.036606550216674805
0.05330324172973633
0.04899764060974121
0.004263401031494141
0.003555774688720703
0.03255105018615723
0.04115748405456543
0.04959917068481445
0.035886287689208984
0.04344964027404785
0.05676746368408203
0.050241947174072266
0.04478621482849121
0.05207705497741699
0.04178929328918457
0.03467369079589844
0.04452371597290039
0.03648090362548828
0.04848122596740723
0.0056645870208740234
0.007022857666015625
0.11383581161499023
0.1351604461669922
0.12458252906799316
0.13465666770935059
0.1430680751800537
0.13210368156433105
0.12472748756408691
0.08254671096801758
0.17008590698242188
0.15729451179504395
0.15466094017028809
0.1268630027770996
0.15614533424377441
0.16949748992919922
0.0061643123626708984
0.12930798530578613
0.15897202491760254
0.29398512840270996
0.15901446342468262
0.29537367820739746
0.1569957733154297
0.2903602123260498
0.3056917190551758
0.28559160232543945
0.29295921325683594
0.2580111026763916
0.11803936958312988
0.17229270935058594
0.045500993728637695
0.05558466911315918
0.024386882781982422
0.005362749099731445
0.032920122146606445
0.04413104057312012
0.03995919227600098
0.053529977798461914
0.043313026428222656
0.04009842872619629
0.03731489181518555
0.04252743721008301
0.03351736068725586
0.04209423065185547
0.03429865837097168
0.047657012939453125
0.042452335357666016
0.005236625671386719
0.007421016693115234
0.03553938865661621
0.04899883270263672
0.0419921875
0.03731560707092285
0.049547672271728516
0.04059457778930664
0.03470778465270996
0.046605587005615234
0.037480831146240234
0.05088043212890625
0.042382240295410156
0.03803896903991699
0.050304412841796875
0.008346796035766602
0.0057446956634521484
0.03553438186645508
0.04674792289733887
0.04159808158874512
0.040108680725097656
0.0485844612121582
0.03641462326049805
0.046591997146606445
0.038613319396972656
0.0524296760559082
0.04353046417236328
0.05233407020568848
0.047898054122924805
0.04068565368652344
0.05130434036254883
0.009201288223266602
0.007452726364135742
0.03593301773071289
0.05234360694885254
0.04964089393615723
0.0408015251159668
0.033599853515625
0.04207420349121094
0.033902645111083984
0.04776716232299805
0.041133880615234375
0.0343320369720459
0.047894954681396484
0.03889107704162598
0.048467397689819336
0.005670785903930664
0.005291461944580078
0.035321712493896484
0.0457310676574707
0.03919720649719238
0.05054020881652832
0.04335141181945801
0.03443479537963867
0.04453682899475098
0.03421187400817871
0.04563164710998535
0.03704118728637695
0.047289133071899414
0.04470658302307129
0.0377805233001709
0.049001216888427734
0.004855155944824219
0.006051063537597656
0.03320670127868652
0.04370737075805664
0.034340858459472656
0.04904770851135254
0.04202413558959961
0.041097164154052734
0.03608822822570801
0.04526209831237793
0.04008960723876953
0.04869890213012695
0.0385434627532959
0.05109238624572754
0.0449216365814209
0.005242109298706055
0.003899812698364258
0.030850887298583984
0.043628692626953125
0.03858232498168945
0.04653525352478027
0.03519105911254883
0.04248404502868652
0.03984498977661133
0.05094742774963379
0.04563307762145996
0.040461063385009766
0.050740718841552734
0.040743112564086914
0.05243277549743652
0.043882131576538086
0.005267620086669922
0.010181188583374023
0.03558349609375
0.04722023010253906
0.039498090744018555
0.04960179328918457
0.0467679500579834
0.03973531723022461
0.04886364936828613
0.03786420822143555
0.05000925064086914
0.03977322578430176
0.04993391036987305
0.03974151611328125
0.03850269317626953
0.04988503456115723
0.00483393669128418
0.005875825881958008
0.034560203552246094
0.04597735404968262
0.04091501235961914
0.03719735145568848
0.047783851623535156
0.03618454933166504
0.04203200340270996
0.03426933288574219
0.04182577133178711
0.03502464294433594
0.04370737075805664
0.038236141204833984
0.046234846115112305
0.038630008697509766
0.008875846862792969
0.00790262222290039
0.034925222396850586
0.04308772087097168
0.03528761863708496
0.04463624954223633
0.035988569259643555
0.04756498336791992
0.04099082946777344
0.04584813117980957
0.038564205169677734
0.047508955001831055
0.03991389274597168
0.04815220832824707
0.0380711555480957
0.05077075958251953
0.004296541213989258
0.005652427673339844
0.03953194618225098
0.04593229293823242
0.03847217559814453
0.05054926872253418
0.043799400329589844
0.04200243949890137
0.059694766998291016
0.05343031883239746
0.04732203483581543
0.038814544677734375
0.048394203186035156
0.03979086875915527
0.04667401313781738
0.009101152420043945
0.007888555526733398
0.03736114501953125
0.04869413375854492
0.04582667350769043
0.04518842697143555
0.045058488845825195
0.04111456871032715
0.034244537353515625
0.043277740478515625
0.03571462631225586
0.04388284683227539
0.035737037658691406
0.04678773880004883
0.0424196720123291
0.005891561508178711
0.005895137786865234
0.03496885299682617
0.04889869689941406
0.048825740814208984
0.048163414001464844
0.04336404800415039
0.03594374656677246
0.04626917839050293
0.04010820388793945
0.049164533615112305
0.04315638542175293
0.03563237190246582
0.047278642654418945
0.05457806587219238
0.0046198368072509766
0.009378433227539062
0.03512120246887207
0.047348976135253906
0.044609785079956055
0.038750410079956055
0.04842114448547363
0.048441410064697266
0.03932476043701172
0.05426430702209473
0.0459599494934082
0.0333101749420166
0.04740095138549805
0.041728973388671875
0.05498695373535156
0.050460100173950195
0.005081892013549805
0.00482487678527832
0.03333282470703125
0.04192066192626953
0.047983407974243164
0.039746999740600586
0.033902883529663086
0.04673409461975098
0.03656721115112305
0.048346519470214844
0.04439854621887207
0.053232431411743164
0.045934200286865234
0.053087711334228516
0.046399593353271484
0.04140901565551758
0.006474018096923828
0.007934093475341797
0.035782575607299805
0.0473020076751709
0.0400545597076416
0.05002999305725098
0.046497344970703125
0.038709402084350586
0.04879188537597656
0.03976917266845703
0.034914493560791016
0.04425787925720215
0.037252187728881836
0.04815936088562012
0.04320216178894043
0.004931211471557617
0.006144523620605469
0.03408956527709961
0.04899883270263672
0.04577302932739258
0.038156986236572266
0.0489194393157959
0.04584956169128418
0.03700709342956543
0.049397945404052734
0.03806710243225098
0.049146413803100586
0.0379331111907959
0.05164313316345215
0.048302412033081055
0.005941867828369141
0.004995822906494141
0.03531694412231445
0.04462003707885742
0.03801918029785156
0.0491945743560791
0.04227018356323242
0.03342151641845703
0.046140193939208984
0.0370020866394043
0.046892404556274414
0.04957723617553711
0.04351949691772461
0.036005258560180664
0.04550600051879883
0.03917217254638672
0.010157585144042969
0.005591630935668945
0.03626060485839844
0.04506206512451172
0.04972124099731445
0.0419769287109375
0.03575253486633301
0.04837918281555176
0.04452109336853027
0.05046534538269043
0.03871488571166992
0.04943108558654785
0.04175376892089844
0.05276632308959961
0.042235374450683594
0.046480417251586914
0.006133079528808594
0.004894256591796875
0.030944108963012695
0.03638482093811035
0.04194760322570801
0.0346221923828125
0.044020891189575195
0.03822636604309082
0.04977679252624512
0.03928041458129883
0.05076122283935547
0.03610968589782715
0.04369807243347168
0.037215232849121094
0.0496826171875
0.0411534309387207
0.009330987930297852
0.006628274917602539
0.010630369186401367
0.04129457473754883
0.04698300361633301
0.042745113372802734
0.038836002349853516
0.03694462776184082
0.04841017723083496
0.03792262077331543
0.05260419845581055
0.04069399833679199
0.04793262481689453
0.039624691009521484
0.04880380630493164
0.04233813285827637
0.005012989044189453
0.005734443664550781
0.031178712844848633
0.04331350326538086
0.035912275314331055
0.04644441604614258
0.03914785385131836
0.049024343490600586
0.0439457893371582
0.03479266166687012
0.042733192443847656
0.050829172134399414
0.04399585723876953
0.03750944137573242
0.05132174491882324
0.04424428939819336
0.005090951919555664
0.006612539291381836
0.03690218925476074
0.04791855812072754
0.04331159591674805
0.04217815399169922
0.05376791954040527
0.04131436347961426
0.049268484115600586
0.041116952896118164
0.052583932876586914
0.039916276931762695
0.04980325698852539
0.04456615447998047
0.05092978477478027
0.04178500175476074
0.012515783309936523
0.008784294128417969
0.03679323196411133
0.0540165901184082
0.045240163803100586
0.039179086685180664
0.04317641258239746
0.0394587516784668
0.034760475158691406
0.041800737380981445
0.0505518913269043
0.0433957576751709
0.05073118209838867
0.0422360897064209
0.049574851989746094
0.04920554161071777
0.0548090934753418
0.00924539566040039
0.004354715347290039
0.0322422981262207
0.04286384582519531
0.0381624698638916
0.05023336410522461
0.042932987213134766
0.037474632263183594
0.05167579650878906
0.04466509819030762
0.03765082359313965
0.04992985725402832
0.041272878646850586
0.03595376014709473
0.04898357391357422
0.0071337223052978516
0.00587916374206543
0.033484697341918945
0.044260263442993164
0.03810524940490723
0.048216819763183594
0.037598371505737305
0.04562520980834961
0.038012027740478516
0.04873228073120117
0.04002642631530762
0.049326181411743164
0.04054427146911621
0.04908180236816406
0.03801321983337402
0.04802894592285156
0.005190372467041016
0.0063974857330322266
0.03299140930175781
0.04765033721923828
0.040459394454956055
0.049730777740478516
0.043032169342041016
0.04839015007019043
0.03912973403930664
0.04514884948730469
0.055554866790771484
0.042113542556762695
0.05167102813720703
0.044554710388183594
0.05382847785949707
0.04981684684753418
0.004229068756103516
0.00402069091796875
0.03246951103210449
0.043833255767822266
0.03725576400756836
0.045398712158203125
0.03900432586669922
0.04822397232055664
0.041561126708984375
0.036348819732666016
0.04539680480957031
0.03594374656677246
0.0458221435546875
0.05225038528442383
0.04146265983581543
0.03517746925354004
0.006229877471923828
0.0043239593505859375
0.03521728515625
0.04811716079711914
0.04571056365966797
0.0627596378326416
0.05616307258605957
0.05112266540527344
0.041185617446899414
0.05496096611022949
0.03911614418029785
0.05902576446533203
0.03651618957519531
0.04616498947143555
0.05122041702270508
0.04163837432861328
0.004427194595336914
0.005701780319213867
0.03712749481201172
0.0507051944732666
0.05112576484680176
0.04738473892211914
0.042284488677978516
0.05878090858459473
0.049475908279418945
0.04442310333251953
0.05204916000366211
0.0446469783782959
0.0352475643157959
0.0451810359954834
0.03347015380859375
0.004105567932128906
0.009804964065551758
0.03667116165161133
0.04577136039733887
0.038739919662475586
0.04750490188598633
0.04583382606506348
0.0374608039855957
0.03764677047729492
0.049419403076171875
0.042142391204833984
0.05001497268676758
0.0458981990814209
0.03609895706176758
0.04509401321411133
0.04012584686279297
0.010556697845458984
0.004036426544189453
0.0319514274597168
0.044608116149902344
0.03617978096008301
0.05219292640686035
0.04316353797912598
0.03847527503967285
0.04902935028076172
0.04273223876953125
0.05133342742919922
0.04371833801269531
0.03567147254943848
0.05054593086242676
0.04105567932128906
0.05267190933227539
0.008089303970336914
0.00460362434387207
0.03330349922180176
0.043004512786865234
0.034377098083496094
0.046587467193603516
0.042174339294433594
0.050818681716918945
0.04159903526306152
0.05088949203491211
0.04019761085510254
0.050444841384887695
0.04174351692199707
0.0507197380065918
0.04071164131164551
0.03373908996582031
0.0070574283599853516
0.0055963993072509766
0.03609156608581543
0.04710125923156738
0.03640317916870117
0.04675602912902832
0.0389103889465332
0.04724574089050293
0.03919410705566406
0.054744720458984375
0.08319616317749023
0.0488429069519043
0.03133964538574219
0.03928685188293457
0.045091867446899414
0.07268667221069336
0.0458836555480957
0.006273746490478516
0.005064487457275391
0.032462358474731445
0.03939318656921387
0.04995918273925781
0.04519248008728027
0.03554391860961914
0.04666638374328613
0.03952193260192871
0.04584693908691406
0.03771710395812988
0.04929542541503906
0.03911304473876953
0.051321983337402344
0.0419614315032959
0.03708529472351074
0.0058252811431884766
0.0066716670989990234
0.034543514251708984
0.05175185203552246
0.035363197326660156
0.04555797576904297
0.0408322811126709
0.04894423484802246
0.04178786277770996
0.03775167465209961
0.05085182189941406
0.04224681854248047
0.05022835731506348
0.0464780330657959
0.036985158920288086
0.047670602798461914
0.006324052810668945
0.005560874938964844
0.033321380615234375
0.04556894302368164
0.03788161277770996
0.05011630058288574
0.03934192657470703
0.042165517807006836
0.04658246040344238
0.03880476951599121
0.03425121307373047
0.04420161247253418
0.036063432693481445
0.04599928855895996
0.037561655044555664
0.04895973205566406
0.005773305892944336
0.007506847381591797
0.03564953804016113
0.04466748237609863
0.043128252029418945
0.03619241714477539
0.05312299728393555
0.04978466033935547
0.04239964485168457
0.03542590141296387
0.04443812370300293
0.050397634506225586
0.04492664337158203
0.0498504638671875
0.04148697853088379
0.0502166748046875
0.006432771682739258
0.008602142333984375
0.040289878845214844
0.05321311950683594
0.046360015869140625
0.0354914665222168
0.044298410415649414
0.039734601974487305
0.048456430435180664
0.042026519775390625
0.034119367599487305
0.042996883392333984
0.03540992736816406
0.04540443420410156
0.03957819938659668
0.008304357528686523
0.00754857063293457
0.03355813026428223
0.04730701446533203
0.03949689865112305
0.04884481430053711
0.04172825813293457
0.0541379451751709
0.04810190200805664
0.041199684143066406
0.04895305633544922
0.04267764091491699
0.035189151763916016
0.04455757141113281
0.03675651550292969
0.0470278263092041
0.006978273391723633
0.007132530212402344
0.03325462341308594
0.04134869575500488
0.034929752349853516
0.04612088203430176
0.03477334976196289
0.049475908279418945
0.041802167892456055
0.05169963836669922
0.0415034294128418
0.050188302993774414
0.04290270805358887
0.04963564872741699
0.03624916076660156
0.04840707778930664
0.005922794342041016
0.0052492618560791016
0.030557632446289062
0.04671645164489746
0.0400393009185791
0.05101346969604492
0.04634904861450195
0.05204010009765625
0.03640174865722656
0.04834556579589844
0.0411677360534668
0.05115389823913574
0.040232181549072266
0.03489542007446289
0.04621434211730957
0.00608062744140625
0.006152153015136719
0.0366818904876709
0.04366183280944824
0.03673291206359863
0.047216176986694336
0.03770709037780762
0.047968387603759766
0.039160966873168945
0.042148590087890625
0.04943394660949707
0.042566776275634766
0.04170703887939453
0.049770355224609375
0.04186415672302246
0.05208992958068848
0.005781650543212891
0.007018089294433594
0.035688161849975586
0.04875588417053223
0.04224967956542969
0.03926730155944824
0.05191850662231445
0.05339479446411133
0.043294668197631836
0.05217337608337402
0.04874920845031738
0.057251691818237305
0.06914567947387695
0.04880261421203613
0.04144573211669922
0.01642012596130371
0.00772404670715332
0.05770397186279297
0.07055211067199707
0.051369428634643555
0.0496828556060791
0.036794424057006836
0.045623064041137695
0.050041913986206055
0.04105710983276367
0.04659080505371094
0.0379030704498291
0.04519319534301758
0.039304494857788086
0.04779410362243652
0.04264068603515625
0.015493392944335938
0.006711483001708984
0.032259225845336914
0.04374122619628906
0.05294394493103027
0.04615187644958496
0.03841567039489746
0.0493626594543457
0.0451207160949707
0.04043865203857422
0.05339217185974121
0.043648719787597656
0.050711870193481445
0.04643416404724121
0.03595614433288574
0.04778265953063965
0.006218433380126953
0.005984783172607422
0.0343327522277832
0.04888606071472168
0.03960227966308594
0.04965019226074219
0.043975830078125
0.03489351272583008
0.04213309288024902
0.051564931869506836
0.04368901252746582
0.036829471588134766
0.04719209671020508
0.0371856689453125
0.051183223724365234
0.04877209663391113
0.006570100784301758
0.007740974426269531
0.034578800201416016
0.04792141914367676
0.04020261764526367
0.045447587966918945
0.03608870506286621
0.04778099060058594
0.04093289375305176
0.049622535705566406
0.04418373107910156
0.03681635856628418
0.05493760108947754
0.046338796615600586
0.039087533950805664
0.04900717735290527
0.008430242538452148
0.0041599273681640625
0.03357076644897461
0.047914743423461914
0.04419445991516113
0.04430055618286133
0.040387630462646484
0.057543039321899414
0.049471378326416016
0.03874778747558594
0.05321145057678223
0.040335655212402344
0.048760414123535156
0.042725324630737305
0.052663326263427734
0.007409811019897461
0.00806117057800293
0.04027915000915527
0.04805779457092285
0.04305911064147949
0.033788442611694336
0.045342206954956055
0.04034161567687988
0.03658032417297363
0.0435636043548584
0.03241586685180664
0.04295706748962402
0.03618979454040527
0.05006670951843262
0.045429229736328125
0.005357265472412109
0.006426095962524414
0.035268306732177734
0.049288272857666016
0.039183616638183594
0.04930233955383301
0.04681897163391113
0.037938594818115234
0.04826474189758301
0.03619813919067383
0.04295182228088379
0.05096149444580078
0.042003631591796875
0.05400228500366211
0.045647382736206055
0.043442726135253906
0.008840560913085938
0.004252195358276367
0.03370809555053711
0.03777194023132324
0.05020475387573242
0.045223236083984375
0.03610801696777344
0.04662489891052246
0.03347301483154297
0.03982353210449219
0.05061793327331543
0.04156780242919922
0.05293846130371094
0.041184186935424805
0.05207252502441406
0.04233908653259277
0.0140380859375
0.008779764175415039
0.03560900688171387
0.05201601982116699
0.043384552001953125
0.05002927780151367
0.047425270080566406
0.04115414619445801
0.054758548736572266
0.03976798057556152
0.04768252372741699
0.04587817192077637
0.05651974678039551
0.049843788146972656
0.043755292892456055
0.008091926574707031
0.0048563480377197266
0.03404998779296875
0.04450058937072754
0.03504347801208496
0.04543042182922363
0.038722991943359375
0.052666425704956055
0.049294471740722656
0.04483962059020996
0.05448651313781738
0.04104971885681152
0.05362725257873535
0.03811073303222656
0.04705929756164551
0.04349541664123535
0.010703563690185547
0.004506587982177734
0.03915214538574219
0.040985107421875
0.055117130279541016
0.05199861526489258
0.0662381649017334
0.04130363464355469
0.0380098819732666
0.04437708854675293
0.04888343811035156
0.039586782455444336
0.04517388343811035
0.048711299896240234
0.035883188247680664
0.04818463325500488
0.004460334777832031
0.007051944732666016
0.035710811614990234
0.04458260536193848
0.0420074462890625
0.048865556716918945
0.041797637939453125
0.0504908561706543
0.03933453559875488
0.053778648376464844
0.03683590888977051
0.11506533622741699
0.07888007164001465
0.03676939010620117
0.023979663848876953
0.0337369441986084
0.036176204681396484
0.03830599784851074
0.012711524963378906
0.007296085357666016
0.035028934478759766
0.0462338924407959
0.04443192481994629
0.03946876525878906
0.04535555839538574
0.04444718360900879
0.058335065841674805
0.05748772621154785
0.033281803131103516
0.04627633094787598
0.05403542518615723
0.05795168876647949
0.056915998458862305
0.11345434188842773
0.04481649398803711
0.02680063247680664
0.009328126907348633
0.004477739334106445
0.034259796142578125
0.04054117202758789
0.056130409240722656
0.040741920471191406
0.0519108772277832
0.04490828514099121
0.03954291343688965
0.049582719802856445
0.04079008102416992
0.04536271095275879
0.035332441329956055
0.043431758880615234
0.049442291259765625
0.03754711151123047
0.0479426383972168
0.0051767826080322266
0.0053408145904541016
0.030196666717529297
0.038736581802368164
0.05118274688720703
0.047067880630493164
0.04360628128051758
0.045614004135131836
0.04263496398925781
0.05564522743225098
0.04392886161804199
0.059804677963256836
0.05305933952331543
0.04082465171813965
0.04092741012573242
0.04876422882080078
0.006605625152587891
0.006379604339599609
0.035393476486206055
0.043247222900390625
0.03407001495361328
0.043699026107788086
0.04041624069213867
0.05602264404296875
0.050159454345703125
0.03658938407897949
0.040670156478881836
0.04104900360107422
0.04872560501098633
0.02492809295654297
0.05059242248535156
0.043085336685180664
0.007367610931396484
0.008451223373413086
0.038954734802246094
0.05499696731567383
0.05281424522399902
0.09086012840270996
0.012113094329833984
0.03435873985290527
0.04612112045288086
0.03700852394104004
0.04086494445800781
0.04934859275817871
0.04021406173706055
0.053464412689208984
0.04409360885620117
0.04519224166870117
0.00697779655456543
0.007181644439697266
0.033420562744140625
0.04308629035949707
0.034806013107299805
0.04346823692321777
0.07269001007080078
0.02257513999938965
0.05029106140136719
0.0478672981262207
0.04351615905761719
0.048668861389160156
0.04118776321411133
0.0486598014831543
0.05329298973083496
0.038097381591796875
0.04774165153503418
0.0047969818115234375
0.01493978500366211
0.033791542053222656
0.05345916748046875
0.04302239418029785
0.0412135124206543
0.05377793312072754
0.05113697052001953
0.04710268974304199
0.036992549896240234
0.04435610771179199
0.0390627384185791
0.048636674880981445
0.03949904441833496
0.04705023765563965
0.007528066635131836
0.006310462951660156
0.03504538536071777
0.04750680923461914
0.037017822265625
0.06382131576538086
0.036296844482421875
0.038574934005737305
0.04748845100402832
0.038875579833984375
0.04834151268005371
0.036160945892333984
0.03891706466674805
0.05073213577270508
0.046790122985839844
0.05962538719177246
0.04343557357788086
0.008489370346069336
0.00596928596496582
0.03596019744873047
0.043296098709106445
0.036862850189208984
0.04136848449707031
0.05009174346923828
0.04168868064880371
0.04611468315124512
0.04560732841491699
0.053440093994140625
0.03953266143798828
0.04629230499267578
0.03966093063354492
0.05057668685913086
0.042119503021240234
0.05472254753112793
0.006669282913208008
0.007655620574951172
0.035189151763916016
0.043587684631347656
0.03508591651916504
0.12394547462463379
0.18489933013916016
0.11374735832214355
0.009399652481079102
0.03206467628479004
0.041115522384643555
0.049553632736206055
0.04980945587158203
0.036554813385009766
0.0502781867980957
0.044064998626708984
0.049886226654052734
0.04239797592163086
0.0070111751556396484
0.005837440490722656
0.03379106521606445
0.04084610939025879
0.0486910343170166
0.0508577823638916
0.03231453895568848
0.042777299880981445
0.04963064193725586
0.04179573059082031
0.05031394958496094
0.036698102951049805
0.2836036682128906
0.20081853866577148
0.036522626876831055
0.04518246650695801
0.037972450256347656
0.04439043998718262
0.017052173614501953
0.031182527542114258
0.0434112548828125
0.036969661712646484
0.047333478927612305
0.04283475875854492
0.04027223587036133
0.03419923782348633
0.049304962158203125
0.0462186336517334
0.03615450859069824
0.04047822952270508
0.04991769790649414
0.0379176139831543
0.047258853912353516
0.006840705871582031
0.004232645034790039
0.03453969955444336
0.0457913875579834
0.24181771278381348
0.11364936828613281
0.02711796760559082
0.06801104545593262
0.03142356872558594
0.0591282844543457
0.052367210388183594
0.039429426193237305
0.04901623725891113
0.05058431625366211
0.037404775619506836
0.043865203857421875
0.03851008415222168
0.04892253875732422
0.008524656295776367
0.005590677261352539
0.032337188720703125
0.04422950744628906
0.03735828399658203
0.04503965377807617
0.0341494083404541
0.0410761833190918
0.05192875862121582
0.04905509948730469
0.03992104530334473
0.040337324142456055
0.04488015174865723
0.05069327354431152
0.04585099220275879
0.05119919776916504
0.0078029632568359375
0.005309104919433594
0.036168575286865234
0.04747796058654785
0.03894519805908203
0.0460057258605957
0.0403752326965332
0.048898935317993164
0.03675198554992676
0.04358696937561035
0.052893638610839844
0.03940629959106445
0.04597616195678711
0.03725481033325195
0.047374725341796875
0.041970014572143555
0.007286548614501953
0.013525009155273438
0.031948089599609375
0.038262367248535156
0.05075478553771973
0.05602240562438965
0.04649806022644043
0.041262149810791016
0.036791086196899414
0.05014538764953613
0.04252266883850098
0.049622297286987305
0.03748440742492676
0.044183969497680664
0.04404854774475098
0.04216408729553223
0.011255264282226562
0.004434347152709961
0.03209328651428223
0.04202604293823242
0.03795671463012695
0.046846628189086914
0.040406227111816406
0.05711245536804199
0.052875518798828125
0.05542731285095215
0.0544133186340332
0.0377349853515625
0.05229663848876953
0.045795440673828125
0.0398564338684082
0.04842996597290039
0.007266521453857422
0.005054473876953125
0.034560441970825195
0.04725217819213867
0.041956424713134766
0.05199623107910156
0.04891777038574219
0.043508052825927734
0.03695392608642578
0.048853158950805664
0.04684948921203613
0.03705906867980957
0.04646182060241699
0.04046821594238281
0.05398297309875488
0.005324602127075195
0.004866123199462891
0.03618574142456055
0.05106616020202637
0.04959726333618164
0.04867410659790039
0.04527902603149414
0.053745269775390625
0.04312872886657715
0.034415245056152344
0.045282840728759766
0.05359148979187012
0.039876461029052734
0.04967474937438965
0.04038286209106445
0.005171298980712891
0.008081912994384766
0.03264141082763672
0.044587135314941406
0.0371394157409668
0.04445052146911621
0.04012489318847656
0.051714420318603516
0.04561805725097656
0.03665661811828613
0.050191640853881836
0.03906607627868652
0.05066800117492676
0.04298758506774902
0.03383445739746094
0.042623281478881836
0.00700831413269043
0.005110025405883789
0.03385329246520996
0.041005849838256836
0.03742361068725586
0.04611349105834961
0.03867793083190918
0.04617929458618164
0.04156088829040527
0.04704761505126953
0.03755807876586914
0.04576826095581055
0.03809332847595215
0.043698787689208984
0.034259796142578125
0.040452003479003906
0.009711742401123047
0.00681757926940918
0.03572678565979004
0.04799675941467285
0.04642009735107422
0.04142451286315918
0.03771686553955078
0.05312824249267578
0.03989052772521973
0.05083274841308594
0.04117178916931152
0.052744150161743164
0.04735589027404785
0.03747296333312988
0.04790353775024414
0.006250619888305664
0.0036280155181884766
0.03379082679748535
0.044155120849609375
0.0363922119140625
0.050359249114990234
0.03857922554016113
0.053174734115600586
0.045145273208618164
0.038927316665649414
0.05452108383178711
0.05010223388671875
0.04081106185913086
0.050781965255737305
0.0412602424621582
0.051981449127197266
0.0058748722076416016
0.006388664245605469
0.034868717193603516
0.04186391830444336
0.03753161430358887
0.04711627960205078
0.043640851974487305
0.040711164474487305
0.04830169677734375
0.04340028762817383
0.03996729850769043
0.0495610237121582
0.03512454032897949
0.04840660095214844
0.04619121551513672
0.004797220230102539
0.006205320358276367
0.0325624942779541
0.04717230796813965
0.04324531555175781
0.03763604164123535
0.05198264122009277
0.03885006904602051
0.04842734336853027
0.04641413688659668
0.03149557113647461
0.04096341133117676
0.05141592025756836
0.04015684127807617
0.049532175064086914
0.04135775566101074
0.004773616790771484
0.005251169204711914
0.034444570541381836
0.04501152038574219
0.040970802307128906
0.05128145217895508
0.04443025588989258
0.03923296928405762
0.03506731986999512
0.04735755920410156
0.04272294044494629
0.04910993576049805
0.037409305572509766
0.04654431343078613
0.037589073181152344
0.045905113220214844
0.0061032772064208984
0.006589651107788086
0.03306913375854492
0.044928789138793945
0.04097485542297363
0.037747859954833984
0.04212665557861328
0.12777495384216309
0.2252826690673828
0.12605547904968262
0.22885513305664062
0.12349510192871094
0.2240619659423828
0.12236523628234863
0.334352970123291
0.1611466407775879
0.2934577465057373
0.00645899772644043
0.00415492057800293
0.11367630958557129
0.1635599136352539
0.16739296913146973
0.14976716041564941
0.16065597534179688
0.15770506858825684
0.15748238563537598
0.29805612564086914
0.2970428466796875
0.16019868850708008
0.1626420021057129
0.1701655387878418
0.16434073448181152
0.1342613697052002
0.20227861404418945
0.007640838623046875
0.0045659542083740234
0.05600762367248535
0.040756940841674805
0.05290031433105469
0.04916882514953613
0.04608798027038574
0.04177260398864746
0.03830409049987793
0.04612994194030762
0.043154001235961914
0.04012417793273926
0.045040130615234375
0.03853416442871094
0.04565763473510742
0.03867006301879883
0.053735971450805664
0.0057525634765625
0.004302263259887695
0.03462576866149902
0.04779171943664551
0.04678845405578613
0.044672489166259766
0.03890514373779297
0.05319499969482422
0.05142688751220703
0.04633069038391113
0.05284762382507324
0.0451047420501709
0.03549385070800781
0.045146942138671875
0.03975272178649902
0.00726008415222168
0.006946563720703125
0.03616786003112793
0.04151153564453125
0.04545855522155762
0.05372786521911621
0.04529571533203125
0.04455161094665527
0.04197835922241211
0.03957700729370117
0.048990488052368164
0.04087471961975098
0.03481602668762207
0.03971982002258301
0.04970383644104004
0.04187607765197754
0.006840944290161133
0.0045201778411865234
0.031162738800048828
0.044527292251586914
0.05017733573913574
0.03945136070251465
0.047597408294677734
0.038421630859375
0.04736042022705078
0.03809666633605957
0.04604291915893555
0.03568243980407715
0.04605817794799805
0.03305459022521973
0.043830156326293945
0.0415651798248291
0.005143165588378906
0.00503087043762207
0.03264355659484863
0.040245771408081055
0.037572622299194336
0.05417752265930176
0.04821181297302246
0.0459599494934082
0.03909134864807129
0.050904035568237305
0.0439295768737793
0.050246238708496094
0.03834843635559082
0.033876895904541016
0.04557967185974121
0.004161357879638672
0.005196809768676758
0.03147077560424805
0.0421597957611084
0.03470039367675781
0.047614336013793945
0.03858304023742676
0.050135135650634766
0.04367971420288086
0.04016828536987305
0.04713320732116699
0.037221431732177734
0.05062675476074219
0.04457688331604004
0.04041099548339844
0.04249691963195801
0.007048606872558594
0.007627248764038086
0.03389239311218262
0.043224334716796875
0.0379636287689209
0.04798245429992676
0.040711402893066406
0.03649544715881348
0.04650592803955078
0.03618788719177246
0.044306278228759766
0.03640103340148926
0.042093753814697266
0.033005475997924805
0.043901920318603516
0.036954641342163086
0.007365226745605469
0.0034782886505126953
0.032824039459228516
0.03888678550720215
0.04764747619628906
0.03900909423828125
0.04980611801147461
0.044114112854003906
0.05194735527038574
0.04368329048156738
0.03697371482849121
0.046701669692993164
0.03609418869018555
0.04664754867553711
0.03683805465698242
0.0468289852142334
0.007018327713012695
0.004536151885986328
0.03424477577209473
0.04813265800476074
0.04201650619506836
0.03804731369018555
0.04915499687194824
0.044773101806640625
0.03454852104187012
0.04779815673828125
0.05244159698486328
0.043437957763671875
0.03340911865234375
0.0459747314453125
0.04055428504943848
0.049195051193237305
0.0056591033935546875
0.008344173431396484
0.03407645225524902
0.04215693473815918
0.03335738182067871
0.04428744316101074
0.037221670150756836
0.0480043888092041
0.04089617729187012
0.047983407974243164
0.042398691177368164
0.035883188247680664
0.04385089874267578
0.0470583438873291
0.0395970344543457
0.05379509925842285
0.009076833724975586
0.008691072463989258
0.035416603088378906
0.04983973503112793
0.04408693313598633
0.04156899452209473
0.059298038482666016
0.048738956451416016
0.04307079315185547
0.05227804183959961
0.045815467834472656
0.04019880294799805
0.047595977783203125
0.04671120643615723
0.04256081581115723
0.005203723907470703
0.00469970703125
0.03391456604003906
0.04519152641296387
0.05607414245605469
0.03773665428161621
0.045686960220336914
0.03909492492675781
0.05312681198120117
0.039980411529541016
0.04849410057067871
0.043799638748168945
0.033811330795288086
0.046787261962890625
0.04026150703430176
0.034177541732788086
0.0047228336334228516
0.0061511993408203125
0.03470110893249512
0.04387855529785156
0.03622007369995117
0.044461727142333984
0.03883814811706543
0.044153451919555664
0.0382382869720459
0.04804182052612305
0.038919925689697266
0.04725360870361328
0.038463592529296875
0.04633617401123047
0.03689742088317871
0.049848318099975586
0.0051784515380859375
0.004987955093383789
0.034418344497680664
0.046837806701660156
0.04344773292541504
0.040192604064941406
0.05430746078491211
0.049146413803100586
0.03675103187561035
0.044417619705200195
0.03703904151916504
0.06192922592163086
0.05873560905456543
0.03869175910949707
0.046488285064697266
0.009483814239501953
0.004294872283935547
0.03358292579650879
0.0417332649230957
0.05405378341674805
0.05318474769592285
0.04931640625
0.04504513740539551
0.05828404426574707
0.04450201988220215
0.03664755821228027
0.04783058166503906
0.03985953330993652
0.05261349678039551
0.043512582778930664
0.007452249526977539
0.006185770034790039
0.03379321098327637
0.04175257682800293
0.03680014610290527
0.0455472469329834
0.04620957374572754
0.036524295806884766
0.05033397674560547
0.041319847106933594
0.050959110260009766
0.0449678897857666
0.05341792106628418
0.034390926361083984
0.04160022735595703
0.048978328704833984
0.008074760437011719
0.0041866302490234375
0.03484153747558594
0.04494357109069824
0.04118156433105469
0.04460287094116211
0.038623809814453125
0.04806709289550781
0.04074883460998535
0.050194740295410156
0.041753292083740234
0.03620028495788574
0.05155062675476074
0.047217369079589844
0.04205656051635742
0.004223823547363281
0.007330417633056641
0.03689885139465332
0.03639626502990723
0.05127453804016113
0.043540000915527344
0.03992486000061035
0.03670787811279297
0.04905509948730469
0.04405069351196289
0.03737902641296387
0.05202436447143555
0.04548358917236328
0.037505149841308594
0.04865264892578125
0.006555318832397461
0.0048885345458984375
0.034529685974121094
0.04905819892883301
0.05695676803588867
0.04459810256958008
0.03830075263977051
0.046549081802368164
0.04096674919128418
0.04738593101501465
0.035114288330078125
0.04580235481262207
0.04364156723022461
0.03671884536743164
0.047204017639160156
0.03966927528381348
0.008733510971069336
0.008814811706542969
0.026669025421142578
0.03804183006286621
0.046071529388427734
0.03861737251281738
0.05087900161743164
0.04443621635437012
0.03556704521179199
0.047447919845581055
0.03292679786682129
0.04475283622741699
0.036809444427490234
0.04698753356933594
0.03909134864807129
0.046106815338134766
0.005021095275878906
0.009943246841430664
0.032266855239868164
0.04718327522277832
0.04109382629394531
0.047028541564941406
0.033720970153808594
0.044869184494018555
0.03414630889892578
0.037757158279418945
0.04987788200378418
0.04605603218078613
0.044461965560913086
0.03661632537841797
0.046794891357421875
0.034699440002441406
0.0040476322174072266
0.007118701934814453
0.033341407775878906
0.04025530815124512
0.03567218780517578
0.047919511795043945
0.03705000877380371
0.047997474670410156
0.04085874557495117
0.04989790916442871
0.03935408592224121
0.033069610595703125
0.04573369026184082
0.03830718994140625
0.05178427696228027
0.041890859603881836
0.0063664913177490234
0.006104469299316406
0.03727364540100098
0.048736572265625
0.041735172271728516
0.032703399658203125
0.04238009452819824
0.041017770767211914
0.051116228103637695
0.042448997497558594
0.03819584846496582
0.05527186393737793
0.04732823371887207
0.06157112121582031
0.03518986701965332
0.04542136192321777
0.006768941879272461
0.0036139488220214844
0.03407573699951172
0.04486584663391113
0.036215782165527344
0.04917144775390625
0.04397439956665039
0.043634891510009766
0.0373232364654541
0.049643754959106445
0.04684305191040039
0.03338932991027832
0.04171586036682129
0.0327601432800293
0.042954444885253906
0.0047762393951416016
0.009191036224365234
0.03696942329406738
0.04925966262817383
0.04317355155944824
0.03589296340942383
0.04674649238586426
0.04137682914733887
0.0502166748046875
0.04521298408508301
0.03874683380126953
0.05071234703063965
0.039714813232421875
0.0554051399230957
0.04928183555603027
0.006062984466552734
0.0063130855560302734
0.03250288963317871
0.04585623741149902
0.03974103927612305
0.05615353584289551
0.05596113204956055
0.0492403507232666
0.039687395095825195
0.05365276336669922
0.0438838005065918
0.039827823638916016
0.051079511642456055
0.04329538345336914
0.05165362358093262
0.007097721099853516
0.012438774108886719
0.0363917350769043
0.048587799072265625
0.04021143913269043
0.033828020095825195
0.0437929630279541
0.05046439170837402
0.04174327850341797
0.047115325927734375
0.04757213592529297
0.0441594123840332
0.052880048751831055
0.0470738410949707
0.03643393516540527
0.047528743743896484
0.005096912384033203
0.005533456802368164
0.033844947814941406
0.04306912422180176
0.03844499588012695
0.05012392997741699
0.03798055648803711
0.031151771545410156
0.04024219512939453
0.03478550910949707
0.04452013969421387
0.03828120231628418
0.037770748138427734
0.047220468521118164
0.041631221771240234
0.051523685455322266
0.00824594497680664
0.0069124698638916016
0.03113842010498047
0.04281902313232422
0.03851485252380371
0.053368330001831055
0.04677748680114746
0.03807520866394043
0.04968404769897461
0.041475772857666016
0.051203250885009766
0.04434061050415039
0.03717207908630371
0.044861555099487305
0.03600025177001953
0.04869580268859863
0.003799915313720703
0.009329795837402344
0.039734601974487305
0.04085946083068848
0.0557551383972168
0.049338340759277344
0.04595232009887695
0.04043173789978027
0.054048776626586914
0.045981407165527344
0.05129051208496094
0.044002532958984375
0.03671121597290039
0.04739260673522949
0.037184953689575195
0.007700920104980469
0.004308223724365234
0.03419232368469238
0.04304909706115723
0.03925728797912598
0.048462867736816406
0.04065537452697754
0.03482317924499512
0.04678034782409668
0.04055476188659668
0.0511927604675293
0.044918060302734375
0.03831028938293457
0.0472104549407959
0.0412287712097168
0.005163908004760742
0.005856990814208984
0.03598308563232422
0.04482698440551758
0.03667783737182617
0.04934859275817871
0.041773080825805664
0.05025172233581543
0.04485774040222168
0.037212371826171875
0.04967665672302246
0.03856062889099121
0.03287243843078613
0.04430532455444336
0.03259730339050293
0.04557204246520996
0.0076351165771484375
0.006360292434692383
0.03513693809509277
0.049202919006347656
0.04298090934753418
0.03882551193237305
0.050844430923461914
0.04998064041137695
0.04246973991394043
0.051291704177856445
0.046610355377197266
0.03490042686462402
0.043721914291381836
0.03778839111328125
0.048659563064575195
0.00879049301147461
0.005187273025512695
0.033843278884887695
0.04683232307434082
0.04492688179016113
0.041730642318725586
0.043656110763549805
0.03924107551574707
0.05368995666503906
0.051166534423828125
0.0421137809753418
0.05230355262756348
0.043093204498291016
0.03785395622253418
0.046291351318359375
0.04242277145385742
0.01085972785949707
0.0036373138427734375
0.034404754638671875
0.044751644134521484
0.03574967384338379
0.044477224349975586
0.036064863204956055
0.05344271659851074
0.04259538650512695
0.037384033203125
0.04850935935974121
0.04653143882751465
0.03876137733459473
0.05052518844604492
0.04713702201843262
0.06656813621520996
0.008534908294677734
0.005715608596801758
0.03359246253967285
0.044210195541381836
0.03604292869567871
0.04394960403442383
0.03960561752319336
0.04896044731140137
0.0398862361907959
0.04669547080993652
0.043334007263183594
0.0523223876953125
0.039641618728637695
0.04684042930603027
0.03931427001953125
0.034742116928100586
0.006256818771362305
0.00534510612487793
0.03218412399291992
0.042353153228759766
0.02818584442138672
0.0400693416595459
0.04948139190673828
0.04618120193481445
0.036962270736694336
0.0475001335144043
0.038042545318603516
0.04767251014709473
0.039029836654663086
0.03490281105041504
0.04428291320800781
0.03772473335266113
0.006875276565551758
0.007080078125
0.03526806831359863
0.04349660873413086
0.0372772216796875
0.0480504035949707
0.037773847579956055
0.04843425750732422
0.037717342376708984
0.046309471130371094
0.03930544853210449
0.050702810287475586
0.03948259353637695
0.04973769187927246
0.041323184967041016
0.046907663345336914
0.005956411361694336
0.006030082702636719
0.035185813903808594
0.049094438552856445
0.048065900802612305
0.03797125816345215
0.04799604415893555
0.03619694709777832
0.0488743782043457
0.035079002380371094
0.04456591606140137
0.03709840774536133
0.05017805099487305
0.03899025917053223
0.04836750030517578
0.04143095016479492
0.0064089298248291016
0.005270957946777344
0.03404808044433594
0.043089866638183594
0.03857421875
0.034409523010253906
0.047130584716796875
0.03767728805541992
0.04857492446899414
0.0433657169342041
0.03592801094055176
0.04217052459716797
0.054407596588134766
0.04470705986022949
0.0499112606048584
0.0410768985748291
0.005460023880004883
0.0063550472259521484
0.035645484924316406
0.04702496528625488
0.03858828544616699
0.05322074890136719
0.0443112850189209
0.04878115653991699
0.04349470138549805
0.060534000396728516
0.052985429763793945
0.04799079895019531
0.04586291313171387
0.03857994079589844
0.04752159118652344
0.005246162414550781
0.0063037872314453125
0.03206157684326172
0.04407095909118652
0.03922867774963379
0.052230119705200195
0.04198575019836426
0.03283834457397461
0.043709516525268555
0.03845500946044922
0.05153989791870117
0.04474234580993652
0.0519864559173584
0.045545339584350586
0.04046916961669922
0.05296730995178223
0.005785465240478516
0.0073621273040771484
0.03586077690124512
0.05038595199584961
0.04533720016479492
0.036891937255859375
0.047280073165893555
0.04111647605895996
0.04768013954162598
0.04455924034118652
0.036673784255981445
0.048065900802612305
0.044927120208740234
0.040897369384765625
0.0368344783782959
0.005208730697631836
0.005626678466796875
0.029938936233520508
0.04484868049621582
0.04192328453063965
0.0494847297668457
0.04924273490905762
0.04565858840942383
0.03569746017456055
0.045641183853149414
0.035707712173461914
0.05028033256530762
0.044646501541137695
0.03661370277404785
0.04530787467956543
0.005275249481201172
0.008010149002075195
0.038160085678100586
0.047933340072631836
0.03892350196838379
0.050811052322387695
0.045447587966918945
0.04452347755432129
0.03804159164428711
0.046408653259277344
0.034554481506347656
0.044157981872558594
0.03385663032531738
0.04817485809326172
0.03662610054016113
0.04723525047302246
0.006081819534301758
0.006804704666137695
0.03618502616882324
0.04809999465942383
0.040447235107421875
0.049930572509765625
0.03934669494628906
0.051232337951660156
0.04546189308166504
0.035730600357055664
0.052343130111694336
0.06931209564208984
0.049535274505615234
0.04001808166503906
0.0466611385345459
0.03757190704345703
0.009671449661254883
0.005880594253540039
0.0352170467376709
0.04564332962036133
0.03485369682312012
0.04647636413574219
0.034621238708496094
0.04237174987792969
0.052098989486694336
0.047297000885009766
0.03668713569641113
0.05295610427856445
0.05193805694580078
0.043950557708740234
0.04896140098571777
0.03922390937805176
0.008299827575683594
0.00594639778137207
0.035027503967285156
0.04845261573791504
0.04241204261779785
0.054793357849121094
0.037363529205322266
0.046393632888793945
0.03983259201049805
0.052313804626464844
0.03821873664855957
0.04751443862915039
0.040047645568847656
0.05205249786376953
0.045752525329589844
0.05183672904968262
0.007420778274536133
0.0058879852294921875
0.03307962417602539
0.04839682579040527
0.039496660232543945
0.0459439754486084
0.0430760383605957
0.03614401817321777
0.046347856521606445
0.038712501525878906
0.04831981658935547
0.04516243934631348
0.037444114685058594
0.0502622127532959
0.047071218490600586
0.005962371826171875
0.005654573440551758
0.03489089012145996
0.04845380783081055
0.04357743263244629
0.03797483444213867
0.05136919021606445
0.04900407791137695
0.04105091094970703
0.035674095153808594
0.041257619857788086
0.0508120059967041
0.04383444786071777
0.03950190544128418
0.04864692687988281
0.005978584289550781
0.004835367202758789
0.03423118591308594
0.04507017135620117
0.04003286361694336
0.05110001564025879
0.037241458892822266
0.0460052490234375
0.03704714775085449
0.04764986038208008
0.0379786491394043
0.0480656623840332
0.0501706600189209
0.04967451095581055
0.04705977439880371
0.05196809768676758
0.008599996566772461
0.0050792694091796875
0.03338742256164551
0.0467226505279541
0.042972564697265625
0.03747129440307617
0.05041098594665527
0.041405677795410156
0.03698849678039551
0.050103187561035156
0.04147076606750488
0.034281253814697266
0.036374807357788086
0.04365396499633789
0.04048490524291992
0.053531646728515625
0.007382631301879883
0.007941722869873047
0.03299689292907715
0.04885601997375488
0.04379630088806152
0.036995887756347656
0.04235267639160156
0.03271818161010742
0.04454970359802246
0.038584232330322266
0.04744911193847656
0.03759598731994629
0.05126523971557617
0.048059701919555664
0.05692458152770996
0.04590487480163574
0.008193016052246094
0.00573420524597168
0.03640460968017578
0.043415069580078125
0.0354764461517334
0.04692697525024414
0.0452272891998291
0.055681705474853516
0.04851198196411133
0.0379791259765625
0.05364871025085449
0.047837257385253906
0.040055036544799805
0.05013155937194824
0.04259753227233887
0.0492396354675293
0.005074501037597656
0.0074503421783447266
0.03394579887390137
0.050069570541381836
0.047780752182006836
0.0487523078918457
0.04284095764160156
0.03944516181945801
0.056947946548461914
0.05242109298706055
0.04643058776855469
0.04020118713378906
0.03293776512145996
0.045168161392211914
0.037612199783325195
0.007947921752929688
0.0073642730712890625
0.033815860748291016
0.04203915596008301
