0.008162498474121094
0.03565382957458496
0.05325579643249512
0.03534746170043945
0.0464780330657959
0.038076162338256836
0.0371701717376709
0.04760146141052246
0.03603315353393555
0.04625058174133301
0.04068303108215332
0.05788993835449219
0.08038115501403809
0.030836105346679688
0.045647382736206055
0.06302952766418457
0.0076024532318115234
0.007257223129272461
0.03690814971923828
0.049188852310180664
0.0510561466217041
0.044094085693359375
0.04682016372680664
0.03789234161376953
0.04921555519104004
0.048003196716308594
0.05037045478820801
0.0482792854309082
0.04883146286010742
0.04011368751525879
0.05859851837158203
0.0068857669830322266
0.0075435638427734375
0.03511524200439453
0.04253983497619629
0.053650617599487305
0.043384552001953125
0.05155134201049805
0.04513192176818848
0.04019355773925781
0.04857492446899414
0.038019418716430664
0.046202898025512695
0.039853572845458984
0.03784751892089844
0.056116580963134766
0.050524234771728516
0.01074671745300293
0.007025718688964844
0.03464508056640625
0.0481417179107666
0.04125380516052246
0.04883885383605957
0.03632044792175293
0.049674272537231445
0.049126625061035156
0.042893409729003906
0.0499265193939209
0.04792952537536621
0.0400538444519043
0.048665523529052734
0.04054117202758789
0.0522768497467041
0.007508993148803711
0.005745887756347656
0.03318524360656738
0.06005215644836426
0.061295270919799805
0.05339384078979492
0.012727975845336914
0.03363609313964844
0.05003499984741211
0.0460667610168457
0.03934764862060547
0.0507352352142334
0.038977861404418945
0.04641008377075195
0.03907489776611328
0.05262899398803711
0.0396425724029541
0.009323358535766602
0.007673025131225586
0.03501415252685547
0.04775404930114746
0.042005062103271484
0.052831411361694336
0.049777984619140625
0.04122638702392578
0.048726558685302734
0.03630709648132324
0.047560691833496094
0.045255184173583984
0.04983043670654297
0.06137895584106445
0.09044384956359863
0.09135079383850098
0.016911983489990234
0.006852626800537109
0.011382341384887695
0.03779721260070801
0.052313804626464844
0.050528526306152344
0.05078434944152832
0.04927492141723633
0.05071878433227539
0.0512547492980957
0.05300498008728027
0.047651052474975586
0.040053606033325195
0.05210471153259277
0.0470585823059082
0.05513405799865723
0.010518789291381836
0.008953571319580078
0.03370165824890137
0.041956424713134766
0.04776167869567871
0.04192852973937988
0.036646127700805664
0.044461727142333984
0.040663957595825195
0.03777575492858887
0.036710262298583984
0.04991579055786133
0.04669976234436035
0.04810452461242676
0.04086732864379883
0.046859025955200195
0.011857748031616211
0.006698131561279297
0.034097909927368164
0.04335165023803711
0.054207563400268555
0.04014182090759277
0.05669116973876953
0.05500173568725586
0.043257713317871094
0.051125288009643555
0.0545496940612793
0.05021238327026367
0.04790782928466797
0.041577816009521484
0.05001544952392578
0.03923320770263672
0.013407468795776367
0.008154630661010742
0.038491010665893555
0.06034064292907715
0.05701327323913574
0.03380990028381348
0.04260993003845215
0.046761274337768555
0.049593448638916016
0.04464840888977051
0.03997397422790527
0.055956363677978516
0.045386314392089844
0.03635382652282715
0.04679751396179199
0.038340091705322266
0.04546952247619629
0.006093025207519531
0.009495258331298828
0.03638195991516113
0.04766368865966797
0.043418169021606445
0.03834962844848633
0.04997730255126953
0.041039466857910156
0.0508732795715332
0.04504513740539551
0.05623126029968262
0.050199270248413086
0.04166388511657715
0.055693864822387695
0.04056978225708008
0.04912829399108887
0.0067501068115234375
0.005898952484130859
0.0355534553527832
0.045218706130981445
0.03963303565979004
0.050894737243652344
0.0505063533782959
0.04255390167236328
0.05302715301513672
0.04546475410461426
0.0491178035736084
0.06738972663879395
0.012610197067260742
0.03303265571594238
0.04271221160888672
0.05463004112243652
0.04418492317199707
0.05139970779418945
0.007436513900756836
0.007161617279052734
0.032979726791381836
0.04657626152038574
0.03975820541381836
0.048923492431640625
0.043738603591918945
0.03872060775756836
0.050710201263427734
0.0464935302734375
0.041355133056640625
0.05316758155822754
0.04072976112365723
0.05265188217163086
0.04123663902282715
0.04911208152770996
0.006191253662109375
0.007825136184692383
0.034984588623046875
0.0411679744720459
0.05181550979614258
0.04618716239929199
0.04641079902648926
0.039313554763793945
0.056047916412353516
0.051726341247558594
0.0450892448425293
0.040543317794799805
0.04935622215270996
0.03831124305725098
0.046514272689819336
0.00976705551147461
0.006364107131958008
0.03533625602722168
0.047307729721069336
0.03633737564086914
0.045649051666259766
0.043363332748413086
0.03917050361633301
0.048568010330200195
0.03954577445983887
0.03645634651184082
0.05045580863952637
0.0441126823425293
0.05519890785217285
0.04694819450378418
0.0045452117919921875
0.008806943893432617
0.03757786750793457
0.04455828666687012
0.03583979606628418
0.05119967460632324
0.04424691200256348
0.039522409439086914
0.049807071685791016
0.046990156173706055
0.041939735412597656
0.03652524948120117
0.05251264572143555
0.05692791938781738
0.04366326332092285
0.006350994110107422
0.0068514347076416016
0.0347292423248291
0.04434323310852051
0.05847525596618652
0.04904627799987793
0.043466806411743164
0.05149030685424805
0.04303908348083496
0.0341188907623291
0.04134702682495117
0.03544163703918457
0.04496002197265625
0.036730051040649414
0.051110267639160156
0.04047346115112305
0.009443044662475586
0.005842685699462891
0.03571510314941406
0.04665231704711914
0.03490495681762695
0.04422640800476074
0.04050135612487793
0.04853630065917969
0.043509721755981445
0.03872203826904297
0.03828763961791992
0.05699038505554199
0.05466175079345703
0.045166730880737305
0.04677414894104004
0.006299018859863281
0.0060176849365234375
0.035201072692871094
0.040992021560668945
0.04212188720703125
0.053295135498046875
0.0440826416015625
0.04002642631530762
0.04797625541687012
0.04515218734741211
0.04107546806335449
0.03385162353515625
0.04642462730407715
0.038657188415527344
0.0464935302734375
0.00520777702331543
0.007390260696411133
0.036631107330322266
0.047599077224731445
0.039057016372680664
0.04899334907531738
0.044924020767211914
0.03982901573181152
0.05442380905151367
0.04836845397949219
0.04019904136657715
0.03966808319091797
0.04956507682800293
0.04312753677368164
0.052738189697265625
0.007170677185058594
0.007651329040527344
0.0345458984375
0.04387378692626953
0.035894155502319336
0.04819488525390625
0.04184746742248535
0.03878331184387207
0.05414223670959473
0.048691511154174805
0.046445608139038086
0.05269002914428711
0.04537343978881836
0.035346031188964844
0.039603233337402344
0.04442262649536133
0.012712240219116211
0.008262157440185547
0.03476858139038086
0.046601295471191406
0.037802934646606445
0.04772472381591797
0.04051518440246582
0.050148963928222656
0.0561223030090332
0.0566556453704834
0.03897380828857422
0.04753875732421875
0.04309797286987305
0.03774547576904297
0.050736188888549805
0.03766274452209473
0.006960630416870117
0.006803750991821289
0.0338435173034668
0.0453031063079834
0.04426145553588867
0.055684566497802734
0.053368568420410156
0.05133533477783203
0.037706613540649414
0.05072307586669922
0.04721260070800781
0.04309988021850586
0.04030632972717285
0.05134224891662598
0.04114127159118652
0.009758234024047852
0.00789022445678711
0.03589773178100586
0.043619632720947266
0.037430524826049805
0.047122955322265625
0.03837895393371582
0.044791221618652344
0.040758609771728516
0.051930904388427734
0.04606056213378906
0.0392611026763916
0.05037093162536621
0.051628828048706055
0.04308271408081055
0.0511932373046875
0.0072727203369140625
0.006712675094604492
0.03522801399230957
0.0436859130859375
0.05119037628173828
0.04395341873168945
0.039519548416137695
0.05196547508239746
0.05001330375671387
0.05032086372375488
0.04888510704040527
0.0531156063079834
0.04874753952026367
0.03813958168029785
0.04663491249084473
0.006850242614746094
0.008152484893798828
0.03390169143676758
0.05247139930725098
0.0499720573425293
0.04425978660583496
0.03946495056152344
0.036031484603881836
0.049402713775634766
0.0462803840637207
0.04482436180114746
0.042279720306396484
0.05224800109863281
0.04297065734863281
0.03558230400085449
0.008168220520019531
0.006563901901245117
0.03429532051086426
0.047507286071777344
0.044745683670043945
0.03662705421447754
0.04718923568725586
0.040303707122802734
0.03483295440673828
0.045919179916381836
0.042467594146728516
0.03579282760620117
0.04347062110900879
0.05743575096130371
0.04616665840148926
0.008031845092773438
0.007338523864746094
0.03476357460021973
0.04316139221191406
0.03885459899902344
0.03428959846496582
0.04503631591796875
0.050787925720214844
0.0461883544921875
0.04283475875854492
0.039646148681640625
0.03980398178100586
0.05092024803161621
0.03915047645568848
0.04374122619628906
0.04897189140319824
0.0065610408782958984
0.00742340087890625
0.03504800796508789
0.04699444770812988
0.04551267623901367
0.03754425048828125
0.046213626861572266
0.03770136833190918
0.05051755905151367
0.043001413345336914
0.03853917121887207
0.05044984817504883
0.04268622398376465
0.05150938034057617
0.03851151466369629
0.05039668083190918
0.0068051815032958984
0.008908748626708984
0.03975272178649902
0.0528562068939209
0.05104804039001465
0.04903888702392578
0.03639340400695801
0.04503631591796875
0.05448102951049805
0.04856586456298828
0.043245553970336914
0.05090689659118652
0.04273653030395508
0.049979448318481445
0.03794407844543457
0.04536771774291992
0.009922266006469727
0.0038323402404785156
0.033121347427368164
0.042922258377075195
0.039673566818237305
0.04961800575256348
0.04648256301879883
0.042939186096191406
0.04131150245666504
0.048276662826538086
0.04821348190307617
0.050148963928222656
0.043602943420410156
0.047396183013916016
0.036748409271240234
0.004520416259765625
0.008766412734985352
0.0336611270904541
0.04683995246887207
0.03920555114746094
0.05166983604431152
0.04877638816833496
0.04023098945617676
0.04921579360961914
0.04293704032897949
0.037222862243652344
0.04879617691040039
0.04520773887634277
0.050408124923706055
0.043436527252197266
0.0073964595794677734
0.006585836410522461
0.033965110778808594
0.04339027404785156
0.036594390869140625
0.04881453514099121
0.04184913635253906
0.05595684051513672
0.04420757293701172
0.042047977447509766
0.04872465133666992
0.038030147552490234
0.05629420280456543
0.05059623718261719
0.03898477554321289
0.05140280723571777
0.0075228214263916016
0.008412361145019531
0.0361328125
0.04535245895385742
0.03756356239318848
0.04895424842834473
0.044150352478027344
0.04138541221618652
0.05270719528198242
0.04173564910888672
0.05171012878417969
0.04692554473876953
0.04061698913574219
0.051839590072631836
0.04188418388366699
0.04831242561340332
0.008061647415161133
0.005217075347900391
0.03406405448913574
0.046566009521484375
0.044739723205566406
0.04392194747924805
0.05064845085144043
0.03921842575073242
0.04704856872558594
0.03790879249572754
0.05187034606933594
0.047987937927246094
0.03795194625854492
0.04752945899963379
0.03760409355163574
0.04984736442565918
0.005530118942260742
0.005496978759765625
0.034923553466796875
0.04438281059265137
0.03733372688293457
0.05100750923156738
0.04002881050109863
0.05085945129394531
0.04261040687561035
0.03840351104736328
0.053566694259643555
0.04751157760620117
0.03687644004821777
0.0435788631439209
0.05018138885498047
0.04185605049133301
0.00989079475402832
0.008413314819335938
0.03299856185913086
0.04237532615661621
0.0490875244140625
0.04376578330993652
0.03620743751525879
0.0435786247253418
0.03754258155822754
0.051660776138305664
0.04987668991088867
0.040828704833984375
0.05355644226074219
0.03781580924987793
0.0504457950592041
0.0478055477142334
0.007014274597167969
0.005728006362915039
0.03604269027709961
0.047540903091430664
0.03939080238342285
0.05146002769470215
0.0463252067565918
0.038167715072631836
0.037493228912353516
0.05139613151550293
0.04012012481689453
0.05219888687133789
0.03844642639160156
0.047904014587402344
0.0455012321472168
0.0062580108642578125
0.2349720001220703
0.12885522842407227
0.13576745986938477
0.12924957275390625
0.2577226161956787
0.11065340042114258
0.08671712875366211
0.16730785369873047
0.16347837448120117
0.16182565689086914
0.12663984298706055
0.15915751457214355
0.3026254177093506
0.16866230964660645
0.16081571578979492
0.005720376968383789
0.0053539276123046875
0.1323082447052002
0.16356396675109863
0.1708979606628418
0.16008901596069336
0.16663646697998047
0.16661310195922852
0.1556694507598877
0.16566872596740723
0.2620244026184082
0.12108755111694336
0.08893322944641113
0.037061214447021484
0.0483856201171875
0.03209090232849121
0.04589247703552246
0.00710749626159668
0.005383729934692383
0.03580808639526367
0.04741263389587402
0.04270792007446289
0.03667402267456055
0.05645918846130371
0.05041193962097168
0.038819074630737305
0.050057411193847656
0.04960751533508301
0.037661075592041016
0.04766416549682617
0.04879498481750488
0.04291844367980957
0.006754875183105469
0.006895542144775391
0.03421163558959961
0.04479026794433594
0.041783809661865234
0.05124020576477051
0.03434324264526367
0.04499983787536621
0.033170223236083984
0.04199981689453125
0.05083751678466797
0.04210090637207031
0.05440855026245117
0.0479428768157959
0.055542945861816406
0.04300880432128906
0.00635838508605957
0.0058650970458984375
0.03637528419494629
0.0392756462097168
0.04913592338562012
0.040398359298706055
0.052465200424194336
0.048595428466796875
0.04126548767089844
0.04942774772644043
0.04037642478942871
0.047495126724243164
0.038678646087646484
0.044686079025268555
0.04993796348571777
0.044858694076538086
0.006866455078125
0.00615692138671875
0.03228330612182617
0.039220571517944336
0.04850459098815918
0.04163646697998047
0.04892873764038086
0.04712677001953125
0.03530430793762207
0.05064749717712402
0.04394698143005371
0.057824134826660156
0.048568010330200195
0.03832101821899414
0.05089378356933594
0.048309326171875
0.0064754486083984375
0.007876873016357422
0.03527545928955078
0.0418241024017334
0.04760313034057617
0.04111886024475098
0.05160832405090332
0.04106497764587402
0.04489588737487793
0.03457379341125488
0.045427799224853516
0.05158042907714844
0.04846024513244629
0.05524802207946777
0.04764366149902344
0.055257320404052734
0.04559516906738281
0.00506901741027832
0.008517980575561523
0.03467535972595215
0.045264244079589844
0.04119515419006348
0.05039715766906738
0.0436861515045166
0.05289912223815918
0.04670977592468262
0.03826308250427246
0.04474449157714844
0.03663158416748047
0.04668688774108887
0.03746843338012695
0.03848099708557129
0.047736406326293945
0.009598493576049805
0.005017280578613281
0.04059314727783203
0.05137991905212402
0.052591562271118164
0.042899131774902344
0.05332040786743164
0.04909825325012207
0.03775429725646973
0.0461578369140625
0.045729875564575195
0.056661367416381836
0.04690957069396973
0.03642749786376953
0.04559612274169922
0.035505056381225586
0.00745081901550293
0.0066149234771728516
0.0365297794342041
0.048828125
0.03483986854553223
0.05094099044799805
0.04321718215942383
0.03836464881896973
0.05531740188598633
0.054388999938964844
0.03567671775817871
0.04768681526184082
0.040250539779663086
0.04720926284790039
0.04864215850830078
0.03885483741760254
0.006604909896850586
0.008913516998291016
0.03882241249084473
0.05082225799560547
0.04196643829345703
0.03761410713195801
0.04978823661804199
0.041329383850097656
0.03883504867553711
0.04376220703125
0.03852057456970215
0.050232887268066406
0.0451359748840332
0.049666643142700195
0.0412447452545166
0.05527448654174805
0.007682323455810547
0.007846832275390625
0.04257011413574219
0.05682945251464844
0.03952431678771973
0.04996657371520996
0.04799914360046387
0.052570343017578125
0.0448305606842041
0.03583216667175293
0.04446101188659668
0.03602862358093262
0.04155445098876953
0.050354957580566406
0.04105567932128906
0.05124807357788086
0.009763717651367188
0.0054798126220703125
0.03441214561462402
0.04595589637756348
0.032928466796875
0.03662443161010742
0.04780459403991699
0.035123586654663086
0.04701542854309082
0.03875422477722168
0.05878257751464844
0.04696488380432129
0.03492236137390137
0.04918265342712402
0.03856372833251953
0.046108245849609375
0.01366424560546875
0.00924825668334961
0.03395843505859375
0.04170370101928711
0.05268430709838867
0.04406619071960449
0.03396439552307129
0.06117844581604004
0.06879258155822754
0.05286717414855957
0.046263694763183594
0.03698301315307617
0.04166364669799805
0.05253410339355469
0.046390533447265625
0.03359651565551758
0.005301237106323242
0.009231805801391602
0.04451870918273926
0.03317856788635254
0.15544819831848145
0.05566072463989258
0.038794517517089844
0.052141666412353516
0.04706978797912598
0.05409073829650879
0.04364418983459473
0.055211544036865234
0.05644488334655762
0.04816460609436035
0.05034518241882324
0.07216525077819824
0.026463985443115234
0.02850961685180664
0.035205841064453125
0.005725383758544922
0.007777214050292969
0.03762984275817871
0.05008530616760254
0.03829360008239746
0.0489809513092041
0.03600144386291504
0.049950599670410156
0.04566621780395508
0.05325770378112793
0.048168182373046875
0.0571138858795166
0.04319024085998535
0.052145957946777344
0.043534278869628906
0.05261850357055664
0.007317543029785156
0.007570981979370117
0.03499865531921387
0.04459524154663086
0.03748488426208496
0.04979991912841797
0.04472064971923828
0.05216240882873535
0.04501605033874512
0.03728032112121582
0.0429081916809082
0.05221438407897949
0.0435945987701416
0.05356025695800781
0.042391061782836914
0.03358268737792969
0.008083820343017578
0.01044464111328125
0.034956932067871094
0.04320716857910156
0.03703761100769043
0.048185110092163086
0.03936004638671875
0.050653934478759766
0.04290938377380371
0.05245542526245117
0.049346923828125
0.046437978744506836
0.039975643157958984
0.045241594314575195
0.03963494300842285
0.04873466491699219
0.005659580230712891
0.007166624069213867
0.03633689880371094
0.04559040069580078
0.037909507751464844
0.04905271530151367
0.040617942810058594
0.05207514762878418
0.05241727828979492
0.05349230766296387
0.04496049880981445
0.03612041473388672
0.045920610427856445
0.0426023006439209
0.045218467712402344
0.006856679916381836
0.005225419998168945
0.03438448905944824
0.04359316825866699
0.03777050971984863
0.04949951171875
0.04728221893310547
0.03751373291015625
0.04959845542907715
0.04399609565734863
0.05466413497924805
0.045754432678222656
0.04170632362365723
0.05009293556213379
0.04340004920959473
0.005986690521240234
0.008986711502075195
0.03596854209899902
0.05250287055969238
0.04432034492492676
0.0510866641998291
0.041683197021484375
0.05527496337890625
0.04920005798339844
0.04556083679199219
0.039891719818115234
0.04642128944396973
0.03884077072143555
0.045623779296875
0.03536057472229004
0.0054056644439697266
0.0052182674407958984
0.031836748123168945
0.04228615760803223
0.03947854042053223
0.045211076736450195
0.04707527160644531
0.040671348571777344
0.04216647148132324
0.05648064613342285
0.04336071014404297
0.03711342811584473
0.04901719093322754
0.03877687454223633
0.0452272891998291
0.03720426559448242
0.004824161529541016
0.0062215328216552734
0.03541684150695801
0.046330928802490234
0.04280447959899902
0.05690121650695801
0.05167269706726074
0.04749655723571777
0.042859554290771484
0.0375828742980957
0.03893423080444336
0.05341076850891113
0.04062342643737793
0.05152320861816406
0.03941845893859863
0.042069435119628906
0.006763935089111328
0.0073223114013671875
0.03786611557006836
0.04825758934020996
0.04859781265258789
0.038969993591308594
0.04900813102722168
0.04471302032470703
0.037146806716918945
0.0477910041809082
0.04137229919433594
0.03665757179260254
0.04535961151123047
0.051186561584472656
0.0412752628326416
0.049866437911987305
0.007807731628417969
0.005357265472412109
0.03501701354980469
0.04134678840637207
0.04981112480163574
0.04431915283203125
0.03753042221069336
0.049056053161621094
0.04620671272277832
0.0396883487701416
0.04875659942626953
0.04217672348022461
0.03510284423828125
0.04497098922729492
0.05253934860229492
0.04502296447753906
0.007464885711669922
0.005623340606689453
0.032778024673461914
0.0411686897277832
0.0480654239654541
0.03928375244140625
0.05263519287109375
0.049127817153930664
0.05566692352294922
0.05327916145324707
0.05309033393859863
0.045116424560546875
0.038495540618896484
0.0399930477142334
0.05083489418029785
0.043967247009277344
0.008159399032592773
0.006127834320068359
0.03626227378845215
0.05166435241699219
0.049805641174316406
0.04788017272949219
0.043968915939331055
0.041445016860961914
0.04261159896850586
0.03779244422912598
0.04733395576477051
0.03956937789916992
0.04557609558105469
0.03872036933898926
0.04662942886352539
0.007204294204711914
0.0070989131927490234
0.03409075736999512
0.0429074764251709
0.03845953941345215
0.048027992248535156
0.03523850440979004
0.04616069793701172
0.0443727970123291
0.04192781448364258
0.04701805114746094
0.03712034225463867
0.04632306098937988
0.036951303482055664
0.047307491302490234
0.008130073547363281
0.006417274475097656
0.03509807586669922
0.044270992279052734
0.03946256637573242
0.04776406288146973
0.03978896141052246
0.04836297035217285
0.04401516914367676
0.05558490753173828
0.051248788833618164
0.05661582946777344
0.049204349517822266
0.06035208702087402
0.054166555404663086
0.036795616149902344
0.010536909103393555
0.008988618850708008
0.03380894660949707
0.046219587326049805
0.03941035270690918
0.05254030227661133
0.05045294761657715
0.044388532638549805
0.05297374725341797
0.08944940567016602
0.029067277908325195
0.06043076515197754
0.051062583923339844
0.062316179275512695
0.04701852798461914
0.040161848068237305
0.011889219284057617
0.024299144744873047
0.03553199768066406
0.04483199119567871
0.0474858283996582
0.0430750846862793
0.05294609069824219
0.04699969291687012
0.03975963592529297
0.04717612266540527
0.04461836814880371
0.07672643661499023
0.04201865196228027
0.039234161376953125
0.03998517990112305
0.055094242095947266
0.04111790657043457
0.008867025375366211
0.009139060974121094
0.03192424774169922
0.04329276084899902
0.053792715072631836
0.048868656158447266
0.039279937744140625
0.049539804458618164
0.04964327812194824
0.03586745262145996
0.04695415496826172
0.03623676300048828
0.04354715347290039
0.04962038993835449
0.04349493980407715
0.05306696891784668
0.008585453033447266
0.007334232330322266
0.036772966384887695
0.04772019386291504
0.0406804084777832
0.03275775909423828
0.04704880714416504
0.04012727737426758
0.05016517639160156
0.0462338924407959
0.036504268646240234
0.041339874267578125
0.05034780502319336
0.046018123626708984
0.04605412483215332
0.05776548385620117
0.006270885467529297
0.005345821380615234
0.03490424156188965
0.05087852478027344
0.04400062561035156
0.0516357421875
0.04121756553649902
0.03814816474914551
0.04933428764343262
0.0409853458404541
0.05210614204406738
0.035385847091674805
0.045247793197631836
0.034940242767333984
0.0447390079498291
0.05167555809020996
0.006905794143676758
0.008193492889404297
0.035451650619506836
0.04434680938720703
0.03818202018737793
0.050322532653808594
0.045301198959350586
0.04294419288635254
0.04001498222351074
0.04884171485900879
0.03844141960144043
0.04630613327026367
0.03638601303100586
0.05695819854736328
0.051415443420410156
0.007904291152954102
0.006239414215087891
0.03595781326293945
0.04567384719848633
0.04013633728027344
0.05149435997009277
0.04249310493469238
0.03829765319824219
0.04962515830993652
0.04628300666809082
0.03760933876037598
0.04855155944824219
0.04193568229675293
0.03686332702636719
0.05620574951171875
0.049653053283691406
0.011480569839477539
0.008108139038085938
0.0341489315032959
0.04648232460021973
0.04141044616699219
0.04939675331115723
0.04607987403869629
0.05222201347351074
0.041303157806396484
0.052445411682128906
0.04434919357299805
0.0598752498626709
0.051326751708984375
0.05090975761413574
0.04570794105529785
0.04108285903930664
0.008212089538574219
0.03705716133117676
0.05121302604675293
0.03885674476623535
0.049067020416259766
0.04586958885192871
0.038498878479003906
0.04905200004577637
0.04148101806640625
0.04903054237365723
0.040833473205566406
0.04468131065368652
0.04066324234008789
0.05219888687133789
0.044039011001586914
0.007277965545654297
0.010624408721923828
0.0358579158782959
0.04656982421875
0.03782463073730469
0.050183773040771484
0.04581403732299805
0.05606341361999512
0.046234130859375
0.0411534309387207
0.04978156089782715
0.04426097869873047
0.04994916915893555
0.040040016174316406
0.04807758331298828
0.04327583312988281
0.0052340030670166016
0.004160642623901367
0.03372645378112793
0.04334211349487305
0.03509879112243652
0.04756569862365723
0.04465126991271973
0.04089021682739258
0.052413225173950195
0.04381966590881348
0.05437874794006348
0.0398716926574707
0.055756568908691406
0.04835700988769531
0.04165840148925781
0.05332326889038086
0.006705045700073242
0.006473064422607422
0.03409576416015625
0.046502113342285156
0.05206704139709473
0.0438535213470459
0.037915706634521484
0.050766706466674805
0.046250104904174805
0.04513669013977051
0.05604434013366699
0.04474353790283203
0.04015851020812988
0.049414634704589844
0.04639935493469238
0.03435039520263672
0.005899190902709961
0.006771564483642578
0.03654074668884277
0.04739689826965332
0.04186820983886719
0.047182321548461914
0.1722886562347412
0.03582644462585449
0.05015873908996582
0.10539364814758301
0.14675140380859375
0.10358715057373047
0.05062222480773926
0.05354714393615723
0.14775395393371582
0.05137133598327637
0.05853390693664551
0.008910655975341797
0.005422353744506836
0.14292168617248535
0.04851818084716797
0.06375551223754883
0.17949509620666504
0.05756235122680664
0.04786944389343262
0.1637575626373291
0.046543121337890625
0.047600746154785156
0.11696839332580566
0.044539451599121094
0.04481005668640137
0.18432307243347168
0.185438871383667
0.06335663795471191
0.007154703140258789
0.124786376953125
0.03476762771606445
0.04743361473083496
0.03842043876647949
0.14177727699279785
0.044706106185913086
0.037726640701293945
0.16973638534545898
0.15870904922485352
0.035240888595581055
0.04447603225708008
0.13965249061584473
0.04440474510192871
0.05066061019897461
0.16229915618896484
0.13174223899841309
0.006140708923339844
0.03366208076477051
0.03759264945983887
0.17367935180664062
0.059876441955566406
0.06493401527404785
0.15997815132141113
0.04687905311584473
0.06021404266357422
0.14989161491394043
0.0471498966217041
0.03533339500427246
0.16386055946350098
0.15915513038635254
0.05179858207702637
0.008562564849853516
0.007246732711791992
0.1533970832824707
0.052014827728271484
0.045120954513549805
0.17386937141418457
0.04470348358154297
0.06120038032531738
0.170576810836792
0.04072260856628418
0.05023932456970215
0.15792536735534668
0.03504681587219238
0.04100799560546875
0.15290141105651855
0.16358399391174316
0.013925790786743164
0.005464076995849609
0.03480839729309082
0.03852963447570801
0.05347633361816406
0.05362105369567871
0.05348992347717285
0.04985451698303223
0.0429537296295166
0.0370020866394043
0.045963287353515625
0.04163956642150879
0.05308389663696289
0.049417734146118164
0.03946971893310547
0.015424966812133789
0.006894588470458984
0.03564858436584473
0.04352855682373047
0.0419917106628418
0.04795718193054199
0.04483151435852051
0.04394173622131348
0.05556678771972656
0.05157351493835449
0.042119503021240234
0.03876519203186035
0.047835350036621094
0.04214906692504883
0.03940558433532715
0.007193326950073242
0.005281925201416016
0.031768798828125
0.047417640686035156
0.047960519790649414
0.03756451606750488
0.04990029335021973
0.047252655029296875
0.040926218032836914
0.054866790771484375
0.04730844497680664
0.04104781150817871
0.051553964614868164
0.04390859603881836
0.0388646125793457
0.008601188659667969
0.005947589874267578
0.036774635314941406
0.04699349403381348
0.04133176803588867
0.037657737731933594
0.05248284339904785
0.05055117607116699
0.03898763656616211
0.0516817569732666
0.04575467109680176
0.037888526916503906
0.04768729209899902
0.041336774826049805
0.03496813774108887
0.0070743560791015625
0.005860567092895508
0.034792184829711914
0.04710555076599121
0.04206585884094238
0.04889249801635742
0.04021120071411133
0.04800724983215332
0.04087543487548828
0.050417184829711914
0.04397130012512207
0.03579092025756836
0.0443112850189209
0.035468339920043945
0.04524636268615723
0.03689885139465332
0.0064122676849365234
0.006725311279296875
0.03307461738586426
0.04300522804260254
0.03524279594421387
0.046556711196899414
0.04331541061401367
0.03500247001647949
0.047791242599487305
0.04389500617980957
0.03557634353637695
0.04224252700805664
0.03476095199584961
0.045361995697021484
0.036756038665771484
0.046015262603759766
0.009146928787231445
0.005811452865600586
0.03422379493713379
0.04764890670776367
0.03901195526123047
0.043720245361328125
0.04058480262756348
0.05190849304199219
0.04399228096008301
0.03520655632019043
0.04457354545593262
0.036490678787231445
0.04992985725402832
0.03657174110412598
0.044332265853881836
0.051293373107910156
0.00578618049621582
0.006298065185546875
0.038512229919433594
0.04994606971740723
0.04402923583984375
0.03368425369262695
0.04512739181518555
0.04029655456542969
0.05111336708068848
0.04295039176940918
0.05203390121459961
0.034821271896362305
0.04532289505004883
0.04263567924499512
0.03670239448547363
0.052378177642822266
0.005548715591430664
0.008028030395507812
0.03326606750488281
0.04412388801574707
0.042284488677978516
0.05301833152770996
0.04381561279296875
0.03707146644592285
0.04666638374328613
0.0371861457824707
0.04725456237792969
0.04110074043273926
0.050031185150146484
0.0422215461730957
0.05546379089355469
0.05131888389587402
0.008022546768188477
0.007606029510498047
0.03715705871582031
0.0426485538482666
0.038249969482421875
0.048877716064453125
0.038976192474365234
0.04801344871520996
0.03930807113647461
0.049237966537475586
0.04238772392272949
0.04649615287780762
0.033345937728881836
0.04183149337768555
0.036466360092163086
0.04662346839904785
0.007834672927856445
0.005751848220825195
0.03451824188232422
0.04336142539978027
0.036225318908691406
0.0472412109375
0.04051804542541504
0.03410172462463379
0.042827606201171875
0.04452872276306152
0.052094459533691406
0.04231905937194824
0.03969717025756836
0.05074644088745117
0.04625678062438965
0.039611101150512695
0.011305093765258789
0.005707502365112305
0.040981292724609375
0.05259537696838379
0.04640460014343262
0.050562381744384766
0.04334616661071777
0.03737163543701172
0.04658198356628418
0.05001258850097656
0.041455745697021484
0.03717923164367676
0.05002260208129883
0.046923160552978516
0.040422916412353516
0.04775214195251465
0.008252382278442383
0.01261591911315918
0.035338640213012695
0.046019554138183594
0.04758477210998535
0.04445028305053711
0.03274250030517578
0.0415492057800293
0.05437445640563965
0.04393410682678223
0.05511331558227539
0.04309678077697754
0.05175638198852539
0.03631949424743652
0.04750347137451172
0.03984665870666504
0.008159875869750977
0.006974220275878906
0.03533220291137695
0.0475008487701416
0.040975093841552734
0.051546335220336914
0.04835700988769531
0.04505419731140137
0.03998446464538574
0.05015158653259277
0.03508591651916504
0.04764389991760254
0.0393064022064209
0.050707101821899414
0.03978371620178223
0.04929089546203613
0.005512714385986328
0.0072307586669921875
0.033803701400756836
0.04874753952026367
0.04483342170715332
0.041571617126464844
0.05605149269104004
0.0532224178314209
0.050696611404418945
0.04219460487365723
0.051293134689331055
0.0471959114074707
0.04137277603149414
0.049852848052978516
0.04629850387573242
0.004628896713256836
0.005000591278076172
0.032958984375
0.04208111763000488
0.0526280403137207
0.04491710662841797
0.05704998970031738
0.0544283390045166
0.06005430221557617
0.04547286033630371
0.05398893356323242
0.045052289962768555
0.037284135818481445
0.04824233055114746
0.05694699287414551
0.0550076961517334
0.008910894393920898
0.007476329803466797
0.04582500457763672
0.05064058303833008
0.04166102409362793
0.035060882568359375
0.04854297637939453
0.038919687271118164
0.04849720001220703
0.040499210357666016
0.052121639251708984
0.04175400733947754
0.03467369079589844
0.0435938835144043
0.03691387176513672
0.045632123947143555
0.006796121597290039
0.011664628982543945
0.0376133918762207
0.05015873908996582
0.04004216194152832
0.05302143096923828
0.04668927192687988
0.05281186103820801
0.038541555404663086
0.049047231674194336
0.03517603874206543
0.045412302017211914
0.053252458572387695
0.04869198799133301
0.03486061096191406
0.0462040901184082
0.006182432174682617
0.006041288375854492
0.03603959083557129
0.0494842529296875
0.041339874267578125
0.04878735542297363
0.04296875
0.035033226013183594
0.046466827392578125
0.03494882583618164
0.04250049591064453
0.03641486167907715
0.046245574951171875
0.050035715103149414
0.042496681213378906
0.03997302055358887
0.008573770523071289
0.006101369857788086
0.03520560264587402
0.04137396812438965
0.04996633529663086
0.04495954513549805
0.03746390342712402
0.04995012283325195
0.04144692420959473
0.05611252784729004
0.0478053092956543
0.056333303451538086
0.04398798942565918
0.0517733097076416
0.04938936233520508
0.039400339126586914
0.012762069702148438
0.0065822601318359375
0.03622937202453613
0.03635907173156738
0.04647421836853027
0.0388181209564209
0.050771236419677734
0.0455775260925293
0.03974580764770508
0.0528864860534668
0.045510053634643555
0.03932952880859375
0.05046391487121582
0.045567989349365234
0.035996437072753906
0.04232025146484375
0.0055921077728271484
0.008819818496704102
0.03326129913330078
0.05144453048706055
0.048113107681274414
0.040793418884277344
0.03652834892272949
0.04692268371582031
0.049184560775756836
0.0432734489440918
0.037282466888427734
0.0481419563293457
0.041495561599731445
0.05042672157287598
0.04423260688781738
0.005403041839599609
0.006975412368774414
0.033022403717041016
0.042404890060424805
0.036286354064941406
0.04864692687988281
0.05922889709472656
0.07192134857177734
0.04560708999633789
0.037950992584228516
0.047719717025756836
0.04359745979309082
0.036888837814331055
0.04693961143493652
0.03876519203186035
0.05385541915893555
0.004892587661743164
0.008550405502319336
0.035223960876464844
0.04462862014770508
0.03815627098083496
0.049978017807006836
0.039339303970336914
0.05087709426879883
0.034131765365600586
0.044707298278808594
0.0347905158996582
0.044898271560668945
0.039520263671875
0.04901242256164551
0.03890180587768555
0.044991493225097656
0.006018400192260742
0.00691533088684082
0.035764217376708984
0.05031943321228027
0.04828953742980957
0.04300069808959961
0.051741838455200195
0.04238176345825195
0.049358367919921875
0.039505720138549805
0.0449676513671875
0.04240298271179199
0.05665135383605957
0.049979448318481445
0.0472264289855957
0.0343632698059082
0.012090444564819336
0.01157689094543457
0.0351567268371582
0.03242087364196777
0.04202842712402344
0.03605484962463379
0.049298763275146484
0.04066896438598633
0.05097675323486328
0.04401516914367676
0.052310943603515625
0.05221843719482422
0.044953107833862305
0.04039478302001953
0.048073530197143555
0.039396047592163086
0.009226322174072266
0.007302284240722656
0.032007694244384766
0.04433488845825195
0.03784370422363281
0.04969000816345215
0.0434420108795166
0.04167771339416504
0.04320049285888672
0.04089856147766113
0.04831719398498535
0.0397341251373291
0.04685163497924805
0.04064297676086426
0.03943610191345215
0.04671049118041992
0.011414289474487305
0.0066030025482177734
0.035298824310302734
0.0463261604309082
0.03986716270446777
0.05149960517883301
0.04649519920349121
0.04082942008972168
0.04989790916442871
0.043662071228027344
0.0518496036529541
0.06958746910095215
0.03504347801208496
0.05283808708190918
0.03989267349243164
0.054617881774902344
0.006354570388793945
0.007473945617675781
0.030681371688842773
0.04436182975769043
0.05102062225341797
0.044310569763183594
0.0335848331451416
0.04067850112915039
0.05007648468017578
0.03613638877868652
0.05207967758178711
0.042420387268066406
0.03512835502624512
0.048894405364990234
0.05461430549621582
0.04203677177429199
0.005570411682128906
0.00892949104309082
0.03535056114196777
0.04746866226196289
0.0432894229888916
0.03863096237182617
0.04785776138305664
0.04037666320800781
0.04903125762939453
0.03523421287536621
0.04385185241699219
0.03538656234741211
0.050211191177368164
0.04857778549194336
0.03723740577697754
0.046888113021850586
0.0051386356353759766
0.0064318180084228516
0.03465580940246582
0.04705500602722168
0.04150867462158203
0.03424239158630371
0.04426980018615723
0.03923964500427246
0.048737287521362305
0.05475807189941406
0.07289695739746094
0.05307888984680176
0.04596066474914551
0.039862632751464844
0.05082273483276367
0.008822202682495117
0.007257699966430664
0.03657341003417969
0.04929661750793457
0.04471015930175781
0.04056882858276367
0.05412650108337402
0.04733753204345703
0.047786712646484375
0.035967350006103516
0.045889854431152344
0.0368497371673584
0.04834485054016113
0.04355669021606445
0.039734601974487305
0.005980491638183594
0.00823211669921875
0.03588247299194336
0.04811501502990723
0.039473533630371094
0.052999258041381836
0.04056882858276367
0.04535079002380371
0.0340728759765625
0.044836997985839844
0.03886222839355469
0.05083179473876953
0.04406261444091797
0.039110422134399414
0.04730391502380371
0.09234499931335449
0.05641579627990723
0.013792991638183594
0.04214024543762207
0.05546712875366211
0.04672670364379883
0.03744101524353027
0.0452115535736084
0.036170005798339844
0.04955625534057617
0.03972482681274414
0.04767465591430664
0.039521217346191406
0.036986589431762695
0.05324101448059082
0.048189640045166016
0.0042877197265625
0.0048389434814453125
0.0326383113861084
0.041565895080566406
0.05306291580200195
0.0379338264465332
0.04543113708496094
0.03863358497619629
0.05252408981323242
0.047687530517578125
0.03509831428527832
0.04403543472290039
0.035955190658569336
0.04663276672363281
0.03936171531677246
0.049269914627075195
0.005628824234008789
0.0068967342376708984
0.11311912536621094
0.1358652114868164
0.12488293647766113
0.133528470993042
0.14288640022277832
0.13237547874450684
0.12392687797546387
0.08260345458984375
0.170975923538208
0.15766477584838867
0.15693426132202148
0.1274559497833252
0.15608882904052734
0.1701979637145996
0.0075490474700927734
0.12941884994506836
0.1591181755065918
0.29409313201904297
0.15908169746398926
0.29608917236328125
0.15715813636779785
0.2960085868835449
0.2982175350189209
0.2876572608947754
0.29303622245788574
0.2595975399017334
0.11856389045715332
0.17272567749023438
0.04543447494506836
0.0555572509765625
0.014246940612792969
0.005660533905029297
0.03330564498901367
0.043671607971191406
0.05945158004760742
0.053549766540527344
0.04961037635803223
0.05041980743408203
0.046616315841674805
0.052083730697631836
0.043463945388793945
0.035765647888183594
0.04791545867919922
0.040497541427612305
0.048987627029418945
0.005816221237182617
0.0076465606689453125
0.03556251525878906
0.04889631271362305
0.04185843467712402
0.03716921806335449
0.049456119537353516
0.041528940200805664
0.03963613510131836
0.05452847480773926
0.04703855514526367
0.041669607162475586
0.0499110221862793
0.04554128646850586
0.038758277893066406
0.01373600959777832
0.005636930465698242
0.035655975341796875
0.04672718048095703
0.04295635223388672
0.041602373123168945
0.05009174346923828
0.03575706481933594
0.047705888748168945
0.04002189636230469
0.05327892303466797
0.04426074028015137
0.052307844161987305
0.0480799674987793
0.040907859802246094
0.05121946334838867
0.009148836135864258
0.008584976196289062
0.03733682632446289
0.052590370178222656
0.0505986213684082
0.04488253593444824
0.03832602500915527
0.04654812812805176
0.038999080657958984
0.05276679992675781
0.04811429977416992
0.04036903381347656
0.05408024787902832
0.04561471939086914
0.03950643539428711
0.009349822998046875
0.0055005550384521484
0.03539919853210449
0.045757293701171875
0.03916621208190918
0.05048251152038574
0.04354691505432129
0.05409359931945801
0.046602725982666016
0.039366960525512695
0.0517268180847168
0.04254746437072754
0.03465127944946289
0.045810699462890625
0.03945016860961914
0.050581932067871094
0.0064733028411865234
0.0059185028076171875
0.03475332260131836
0.04601597785949707
0.03720521926879883
0.04895973205566406
0.04308342933654785
0.041181325912475586
0.035920143127441406
0.045758962631225586
0.04372668266296387
0.05203413963317871
0.041739702224731445
0.03794360160827637
0.05020308494567871
0.006119966506958008
0.006919145584106445
0.03526139259338379
0.0471799373626709
0.043306827545166016
0.050054073333740234
0.04194068908691406
0.047545433044433594
0.04612135887145996
0.03795337677001953
0.04915499687194824
0.043512821197509766
0.03801369667053223
0.04743838310241699
0.03943896293640137
0.049550771713256836
0.005226850509643555
0.010281085968017578
0.035401105880737305
0.049370527267456055
0.043669700622558594
0.03713536262512207
0.05165505409240723
0.045964956283569336
0.036391496658325195
0.04429292678833008
0.037488698959350586
0.04721403121948242
0.03600358963012695
0.04661417007446289
0.047031402587890625
0.008175849914550781
0.005092144012451172
0.036864519119262695
0.051538705825805664
0.0467991828918457
0.04317188262939453
0.03899073600769043
0.051645755767822266
0.03725719451904297
0.04788780212402344
0.03885626792907715
0.04828500747680664
0.04103970527648926
0.034772634506225586
0.04440164566040039
0.008828878402709961
0.0069501399993896484
0.034355878829956055
0.04699540138244629
0.03562760353088379
0.04308438301086426
0.03610873222351074
0.04331398010253906
0.0381169319152832
0.04983258247375488
0.0388791561126709
0.0515291690826416
0.04597067832946777
0.03761458396911621
0.044919490814208984
0.053344011306762695
0.006997823715209961
0.01094675064086914
0.03489947319030762
0.057257890701293945
0.04581713676452637
0.03654623031616211
0.05058932304382324
0.04411578178405762
0.04210519790649414
0.060030460357666016
0.05360078811645508
0.047530412673950195
0.03870272636413574
0.04809904098510742
0.03982281684875488
0.007605075836181641
0.0050945281982421875
0.03505825996398926
0.041887760162353516
0.03492164611816406
0.047708749771118164
0.04256606101989746
0.04098105430603027
0.0376436710357666
0.04984855651855469
0.0394747257232666
0.051711082458496094
0.043080806732177734
0.05020618438720703
0.04333138465881348
0.007760047912597656
0.006890773773193359
0.03373575210571289
0.04658389091491699
0.04252433776855469
0.04109525680541992
0.04051923751831055
0.05288219451904297
0.05000591278076172
0.04148054122924805
0.05376410484313965
0.046228885650634766
0.03986954689025879
0.051751136779785156
0.0437467098236084
0.013956308364868164
0.01002645492553711
0.038001060485839844
0.041558265686035156
0.051047563552856445
0.04885697364807129
0.046007633209228516
0.037824153900146484
0.05302834510803223
0.048311471939086914
0.03681802749633789
0.05329704284667969
0.04070281982421875
0.050872087478637695
0.03779339790344238
0.0451962947845459
0.014189481735229492
0.006365299224853516
0.03364276885986328
0.044371843338012695
0.05100655555725098
0.0448460578918457
0.03874087333679199
0.05339384078979492
0.04733109474182129
0.04465126991271973
0.0542600154876709
0.048215389251708984
0.0445554256439209
0.05298495292663574
0.04507589340209961
0.053392887115478516
0.008811712265014648
0.0073931217193603516
0.03580951690673828
0.04937624931335449
0.05118727684020996
0.04702568054199219
0.04000091552734375
0.04954671859741211
0.04227590560913086
0.035155296325683594
0.04362034797668457
0.03574657440185547
0.04719996452331543
0.03898048400878906
0.05124354362487793
0.04422569274902344
0.0063686370849609375
0.0070798397064208984
0.034322261810302734
0.045549869537353516
0.04040241241455078
0.03692150115966797
0.04793596267700195
0.04154849052429199
0.03607654571533203
0.04603719711303711
0.04121661186218262
0.04880952835083008
0.04227280616760254
0.05036783218383789
0.042362213134765625
0.007250547409057617
0.006449699401855469
0.0336456298828125
0.04491686820983887
0.03727149963378906
0.0480349063873291
0.04237222671508789
0.035943031311035156
0.04586052894592285
0.03683781623840332
0.04714202880859375
0.037926673889160156
0.040212154388427734
0.0483858585357666
0.043013572692871094
0.033820390701293945
0.005921840667724609
0.0058574676513671875
0.03410649299621582
0.044403791427612305
0.03763222694396973
0.04659247398376465
0.03291749954223633
0.041890621185302734
0.03653669357299805
0.048543691635131836
0.04135322570800781
0.05241870880126953
0.03828883171081543
0.048014163970947266
0.03873038291931152
0.04845070838928223
0.013296127319335938
0.007634162902832031
0.03459763526916504
0.04883718490600586
0.03781747817993164
0.04361081123352051
0.03413963317871094
0.046384572982788086
0.03938722610473633
0.05230212211608887
0.04562807083129883
0.03866314888000488
0.043927669525146484
0.05216479301452637
0.04162859916687012
0.03316140174865723
0.008114814758300781
0.005715847015380859
0.03823375701904297
0.06939864158630371
0.03769230842590332
0.04770350456237793
0.051455020904541016
0.04626822471618652
0.04693174362182617
0.04134249687194824
0.04830455780029297
0.0391688346862793
0.04810667037963867
0.0337216854095459
0.04207110404968262
0.051308631896972656
0.005157470703125
0.005507469177246094
0.03525114059448242
0.04683065414428711
0.03809189796447754
0.051207542419433594
0.04377889633178711
0.04000973701477051
0.047670602798461914
0.0431208610534668
0.037903785705566406
0.046620845794677734
0.03554177284240723
0.04754185676574707
0.04151725769042969
0.006090879440307617
0.006314277648925781
0.03396344184875488
0.04748344421386719
0.03906679153442383
0.05008530616760254
0.04172086715698242
0.03992295265197754
0.05315971374511719
0.04770350456237793
0.0557551383972168
0.04776644706726074
0.03793025016784668
0.04565691947937012
0.03641366958618164
0.05124855041503906
0.008318662643432617
0.00826263427734375
0.034461021423339844
0.04496121406555176
0.05366015434265137
0.0440673828125
0.06182122230529785
0.03447675704956055
0.0391693115234375
0.052072763442993164
0.0503535270690918
0.03640246391296387
0.04609823226928711
0.04065442085266113
0.04899168014526367
0.04066276550292969
0.04731941223144531
0.008037090301513672
0.0086212158203125
0.04108452796936035
0.046730756759643555
0.04151034355163574
0.03349566459655762
0.04457688331604004
0.04025578498840332
0.047692298889160156
0.04433441162109375
0.04129147529602051
0.03479313850402832
0.048392534255981445
0.04465889930725098
0.051650047302246094
0.008147001266479492
0.0076673030853271484
0.03511786460876465
0.04601621627807617
0.0383908748626709
0.04725193977355957
0.04179835319519043
0.0521092414855957
0.042743682861328125
0.04962348937988281
0.04272913932800293
0.05236411094665527
0.042006492614746094
0.05005359649658203
0.04066801071166992
0.04902338981628418
0.00940084457397461
0.005476474761962891
0.03293156623840332
0.0445864200592041
0.04092669486999512
0.03746223449707031
0.05054211616516113
0.04277658462524414
0.037526845932006836
0.04405474662780762
0.03439068794250488
0.04064488410949707
0.04863762855529785
0.051761627197265625
0.039076805114746094
0.0479130744934082
0.023448705673217773
0.0058634281158447266
0.03422117233276367
0.043862342834472656
0.039220571517944336
0.05217909812927246
0.04778647422790527
0.04230022430419922
0.03833937644958496
0.046983957290649414
0.04661154747009277
0.03668022155761719
0.049445152282714844
0.03916454315185547
0.045285701751708984
0.050556182861328125
0.007460355758666992
0.006141185760498047
0.0376429557800293
0.04738473892211914
0.04483819007873535
0.04369091987609863
0.0534512996673584
0.045766353607177734
0.0335845947265625
0.04075789451599121
0.04722094535827637
0.039170026779174805
0.04019522666931152
0.05211281776428223
0.05007791519165039
0.04307222366333008
0.009125709533691406
0.006445646286010742
0.03625917434692383
0.05336451530456543
0.046534061431884766
0.04379606246948242
0.03890728950500488
0.049036502838134766
0.04336357116699219
0.03615975379943848
0.0515744686126709
0.04744672775268555
0.038529157638549805
0.04869246482849121
0.03908371925354004
0.008304834365844727
0.007996559143066406
0.03660225868225098
0.04514431953430176
0.03623318672180176
0.04571700096130371
0.03868293762207031
0.04522824287414551
0.0442957878112793
0.035834550857543945
0.0376734733581543
0.04728388786315918
0.03775978088378906
0.04821658134460449
0.04199862480163574
0.05178332328796387
0.006705284118652344
0.006020784378051758
0.03354024887084961
0.04534411430358887
0.040845632553100586
0.03520393371582031
0.0456087589263916
0.04453563690185547
0.05013155937194824
0.04460740089416504
0.042001962661743164
0.05156064033508301
0.040067434310913086
0.04884982109069824
0.04199862480163574
0.006869316101074219
0.009019613265991211
0.03490734100341797
0.04474496841430664
0.038187265396118164
0.0519866943359375
0.04465293884277344
0.03645443916320801
0.05070996284484863
0.0399777889251709
0.05068087577819824
0.043195486068725586
0.05074286460876465
0.03991079330444336
0.047334909439086914
0.043663978576660156
0.011864900588989258
0.00686955451965332
0.035857439041137695
0.04763340950012207
0.039103031158447266
0.05442380905151367
0.04793715476989746
0.039261817932128906
0.04768800735473633
0.040645599365234375
0.04823040962219238
0.0411067008972168
0.0515131950378418
0.0787343978881836
0.012326478958129883
0.0310666561126709
0.03827810287475586
0.006374835968017578
0.010047435760498047
0.04295516014099121
0.045903921127319336
0.03512763977050781
0.04666471481323242
0.03662109375
0.04546928405761719
0.03784537315368652
0.04458165168762207
0.03629899024963379
0.04816865921020508
0.03629446029663086
0.047318220138549805
0.039437055587768555
0.04551243782043457
0.005782365798950195
0.007523775100708008
0.03540921211242676
0.04852104187011719
0.041985511779785156
0.05360221862792969
0.043587446212768555
0.04611968994140625
0.0383906364440918
0.04759669303894043
0.04107260704040527
0.05021190643310547
0.046753644943237305
0.03796744346618652
0.05021953582763672
0.03853249549865723
0.007051706314086914
0.007284402847290039
0.03232979774475098
0.04345583915710449
0.03618884086608887
0.0462033748626709
0.041944265365600586
0.03724312782287598
0.05558896064758301
0.04081153869628906
0.04608583450317383
0.036015987396240234
0.046293020248413086
0.04175567626953125
0.05297112464904785
0.04421377182006836
0.005155801773071289
0.007220268249511719
0.03568577766418457
0.053334712982177734
0.05043649673461914
0.04330182075500488
0.04174327850341797
0.03614068031311035
0.05315446853637695
0.04960036277770996
0.04221010208129883
0.035372257232666016
0.04423332214355469
0.0496220588684082
0.043209075927734375
0.008764266967773438
0.005835056304931641
0.0354619026184082
0.04475975036621094
0.03512430191040039
0.04371976852416992
0.036484479904174805
0.04552102088928223
0.037308692932128906
0.0449676513671875
0.038597822189331055
0.05059695243835449
0.04686927795410156
0.040618896484375
0.04878830909729004
0.04340195655822754
0.006628990173339844
0.0062713623046875
0.034734487533569336
0.046228885650634766
0.03820991516113281
0.0476832389831543
0.042105913162231445
0.05137753486633301
0.04519772529602051
0.038186073303222656
0.048467159271240234
0.041342735290527344
0.04984569549560547
0.041815757751464844
0.03330826759338379
0.04178881645202637
0.011719942092895508
0.008597373962402344
0.03663992881774902
0.04641270637512207
0.03635120391845703
0.04475903511047363
0.03523707389831543
0.04573535919189453
0.035910606384277344
0.04466104507446289
0.04040837287902832
0.053195953369140625
0.04450535774230957
0.03718233108520508
0.04525327682495117
0.03517436981201172
0.007230997085571289
0.007771968841552734
0.034895896911621094
0.04783439636230469
0.04071640968322754
0.04912853240966797
0.04361248016357422
0.036257028579711914
0.04517769813537598
0.04315924644470215
0.03943681716918945
0.045166015625
0.03804755210876465
0.04709148406982422
0.03958439826965332
0.04692387580871582
0.00735926628112793
0.007016897201538086
0.03452277183532715
0.04734945297241211
0.04184246063232422
0.04893231391906738
0.04172062873840332
0.05202436447143555
0.04170680046081543
0.05208587646484375
0.04564237594604492
0.04797196388244629
0.04117155075073242
0.05313539505004883
0.05190777778625488
0.041941165924072266
0.011195898056030273
0.0061893463134765625
0.03351640701293945
0.04462623596191406
0.04334211349487305
0.03818655014038086
0.047780752182006836
0.04214835166931152
0.03683185577392578
0.05418825149536133
0.044840335845947266
0.037119388580322266
0.049617767333984375
0.05875062942504883
0.06993293762207031
0.010468482971191406
0.008313655853271484
0.034110307693481445
0.04672837257385254
0.07655882835388184
0.07014942169189453
0.050539255142211914
0.049391984939575195
0.03738832473754883
0.045731306076049805
0.05016779899597168
0.04117560386657715
0.04654693603515625
0.03803372383117676
0.04179644584655762
0.03677868843078613
0.00980830192565918
0.005476474761962891
0.03332686424255371
0.04301166534423828
0.03384733200073242
0.044567108154296875
0.03682255744934082
0.045720577239990234
0.03833341598510742
0.05069446563720703
0.04551410675048828
0.040460824966430664
0.053159475326538086
0.04337811470031738
0.050798892974853516
0.04636740684509277
0.006597042083740234
0.006990194320678711
0.03928875923156738
0.0544588565826416
0.04969382286071777
0.04112529754638672
0.05497860908508301
0.05239558219909668
0.04751849174499512
0.03868842124938965
0.04647064208984375
0.03921842575073242
0.04894399642944336
0.04148674011230469
0.05682802200317383
0.005844831466674805
0.004809379577636719
0.034235239028930664
0.048900604248046875
0.04446125030517578
0.050951480865478516
0.0488128662109375
0.0402379035949707
0.051332950592041016
0.04719138145446777
0.043721914291381836
0.054694175720214844
0.05004167556762695
0.040673017501831055
0.04789590835571289
0.007158041000366211
0.008072376251220703
0.03615307807922363
0.04875612258911133
0.04227042198181152
0.05583977699279785
0.0479435920715332
0.04528021812438965
0.039507150650024414
0.05029010772705078
0.04408144950866699
0.035353660583496094
0.04046750068664551
0.04780888557434082
0.037482261657714844
0.048005104064941406
0.005568265914916992
0.005711078643798828
0.03583669662475586
0.04385089874267578
0.03866076469421387
0.04793953895568848
0.04086923599243164
0.05108499526977539
0.043662309646606445
0.03647565841674805
0.04946017265319824
0.05063223838806152
0.04451704025268555
0.052606821060180664
0.04216599464416504
0.0053827762603759766
0.0042836666107177734
0.03517413139343262
0.04520273208618164
0.04093503952026367
0.03946208953857422
0.04980754852294922
0.04139542579650879
0.0373539924621582
0.047298431396484375
0.04198598861694336
0.04755830764770508
0.03545975685119629
0.04193258285522461
0.048619747161865234
0.0389559268951416
0.008699655532836914
0.009273529052734375
0.03394722938537598
0.04596400260925293
0.036185264587402344
0.04694104194641113
0.05133771896362305
0.05180025100708008
0.04141378402709961
0.05017399787902832
0.04455924034118652
0.04941439628601074
0.0380551815032959
0.04835939407348633
0.037990570068359375
0.04663991928100586
0.0067598819732666016
0.0076792240142822266
0.032146453857421875
0.0424039363861084
0.05250859260559082
0.04528665542602539
0.03718400001525879
0.0451204776763916
0.03741097450256348
0.04902172088623047
0.041213274002075195
0.05105948448181152
0.03819584846496582
0.05030083656311035
0.03732109069824219
0.05466437339782715
0.006576061248779297
0.006400108337402344
0.03905153274536133
0.05175161361694336
0.04319477081298828
0.03655648231506348
0.047963857650756836
0.04094099998474121
0.03541970252990723
0.04427504539489746
0.039009809494018555
0.05347585678100586
0.03974294662475586
0.050112247467041016
0.04025578498840332
0.04542708396911621
0.005824089050292969
0.006615400314331055
0.0355525016784668
0.043683767318725586
0.03629636764526367
0.05233883857727051
0.04715299606323242
0.0360872745513916
0.04742598533630371
0.04419851303100586
0.04177379608154297
0.054163217544555664
0.038341522216796875
0.04996085166931152
0.03397250175476074
0.04697537422180176
0.0070362091064453125
0.0062372684478759766
0.0344541072845459
0.04384493827819824
0.035518646240234375
0.04661440849304199
0.03759288787841797
0.04270458221435547
0.047564029693603516
0.03627824783325195
0.04801177978515625
0.03962564468383789
0.04977917671203613
0.09212803840637207
0.07480430603027344
0.03172802925109863
0.03733062744140625
0.0394291877746582
0.005608320236206055
0.01703810691833496
0.033682823181152344
0.04503273963928223
0.03537893295288086
0.035880088806152344
0.04119443893432617
0.04998517036437988
0.04239058494567871
0.05371594429016113
0.024695873260498047
0.0572206974029541
0.039620161056518555
0.04642748832702637
0.054872989654541016
0.039147377014160156
0.05705857276916504
0.07514595985412598
0.0060503482818603516
0.013905048370361328
0.03406667709350586
0.0471034049987793
0.06027030944824219
0.0425105094909668
0.05383944511413574
0.042562246322631836
0.052033424377441406
0.04588937759399414
0.03346371650695801
0.042624473571777344
0.044576168060302734
0.05277538299560547
0.04120993614196777
0.051025390625
0.03579115867614746
0.007094621658325195
0.0076448917388916016
0.033853769302368164
0.04562687873840332
0.03413677215576172
0.04182124137878418
0.05539202690124512
0.05925726890563965
0.05674552917480469
0.048386573791503906
0.03914356231689453
0.04380512237548828
0.04990243911743164
0.04617118835449219
0.043782711029052734
0.046057701110839844
0.009835958480834961
0.007433414459228516
0.030915260314941406
0.05623960494995117
0.04784727096557617
0.037415266036987305
0.04944419860839844
0.04607510566711426
0.043535470962524414
0.037772417068481445
0.044414520263671875
0.04847550392150879
0.050885677337646484
0.04422473907470703
0.017661571502685547
0.042884111404418945
0.013373851776123047
0.004872798919677734
0.03308892250061035
0.041237592697143555
0.05000805854797363
0.044118404388427734
0.04239821434020996
0.07826066017150879
0.020916223526000977
0.04880118370056152
0.04922962188720703
0.037583112716674805
0.04598498344421387
0.036324262619018555
0.04411721229553223
0.033336639404296875
0.013376712799072266
0.004868745803833008
0.03079843521118164
0.04585742950439453
0.03752946853637695
0.04956507682800293
0.04306745529174805
0.052245140075683594
0.006337165832519531
0.033718109130859375
0.05080771446228027
0.05033397674560547
0.03390240669250488
0.0441131591796875
0.03622627258300781
0.04066801071166992
0.046600341796875
0.004942417144775391
0.00609898567199707
0.03814959526062012
0.042713165283203125
0.03809356689453125
0.043244123458862305
0.043847084045410156
0.037853240966796875
0.04703330993652344
0.04472684860229492
0.03358864784240723
0.03947114944458008
0.04559588432312012
0.04286694526672363
0.051045894622802734
0.03983879089355469
0.010731697082519531
0.0068073272705078125
0.037545204162597656
0.04796719551086426
0.04048800468444824
0.09384679794311523
0.011058807373046875
0.03183627128601074
0.04146528244018555
0.04834747314453125
0.039597272872924805
0.049352169036865234
0.05846548080444336
0.04474306106567383
0.04097771644592285
0.054080963134765625
0.041782379150390625
0.012117862701416016
0.007821083068847656
0.03476381301879883
0.05022168159484863
0.039395809173583984
0.048743486404418945
0.05159354209899902
0.04549860954284668
0.04983663558959961
0.047423601150512695
0.05159282684326172
0.0391383171081543
0.046196699142456055
0.0553739070892334
0.04809403419494629
0.03841900825500488
0.04632163047790527
0.007390022277832031
0.006760597229003906
0.04176688194274902
0.0538022518157959
0.046160221099853516
0.04168868064880371
0.05640125274658203
0.020312070846557617
0.08802461624145508
0.037986040115356445
0.04544878005981445
0.059035301208496094
0.05420422554016113
0.0630652904510498
0.023302793502807617
0.05334877967834473
0.04618430137634277
0.054618120193481445
0.047499656677246094
0.00598597526550293
0.008875608444213867
0.03761792182922363
0.04734158515930176
0.05514383316040039
0.05721116065979004
0.04435086250305176
0.03852677345275879
0.0470278263092041
0.03632497787475586
0.04650115966796875
0.25129175186157227
0.20253920555114746
0.02092909812927246
0.04437422752380371
0.05174994468688965
0.055210113525390625
0.016693115234375
0.03368854522705078
0.05274558067321777
0.04721808433532715
0.042360544204711914
0.03751373291015625
0.04928898811340332
0.04414486885070801
0.045607805252075195
0.040993690490722656
0.05112743377685547
0.04053974151611328
0.04867243766784668
0.0369722843170166
0.005403995513916016
0.006672859191894531
0.03832364082336426
0.05366206169128418
0.10000109672546387
0.29863905906677246
0.17046880722045898
0.05531454086303711
0.04323101043701172
0.0613398551940918
0.03806257247924805
0.05953192710876465
0.03699994087219238
0.042765140533447266
0.049530982971191406
0.03722190856933594
0.0491182804107666
0.007401227951049805
0.012531518936157227
0.03490781784057617
0.04494595527648926
0.044074296951293945
0.056029319763183594
0.04838991165161133
0.03252291679382324
0.04094266891479492
0.03476405143737793
0.04481172561645508
0.05120849609375
0.05454730987548828
0.035477638244628906
0.04028654098510742
0.052220821380615234
0.006273031234741211
0.005472898483276367
0.03531789779663086
0.047237396240234375
0.0404353141784668
0.05202078819274902
0.04214978218078613
0.05234050750732422
0.04258608818054199
0.048941850662231445
0.03562569618225098
0.043578386306762695
0.05299997329711914
0.0441279411315918
0.05219888687133789
0.04431271553039551
0.005878925323486328
0.008015871047973633
0.06665825843811035
0.03208756446838379
0.03950834274291992
0.04752516746520996
0.05821943283081055
0.04000711441040039
0.05170011520385742
0.04909229278564453
0.04012632369995117
0.05118203163146973
0.0406956672668457
0.04808759689331055
0.054071664810180664
0.06318783760070801
0.04738283157348633
0.02103900909423828
0.007036685943603516
0.03650856018066406
0.050518035888671875
0.05034685134887695
0.04281353950500488
0.03864455223083496
0.05551600456237793
0.04838228225708008
0.048974037170410156
0.039549827575683594
0.048258304595947266
0.04516911506652832
0.03596973419189453
0.045751094818115234
0.03994417190551758
0.010047197341918945
0.004327058792114258
0.03347587585449219
0.04447674751281738
0.0394134521484375
0.05023074150085449
0.0430908203125
0.03647470474243164
0.05276203155517578
0.044351816177368164
0.0393521785736084
0.03309345245361328
0.041619062423706055
0.03467082977294922
0.04556131362915039
0.008524179458618164
0.0071642398834228516
0.035413503646850586
0.047699689865112305
0.04118490219116211
0.053156137466430664
0.04864096641540527
0.045593976974487305
0.053722381591796875
0.0430910587310791
0.03445601463317871
0.045308828353881836
0.05363869667053223
0.04027891159057617
0.04957079887390137
0.04043221473693848
0.015197515487670898
0.0064389705657958984
0.036724090576171875
0.04782295227050781
0.041272640228271484
0.04796123504638672
0.040035247802734375
0.05106329917907715
0.04628586769104004
0.03864407539367676
0.049089908599853516
0.04031634330749512
0.04628610610961914
0.03845071792602539
0.05069589614868164
0.04695940017700195
0.017800569534301758
0.007150411605834961
0.03455543518066406
0.04404282569885254
0.037874698638916016
0.04995274543762207
0.04514503479003906
0.054605722427368164
0.04482269287109375
0.03461813926696777
0.04605865478515625
0.03557991981506348
0.0459902286529541
0.03434586524963379
0.047048330307006836
0.034146785736083984
0.0064237117767333984
0.007319927215576172
0.035947561264038086
0.048075199127197266
0.046604156494140625
0.04154682159423828
0.05445289611816406
0.049825429916381836
0.03670954704284668
0.04994821548461914
0.041510820388793945
0.05234265327453613
0.04730081558227539
0.0373842716217041
0.04719710350036621
0.0065877437591552734
0.005644083023071289
0.0336456298828125
0.04480147361755371
0.03641557693481445
0.0505678653717041
0.03927183151245117
0.05303072929382324
0.04506874084472656
0.03901958465576172
0.054471492767333984
0.0505223274230957
0.040863037109375
0.050847530364990234
0.041236162185668945
0.051720619201660156
0.0058002471923828125
0.0074024200439453125
0.03637051582336426
0.04601621627807617
0.041129112243652344
0.03653526306152344
0.05214643478393555
0.04752326011657715
0.04080533981323242
0.05176734924316406
0.05139446258544922
0.03961634635925293
0.04501080513000488
0.039652347564697266
0.050039052963256836
0.0046443939208984375
0.0061495304107666016
0.03244423866271973
0.047211408615112305
0.04344463348388672
0.04192352294921875
0.055444955825805664
0.04364442825317383
0.03818249702453613
0.04907560348510742
0.03404045104980469
0.04418611526489258
0.03592205047607422
0.0455317497253418
0.03621530532836914
0.04462289810180664
0.00479578971862793
0.005306720733642578
0.0343780517578125
0.04503893852233887
0.04116225242614746
0.051390647888183594
0.044464111328125
0.03910112380981445
0.034935951232910156
0.04740428924560547
0.04277348518371582
0.049033403396606445
0.03789186477661133
0.04740452766418457
0.03777813911437988
0.04886007308959961
0.007900476455688477
0.00852823257446289
0.03477334976196289
0.04797101020812988
0.04483819007873535
0.04067230224609375
0.04503297805786133
0.12797808647155762
0.225388765335083
0.1260063648223877
0.22893357276916504
0.12386536598205566
0.22437357902526855
0.12253856658935547
0.3349602222442627
0.16752123832702637
0.30497241020202637
0.00708460807800293
0.005939960479736328
0.11313486099243164
0.16394472122192383
0.16744065284729004
0.15203094482421875
0.1643829345703125
0.16356372833251953
0.159684419631958
0.30153799057006836
0.3022003173828125
0.1602926254272461
0.1626758575439453
0.16970229148864746
0.1647017002105713
0.1345806121826172
0.20275259017944336
0.007582426071166992
0.006268501281738281
0.0565180778503418
0.04174327850341797
0.05421614646911621
0.05047798156738281
0.046173810958862305
0.041945457458496094
0.0574336051940918
0.046334028244018555
0.04207205772399902
0.0400693416595459
0.04661369323730469
0.03880500793457031
0.045639753341674805
0.0385136604309082
0.05388617515563965
0.0057790279388427734
0.0043697357177734375
0.034174203872680664
0.0481562614440918
0.047344207763671875
0.04563641548156738
0.05905508995056152
0.05428457260131836
0.05249977111816406
0.04745626449584961
0.03870034217834473
0.05476522445678711
0.04438161849975586
0.0359034538269043
0.046215057373046875
0.007799625396728516
0.006678342819213867
0.03612017631530762
0.04280877113342285
0.04567551612854004
0.054535865783691406
0.045897722244262695
0.044898033142089844
0.0417630672454834
0.03950214385986328
0.05322265625
0.04600715637207031
0.03926277160644531
0.04274487495422363
0.0368046760559082
0.045379638671875
0.00803995132446289
0.0067789554595947266
0.033835649490356445
0.04479217529296875
0.050388336181640625
0.04087662696838379
0.04979205131530762
0.04025983810424805
0.04938197135925293
0.04004526138305664
0.050077199935913086
0.03826165199279785
0.04915165901184082
0.03742361068725586
0.050692081451416016
0.04680633544921875
0.005090951919555664
0.005064725875854492
0.033255815505981445
0.04026436805725098
0.03754758834838867
0.05437898635864258
0.04816436767578125
0.04586482048034668
0.03892040252685547
0.0510098934173584
0.04400062561035156
0.05030202865600586
0.0384521484375
0.03382682800292969
0.04571270942687988
0.004721641540527344
0.007056474685668945
0.03506755828857422
0.0437006950378418
0.03678178787231445
0.04948592185974121
0.03888201713562012
0.034343719482421875
0.04366588592529297
0.040209054946899414
0.04716777801513672
0.038962602615356445
0.03475642204284668
0.04440164566040039
0.04053688049316406
0.04224967956542969
0.008762359619140625
0.008583307266235352
0.03360152244567871
0.04373359680175781
0.03790998458862305
0.048720359802246094
0.04098320007324219
0.03812146186828613
0.04645991325378418
0.03617072105407715
0.04731917381286621
0.03795003890991211
0.043505191802978516
0.03532695770263672
0.04576516151428223
0.03688549995422363
0.007094621658325195
0.00507664680480957
0.03437471389770508
0.0412752628326416
0.05254316329956055
0.04393315315246582
0.054792165756225586
0.04840278625488281
0.0366213321685791
0.04966402053833008
0.04340720176696777
0.053565263748168945
0.04323840141296387
0.03762936592102051
0.04657387733459473
0.03976106643676758
0.009254932403564453
0.0045166015625
0.03419184684753418
0.04799962043762207
0.04209613800048828
0.03794670104980469
0.0495145320892334
0.044891357421875
0.03462338447570801
0.0475919246673584
0.052234649658203125
0.04388117790222168
0.036614418029785156
0.04960513114929199
0.04257655143737793
0.0059566497802734375
0.007219791412353516
0.03437662124633789
0.04293489456176758
0.03581976890563965
0.04333233833312988
0.03551983833312988
0.048538923263549805
0.042169809341430664
0.052031517028808594
0.04286599159240723
0.05161142349243164
0.04383063316345215
0.05244874954223633
0.0414278507232666
0.05089306831359863
0.009311437606811523
0.007983684539794922
0.036101579666137695
0.041402578353881836
0.035369157791137695
0.04678225517272949
0.042008399963378906
0.0394740104675293
0.04900979995727539
0.043207645416259766
0.05216526985168457
0.045684099197387695
0.040288686752319336
0.047857046127319336
0.04679679870605469
0.0057523250579833984
0.005426168441772461
0.03635120391845703
0.05182337760925293
0.04557347297668457
0.05602002143859863
0.03768157958984375
0.04574275016784668
0.0388789176940918
0.04880523681640625
0.03602957725524902
0.04573559761047363
0.03828740119934082
0.048161983489990234
0.04169940948486328
0.03598332405090332
0.007772684097290039
0.006521940231323242
0.03380846977233887
0.04731893539428711
0.03763747215270996
0.04698824882507324
0.041211843490600586
0.0503544807434082
0.04214811325073242
0.03488421440124512
0.044286489486694336
0.03685474395751953
0.04621577262878418
0.036885738372802734
0.04347085952758789
0.050206899642944336
0.007932186126708984
0.008968353271484375
0.03705716133117676
0.04779672622680664
0.045120954513549805
0.04102587699890137
0.03773784637451172
0.04923558235168457
0.03923940658569336
0.04792070388793945
0.0349123477935791
0.045937299728393555
0.03634905815124512
0.0460660457611084
0.05004572868347168
0.05640578269958496
0.004367828369140625
0.0051004886627197266
0.03296637535095215
0.0387418270111084
0.04627346992492676
0.03997921943664551
0.05404305458068848
0.05182814598083496
0.04551386833190918
0.03599667549133301
0.046671152114868164
0.0409085750579834
0.05220484733581543
0.045027971267700195
0.03992295265197754
0.006684303283691406
0.006081819534301758
0.032436370849609375
0.03997039794921875
0.04880523681640625
0.04057002067565918
0.04974007606506348
0.04776787757873535
0.03831887245178223
0.04934191703796387
0.03830146789550781
0.05145764350891113
0.04210400581359863
0.05226278305053711
0.03532910346984863
0.037697792053222656
0.009075641632080078
0.006574392318725586
0.030054330825805664
0.04285383224487305
0.05175352096557617
0.050163984298706055
0.06190800666809082
0.047163963317871094
0.038611412048339844
0.04895377159118652
0.03774213790893555
0.048372507095336914
0.0389554500579834
0.04788994789123535
0.04613232612609863
0.03895854949951172
0.010019302368164062
0.005460977554321289
0.03370308876037598
0.04209589958190918
0.03767681121826172
0.03674888610839844
0.045395612716674805
0.04422450065612793
0.04515409469604492
0.03986239433288574
0.04938817024230957
0.04372048377990723
0.03759503364562988
0.04521894454956055
0.04006791114807129
0.007888078689575195
0.008313417434692383
0.035932302474975586
0.04813671112060547
0.044651031494140625
0.05332660675048828
0.04090142250061035
0.05225110054016113
0.04288434982299805
0.03894495964050293
0.047490835189819336
0.0372014045715332
0.04588770866394043
0.043781280517578125
0.03851509094238281
0.050956010818481445
0.005581855773925781
0.005419254302978516
0.03449082374572754
0.04213428497314453
0.043213605880737305
0.03696942329406738
0.04454326629638672
0.0396728515625
0.03510928153991699
0.04989337921142578
0.04113459587097168
0.05043172836303711
0.04248690605163574
0.03416180610656738
0.04478716850280762
0.038218021392822266
0.007312297821044922
0.0059664249420166016
0.04395771026611328
0.05460309982299805
0.04620552062988281
0.0368349552154541
0.04338836669921875
0.0481264591217041
0.03986239433288574
0.05488133430480957
0.03815937042236328
0.048188209533691406
0.046113014221191406
0.04448676109313965
0.03663992881774902
0.046384572982788086
0.00637054443359375
0.006596565246582031
0.033724069595336914
0.04569530487060547
0.03559708595275879
0.05310225486755371
0.048166751861572266
0.038240671157836914
0.04819059371948242
0.04298996925354004
0.04873800277709961
0.03967142105102539
0.050755977630615234
0.0422360897064209
0.037212371826171875
0.0450897216796875
0.0060575008392333984
0.009552717208862305
0.03850960731506348
0.05688190460205078
0.0557246208190918
0.048021554946899414
0.03973817825317383
0.050415992736816406
0.04378986358642578
0.03828167915344238
0.05019974708557129
0.04638218879699707
0.04063916206359863
0.05254530906677246
0.03642725944519043
0.049963951110839844
0.0061931610107421875
0.003924846649169922
0.034355878829956055
0.047426462173461914
0.04153251647949219
0.04854273796081543
0.042945146560668945
0.03790569305419922
0.05019664764404297
0.04659771919250488
0.04378867149353027
0.038481712341308594
0.04686784744262695
0.03622698783874512
0.04875779151916504
0.008388042449951172
0.0057027339935302734
0.034191131591796875
0.04593920707702637
0.04332923889160156
0.05497622489929199
0.04700589179992676
0.04360222816467285
0.037624359130859375
0.04825901985168457
0.039609432220458984
0.04864692687988281
0.04073905944824219
0.04852557182312012
0.04067516326904297
0.05520915985107422
0.010512113571166992
0.006031990051269531
0.034613609313964844
0.04606342315673828
0.04253697395324707
0.03969740867614746
0.0560297966003418
0.05363821983337402
0.04461860656738281
0.053675174713134766
0.043959617614746094
0.04003453254699707
0.050983428955078125
0.043122291564941406
0.051776885986328125
0.007583141326904297
0.012413501739501953
0.03648948669433594
0.04864001274108887
0.044594526290893555
0.0382847785949707
0.04915976524353027
0.03795313835144043
0.0479276180267334
0.05298209190368652
0.038161516189575195
0.04971194267272949
0.0399932861328125
0.05194592475891113
0.04571199417114258
0.03687024116516113
0.011033296585083008
0.007277250289916992
0.03390765190124512
0.04346466064453125
0.04019951820373535
0.051122188568115234
0.040192604064941406
0.03284049034118652
0.0441899299621582
0.03684878349304199
0.04594922065734863
0.03850150108337402
0.03825187683105469
0.047444820404052734
0.041338205337524414
0.051860809326171875
0.008412837982177734
0.008908510208129883
0.03455996513366699
0.046102046966552734
0.038582801818847656
0.05298328399658203
0.04670882225036621
0.03821444511413574
0.04976034164428711
0.04141402244567871
0.051682472229003906
0.04575228691101074
0.03733539581298828
0.04481053352355957
0.0362391471862793
0.0523529052734375
0.006192445755004883
0.009559154510498047
0.04055428504943848
0.04068708419799805
0.055856943130493164
0.04990077018737793
0.046057939529418945
0.040377140045166016
0.0542292594909668
0.04600381851196289
0.05130910873413086
0.0444798469543457
0.03663825988769531
0.04730701446533203
0.037712812423706055
0.008347511291503906
0.006235599517822266
0.035408735275268555
0.04421520233154297
0.03984689712524414
0.0512540340423584
0.04397082328796387
0.03754258155822754
0.05094480514526367
0.04769635200500488
0.040056705474853516
0.05107998847961426
0.043358802795410156
0.03479290008544922
0.04742431640625
0.005204677581787109
0.0063326358795166016
0.03584122657775879
0.046717166900634766
0.037654876708984375
0.04979586601257324
0.04278206825256348
0.05027294158935547
0.04986882209777832
0.03937697410583496
0.05028700828552246
0.038814544677734375
0.049906253814697266
0.04635334014892578
0.03654909133911133
0.048752546310424805
0.008703470230102539
0.006654024124145508
0.03585481643676758
0.04911398887634277
0.04292464256286621
0.03895282745361328
0.05094122886657715
0.04981565475463867
0.04271745681762695
0.05144095420837402
0.0480344295501709
0.0379335880279541
0.04756450653076172
0.04388999938964844
0.036669015884399414
0.010109186172485352
0.005119800567626953
0.03378939628601074
0.04663348197937012
0.045180320739746094
0.04152536392211914
0.043634891510009766
0.03900456428527832
0.05360841751098633
0.051030874252319336
0.04224395751953125
0.0523524284362793
0.04329371452331543
0.03931593894958496
0.047077178955078125
0.0424959659576416
0.010807275772094727
0.004799365997314453
0.03435540199279785
0.04478859901428223
0.03581881523132324
0.0445096492767334
0.036017656326293945
0.053096771240234375
0.04384756088256836
0.03979969024658203
0.05042862892150879
0.04788684844970703
0.042768001556396484
0.03864550590515137
0.047368764877319336
0.06661510467529297
0.008583784103393555
0.005781650543212891
0.03399229049682617
0.044237613677978516
0.036098480224609375
0.04401111602783203
0.039585113525390625
0.04889869689941406
0.04002737998962402
0.04817819595336914
0.04289126396179199
0.056030988693237305
0.0432131290435791
0.05094742774963379
0.04567742347717285
0.040719032287597656
0.010400056838989258
0.005547285079956055
0.03202390670776367
0.042394399642944336
0.049988746643066406
0.040639638900756836
0.049611568450927734
0.04634428024291992
0.03761100769042969
0.04916715621948242
0.0397191047668457
0.04925251007080078
0.04167675971984863
0.038501739501953125
0.04846072196960449
0.04370856285095215
0.007476091384887695
0.009246110916137695
0.0364079475402832
0.04794788360595703
0.04256391525268555
0.051131486892700195
0.03924274444580078
0.04770016670227051
0.040212392807006836
0.04774355888366699
0.04140424728393555
0.04903125762939453
0.03790688514709473
0.04989147186279297
0.04259061813354492
0.049146175384521484
0.005978107452392578
0.004995822906494141
0.03571820259094238
0.05111956596374512
0.04626321792602539
0.04112505912780762
0.04970908164978027
0.04097247123718262
0.04720282554626465
0.03714585304260254
0.051508188247680664
0.04778623580932617
0.04004240036010742
0.05202126502990723
0.04650735855102539
0.0062961578369140625
0.00650334358215332
0.03608560562133789
0.04831337928771973
0.04394078254699707
0.04021477699279785
0.04996609687805176
0.03937506675720215
0.04819130897521973
0.04136300086975098
0.03657102584838867
0.04380011558532715
0.05416584014892578
0.04324483871459961
0.048749685287475586
0.04164409637451172
0.011121749877929688
0.007541179656982422
0.03382539749145508
0.04281949996948242
0.05300545692443848
0.04571080207824707
0.03880572319030762
0.046285390853881836
0.05072903633117676
0.0439915657043457
0.059556007385253906
0.05335402488708496
0.048079490661621094
0.045787811279296875
0.037958383560180664
0.047737836837768555
0.006380319595336914
0.007951498031616211
0.03555035591125488
0.04768967628479004
0.04317474365234375
0.03758406639099121
0.04870414733886719
0.038751840591430664
0.05003094673156738
0.043234825134277344
0.036734580993652344
0.04464578628540039
0.052876949310302734
0.04572033882141113
0.04033994674682617
0.05303764343261719
0.006223201751708984
0.007923126220703125
0.0357670783996582
0.05030035972595215
0.0466456413269043
0.03656315803527832
0.047662973403930664
0.04100942611694336
0.05011272430419922
0.04695749282836914
0.04110097885131836
0.0379180908203125
0.04903841018676758
0.044141292572021484
0.03942060470581055
0.005225419998168945
0.005760908126831055
0.029871702194213867
0.04468131065368652
0.04200410842895508
0.049597740173339844
0.0496823787689209
0.04570436477661133
0.03574776649475098
0.04835653305053711
0.03690767288208008
0.051339149475097656
0.04474902153015137
0.03691267967224121
0.04590129852294922
0.0053327083587646484
0.008081674575805664
0.03810524940490723
0.04947376251220703
0.040918827056884766
0.053366899490356445
0.04580998420715332
0.044408321380615234
0.039222002029418945
0.04842233657836914
0.03677034378051758
0.046514034271240234
0.03619527816772461
0.048860788345336914
0.0365147590637207
0.04755234718322754
0.006557941436767578
0.006850242614746094
0.0365900993347168
0.04814958572387695
0.040376901626586914
0.05011439323425293
0.041121721267700195
0.05202317237854004
0.04649019241333008
0.03648686408996582
0.055260658264160156
0.06803512573242188
0.04967617988586426
0.039859771728515625
0.04658770561218262
0.039598703384399414
0.01042628288269043
0.0062983036041259766
0.03470182418823242
0.045540809631347656
0.03501725196838379
0.046573638916015625
0.035797834396362305
0.04225516319274902
0.05223512649536133
0.048390865325927734
0.03666949272155762
0.053071022033691406
0.0518343448638916
0.04397726058959961
0.04900026321411133
0.039293766021728516
0.008207321166992188
0.007011890411376953
0.03607749938964844
0.05060005187988281
0.048371076583862305
0.03648257255554199
0.04560708999633789
0.03680920600891113
0.04966163635253906
0.04020118713378906
0.047086238861083984
0.03859663009643555
0.046297311782836914
0.04259300231933594
0.051419973373413086
0.0075833797454833984
0.007741689682006836
0.03506112098693848
0.043244123458862305
0.04043126106262207
0.04909372329711914
0.03667163848876953
0.04758739471435547
0.040790557861328125
0.050495147705078125
0.04307961463928223
0.03608536720275879
0.04971909523010254
0.04166722297668457
0.037744760513305664
0.05212664604187012
0.008039712905883789
0.005623579025268555
0.034949302673339844
0.05080580711364746
0.0450291633605957
0.04001474380493164
0.036219120025634766
0.048888206481933594
0.0419614315032959
0.03572893142700195
0.041844844818115234
0.05091071128845215
0.04376482963562012
0.04139900207519531
0.04860854148864746
0.005898475646972656
0.00591731071472168
0.035865068435668945
0.04648590087890625
0.04592108726501465
0.03473210334777832
0.04287290573120117
0.05254507064819336
0.04689168930053711
0.04100966453552246
0.05105185508728027
0.048239707946777344
0.04595184326171875
0.04030776023864746
0.05152416229248047
0.0384211540222168
0.00532984733581543
0.004757404327392578
0.037604331970214844
0.0516810417175293
0.0455782413482666
0.042259931564331055
0.05690956115722656
0.048492431640625
0.04623079299926758
0.03868222236633301
0.05086636543273926
0.03863239288330078
0.044661760330200195
0.03627157211303711
0.04536914825439453
0.004364728927612305
0.007354736328125
0.03787398338317871
0.049204349517822266
0.045060157775878906
0.037816524505615234
0.04668259620666504
0.03781414031982422
0.046228647232055664
0.03869342803955078
0.04786109924316406
0.037058353424072266
0.046746253967285156
0.04330897331237793
0.05383896827697754
0.041712284088134766
0.012181997299194336
0.004930019378662109
0.032388925552368164
0.043024539947509766
0.05106830596923828
0.04295492172241211
0.03723788261413574
0.04775714874267578
0.03910636901855469
0.051250457763671875
0.040389060974121094
0.056212663650512695
0.04974031448364258
0.04051804542541504
0.050539255142211914
0.042618513107299805
0.008260726928710938
0.0090179443359375
0.03440237045288086
0.05024552345275879
0.04924368858337402
0.045922040939331055
0.04475665092468262
0.058939456939697266
0.05283164978027344
0.04824495315551758
0.040494680404663086
0.05051732063293457
0.04405474662780762
0.03643918037414551
0.0499424934387207
0.008673429489135742
0.006530284881591797
0.03530168533325195
0.043752431869506836
0.05074357986450195
