0.00956416130065918
0.03702139854431152
0.057077884674072266
0.04309535026550293
0.05296063423156738
0.04299187660217285
0.04506039619445801
0.037970781326293945
0.04746580123901367
0.039141178131103516
0.03766274452209473
0.04976487159729004
0.05091094970703125
0.036550283432006836
0.04507565498352051
0.05731511116027832
0.021375417709350586
0.007014274597167969
0.03813791275024414
0.049571990966796875
0.04391765594482422
0.03770589828491211
0.041455984115600586
0.047453880310058594
0.04119586944580078
0.03756999969482422
0.051238298416137695
0.04800057411193848
0.03942513465881348
0.03641247749328613
0.04676628112792969
0.005675315856933594
0.008609533309936523
0.036046743392944336
0.04613065719604492
0.057090044021606445
0.045185089111328125
0.04002785682678223
0.05682706832885742
0.05342388153076172
0.05050230026245117
0.045761823654174805
0.03920245170593262
0.05619025230407715
0.05319952964782715
0.053696632385253906
0.012235164642333984
0.010025978088378906
0.03537726402282715
0.04324531555175781
0.03656196594238281
0.05031776428222656
0.039825439453125
0.04569864273071289
0.0396883487701416
0.03837847709655762
0.05018901824951172
0.041243553161621094
0.0383603572845459
0.05214548110961914
0.0405123233795166
0.007328987121582031
0.009121894836425781
0.0391993522644043
0.0463869571685791
0.03910541534423828
0.054140567779541016
0.03612065315246582
0.06384420394897461
0.035921335220336914
0.03464865684509277
0.047579288482666016
0.04358053207397461
0.039174556732177734
0.04642915725708008
0.03770852088928223
0.04620242118835449
0.04149651527404785
0.01266026496887207
0.008762598037719727
0.03318190574645996
0.04060554504394531
0.04673600196838379
0.03836202621459961
0.050559282302856445
0.044046878814697266
0.03694438934326172
0.05081510543823242
0.04015302658081055
0.0518338680267334
0.050211429595947266
0.04652571678161621
0.04180288314819336
0.034453630447387695
0.06794404983520508
0.08802247047424316
0.013587236404418945
0.03430771827697754
0.04105997085571289
0.0557703971862793
0.0525517463684082
0.052796363830566406
0.05037403106689453
0.05167555809020996
0.05116152763366699
0.053058624267578125
0.04954338073730469
0.042490243911743164
0.05348491668701172
0.010635852813720703
0.0074155330657958984
0.03328847885131836
0.03736090660095215
0.045098304748535156
0.05088162422180176
0.04172253608703613
0.035775184631347656
0.046614646911621094
0.04205751419067383
0.035446882247924805
0.05077385902404785
0.05507159233093262
0.04982757568359375
0.04570436477661133
0.0391690731048584
0.021652936935424805
0.008430719375610352
0.03764629364013672
0.045796871185302734
0.034612178802490234
0.045597076416015625
0.05061173439025879
0.036864519119262695
0.04520535469055176
0.043411970138549805
0.05863499641418457
0.04035449028015137
0.053273677825927734
0.03630948066711426
0.050051212310791016
0.04281735420227051
0.011337757110595703
0.006595134735107422
0.03478813171386719
0.0406951904296875
0.0480036735534668
0.04999208450317383
0.053379058837890625
0.029474496841430664
0.03867316246032715
0.05656886100769043
0.03902840614318848
0.04685783386230469
0.04087233543395996
0.03634166717529297
0.052474260330200195
0.048294782638549805
0.040316104888916016
0.015276193618774414
0.006475687026977539
0.03252530097961426
0.03750920295715332
0.0482792854309082
0.04055333137512207
0.05203127861022949
0.04707932472229004
0.04170656204223633
0.03801679611206055
0.04874730110168457
0.03759169578552246
0.04949831962585449
0.04222846031188965
0.05160069465637207
0.04172563552856445
0.007402658462524414
0.008255481719970703
0.03469657897949219
0.04377031326293945
0.03745841979980469
0.0508122444152832
0.04573392868041992
0.042630910873413086
0.05318903923034668
0.04713153839111328
0.04960346221923828
0.06149625778198242
0.0433042049407959
0.01725625991821289
0.05733823776245117
0.023045063018798828
0.04505109786987305
0.05054664611816406
0.006880998611450195
0.007228851318359375
0.035717010498046875
0.04285311698913574
0.03326678276062012
0.04145479202270508
0.037174224853515625
0.05826234817504883
0.05250716209411621
0.048781394958496094
0.04512834548950195
0.042276859283447266
0.03816723823547363
0.048909902572631836
0.05521059036254883
0.006816864013671875
0.007264852523803711
0.032470703125
0.04363512992858887
0.05379891395568848
0.04772496223449707
0.03886055946350098
0.04506707191467285
0.035301923751831055
0.04547238349914551
0.037525177001953125
0.0480043888092041
0.04317665100097656
0.05284309387207031
0.04842686653137207
0.04776811599731445
0.007768392562866211
0.0066683292388916016
0.03418588638305664
0.04151654243469238
0.03773212432861328
0.04447603225708008
0.03978395462036133
0.04733753204345703
0.04000687599182129
0.05171918869018555
0.047461509704589844
0.035086631774902344
0.04275631904602051
0.03775167465209961
0.05051708221435547
0.04384732246398926
0.012453556060791016
0.0050280094146728516
0.03281521797180176
0.04036521911621094
0.03621077537536621
0.04265403747558594
0.03663921356201172
0.05175018310546875
0.043860435485839844
0.038851022720336914
0.0555262565612793
0.05164194107055664
0.05037522315979004
0.04617047309875488
0.04493260383605957
0.006504535675048828
0.007191181182861328
0.03653907775878906
0.04482269287109375
0.03870391845703125
0.05348372459411621
0.041655540466308594
0.052553653717041016
0.04789376258850098
0.03963875770568848
0.051955223083496094
0.04411625862121582
0.05251288414001465
0.04976177215576172
0.043503761291503906
0.05659794807434082
0.009401082992553711
0.006459951400756836
0.03400897979736328
0.043359994888305664
0.03892970085144043
0.0497279167175293
0.03869748115539551
0.048131465911865234
0.04555463790893555
0.04891180992126465
0.04388546943664551
0.040373802185058594
0.04002976417541504
0.05737042427062988
0.054952144622802734
0.011445045471191406
0.008344411849975586
0.0344090461730957
0.04480409622192383
0.03846096992492676
0.04457378387451172
0.04559326171875
0.03738713264465332
0.049803972244262695
0.04616284370422363
0.03735947608947754
0.05103135108947754
0.04650402069091797
0.040769338607788086
0.03586840629577637
0.008964776992797852
0.006789684295654297
0.03213691711425781
0.03967761993408203
0.05437040328979492
0.047753334045410156
0.039078474044799805
0.04960942268371582
0.04498100280761719
0.03970026969909668
0.054670095443725586
0.05038285255432129
0.042725324630737305
0.03975725173950195
0.054697275161743164
0.01282644271850586
0.006860256195068359
0.03594017028808594
0.04449057579040527
0.05120396614074707
0.04384469985961914
0.03576993942260742
0.04817032814025879
0.04199099540710449
0.03885364532470703
0.05403709411621094
0.04695415496826172
0.045907020568847656
0.05659127235412598
0.04874587059020996
0.00689244270324707
0.005867719650268555
0.03291153907775879
0.03731870651245117
0.04320931434631348
0.051110267639160156
0.051165103912353516
0.041170358657836914
0.03820443153381348
0.04665684700012207
0.036511898040771484
0.04953360557556152
0.05048227310180664
0.037766218185424805
0.051984310150146484
0.05068230628967285
0.007987260818481445
0.006325960159301758
0.03396487236022949
0.03889203071594238
0.049774885177612305
0.04517936706542969
0.043602705001831055
0.05655980110168457
0.0516207218170166
0.0397641658782959
0.05130600929260254
0.03629922866821289
0.045950889587402344
0.04049253463745117
0.055263519287109375
0.05468177795410156
0.012561559677124023
0.007251739501953125
0.0337522029876709
0.04337191581726074
0.05068397521972656
0.0407102108001709
0.05403017997741699
0.048322439193725586
0.03682994842529297
0.0524601936340332
0.04767560958862305
0.04183530807495117
0.041330575942993164
0.0524442195892334
0.050077199935913086
0.009902477264404297
0.008848905563354492
0.036626577377319336
0.04411816596984863
0.04921412467956543
0.046846866607666016
0.05172157287597656
0.04349374771118164
0.034296512603759766
0.047925472259521484
0.042134761810302734
0.03488874435424805
0.04948759078979492
0.05053520202636719
0.045382022857666016
0.006737947463989258
0.00799703598022461
0.03464818000793457
0.042176008224487305
0.035201072692871094
0.04522228240966797
0.04235434532165527
0.03705453872680664
0.05158662796020508
0.05015301704406738
0.04746580123901367
0.046395301818847656
0.041497230529785156
0.0371553897857666
0.051511287689208984
0.00714874267578125
0.006442070007324219
0.0372462272644043
0.047027587890625
0.03895068168640137
0.04793977737426758
0.04187154769897461
0.04054617881774902
0.049613237380981445
0.04312562942504883
0.03876972198486328
0.05081534385681152
0.04605460166931152
0.04130697250366211
0.036576032638549805
0.0067501068115234375
0.008121013641357422
0.036031246185302734
0.04564833641052246
0.03861212730407715
0.04625105857849121
0.03738903999328613
0.04819464683532715
0.04716849327087402
0.03678131103515625
0.04738354682922363
0.04831194877624512
0.04875802993774414
0.04764151573181152
0.04791998863220215
0.0062351226806640625
0.006945610046386719
0.035736799240112305
0.04216909408569336
0.05109357833862305
0.04510951042175293
0.04132342338562012
0.038588523864746094
0.052147626876831055
0.04450559616088867
0.056990623474121094
0.05056905746459961
0.043210744857788086
0.03867745399475098
0.05047249794006348
0.006256818771362305
0.00951695442199707
0.03766775131225586
0.043511390686035156
0.05215048789978027
0.045537471771240234
0.05432748794555664
0.045989990234375
0.04152107238769531
0.03668570518493652
0.04610848426818848
0.04514479637145996
0.03772997856140137
0.04967355728149414
0.04518461227416992
0.03729391098022461
0.0070953369140625
0.00535893440246582
0.03394317626953125
0.03949880599975586
0.049367427825927734
0.040384531021118164
0.04996800422668457
0.04338407516479492
0.04015517234802246
0.051549673080444336
0.04992389678955078
0.0491633415222168
0.04375195503234863
0.04174184799194336
0.04162931442260742
0.0062448978424072266
0.007983922958374023
0.03463101387023926
0.04284381866455078
0.05138850212097168
0.04639744758605957
0.03939700126647949
0.05312943458557129
0.04663705825805664
0.045658111572265625
0.04145026206970215
0.056873321533203125
0.052016496658325195
0.05083441734313965
0.04466581344604492
0.00866389274597168
0.009163379669189453
0.03293037414550781
0.04282093048095703
0.053543806076049805
0.04522347450256348
0.037184953689575195
0.05096435546875
0.04210638999938965
0.03697323799133301
0.04664921760559082
0.03765273094177246
0.044564247131347656
0.03869271278381348
0.04362344741821289
0.05217480659484863
0.008769750595092773
0.006357669830322266
0.03419351577758789
0.03985762596130371
0.04906892776489258
0.041976213455200195
0.0559697151184082
0.049820899963378906
0.04183077812194824
0.05338144302368164
0.04956412315368652
0.046302080154418945
0.03968071937561035
0.04833269119262695
0.0397186279296875
0.006768226623535156
0.008254766464233398
0.03726768493652344
0.04634237289428711
0.03808164596557617
0.04412221908569336
0.03837299346923828
0.04864931106567383
0.04092979431152344
0.05430006980895996
0.049818992614746094
0.057070255279541016
0.045954227447509766
0.051299333572387695
0.03909754753112793
0.05303215980529785
0.008548259735107422
0.006508588790893555
0.034207820892333984
0.041610002517700195
0.04832959175109863
0.03907418251037598
0.04884696006774902
0.04323005676269531
0.0367276668548584
0.044446706771850586
0.03879213333129883
0.04657864570617676
0.03912544250488281
0.049663543701171875
0.04323840141296387
0.0424501895904541
0.014172077178955078
0.006983280181884766
0.037827253341674805
0.05013322830200195
0.061052799224853516
0.0531923770904541
0.05394411087036133
0.04277944564819336
0.0508112907409668
0.041883230209350586
0.05377840995788574
0.048735618591308594
0.04128098487854004
0.036681175231933594
0.05050206184387207
0.00626373291015625
0.010538816452026367
0.03789114952087402
0.051712989807128906
0.037336111068725586
0.04619097709655762
0.040984392166137695
0.039138078689575195
0.04926156997680664
0.0412755012512207
0.047071218490600586
0.04186201095581055
0.05209159851074219
0.04146385192871094
0.04123067855834961
0.00662994384765625
0.009706735610961914
0.03327655792236328
0.04351472854614258
0.05008435249328613
0.0401303768157959
0.037458181381225586
0.12941718101501465
0.13245582580566406
0.12734651565551758
0.12543416023254395
0.22796034812927246
0.2556788921356201
0.11045551300048828
0.08646273612976074
0.16753554344177246
0.16261935234069824
0.008145332336425781
0.12996506690979004
0.11843180656433105
0.25188589096069336
0.2955787181854248
0.1583116054534912
0.29338932037353516
0.15645432472229004
0.2932753562927246
0.16090846061706543
0.29706406593322754
0.30466794967651367
0.15897035598754883
0.28943395614624023
0.15744638442993164
0.25333642959594727
0.22558927536010742
0.006406068801879883
0.004832029342651367
0.06121659278869629
0.044712066650390625
0.05500173568725586
0.037638187408447266
0.03440403938293457
0.048731327056884766
0.04512667655944824
0.03672528266906738
0.04877114295959473
0.04342222213745117
0.040344953536987305
0.0510101318359375
0.04067587852478027
0.05009794235229492
0.004370689392089844
0.007475137710571289
0.032309532165527344
0.045169830322265625
0.047139644622802734
0.04278850555419922
0.04073596000671387
0.051744699478149414
0.04631614685058594
0.04032087326049805
0.05015993118286133
0.035405874252319336
0.04911446571350098
0.03863215446472168
0.04822587966918945
0.03769207000732422
0.006022214889526367
0.00658869743347168
0.03527975082397461
0.0480046272277832
0.06020998954772949
0.04275965690612793
0.04735112190246582
0.057784318923950195
0.044168949127197266
0.0409846305847168
0.05071902275085449
0.04400444030761719
0.03775763511657715
0.050676584243774414
0.038736581802368164
0.04920601844787598
0.007333517074584961
0.006909370422363281
0.03462553024291992
0.0420374870300293
0.0529940128326416
0.049422502517700195
0.04152274131774902
0.047068119049072266
0.0362546443939209
0.04826521873474121
0.03796982765197754
0.050282955169677734
0.04212355613708496
0.04807543754577637
0.04450345039367676
0.03779292106628418
0.00595855712890625
0.007539272308349609
0.03559255599975586
0.04265856742858887
0.03826642036437988
0.05370807647705078
0.05308985710144043
0.04295825958251953
0.05007362365722656
0.04407000541687012
0.04980039596557617
0.044878244400024414
0.04998135566711426
0.039986371994018555
0.05478477478027344
0.049181222915649414
0.008005857467651367
0.011022329330444336
0.034864187240600586
0.04102182388305664
0.05171632766723633
0.038218021392822266
0.04725193977355957
0.04062819480895996
0.04777050018310547
0.0432286262512207
0.05334734916687012
0.04488778114318848
0.03756093978881836
0.04570913314819336
0.03968405723571777
0.04357600212097168
0.005135059356689453
0.006338357925415039
0.03588533401489258
0.04654955863952637
0.02737879753112793
0.03935050964355469
0.04789161682128906
0.05644345283508301
0.05006098747253418
0.051099538803100586
0.04237008094787598
0.05312061309814453
0.04891037940979004
0.03771376609802246
0.04764437675476074
0.0478212833404541
0.05960345268249512
0.010030031204223633
0.00592041015625
0.03150606155395508
0.04144930839538574
0.0531618595123291
0.04739189147949219
0.045191287994384766
0.05269312858581543
0.0704655647277832
0.05700325965881348
0.05055046081542969
0.04282331466674805
0.05470895767211914
0.056978464126586914
0.047883033752441406
0.0061798095703125
0.00896000862121582
0.03525280952453613
0.03822803497314453
0.045664310455322266
0.03814077377319336
0.04279899597167969
0.05227065086364746
0.0450894832611084
0.04050040245056152
0.050043344497680664
0.04404807090759277
0.044469594955444336
0.04692554473876953
0.04358530044555664
0.03587460517883301
0.007107734680175781
0.0076830387115478516
0.0397801399230957
0.04561114311218262
0.04010272026062012
0.051262855529785156
0.04685783386230469
0.04075360298156738
0.04574179649353027
0.049294233322143555
0.04344677925109863
0.03403806686401367
0.042401790618896484
0.03394007682800293
0.04093217849731445
0.04976916313171387
0.009493827819824219
0.00845956802368164
0.0393526554107666
0.05223512649536133
0.04192018508911133
0.05144214630126953
0.044385433197021484
0.03529500961303711
0.04461169242858887
0.04732775688171387
0.0412745475769043
0.04891037940979004
0.04101967811584473
0.05519723892211914
0.0496678352355957
0.03442525863647461
0.009451866149902344
0.007738351821899414
0.0390934944152832
0.04818296432495117
0.03624105453491211
0.04472184181213379
0.05397295951843262
0.0466463565826416
0.04078412055969238
0.05172848701477051
0.03999829292297363
0.06151151657104492
0.039833784103393555
0.05306363105773926
0.05078601837158203
0.042928218841552734
0.009094476699829102
0.007766246795654297
0.03493213653564453
0.044768571853637695
0.03791475296020508
0.0438539981842041
0.0633554458618164
0.03634214401245117
0.13067078590393066
0.030877113342285156
0.03753924369812012
0.04824233055114746
0.04355168342590332
0.05605459213256836
0.04332447052001953
0.05495882034301758
0.04821443557739258
0.05423140525817871
0.00973653793334961
0.018715620040893555
0.06872320175170898
0.03859758377075195
0.04974675178527832
0.03620409965515137
0.03299999237060547
0.04703116416931152
0.038190603256225586
0.04554009437561035
0.03771352767944336
0.0455167293548584
0.03950142860412598
0.053070783615112305
0.04954791069030762
0.037960052490234375
0.05043482780456543
0.05585646629333496
0.006933927536010742
0.006933450698852539
0.03469038009643555
0.041823625564575195
0.05091524124145508
0.04098320007324219
0.04604291915893555
0.04193401336669922
0.037728071212768555
0.05240583419799805
0.03355598449707031
0.02624201774597168
0.0366060733795166
0.048482656478881836
0.03821992874145508
0.04832196235656738
0.007185220718383789
0.006514787673950195
0.0328373908996582
0.0439603328704834
0.031700849533081055
0.03954744338989258
0.04828166961669922
0.04540443420410156
0.04011225700378418
0.048595428466796875
0.04252266883850098
0.05136275291442871
0.042810678482055664
0.035825490951538086
0.052202463150024414
0.046262264251708984
0.01386713981628418
0.0061702728271484375
0.03569197654724121
0.04443550109863281
0.03578639030456543
0.046601295471191406
0.040703773498535156
0.05213332176208496
0.044927358627319336
0.03955698013305664
0.05202627182006836
0.050244808197021484
0.05963468551635742
0.05894923210144043
0.047161102294921875
0.005789279937744141
0.005127429962158203
0.0357058048248291
0.0434267520904541
0.05006289482116699
0.04344296455383301
0.03569197654724121
0.05029797554016113
0.04424476623535156
0.03946232795715332
0.04744386672973633
0.04006600379943848
0.05170583724975586
0.044354915618896484
0.05212545394897461
0.05348324775695801
0.007162332534790039
0.0066683292388916016
0.034822702407836914
0.04448223114013672
0.04002499580383301
0.035430908203125
0.04404902458190918
0.03936481475830078
0.0363309383392334
0.0457453727722168
0.04295706748962402
0.03701639175415039
0.05118250846862793
0.0456690788269043
0.038155555725097656
0.00807332992553711
0.007627964019775391
0.03534388542175293
0.04193282127380371
0.051416635513305664
0.04515576362609863
0.0429835319519043
0.05104207992553711
0.0339510440826416
0.04905200004577637
0.04984641075134277
0.05051565170288086
0.04024338722229004
0.05698561668395996
0.0492100715637207
0.00803518295288086
0.007333040237426758
0.033513784408569336
0.04713010787963867
0.0574336051940918
0.04805302619934082
0.0442957878112793
0.03888368606567383
0.04793357849121094
0.043938636779785156
0.040357112884521484
0.05137753486633301
0.04612231254577637
0.047461509704589844
0.041483402252197266
0.045732975006103516
0.00893855094909668
0.006870746612548828
0.03485107421875
0.033692121505737305
0.04598259925842285
0.04619455337524414
0.05886363983154297
0.03928995132446289
0.05071592330932617
0.04586362838745117
0.0427250862121582
0.05125999450683594
0.04725790023803711
0.037000417709350586
0.04833817481994629
0.03754281997680664
0.007400035858154297
0.007781505584716797
0.034346818923950195
0.04564476013183594
0.03679323196411133
0.05463862419128418
0.04102730751037598
0.05106401443481445
0.04269862174987793
0.0402529239654541
0.03718757629394531
0.053566694259643555
0.0469813346862793
0.038038015365600586
0.05132627487182617
0.008281230926513672
0.006163597106933594
0.03450608253479004
0.04212212562561035
0.05430960655212402
0.044519901275634766
0.038811683654785156
0.048987388610839844
0.04034614562988281
0.050840139389038086
0.04890084266662598
0.0370330810546875
0.046059370040893555
0.042145490646362305
0.036899566650390625
0.046682119369506836
0.018058300018310547
0.00990152359008789
0.03465008735656738
0.04713153839111328
0.0390925407409668
0.051779985427856445
0.042024850845336914
0.03872990608215332
0.03461503982543945
0.04966473579406738
0.04558610916137695
0.04209303855895996
0.04270219802856445
0.03737187385559082
0.04524588584899902
0.005924224853515625
0.009347677230834961
0.03613543510437012
0.044466495513916016
0.037674665451049805
0.044620513916015625
0.03790783882141113
0.05019330978393555
0.0489659309387207
0.03579521179199219
0.04523301124572754
0.03990912437438965
0.03928518295288086
0.05122256278991699
0.03940701484680176
0.011741161346435547
0.0077130794525146484
0.03607177734375
0.04806017875671387
0.03563356399536133
0.04623746871948242
0.04107236862182617
0.03427481651306152
0.0449371337890625
0.03796720504760742
0.04583621025085449
0.0392603874206543
0.04931497573852539
0.04350447654724121
0.052918195724487305
0.03674721717834473
0.00870823860168457
0.009482860565185547
0.0371251106262207
0.04226350784301758
0.05253767967224121
0.052919864654541016
0.04895424842834473
0.04480791091918945
0.03827786445617676
0.046709299087524414
0.042191505432128906
0.03659391403198242
0.0522768497467041
0.0970604419708252
0.02293086051940918
0.05203700065612793
0.009516477584838867
0.007670402526855469
0.033716440200805664
0.035617828369140625
0.046355247497558594
0.0564115047454834
0.06553411483764648
0.04065752029418945
0.039629459381103516
0.051563262939453125
0.04098200798034668
0.04843640327453613
0.043294668197631836
0.049926042556762695
0.04380345344543457
0.09672331809997559
0.023117542266845703
0.007134199142456055
0.03545713424682617
0.03560185432434082
0.04580497741699219
0.03828859329223633
0.04158353805541992
0.048926353454589844
0.037613630294799805
0.0472409725189209
0.04361319541931152
0.055872440338134766
0.05384635925292969
0.04417848587036133
0.05139970779418945
0.04286551475524902
0.009292840957641602
0.006743192672729492
0.038550376892089844
0.04521679878234863
0.03844952583312988
0.0475306510925293
0.036520957946777344
0.045621633529663086
0.039392948150634766
0.05130410194396973
0.04398536682128906
0.041971445083618164
0.03719663619995117
0.04977273941040039
0.04834175109863281
0.05826687812805176
0.007162332534790039
0.0066986083984375
0.03177309036254883
0.04944777488708496
0.04636335372924805
0.036509037017822266
0.04717874526977539
0.04411768913269043
0.046166419982910156
0.05961894989013672
0.05148816108703613
0.050968170166015625
0.0472867488861084
0.0390470027923584
0.0502626895904541
0.005484104156494141
0.007737636566162109
0.03608298301696777
0.045011281967163086
0.036588430404663086
0.045117855072021484
0.03886890411376953
0.046250104904174805
0.038158416748046875
0.04826974868774414
0.045224666595458984
0.04102492332458496
0.03913426399230957
0.05442404747009277
0.04533886909484863
0.0074841976165771484
0.005915403366088867
0.037722110748291016
0.046741485595703125
0.04027271270751953
0.05138969421386719
0.04684853553771973
0.03698921203613281
0.04416322708129883
0.040218353271484375
0.04837989807128906
0.04279208183288574
0.05376553535461426
0.046561241149902344
0.03961181640625
0.04976606369018555
0.005481243133544922
0.0074596405029296875
0.03738832473754883
0.04867672920227051
0.05614447593688965
0.04480791091918945
0.04678845405578613
0.03733420372009277
0.050728559494018555
0.042473793029785156
0.05103635787963867
0.04731249809265137
0.05379009246826172
0.04426097869873047
0.035376548767089844
0.04553627967834473
0.011882781982421875
0.005200386047363281
0.03381943702697754
0.04363703727722168
0.04011225700378418
0.05776381492614746
0.02384495735168457
0.050211191177368164
0.03960394859313965
0.04852008819580078
0.03988194465637207
0.054028987884521484
0.047163963317871094
0.0373997688293457
0.04982447624206543
0.038360595703125
0.010085344314575195
0.007296085357666016
0.03284263610839844
0.04501628875732422
0.039864540100097656
0.048577070236206055
0.050100088119506836
0.04046940803527832
0.05373859405517578
0.047246456146240234
0.043427467346191406
0.03516435623168945
0.04187321662902832
0.040047407150268555
0.054833412170410156
0.006596803665161133
0.005151510238647461
0.03181576728820801
0.038680315017700195
0.047104597091674805
0.03996920585632324
0.05100893974304199
0.049581050872802734
0.04993724822998047
0.04508328437805176
0.0398712158203125
0.03460359573364258
0.04976534843444824
0.04363870620727539
0.03490710258483887
0.00649261474609375
0.008184194564819336
0.0337369441986084
0.03970193862915039
0.055502891540527344
0.04830574989318848
0.04190254211425781
0.05309438705444336
0.04353022575378418
0.0380861759185791
0.05052995681762695
0.039926767349243164
0.05203843116760254
0.045133352279663086
0.03880715370178223
0.059049129486083984
0.010721206665039062
0.006041526794433594
0.03302168846130371
0.04867887496948242
0.043677568435668945
0.04027223587036133
0.0488433837890625
0.04280567169189453
0.03665661811828613
0.04770326614379883
0.04199337959289551
0.04722261428833008
0.17234373092651367
0.035776376724243164
0.050406455993652344
0.10587573051452637
0.06658792495727539
0.007122516632080078
0.06414556503295898
0.04990053176879883
0.0417025089263916
0.18429255485534668
0.03983950614929199
0.04804396629333496
0.16661763191223145
0.18624091148376465
0.04626154899597168
0.17029762268066406
0.04329967498779297
0.054834842681884766
0.18582916259765625
0.20049524307250977
0.009176015853881836
0.008204221725463867
0.039342641830444336
0.10422062873840332
0.05260181427001953
0.04889249801635742
0.16253113746643066
0.20190668106079102
0.08007025718688965
0.138016939163208
0.04928445816040039
0.04137468338012695
0.1536881923675537
0.043747901916503906
0.0590054988861084
0.16967296600341797
0.12549400329589844
0.005285024642944336
0.03612637519836426
0.04505348205566406
0.15421247482299805
0.17183804512023926
0.05339550971984863
0.16248703002929688
0.03941655158996582
0.053228139877319336
0.16736841201782227
0.04709482192993164
0.04900527000427246
0.1783592700958252
0.18023395538330078
0.02248668670654297
0.006568193435668945
0.03833293914794922
0.13879847526550293
0.0554804801940918
0.04533839225769043
0.15770411491394043
0.17497730255126953
0.04844403266906738
0.16137290000915527
0.178847074508667
0.053680419921875
0.15563249588012695
0.16060471534729004
0.0500946044921875
0.037982940673828125
0.007509946823120117
0.12629389762878418
0.032274484634399414
0.03669857978820801
0.16342568397521973
0.15832281112670898
0.048892974853515625
0.04127359390258789
0.15065550804138184
0.04673504829406738
0.0634312629699707
0.0548250675201416
0.04081869125366211
0.038823604583740234
0.052494049072265625
0.05062150955200195
0.007297515869140625
0.005852937698364258
0.03677701950073242
0.04641103744506836
0.037676334381103516
0.051033973693847656
0.043108463287353516
0.04006242752075195
0.05434298515319824
0.03716230392456055
0.04886651039123535
0.04546380043029785
0.03570151329040527
0.04790139198303223
0.04482603073120117
0.008043766021728516
0.005714893341064453
0.03690195083618164
0.04799604415893555
0.042342185974121094
0.03692746162414551
0.04582834243774414
0.040729522705078125
0.03805828094482422
0.03422832489013672
0.04491114616394043
0.04315495491027832
0.03882122039794922
0.04166150093078613
0.03513073921203613
0.00951075553894043
0.006656169891357422
0.03313446044921875
0.04288053512573242
0.03686237335205078
0.048998355865478516
0.03805375099182129
0.050066471099853516
0.04518580436706543
0.03934621810913086
0.053981781005859375
0.04479670524597168
0.04048943519592285
0.034247398376464844
0.04706907272338867
0.006777048110961914
0.007744550704956055
0.032962799072265625
0.04456496238708496
0.03790712356567383
0.0456242561340332
0.0373835563659668
0.05102038383483887
0.045165061950683594
0.03899884223937988
0.052437543869018555
0.04897022247314453
0.04250383377075195
0.051941633224487305
0.039061784744262695
0.050615787506103516
0.006849050521850586
0.006724357604980469
0.034842729568481445
0.04746603965759277
0.0417482852935791
0.05162620544433594
0.04201340675354004
0.051484107971191406
0.04503917694091797
0.037652015686035156
0.05014848709106445
0.04305124282836914
0.03756427764892578
0.049866676330566406
0.045511722564697266
0.005452632904052734
0.005244731903076172
0.03369402885437012
0.04422354698181152
0.051761627197265625
0.03890538215637207
0.0516972541809082
0.04631447792053223
0.03650045394897461
0.048613548278808594
0.041155338287353516
0.05432271957397461
0.04605674743652344
0.05135035514831543
0.04600024223327637
0.03911709785461426
0.007088184356689453
0.0070760250091552734
0.03442692756652832
0.0450289249420166
0.03664684295654297
0.04758882522583008
0.042389631271362305
0.048302650451660156
0.03477811813354492
0.04325675964355469
0.04167604446411133
0.03654026985168457
0.053449153900146484
0.046416282653808594
0.03746914863586426
0.04729723930358887
0.008844852447509766
0.007964849472045898
0.03383660316467285
0.05351114273071289
0.03882431983947754
0.05208134651184082
0.04585599899291992
0.04137587547302246
0.049779415130615234
0.04802680015563965
0.04143571853637695
0.035663604736328125
0.04742074012756348
0.03960990905761719
0.049204349517822266
0.005640983581542969
0.005445957183837891
0.03211355209350586
0.039412498474121094
0.049345970153808594
0.04111909866333008
0.04918861389160156
0.037683963775634766
0.0505518913269043
0.04030156135559082
0.04969167709350586
0.039113759994506836
0.04789996147155762
0.03759455680847168
0.04982352256774902
0.042047977447509766
0.012369155883789062
0.006071805953979492
0.035628318786621094
0.04442310333251953
0.03580307960510254
0.04719209671020508
0.052018165588378906
0.04003787040710449
0.0494081974029541
0.042325496673583984
0.05000138282775879
0.04098773002624512
0.05262422561645508
0.04349803924560547
0.03673195838928223
0.05001330375671387
0.0060994625091552734
0.00754094123840332
0.03598380088806152
0.04476571083068848
0.044135332107543945
0.05218315124511719
0.04054975509643555
0.03627514839172363
0.0512700080871582
0.04637789726257324
0.03675675392150879
0.045241355895996094
0.03836631774902344
0.0498042106628418
0.04406595230102539
0.054389238357543945
0.010875701904296875
0.0054171085357666016
0.03297996520996094
0.04279804229736328
0.047185659408569336
0.0374298095703125
0.04915022850036621
0.045961856842041016
0.04326033592224121
0.05207538604736328
0.044046878814697266
0.03741931915283203
0.04096078872680664
0.050067901611328125
0.03939032554626465
0.051496267318725586
0.005910396575927734
0.007380247116088867
0.036647796630859375
0.048271894454956055
0.05360698699951172
0.04581451416015625
0.03287005424499512
0.0401911735534668
0.04406857490539551
0.037420034408569336
0.04598665237426758
0.03630781173706055
0.04643511772155762
0.04011225700378418
0.04754757881164551
0.042088985443115234
0.0056645870208740234
0.0077173709869384766
0.04059600830078125
0.05265092849731445
0.04249739646911621
0.05027461051940918
0.03791689872741699
0.0477757453918457
0.03768324851989746
0.04474449157714844
0.03805208206176758
0.04549527168273926
0.04020547866821289
0.039307355880737305
0.03644227981567383
0.04680681228637695
0.005604743957519531
0.004856109619140625
0.03340864181518555
0.04378056526184082
0.05197572708129883
0.04625248908996582
0.041059255599975586
0.04822683334350586
0.04254603385925293
0.038175344467163086
0.04908561706542969
0.04425191879272461
0.038652658462524414
0.05243706703186035
0.044751644134521484
0.007761240005493164
0.004980325698852539
0.028949737548828125
0.03543353080749512
0.044585466384887695
0.05371236801147461
0.0384981632232666
0.055650949478149414
0.05016136169433594
0.03283333778381348
0.04215049743652344
0.04945850372314453
0.03858208656311035
0.045694589614868164
0.03912854194641113
0.05422163009643555
0.05164694786071777
0.006861448287963867
0.0051839351654052734
0.03472709655761719
0.043773651123046875
0.03850364685058594
0.04814934730529785
0.04096078872680664
0.05506014823913574
0.05066108703613281
0.04529738426208496
0.04482555389404297
0.05913257598876953
0.05022835731506348
0.04145383834838867
0.05318903923034668
0.011548280715942383
0.00900411605834961
0.0364375114440918
0.04291987419128418
0.04923415184020996
0.03493380546569824
0.04120779037475586
0.04836416244506836
0.03941655158996582
0.0472874641418457
0.0376584529876709
0.04790973663330078
0.04173707962036133
0.038030147552490234
0.04821276664733887
0.03969717025756836
0.011934518814086914
0.005599498748779297
0.034208059310913086
0.04699349403381348
0.036866188049316406
0.043288469314575195
0.049483299255371094
0.04637885093688965
0.03769683837890625
0.04725193977355957
0.04564690589904785
0.04473471641540527
0.038481712341308594
0.047730445861816406
0.04146599769592285
0.051363468170166016
0.005360126495361328
0.0066013336181640625
0.034653425216674805
0.04948997497558594
0.042269229888916016
0.05276155471801758
0.04219174385070801
0.050040245056152344
0.03971290588378906
0.054090023040771484
0.04762983322143555
0.04140472412109375
0.05298614501953125
0.052581787109375
0.0438995361328125
0.038297414779663086
0.007866859436035156
0.006561279296875
0.03986954689025879
0.05279040336608887
0.04835844039916992
0.038404226303100586
0.04784893989562988
0.040093183517456055
0.0398411750793457
0.05112648010253906
0.03920269012451172
0.04959988594055176
0.042293548583984375
0.042345523834228516
0.056894540786743164
0.006798505783081055
0.005160808563232422
0.03443479537963867
0.044182777404785156
0.05084848403930664
0.04377126693725586
0.03690695762634277
0.0505070686340332
0.04748702049255371
0.038472890853881836
0.04932069778442383
0.043746232986450195
0.03571510314941406
0.04684782028198242
0.04094219207763672
0.005669355392456055
0.0069959163665771484
0.05180621147155762
0.06421828269958496
0.03440284729003906
0.042881011962890625
0.03654909133911133
0.05118846893310547
0.04261445999145508
0.036643028259277344
0.048050642013549805
0.040025949478149414
0.050103187561035156
0.044830322265625
0.038843631744384766
0.05275130271911621
0.011977195739746094
0.00588536262512207
0.03329658508300781
0.04285240173339844
0.047312021255493164
0.03709769248962402
0.0444483757019043
0.040724754333496094
0.03554201126098633
0.045386552810668945
0.03722643852233887
0.041352033615112305
0.03569340705871582
0.04589676856994629
0.0421757698059082
0.03632044792175293
0.011254549026489258
0.005197048187255859
0.03304576873779297
0.042871952056884766
0.054543495178222656
0.050940513610839844
0.03987932205200195
0.03992772102355957
0.04972720146179199
0.04355669021606445
0.03753352165222168
0.05194211006164551
0.04061698913574219
0.040051937103271484
0.03917264938354492
0.04993391036987305
0.004904270172119141
0.005853176116943359
0.03644847869873047
0.04785513877868652
0.037161827087402344
0.0463864803314209
0.0404057502746582
0.04282832145690918
0.05070328712463379
0.044048309326171875
0.039014577865600586
0.05419802665710449
0.049521446228027344
0.04254436492919922
0.03688526153564453
0.04828643798828125
0.006847858428955078
0.007927179336547852
0.046221256256103516
0.061638832092285156
0.04271125793457031
0.04931163787841797
0.04183769226074219
0.050922393798828125
0.042081356048583984
0.03804326057434082
0.05424928665161133
0.03936576843261719
0.05346965789794922
0.04777646064758301
0.048325538635253906
0.007062673568725586
0.005278587341308594
0.033859968185424805
0.04851651191711426
0.03879857063293457
0.04990196228027344
0.039698123931884766
0.06281638145446777
0.04018759727478027
0.03876852989196777
0.04473710060119629
0.04105377197265625
0.04866766929626465
0.03946685791015625
0.04952859878540039
0.04187750816345215
0.008004903793334961
0.008898019790649414
0.03604316711425781
0.04892110824584961
0.05650758743286133
0.0471041202545166
0.05572676658630371
0.043134450912475586
0.037090301513671875
0.04272937774658203
0.0481874942779541
0.03782510757446289
0.046926021575927734
0.038075923919677734
0.05096006393432617
0.04716801643371582
0.005336284637451172
0.0066986083984375
0.03825783729553223
0.0495452880859375
0.037128448486328125
0.04574847221374512
0.035535335540771484
0.04844307899475098
0.038275957107543945
0.04120278358459473
0.04974508285522461
0.04065752029418945
0.05017733573913574
0.04766201972961426
0.04424428939819336
0.03823137283325195
0.008476972579956055
0.004738569259643555
0.03151297569274902
0.04420781135559082
0.03571772575378418
0.05563187599182129
0.06889653205871582
0.05037236213684082
0.04277515411376953
0.035926103591918945
0.044846296310424805
0.040868520736694336
0.04850578308105469
0.040865421295166016
0.03811025619506836
0.04896879196166992
0.006273508071899414
0.005224466323852539
0.03316545486450195
0.05034303665161133
0.03925776481628418
0.043550968170166016
0.0513613224029541
0.04682016372680664
0.04029560089111328
0.03732728958129883
0.04630112648010254
0.03874969482421875
0.05897808074951172
0.050496578216552734
0.04752182960510254
0.04910159111022949
0.005277872085571289
0.005438089370727539
0.034191131591796875
0.0450131893157959
0.03870058059692383
0.050948143005371094
0.04687023162841797
0.038877010345458984
0.04667544364929199
0.09542346000671387
0.060019731521606445
0.05557656288146973
0.04216647148132324
0.04279589653015137
0.03695321083068848
0.04919314384460449
0.006017208099365234
0.0065653324127197266
0.03464341163635254
0.04731321334838867
0.036336660385131836
0.04604291915893555
0.03927302360534668
0.035474300384521484
0.05077815055847168
0.044695138931274414
0.04596877098083496
0.049108028411865234
0.06041312217712402
0.04599714279174805
0.05591845512390137
0.009469747543334961
0.00507664680480957
0.03385305404663086
0.04565882682800293
0.034110069274902344
0.045213937759399414
0.03738236427307129
0.049530029296875
0.04305720329284668
0.036173343658447266
0.05082345008850098
0.12586259841918945
0.22806787490844727
0.23085951805114746
0.12554478645324707
0.1359243392944336
0.004101753234863281
0.004832267761230469
0.10306239128112793
0.12581396102905273
0.0826883316040039
0.16485118865966797
0.2999267578125
0.15204215049743652
0.1214442253112793
0.2574491500854492
0.16721892356872559
0.3010692596435547
0.1667327880859375
0.1582016944885254
0.16815710067749023
0.15724635124206543
0.15948843955993652
0.12701892852783203
0.0050852298736572266
0.14764952659606934
0.30196118354797363
0.29018640518188477
0.16419768333435059
0.25957727432250977
0.11847329139709473
0.17256712913513184
0.04545783996582031
0.054551124572753906
0.051345109939575195
0.039639949798583984
0.04560661315917969
0.0338895320892334
0.04372763633728027
0.006272077560424805
0.004729032516479492
0.0339512825012207
0.04627656936645508
0.03608131408691406
0.04697108268737793
0.0383148193359375
0.05087924003601074
0.04146623611450195
0.052199363708496094
0.046729087829589844
0.04096794128417969
0.033799171447753906
0.05027198791503906
0.048732757568359375
0.010895013809204102
0.0054662227630615234
0.035915374755859375
0.04788780212402344
0.04238557815551758
0.056061506271362305
0.046128034591674805
0.035672664642333984
0.04562020301818848
0.03942990303039551
0.04946255683898926
0.04429364204406738
0.03632378578186035
0.050765275955200195
0.04905986785888672
0.01067495346069336
0.00802159309387207
0.03584933280944824
0.04633164405822754
0.03818941116333008
0.05290699005126953
0.043630361557006836
0.05201888084411621
0.04816579818725586
0.04102468490600586
0.04948902130126953
0.0394892692565918
0.04736208915710449
0.04494285583496094
0.03818321228027344
0.04893159866333008
0.006293773651123047
0.009332418441772461
0.037444353103637695
0.0500645637512207
0.042809486389160156
0.03792405128479004
0.04906296730041504
0.04412436485290527
0.050789594650268555
0.04442453384399414
0.038931846618652344
0.052121877670288086
0.0483698844909668
0.0439295768737793
0.03474593162536621
0.008343935012817383
0.00748896598815918
0.03449058532714844
0.04458498954772949
0.03614091873168945
0.04901909828186035
0.038396358489990234
0.049551963806152344
0.044660329818725586
0.03782820701599121
0.0489046573638916
0.04500555992126465
0.03950977325439453
0.04846620559692383
0.0468294620513916
0.006096839904785156
0.007576942443847656
0.03493475914001465
0.04920816421508789
0.04249000549316406
0.0354769229888916
0.04978179931640625
0.037386178970336914
0.051590919494628906
0.04615187644958496
0.03736162185668945
0.05097603797912598
0.04425668716430664
0.03953814506530762
0.04982304573059082
0.007980823516845703
0.008265495300292969
0.035088300704956055
0.04375457763671875
0.0409548282623291
0.05223822593688965
0.04497265815734863
0.03693962097167969
0.04787850379943848
0.0402979850769043
0.047710418701171875
0.04088735580444336
0.04825115203857422
0.03837847709655762
0.049561500549316406
0.04300284385681152
0.0046536922454833984
0.006722450256347656
0.035996198654174805
0.04678463935852051
0.03762674331665039
0.0457308292388916
0.03783297538757324
0.04718160629272461
0.0360410213470459
0.04667019844055176
0.044843435287475586
0.040580034255981445
0.03696918487548828
0.05356931686401367
0.04872560501098633
0.00650787353515625
0.005480527877807617
0.03393411636352539
0.043276309967041016
0.050331830978393555
0.038742780685424805
0.04924416542053223
0.04053759574890137
0.051676273345947266
0.04337501525878906
0.03583168983459473
0.05026102066040039
0.043668508529663086
0.03544187545776367
0.04610705375671387
0.038346290588378906
0.009147405624389648
0.008384466171264648
0.03504347801208496
0.04911184310913086
0.04771614074707031
0.03341341018676758
0.04911994934082031
0.041376590728759766
0.04904437065124512
0.03653979301452637
0.045775413513183594
0.03627777099609375
0.043981075286865234
0.038773298263549805
0.04474949836730957
0.0361180305480957
0.009099483489990234
0.007091522216796875
0.03385472297668457
0.04629683494567871
0.0421297550201416
0.052445173263549805
0.04121828079223633
0.05484199523925781
0.046347856521606445
0.0376124382019043
0.04779982566833496
0.042876243591308594
0.054033756256103516
0.04544663429260254
0.03934311866760254
0.004571676254272461
0.004572629928588867
0.03516530990600586
0.047858476638793945
0.042653560638427734
0.035970449447631836
0.04512953758239746
0.03827238082885742
0.04729437828063965
0.04382061958312988
0.037169694900512695
0.048403024673461914
0.045851707458496094
0.04129290580749512
0.03768038749694824
0.0045642852783203125
0.00730586051940918
0.03467750549316406
0.04790902137756348
0.041693687438964844
0.05311298370361328
0.049552202224731445
0.03895378112792969
0.05216574668884277
0.04609990119934082
0.034842729568481445
0.03849053382873535
0.04734063148498535
0.037766218185424805
0.04940629005432129
0.04695773124694824
0.0040895938873291016
0.005202293395996094
0.032483816146850586
0.04495978355407715
0.053639888763427734
0.04696059226989746
0.03733181953430176
0.04303288459777832
0.0628819465637207
0.041503190994262695
0.0532381534576416
0.050240278244018555
0.041590213775634766
0.056539297103881836
0.04978656768798828
0.03849291801452637
0.011178255081176758
0.006943225860595703
0.033875465393066406
0.04671359062194824
0.05558443069458008
0.048246145248413086
0.0444645881652832
0.05315876007080078
0.04570960998535156
0.05277299880981445
0.0469059944152832
0.04161429405212402
0.04579639434814453
0.037105560302734375
0.04591822624206543
0.03998446464538574
0.007760047912597656
0.004800081253051758
0.03644442558288574
0.051436662673950195
0.03768754005432129
0.047980308532714844
0.04352831840515137
0.03598451614379883
0.047440290451049805
0.04019498825073242
0.03630566596984863
0.046646833419799805
0.03967905044555664
0.03637552261352539
0.04965949058532715
0.006772041320800781
0.0051975250244140625
0.03293132781982422
0.04564404487609863
0.036104440689086914
0.04738020896911621
0.037309885025024414
0.047334909439086914
0.03845643997192383
0.0487055778503418
0.042145490646362305
0.038744211196899414
0.05124640464782715
0.0461580753326416
0.04030275344848633
0.052053213119506836
0.0070497989654541016
0.006036520004272461
0.04328465461730957
0.05372190475463867
0.04741334915161133
0.038100242614746094
0.04013991355895996
0.048137664794921875
0.0432589054107666
0.033499717712402344
0.04524517059326172
0.04163002967834473
0.052130699157714844
0.04498028755187988
0.04976153373718262
0.04202151298522949
0.006837606430053711
0.004862785339355469
0.032001495361328125
0.04648852348327637
0.03861212730407715
0.04827165603637695
0.04082345962524414
0.05033278465270996
0.04272580146789551
0.054062843322753906
0.03727912902832031
0.05215787887573242
0.04538226127624512
0.054754018783569336
0.044115543365478516
0.04006600379943848
0.010387182235717773
0.006128072738647461
0.0339665412902832
0.046990394592285156
0.036971092224121094
0.0471348762512207
0.05031156539916992
0.03870534896850586
0.049317121505737305
0.04493880271911621
0.03599143028259277
0.047029972076416016
0.010720014572143555
0.040773868560791016
0.047002553939819336
0.04298686981201172
0.00506591796875
0.0047795772552490234
0.0358121395111084
0.04838252067565918
0.03806328773498535
0.04904651641845703
0.040190696716308594
0.04589080810546875
0.03634476661682129
0.04739975929260254
0.04329991340637207
0.03913474082946777
0.04990124702453613
0.04333043098449707
0.03588080406188965
0.046175479888916016
0.006323099136352539
0.00745844841003418
0.03504467010498047
0.04673457145690918
0.03945279121398926
0.048569440841674805
0.03805708885192871
0.050878047943115234
0.046356916427612305
0.04120278358459473
0.03674817085266113
0.0454251766204834
0.03784465789794922
0.04805946350097656
0.04280281066894531
0.0053479671478271484
0.007887601852416992
0.03669404983520508
0.047812700271606445
0.05502605438232422
0.047399282455444336
0.036525726318359375
0.04545259475708008
0.05456209182739258
0.047838687896728516
0.03493762016296387
0.043073177337646484
0.034928321838378906
0.04491925239562988
0.03694629669189453
0.06169557571411133
0.04562950134277344
0.010362863540649414
0.0053670406341552734
0.03442740440368652
0.045398712158203125
0.03963518142700195
0.05664563179016113
0.04767870903015137
0.05714893341064453
0.04828906059265137
0.03671598434448242
0.047139644622802734
0.04182624816894531
0.047937631607055664
0.04140305519104004
0.03334379196166992
0.04317355155944824
0.005379915237426758
0.009943008422851562
0.03371620178222656
0.04274892807006836
0.04150581359863281
0.03556370735168457
0.04772806167602539
0.04176902770996094
0.04912853240966797
0.042966365814208984
0.059603214263916016
0.053748369216918945
0.046460866928100586
0.04067564010620117
0.03694295883178711
0.00849771499633789
0.006669521331787109
0.03441786766052246
0.04546856880187988
0.04159092903137207
0.051996469497680664
0.04383730888366699
0.034307241439819336
0.04217076301574707
0.04904890060424805
0.0377504825592041
0.0478513240814209
0.04217362403869629
0.0383303165435791
0.047805070877075195
0.04271054267883301
0.011133432388305664
0.005255222320556641
0.03565716743469238
0.04206442832946777
0.05330395698547363
0.04216456413269043
0.0550537109375
0.04193830490112305
0.04745793342590332
0.03737521171569824
0.04569864273071289
0.04320693016052246
0.05638718605041504
0.048639774322509766
0.045281410217285156
0.03922295570373535
0.013038396835327148
0.005362987518310547
0.03316235542297363
0.043949127197265625
0.036440134048461914
0.05052328109741211
0.04149484634399414
0.05498361587524414
0.04867672920227051
0.05614972114562988
0.044574737548828125
0.03687405586242676
0.04848957061767578
0.03851008415222168
0.051309823989868164
0.04222297668457031
0.009991884231567383
0.0066547393798828125
0.03302264213562012
0.04048418998718262
0.051999568939208984
0.037751197814941406
0.04783749580383301
0.05026102066040039
0.050963640213012695
0.05019021034240723
0.04272937774658203
0.05280876159667969
0.050711870193481445
0.04745340347290039
0.046714067459106445
0.04279303550720215
0.005178213119506836
0.006513357162475586
0.03633308410644531
0.043094635009765625
0.05045509338378906
0.04659891128540039
0.03684663772583008
0.04904985427856445
0.043710947036743164
0.05335593223571777
0.046701669692993164
0.035720109939575195
0.0461275577545166
0.03582000732421875
0.04351496696472168
0.033982276916503906
0.004061698913574219
0.0047969818115234375
0.03315854072570801
0.04243206977844238
0.04544782638549805
0.03871750831604004
0.05000901222229004
0.04303264617919922
0.03557467460632324
0.045931339263916016
0.038338661193847656
0.051796674728393555
0.04518914222717285
0.04109764099121094
0.0499110221862793
0.050440073013305664
0.007055044174194336
0.005929231643676758
0.03650999069213867
0.04652667045593262
0.0422060489654541
0.0469212532043457
0.03727006912231445
0.04873919486999512
0.0393376350402832
0.052976369857788086
0.04239463806152344
0.03614473342895508
0.04759860038757324
0.041449546813964844
0.03407621383666992
0.04793834686279297
0.009711027145385742
0.004807949066162109
0.03400111198425293
0.04157400131225586
0.05537295341491699
0.04473733901977539
0.05333352088928223
0.04608941078186035
0.03622245788574219
0.04484748840332031
0.03954267501831055
0.047750234603881836
0.04267573356628418
0.053128719329833984
0.04205322265625
0.03458666801452637
0.005850553512573242
0.00783991813659668
0.033571720123291016
0.04474377632141113
0.039544105529785156
0.05725598335266113
0.04816746711730957
0.022318363189697266
0.05136609077453613
0.05685281753540039
0.07633018493652344
0.03857231140136719
0.04844832420349121
0.04411602020263672
0.0488433837890625
0.045099735260009766
0.03839874267578125
0.007002115249633789
0.004769086837768555
0.03553152084350586
0.04655766487121582
0.035666465759277344
0.0473935604095459
0.03927206993103027
0.04875993728637695
0.03905844688415527
0.0481257438659668
0.04726886749267578
0.03740215301513672
0.04588198661804199
0.03800225257873535
0.04005932807922363
0.050606727600097656
0.0071828365325927734
0.006927967071533203
0.03290414810180664
0.043488502502441406
0.04025721549987793
0.03407764434814453
0.04615902900695801
0.03569221496582031
0.04663681983947754
0.0435643196105957
0.05219149589538574
0.04645681381225586
0.04054713249206543
0.05335712432861328
0.05068325996398926
0.008312463760375977
0.006787300109863281
0.03216838836669922
0.03391456604003906
0.0410306453704834
0.05105137825012207
0.04563570022583008
0.04079747200012207
0.0491487979888916
0.04263114929199219
0.03321957588195801
0.04550337791442871
0.040987491607666016
0.03552389144897461
0.04794764518737793
0.04551291465759277
0.0055806636810302734
0.006911754608154297
0.03621482849121094
0.04986763000488281
0.042154550552368164
0.035210609436035156
0.044257164001464844
0.04949474334716797
0.04326152801513672
0.049018144607543945
0.04144883155822754
0.050133466720581055
0.03971219062805176
0.05067253112792969
0.0438845157623291
0.03816056251525879
0.008124589920043945
0.007861614227294922
0.03467869758605957
0.04572916030883789
0.03920745849609375
0.053055763244628906
0.04984879493713379
0.03946399688720703
0.049465179443359375
0.04254746437072754
0.03757071495056152
0.0491487979888916
0.044519901275634766
0.03856182098388672
0.05140328407287598
0.0064814090728759766
0.0059814453125
0.033705949783325195
0.04342985153198242
0.036945343017578125
0.04975485801696777
0.04040884971618652
0.0516352653503418
0.04387521743774414
0.0361173152923584
0.04834318161010742
0.04247403144836426
0.04981350898742676
0.041605234146118164
0.04948115348815918
0.04568123817443848
0.006427764892578125
0.009285688400268555
0.03337526321411133
0.04877352714538574
0.04155564308166504
0.05138087272644043
0.04140973091125488
0.05023598670959473
0.04240274429321289
0.04970073699951172
0.036307334899902344
0.048052072525024414
0.04061436653137207
0.04989171028137207
0.047081708908081055
0.039484500885009766
0.011057138442993164
0.004523515701293945
0.03502678871154785
0.05476975440979004
0.04884648323059082
0.039556026458740234
0.05304527282714844
0.04638957977294922
0.0371394157409668
0.05051994323730469
0.04660797119140625
0.03939056396484375
0.05431509017944336
0.04302096366882324
0.034742116928100586
0.00800013542175293
0.008349418640136719
0.037793874740600586
0.04914522171020508
0.04108738899230957
0.04356646537780762
0.050984859466552734
0.04430127143859863
0.04555249214172363
0.03544330596923828
0.04384326934814453
0.03596377372741699
0.04986262321472168
0.04731440544128418
0.04215669631958008
0.036313772201538086
0.010753393173217773
0.006769418716430664
0.036963462829589844
0.053821563720703125
0.04514193534851074
0.03822445869445801
0.05198264122009277
0.05764365196228027
0.06911206245422363
0.04707193374633789
0.038870811462402344
0.048777103424072266
0.04395556449890137
0.03930807113647461
0.05059552192687988
0.04962658882141113
0.007732391357421875
0.0044362545013427734
0.033640384674072266
0.03975534439086914
0.05007433891296387
0.03770852088928223
0.046227216720581055
0.05231952667236328
0.046553611755371094
0.03972291946411133
0.04848766326904297
0.041231393814086914
0.05104517936706543
0.045510292053222656
0.05316448211669922
0.041074514389038086
0.012111186981201172
0.005799293518066406
0.03594088554382324
0.047386884689331055
0.04106307029724121
0.051052093505859375
0.0406193733215332
0.05606842041015625
0.04989194869995117
0.04158782958984375
0.05371737480163574
0.051224470138549805
0.0470738410949707
0.04046201705932617
0.058043718338012695
0.012665510177612305
0.00560760498046875
0.036715030670166016
0.04391360282897949
0.036618709564208984
0.045096397399902344
0.03647208213806152
0.04943203926086426
0.043094635009765625
0.05298566818237305
0.04587388038635254
0.044412851333618164
0.0381622314453125
0.04878664016723633
0.04852890968322754
0.006886005401611328
0.004702091217041016
0.03176403045654297
0.041571855545043945
0.039766550064086914
0.049566030502319336
0.03971219062805176
0.04924154281616211
0.03987765312194824
0.05820298194885254
0.04677128791809082
0.040534019470214844
0.0510714054107666
0.0411219596862793
0.04956936836242676
0.04526352882385254
0.004390239715576172
0.0066967010498046875
0.03927302360534668
0.05447268486022949
0.05093812942504883
0.04391622543334961
0.04943585395812988
0.04062318801879883
0.046668291091918945
0.0374598503112793
0.049645185470581055
0.04351544380187988
0.03879189491271973
0.04876136779785156
0.04082036018371582
0.05117344856262207
0.0058135986328125
0.006009101867675781
0.038691043853759766
0.04895782470703125
0.04779314994812012
0.039411306381225586
0.04873085021972656
0.04304099082946777
0.03611898422241211
0.05030012130737305
0.045469045639038086
0.03921341896057129
0.03561568260192871
0.04667782783508301
0.04145336151123047
0.007603168487548828
0.004864931106567383
0.0324404239654541
0.04610443115234375
0.056583404541015625
0.04400920867919922
0.05066394805908203
0.038748741149902344
0.04967141151428223
0.04196453094482422
0.051580190658569336
0.04631757736206055
0.03643178939819336
0.04960203170776367
0.03585982322692871
0.04682111740112305
0.006698131561279297
0.0055141448974609375
0.03552436828613281
0.04821324348449707
0.053191184997558594
0.04335498809814453
0.03486442565917969
0.04914736747741699
0.037583351135253906
0.04946255683898926
0.042165517807006836
0.05411338806152344
0.04161787033081055
0.038666486740112305
0.04757046699523926
0.04009866714477539
0.0054585933685302734
0.007055521011352539
0.03355884552001953
0.04337024688720703
0.04773306846618652
0.03924393653869629
0.04659295082092285
0.033853769302368164
0.041166067123413086
0.05222463607788086
0.046430110931396484
0.03992271423339844
0.05008435249328613
0.04353833198547363
0.03877854347229004
0.04914379119873047
0.007856369018554688
0.0055811405181884766
0.03515958786010742
0.04502439498901367
0.03757977485656738
0.04362368583679199
0.05288195610046387
0.046132564544677734
0.055022478103637695
0.05119585990905762
0.045717477798461914
0.03648829460144043
0.051445722579956055
0.051698923110961914
0.051659584045410156
0.05739951133728027
0.026144027709960938
0.004675149917602539
0.034673213958740234
0.047989845275878906
0.0387415885925293
0.04964709281921387
0.03878951072692871
0.04667186737060547
0.03661942481994629
0.047158241271972656
0.039726972579956055
0.04822516441345215
0.040403127670288086
0.03460526466369629
0.0390162467956543
0.046936988830566406
0.011810779571533203
0.00663447380065918
0.03751850128173828
0.04754447937011719
0.042324066162109375
0.22467350959777832
0.17699813842773438
0.039826154708862305
0.03940272331237793
0.04306626319885254
0.04633378982543945
0.04601764678955078
0.05534482002258301
0.033847808837890625
0.04768657684326172
0.039060115814208984
0.054556846618652344
0.00845193862915039
0.0215451717376709
0.03956103324890137
0.03206825256347656
0.0588688850402832
0.046857357025146484
0.048865318298339844
0.04629039764404297
0.053205013275146484
0.0059812068939208984
0.017059326171875
0.0407557487487793
0.04744243621826172
0.036371707916259766
0.04247641563415527
0.05375313758850098
0.04240131378173828
0.051000118255615234
0.009788274765014648
0.00572657585144043
0.04664921760559082
0.02240467071533203
0.0462489128112793
0.050807952880859375
0.040891408920288086
0.0518648624420166
0.0373997688293457
0.04412364959716797
0.03611350059509277
0.04966163635253906
0.03849005699157715
0.04475736618041992
0.05764961242675781
0.06306719779968262
0.04178357124328613
0.006601572036743164
0.006378650665283203
0.03454136848449707
0.04143190383911133
0.04900670051574707
0.04132676124572754
0.04109644889831543
0.04397296905517578
0.04653763771057129
0.03657341003417969
0.048040151596069336
0.03528404235839844
0.0458829402923584
0.03698921203613281
0.050209760665893555
0.043591976165771484
0.0069310665130615234
0.006931781768798828
0.03898286819458008
0.04262971878051758
0.04749560356140137
0.04433178901672363
0.05306077003479004
0.04042983055114746
0.051375627517700195
0.044306278228759766
0.04030132293701172
0.055304765701293945
0.05314779281616211
0.07982754707336426
0.01299285888671875
0.039293766021728516
0.051910400390625
0.008770227432250977
0.0074160099029541016
0.03437042236328125
0.043692827224731445
0.03984713554382324
0.053128957748413086
0.0434877872467041
0.0449981689453125
0.04086565971374512
0.049631357192993164
0.04026007652282715
0.05196404457092285
0.042415618896484375
0.0519101619720459
0.04644346237182617
0.04680490493774414
0.011760711669921875
0.008244037628173828
0.03448843955993652
0.04294276237487793
0.03614377975463867
0.04158735275268555
0.0438990592956543
0.051923513412475586
0.046060800552368164
0.03611946105957031
0.05107831954956055
0.041794776916503906
0.03912520408630371
0.051741838455200195
0.04309701919555664
0.038308143615722656
0.008774757385253906
0.012043952941894531
0.036803483963012695
0.043940067291259766
0.03881072998046875
0.05012798309326172
0.039693355560302734
0.046912431716918945
0.038484811782836914
0.05044078826904297
0.04469656944274902
0.09314370155334473
0.014508247375488281
0.03530478477478027
0.046447038650512695
0.03821849822998047
0.04965353012084961
0.007525205612182617
0.011132955551147461
0.035382986068725586
0.04451274871826172
0.04041552543640137
0.05400824546813965
0.04581904411315918
0.0527493953704834
0.04254722595214844
0.053797245025634766
0.047354936599731445
0.0537261962890625
0.037514686584472656
0.044213056564331055
0.054727792739868164
0.04979252815246582
0.011341571807861328
0.009404659271240234
0.037157535552978516
0.04248380661010742
0.054026126861572266
0.047182321548461914
0.03536272048950195
0.04815530776977539
0.040180206298828125
0.04933953285217285
0.041948795318603516
0.058103322982788086
0.03927111625671387
0.08485293388366699
0.020161151885986328
0.08560371398925781
0.03354668617248535
0.04470992088317871
0.059290409088134766
0.011955022811889648
0.01010894775390625
0.03656506538391113
0.03222155570983887
0.04525876045227051
0.03670167922973633
0.04310750961303711
0.051300048828125
0.0487055778503418
0.03913259506225586
0.04539847373962402
0.03545069694519043
0.034603118896484375
0.0441281795501709
0.039608001708984375
0.04774594306945801
0.0373225212097168
0.012056589126586914
0.007398128509521484
0.03212261199951172
0.09356522560119629
0.13954710960388184
0.01630544662475586
0.020649433135986328
0.038222312927246094
0.04401206970214844
0.038861751556396484
0.08124804496765137
0.033214569091796875
0.04326486587524414
0.0389409065246582
0.04957461357116699
0.04510855674743652
0.04044699668884277
0.03554177284240723
0.049036502838134766
0.0066564083099365234
0.008243322372436523
0.03405499458312988
0.04311847686767578
0.04982900619506836
0.04386258125305176
0.050716400146484375
0.04144406318664551
0.03726363182067871
0.048627376556396484
0.32057976722717285
0.16992688179016113
0.05527806282043457
0.04385018348693848
0.06040191650390625
0.03852653503417969
0.0496060848236084
0.0071239471435546875
0.006612300872802734
0.03638291358947754
0.042085886001586914
0.04630684852600098
0.039073944091796875
0.04850411415100098
0.03684806823730469
0.051450490951538086
0.04981231689453125
0.04242873191833496
0.033039093017578125
0.03786206245422363
0.053910255432128906
0.051386356353759766
0.04526638984680176
0.008580923080444336
0.008375406265258789
0.03155112266540527
0.03559303283691406
0.040170907974243164
0.052182912826538086
0.03535270690917969
0.04919767379760742
0.044876813888549805
0.05336594581604004
0.04899883270263672
0.0389246940612793
0.05342888832092285
0.04508161544799805
0.05121421813964844
0.03988075256347656
0.00858759880065918
0.007943868637084961
0.0341341495513916
0.04176735877990723
0.05135846138000488
0.04654240608215332
0.03773903846740723
0.06536722183227539
0.045891523361206055
0.05336570739746094
0.0429995059967041
0.04677248001098633
0.03818464279174805
0.04763221740722656
0.044066429138183594
0.0381474494934082
0.046785831451416016
0.0065915584564208984
0.007775545120239258
0.034072160720825195
0.05816054344177246
0.07382798194885254
0.06323981285095215
0.05447244644165039
0.0502018928527832
0.04754638671875
0.03850388526916504
0.0550999641418457
0.05106234550476074
0.04258418083190918
0.044754981994628906
0.05527448654174805
0.01849818229675293
0.005388975143432617
0.03568720817565918
0.04690217971801758
0.038365840911865234
0.05166292190551758
0.044228315353393555
0.04192781448364258
0.04018211364746094
0.05705714225769043
0.0486757755279541
0.04286527633666992
0.03888368606567383
0.0481264591217041
0.04179739952087402
0.007088422775268555
0.007452487945556641
0.03343939781188965
0.04234623908996582
0.03772163391113281
0.048898935317993164
0.038021087646484375
0.05236339569091797
0.05112719535827637
0.04195737838745117
0.036194562911987305
0.044854164123535156
0.04888629913330078
0.039656877517700195
0.049309492111206055
0.0397186279296875
0.0069789886474609375
0.008718490600585938
0.036521196365356445
0.04004335403442383
0.04809427261352539
0.04028058052062988
0.05322456359863281
0.04487442970275879
0.04022812843322754
0.049072980880737305
0.040802001953125
0.05165576934814453
0.044504642486572266
0.03849196434020996
0.05202603340148926
0.046045780181884766
0.004795551300048828
0.0068721771240234375
0.03374528884887695
0.04031968116760254
0.05250144004821777
0.04264020919799805
0.04756331443786621
0.04117465019226074
0.051595449447631836
0.045935630798339844
0.039945363998413086
0.04813194274902344
0.03874778747558594
0.047655582427978516
0.03500676155090332
0.0471956729888916
0.0068094730377197266
0.00617671012878418
0.034060001373291016
0.0379490852355957
0.04901552200317383
0.03782296180725098
0.04844093322753906
0.03810620307922363
0.05126333236694336
0.04451131820678711
0.04057955741882324
0.050461530685424805
0.042490243911743164
0.04965353012084961
0.040398359298706055
0.04993724822998047
0.0080413818359375
0.0061206817626953125
0.03365683555603027
0.041121482849121094
0.05077815055847168
0.0460662841796875
0.03915262222290039
0.046492576599121094
0.037351131439208984
0.04701089859008789
0.050597429275512695
0.04647183418273926
0.03940224647521973
0.04755663871765137
0.044470787048339844
0.037615299224853516
0.010826587677001953
0.005490303039550781
0.03262591361999512
0.04354262351989746
0.050238847732543945
0.04316067695617676
0.036333322525024414
0.04589509963989258
0.04115414619445801
0.03619027137756348
0.04919290542602539
0.0436244010925293
0.036527156829833984
0.04764556884765625
0.05024003982543945
0.006653547286987305
0.006849050521850586
0.03197050094604492
0.04373025894165039
0.03657197952270508
0.04666948318481445
0.038925886154174805
0.036882877349853516
0.046875953674316406
0.04197525978088379
0.03452706336975098
0.04373002052307129
0.0379788875579834
0.05236005783081055
0.0373988151550293
0.04823112487792969
0.005983829498291016
0.00836491584777832
0.034378767013549805
0.041228294372558594
0.05195355415344238
0.044860124588012695
0.03901314735412598
0.04797053337097168
0.04268622398376465
0.0362856388092041
0.04904818534851074
0.04471564292907715
0.03803730010986328
0.05135607719421387
0.04739809036254883
0.005786895751953125
0.0072498321533203125
0.03209948539733887
0.03883767127990723
0.048442840576171875
0.038547515869140625
0.049768686294555664
0.04142189025878906
0.03917050361633301
0.04895615577697754
0.048970937728881836
0.05318927764892578
0.12737250328063965
0.22697973251342773
0.12682771682739258
0.2292802333831787
0.005698680877685547
0.009257078170776367
0.09567999839782715
0.1266798973083496
0.13010215759277344
0.33441877365112305
0.16724085807800293
0.3008229732513428
0.14592742919921875
0.1631016731262207
0.16753864288330078
0.14988446235656738
0.1608138084411621
0.15804719924926758
0.15836358070373535
0.29811739921569824
0.29694342613220215
0.006472349166870117
0.13690710067749023
0.15654659271240234
0.16458916664123535
0.1586904525756836
0.12673187255859375
0.19364404678344727
0.08255505561828613
0.09325051307678223
0.037446022033691406
0.0518193244934082
0.04219412803649902
0.03892230987548828
0.047441959381103516
0.03906750679016113
0.08192276954650879
0.007724285125732422
0.007305622100830078
0.03634285926818848
0.05294036865234375
0.04446721076965332
0.03495192527770996
0.046933889389038086
0.034105539321899414
0.045362234115600586
0.03729844093322754
0.052205801010131836
0.051013946533203125
0.04021739959716797
0.055652618408203125
0.05460381507873535
0.005122184753417969
0.007177591323852539
0.03149557113647461
0.04187297821044922
0.05141139030456543
0.04518580436706543
0.03954601287841797
0.03447294235229492
0.046175479888916016
0.039412736892700195
0.042560577392578125
0.052831411361694336
0.043057918548583984
0.04071760177612305
0.03805065155029297
0.05697751045227051
0.01747608184814453
0.0069196224212646484
0.037507057189941406
0.051835060119628906
0.04511666297912598
0.0363154411315918
0.04894733428955078
0.043549299240112305
0.03378462791442871
0.0448153018951416
0.050199031829833984
0.03939223289489746
0.04800295829772949
0.03840041160583496
0.047307491302490234
0.03812670707702637
0.009017467498779297
0.008124828338623047
0.035189151763916016
0.05244755744934082
0.041602134704589844
0.03283047676086426
0.047685861587524414
0.0391993522644043
0.0493779182434082
0.04181528091430664
0.038500070571899414
0.036402225494384766
0.04931330680847168
0.04799842834472656
0.039180755615234375
0.009865283966064453
0.0048024654388427734
0.03446674346923828
0.041031837463378906
0.05416107177734375
0.04409193992614746
0.04093217849731445
0.03316497802734375
0.0463864803314209
0.03865385055541992
0.047902822494506836
0.04569745063781738
0.056116342544555664
0.050180912017822266
0.04622769355773926
0.005975961685180664
0.009067535400390625
0.03937935829162598
0.04904460906982422
0.04428362846374512
0.039369821548461914
0.03569626808166504
0.03727531433105469
0.049155473709106445
0.03724408149719238
0.047575950622558594
0.04288291931152344
0.03661179542541504
0.04768228530883789
0.04356217384338379
0.05211973190307617
0.0058591365814208984
0.006566286087036133
0.03406357765197754
0.04736447334289551
0.034798622131347656
0.044153451919555664
0.03473043441772461
0.04389047622680664
0.03930473327636719
0.05160808563232422
0.03811049461364746
0.0464940071105957
0.04226970672607422
0.04928112030029297
0.04436969757080078
0.05019712448120117
0.0071833133697509766
0.006749868392944336
0.03387570381164551
0.046685218811035156
0.03643369674682617
0.048395633697509766
0.039546966552734375
0.05070137977600098
0.04122352600097656
0.03568601608276367
0.048636436462402344
0.043552398681640625
0.040836334228515625
0.03965282440185547
0.050730228424072266
0.006012678146362305
0.006129741668701172
0.036261796951293945
0.04001045227050781
0.03550267219543457
0.045435428619384766
0.04172372817993164
0.03729534149169922
0.04920148849487305
0.04514050483703613
0.05066108703613281
0.04256272315979004
0.03566455841064453
0.04640793800354004
0.04009246826171875
0.05210256576538086
0.0054473876953125
0.007013797760009766
0.034818410873413086
0.049781084060668945
0.047187089920043945
0.05575752258300781
0.045351505279541016
0.038620948791503906
0.046534061431884766
0.054801225662231445
0.04996800422668457
0.04410839080810547
0.04140877723693848
0.059061527252197266
0.04876136779785156
0.005761861801147461
0.00749516487121582
0.032524824142456055
0.04774284362792969
0.04219198226928711
0.03605961799621582
0.05016732215881348
0.05141782760620117
0.04955935478210449
0.04465031623840332
0.038143157958984375
0.04826760292053223
0.050376176834106445
0.04179549217224121
0.04902839660644531
0.007605552673339844
0.008634567260742188
0.03300023078918457
0.044411420822143555
0.036000967025756836
0.04717445373535156
0.039807796478271484
0.033983469009399414
0.04677915573120117
0.04137444496154785
0.03918862342834473
0.05202913284301758
0.042250633239746094
0.05420851707458496
0.046663522720336914
0.005267620086669922
0.006148099899291992
0.035511016845703125
0.04410529136657715
0.03701949119567871
0.04460000991821289
0.03610968589782715
0.04464888572692871
0.03978276252746582
0.05240964889526367
0.04622340202331543
0.04508709907531738
0.04162192344665527
0.03817582130432129
0.04899740219116211
0.007888078689575195
0.006408214569091797
0.0360722541809082
0.04342389106750488
0.05458259582519531
0.04802227020263672
0.03794574737548828
0.04477262496948242
0.0511014461517334
0.042199134826660156
0.03518199920654297
0.04891848564147949
0.03954315185546875
0.052117347717285156
0.05062246322631836
0.045243024826049805
0.011055231094360352
0.007389545440673828
0.03432273864746094
0.04297995567321777
0.03795361518859863
0.046091556549072266
0.04260897636413574
0.05348706245422363
0.04652976989746094
0.035338401794433594
0.0472259521484375
0.04187345504760742
0.03664374351501465
0.0500950813293457
0.040419816970825195
0.05206012725830078
0.0074956417083740234
0.007903337478637695
0.034470558166503906
0.04680514335632324
0.03902864456176758
0.044907331466674805
0.047959327697753906
0.03983736038208008
0.04759359359741211
0.04076838493347168
0.03418421745300293
0.04411005973815918
0.05172085762023926
0.04938626289367676
0.04114580154418945
0.04995250701904297
0.007220029830932617
0.008037328720092773
0.0334019660949707
0.04738974571228027
0.0408174991607666
0.03695249557495117
0.04730510711669922
0.042469024658203125
0.03551769256591797
0.04940438270568848
0.0500338077545166
0.043720245361328125
0.04224872589111328
0.04521632194519043
0.03940081596374512
0.009129524230957031
0.0063135623931884766
0.0358583927154541
0.0467982292175293
0.043662071228027344
0.03694462776184082
0.0472407341003418
0.0401456356048584
0.05177497863769531
0.049147844314575195
0.03997015953063965
0.04636073112487793
0.04100751876831055
0.04925894737243652
0.04817938804626465
0.006477832794189453
0.005813121795654297
0.034342050552368164
0.042414188385009766
0.04040861129760742
0.0367436408996582
0.049504756927490234
0.03830695152282715
0.05396103858947754
0.039774179458618164
0.053015947341918945
0.042078495025634766
0.03661465644836426
0.046385765075683594
0.039865970611572266
0.04786515235900879
0.00835871696472168
0.011029243469238281
0.032763004302978516
0.044811248779296875
0.03690767288208008
0.0473630428314209
0.03904223442077637
0.048058271408081055
0.04063248634338379
0.047569990158081055
0.043396711349487305
0.05239415168762207
0.04349684715270996
0.05048823356628418
0.04141950607299805
0.04805183410644531
0.012038946151733398
0.005353689193725586
0.03400444984436035
0.046973466873168945
0.04412245750427246
0.03889870643615723
0.0497744083404541
0.038893938064575195
0.04998350143432617
0.04491257667541504
0.03574848175048828
0.051155805587768555
0.04731321334838867
0.0381312370300293
0.04812932014465332
0.005906343460083008
0.008687257766723633
0.036290645599365234
0.04576611518859863
0.04406452178955078
0.05863595008850098
0.04708695411682129
0.03875303268432617
0.05030941963195801
0.045421600341796875
0.043068647384643555
0.04033923149108887
0.05548214912414551
0.05126547813415527
0.049169063568115234
0.0070726871490478516
0.005570411682128906
0.03414654731750488
0.04885149002075195
0.04283761978149414
0.05568194389343262
0.04259991645812988
0.047875404357910156
0.04166579246520996
0.034574031829833984
0.04867053031921387
0.04553866386413574
0.040497541427612305
0.049024343490600586
0.04384899139404297
0.04036116600036621
0.0070269107818603516
0.006340980529785156
0.03646516799926758
0.053594112396240234
0.0466771125793457
0.03770565986633301
0.044589996337890625
0.04409670829772949
0.040996551513671875
0.03693246841430664
0.05419135093688965
0.04973268508911133
0.04167675971984863
0.054662466049194336
0.05046582221984863
0.007353782653808594
0.006944417953491211
0.03800678253173828
0.05107903480529785
0.045935630798339844
0.03948831558227539
0.05442452430725098
0.04830193519592285
0.0481572151184082
0.04657292366027832
0.05465888977050781
0.05196213722229004
0.045496463775634766
0.04281949996948242
0.053965091705322266
0.010656118392944336
0.006270647048950195
0.03734612464904785
0.05139422416687012
0.04905390739440918
0.048224687576293945
0.03913402557373047
0.0545046329498291
0.03904414176940918
0.054465532302856445
0.04934430122375488
0.046427011489868164
0.037590980529785156
0.04917025566101074
0.040450334548950195
0.010095596313476562
0.005495309829711914
0.03406834602355957
0.047080039978027344
0.03741788864135742
0.0475921630859375
0.03864860534667969
0.050837039947509766
0.0410768985748291
0.03541207313537598
0.043670654296875
0.04141736030578613
0.0513157844543457
0.04100656509399414
0.05248260498046875
0.045713186264038086
0.005832672119140625
0.008045434951782227
0.034070491790771484
0.04686903953552246
0.04885983467102051
0.037592411041259766
0.048436641693115234
0.041527509689331055
0.04317760467529297
0.05121493339538574
0.04929494857788086
0.04184103012084961
0.033792734146118164
0.04315519332885742
0.05280447006225586
0.04276275634765625
0.005776166915893555
0.005504131317138672
0.038671255111694336
0.04496955871582031
0.03820061683654785
0.049141645431518555
0.04284310340881348
0.036104679107666016
0.05751395225524902
0.0384066104888916
0.05357837677001953
0.04966259002685547
0.04552912712097168
0.040679931640625
0.0542905330657959
0.0035610198974609375
0.010172128677368164
0.029657602310180664
0.03981137275695801
0.048375606536865234
0.04146265983581543
0.034717559814453125
0.043837547302246094
0.03554558753967285
0.04446864128112793
0.03954148292541504
0.04849433898925781
0.04072070121765137
0.05179190635681152
0.04674339294433594
0.04051518440246582
0.011948108673095703
0.006613492965698242
0.03687429428100586
0.04999947547912598
0.040191650390625
0.05143022537231445
0.04608917236328125
0.039437294006347656
0.04817032814025879
0.04161787033081055
0.05203366279602051
0.045804500579833984
0.03378701210021973
0.04336380958557129
0.036871910095214844
0.04238700866699219
0.011713743209838867
0.0050508975982666016
0.03413677215576172
0.04730534553527832
0.04241204261779785
0.049884796142578125
0.0436551570892334
0.04966402053833008
0.042716264724731445
0.037558555603027344
0.04774308204650879
0.03886842727661133
0.05209994316101074
0.05014348030090332
0.04276299476623535
0.050949811935424805
0.005884647369384766
0.004532575607299805
0.038335561752319336
0.04100823402404785
0.05098319053649902
0.048502445220947266
0.04159736633300781
0.05380129814147949
0.04957985877990723
0.04481053352355957
0.04240155220031738
0.04528021812438965
0.04019570350646973
0.03491330146789551
0.051138877868652344
0.0062253475189208984
0.004708290100097656
0.03183746337890625
0.04194331169128418
0.03599357604980469
0.05924391746520996
0.03887295722961426
0.04812192916870117
0.04789257049560547
0.05660557746887207
0.04714512825012207
0.04028725624084473
0.04993438720703125
0.04482579231262207
0.051483154296875
0.04478573799133301
0.00450444221496582
0.005419731140136719
0.03513813018798828
0.045848846435546875
0.04482412338256836
0.057946205139160156
0.042566537857055664
0.04758095741271973
0.03969693183898926
0.04986453056335449
0.04321932792663574
0.05083608627319336
0.04707455635070801
0.03895449638366699
0.045622825622558594
0.05133962631225586
0.005841493606567383
0.0060536861419677734
0.031882524490356445
0.0413515567779541
0.0488123893737793
0.04187440872192383
0.03376412391662598
0.04699540138244629
0.040077924728393555
0.05044364929199219
0.0371098518371582
0.051546335220336914
0.04437994956970215
0.04033231735229492
0.048818349838256836
0.04350876808166504
0.012172937393188477
0.007828235626220703
0.035780906677246094
0.04883098602294922
0.04127001762390137
0.05289816856384277
0.047614336013793945
0.04087114334106445
0.049687862396240234
0.040528297424316406
0.05120515823364258
0.04516887664794922
0.03622865676879883
0.04343748092651367
0.035671234130859375
0.04328036308288574
0.008220195770263672
0.005748271942138672
0.0334019660949707
0.04020190238952637
0.04971170425415039
0.04276537895202637
0.04782295227050781
0.04141974449157715
0.038056373596191406
0.05189061164855957
0.04706072807312012
0.043640851974487305
0.051419973373413086
0.04073596000671387
0.04998326301574707
0.039887189865112305
0.010390758514404297
0.009090423583984375
0.03717851638793945
0.050222158432006836
0.04118633270263672
0.035050392150878906
0.045444488525390625
0.040578365325927734
0.05217552185058594
0.04516458511352539
0.04321694374084473
0.0353083610534668
0.04372572898864746
0.03497958183288574
0.04527544975280762
0.007427215576171875
0.005788087844848633
0.03435945510864258
0.04165935516357422
0.05434370040893555
0.0466616153717041
0.03560304641723633
0.04470396041870117
0.037407636642456055
0.04685711860656738
0.0406947135925293
0.049991607666015625
0.04247784614562988
0.049043893814086914
0.03776359558105469
0.047217607498168945
0.008473396301269531
0.005869626998901367
0.03365898132324219
0.04137921333312988
0.03527331352233887
0.04941248893737793
0.04288601875305176
0.052629709243774414
0.04776597023010254
0.03983163833618164
0.051091670989990234
0.04727888107299805
0.039952993392944336
0.04750704765319824
0.040676116943359375
0.05442190170288086
0.009111642837524414
0.009305477142333984
0.037827253341674805
0.04788374900817871
0.035332441329956055
0.0460362434387207
0.042121171951293945
0.03758978843688965
0.0456695556640625
0.04130434989929199
0.051021575927734375
0.045914649963378906
0.03530311584472656
0.04433584213256836
0.03861546516418457
0.05077958106994629
0.004880189895629883
0.0060155391693115234
0.032587528228759766
0.04582405090332031
0.04346275329589844
0.03773856163024902
0.05034923553466797
0.048488616943359375
0.04155564308166504
0.0404963493347168
0.04899954795837402
0.041738271713256836
0.039035797119140625
0.05108499526977539
0.03896284103393555
0.007055997848510742
0.008154153823852539
0.03600454330444336
0.05110812187194824
0.04579520225524902
0.036765336990356445
0.04568934440612793
0.04326653480529785
0.0442507266998291
0.05260491371154785
0.042397260665893555
0.07123565673828125
0.06372499465942383
0.050711870193481445
0.04155731201171875
0.011286258697509766
0.0075016021728515625
0.03463006019592285
0.04556107521057129
0.03586173057556152
0.04828596115112305
0.03548884391784668
0.043341636657714844
0.051847219467163086
0.04212188720703125
0.03445148468017578
0.04369711875915527
0.036864519119262695
0.04304194450378418
0.037946224212646484
0.04814505577087402
0.009373188018798828
0.007127046585083008
0.03685259819030762
0.045769691467285156
0.039502620697021484
0.047475576400756836
0.03862166404724121
0.047153472900390625
0.036065101623535156
0.04741668701171875
0.03738737106323242
0.0501558780670166
0.04128432273864746
0.053270816802978516
0.04353213310241699
0.04070234298706055
0.010359764099121094
0.005588531494140625
0.03332662582397461
0.0448760986328125
0.04626345634460449
0.03501629829406738
0.04641532897949219
0.0538630485534668
0.044699668884277344
0.03949546813964844
0.04737663269042969
0.04397702217102051
0.04384613037109375
0.03862953186035156
0.04951071739196777
0.04077553749084473
0.011072158813476562
0.006730556488037109
0.03321075439453125
0.041954994201660156
0.055216312408447266
0.04969167709350586
0.04461860656738281
0.05326700210571289
0.0430753231048584
0.03685617446899414
0.04735136032104492
0.035669565200805664
0.04877781867980957
0.04222893714904785
0.04980278015136719
0.04201459884643555
0.010796546936035156
0.00649571418762207
0.03562784194946289
0.049861907958984375
0.04198122024536133
0.03788948059082031
0.05231070518493652
0.047850847244262695
0.04432344436645508
0.041034698486328125
0.03654360771179199
0.04879283905029297
0.04508614540100098
0.04200267791748047
0.050504446029663086
0.00759124755859375
0.007632255554199219
0.034966468811035156
0.045739173889160156
0.044914960861206055
0.03688311576843262
0.044243574142456055
0.039168357849121094
0.05121469497680664
0.04397153854370117
0.03827619552612305
0.043486595153808594
0.0523378849029541
0.04612565040588379
0.036588191986083984
0.05015444755554199
0.007326602935791016
0.010264158248901367
0.03471875190734863
0.03577566146850586
0.04936027526855469
0.03791236877441406
0.050611257553100586
0.04277515411376953
0.040068864822387695
0.03449606895446777
0.04772233963012695
0.04164624214172363
0.04868292808532715
0.04185962677001953
0.037893056869506836
0.04654240608215332
0.010785341262817383
0.007176637649536133
0.03128504753112793
0.03624105453491211
0.05297732353210449
0.04438209533691406
0.03731107711791992
0.04513955116271973
0.04162001609802246
0.042554378509521484
0.05327963829040527
0.04217958450317383
0.048090219497680664
0.04050755500793457
0.049642324447631836
0.03781628608703613
0.00864863395690918
0.005558013916015625
0.0334935188293457
0.04699206352233887
0.03686690330505371
0.043881893157958984
0.03472495079040527
0.047945261001586914
0.04035329818725586
0.05111360549926758
0.044940948486328125
0.044850826263427734
0.053345441818237305
0.04778909683227539
0.06030726432800293
0.055411577224731445
0.007403850555419922
0.007551431655883789
0.035375356674194336
0.0414736270904541
0.03435325622558594
0.04416060447692871
0.05421876907348633
0.04991626739501953
0.04849839210510254
0.045381784439086914
0.04382514953613281
0.05906796455383301
0.052806854248046875
0.05203533172607422
0.04569411277770996
0.021802186965942383
0.006630659103393555
0.03587198257446289
0.048326969146728516
0.04494452476501465
0.03743863105773926
0.045264244079589844
0.033727169036865234
0.04721713066101074
