0.007169246673583984
0.04225969314575195
0.06309270858764648
0.048229217529296875
0.04172682762145996
0.04008769989013672
0.042963504791259766
0.05648231506347656
0.052332162857055664
0.054073333740234375
0.058722496032714844
0.08014178276062012
0.027752161026000977
0.057170867919921875
0.05057930946350098
0.010494709014892578
0.006180286407470703
0.03766012191772461
0.049980878829956055
0.04401683807373047
0.0375676155090332
0.04383087158203125
0.051836252212524414
0.046700239181518555
0.0445098876953125
0.04156160354614258
0.036391496658325195
0.04462409019470215
0.041056156158447266
0.05088090896606445
0.005315303802490234
0.008127212524414062
0.03241682052612305
0.044896602630615234
0.056127309799194336
0.04512333869934082
0.04056549072265625
0.057466745376586914
0.053029775619506836
0.0502934455871582
0.04527735710144043
0.03823733329772949
0.05611014366149902
0.0527348518371582
0.053021907806396484
0.01131749153137207
0.010248422622680664
0.03510022163391113
0.04679059982299805
0.04089474678039551
0.054383277893066406
0.04476761817932129
0.05239152908325195
0.0448758602142334
0.043384552001953125
0.03718900680541992
0.049582719802856445
0.04663276672363281
0.03675675392150879
0.04521465301513672
0.007006406784057617
0.006867885589599609
0.03868222236633301
0.04626154899597168
0.03940248489379883
0.08333230018615723
0.047560691833496094
0.06685447692871094
0.04901409149169922
0.04947471618652344
0.04603266716003418
0.039186716079711914
0.03195357322692871
0.041474342346191406
0.04872560501098633
0.038411617279052734
0.048506736755371094
0.0088348388671875
0.010139703750610352
0.036035776138305664
0.04510354995727539
0.03974628448486328
0.04906940460205078
0.04032635688781738
0.0359957218170166
0.047962188720703125
0.0390625
0.0455169677734375
0.043346405029296875
0.043752193450927734
0.0488131046295166
0.06024980545043945
0.10776543617248535
0.041023969650268555
0.00920414924621582
0.03233981132507324
0.03794574737548828
0.0559999942779541
0.05326437950134277
0.052942752838134766
0.053514719009399414
0.055947303771972656
0.05622458457946777
0.058843374252319336
0.056436777114868164
0.05041003227233887
0.04895591735839844
0.005773305892944336
0.009421586990356445
0.03454184532165527
0.04452204704284668
0.04947304725646973
0.040090084075927734
0.04930853843688965
0.04215407371520996
0.03574705123901367
0.044806718826293945
0.04814028739929199
0.061037540435791016
0.04492974281311035
0.038492441177368164
0.05169224739074707
0.05022287368774414
0.008953571319580078
0.006349086761474609
0.033092498779296875
0.04439043998718262
0.04896736145019531
0.03729128837585449
0.04398059844970703
0.04587602615356445
0.0402834415435791
0.06315183639526367
0.05252480506896973
0.0439305305480957
0.04724383354187012
0.046521663665771484
0.0403900146484375
0.03637957572937012
0.008027076721191406
0.0054819583892822266
0.03320193290710449
0.04226040840148926
0.04697608947753906
0.06986808776855469
0.02926182746887207
0.038640737533569336
0.05692863464355469
0.03954625129699707
0.04481172561645508
0.04095578193664551
0.03624749183654785
0.05267500877380371
0.0500030517578125
0.040079355239868164
0.05412411689758301
0.006977558135986328
0.008091926574707031
0.036127328872680664
0.048876285552978516
0.03789353370666504
0.05104947090148926
0.04595661163330078
0.041590213775634766
0.03426361083984375
0.04680657386779785
0.03849530220031738
0.05129504203796387
0.04447627067565918
0.037717342376708984
0.04652261734008789
0.0057256221771240234
0.00618433952331543
0.03289508819580078
0.03952455520629883
0.05099606513977051
0.04810070991516113
0.042099952697753906
0.035127878189086914
0.04499244689941406
0.04390883445739746
0.042362213134765625
0.03843212127685547
0.044707536697387695
0.032547712326049805
0.04811263084411621
0.035359859466552734
0.03679990768432617
0.047672271728515625
0.006230592727661133
0.006887674331665039
0.03347420692443848
0.04412412643432617
0.051377296447753906
0.04417300224304199
0.038495540618896484
0.05269312858581543
0.0478672981262207
0.043736934661865234
0.037796735763549805
0.05125880241394043
0.05359935760498047
0.04634261131286621
0.06018996238708496
0.006044864654541016
0.007269382476806641
0.037149906158447266
0.04659080505371094
0.042948007583618164
0.04030728340148926
0.049086809158325195
0.04015684127807617
0.05408215522766113
0.04680895805358887
0.03955078125
0.05267810821533203
0.04537653923034668
0.03998088836669922
0.03592395782470703
0.0055332183837890625
0.00730133056640625
0.034143686294555664
0.043584585189819336
0.03516340255737305
0.04333972930908203
0.035944223403930664
0.045610666275024414
0.037774085998535156
0.050713300704956055
0.04465055465698242
0.03694319725036621
0.044380903244018555
0.03857016563415527
0.04594302177429199
0.042923927307128906
0.013695001602172852
0.006595611572265625
0.03764653205871582
0.05316352844238281
0.04646897315979004
0.04219460487365723
0.03612542152404785
0.05194902420043945
0.04368400573730469
0.03946495056152344
0.037732601165771484
0.055321455001831055
0.05196571350097656
0.04968690872192383
0.05074143409729004
0.006047964096069336
0.007681608200073242
0.03649592399597168
0.04311561584472656
0.03858494758605957
0.05353355407714844
0.04194974899291992
0.05249428749084473
0.04784393310546875
0.04019355773925781
0.05207014083862305
0.04400205612182617
0.05234217643737793
0.04785656929016113
0.03757023811340332
0.04684638977050781
0.006709575653076172
0.006379127502441406
0.03378868103027344
0.04196476936340332
0.03574395179748535
0.046556711196899414
0.03492903709411621
0.0441889762878418
0.040244102478027344
0.04833054542541504
0.04334759712219238
0.03864240646362305
0.03793740272521973
0.05568218231201172
0.053193092346191406
0.011197805404663086
0.008522987365722656
0.03289031982421875
0.04106307029724121
0.034130096435546875
0.039688825607299805
0.037888288497924805
0.05100679397583008
0.04268312454223633
0.037001848220825195
0.04789400100708008
0.04320025444030762
0.041281700134277344
0.03391718864440918
0.04638934135437012
0.008187532424926758
0.007448911666870117
0.03163552284240723
0.03946352005004883
0.05005288124084473
0.0433349609375
0.034574031829833984
0.0449216365814209
0.0412602424621582
0.035483598709106445
0.04863691329956055
0.040816307067871094
0.050961971282958984
0.048322200775146484
0.04487776756286621
0.008511781692504883
0.0056972503662109375
0.033194541931152344
0.04024505615234375
0.045644521713256836
0.04246640205383301
0.05480051040649414
0.04829907417297363
0.04201698303222656
0.03840351104736328
0.053736209869384766
0.04612088203430176
0.04224038124084473
0.0511019229888916
0.04527401924133301
0.05352592468261719
0.009039640426635742
0.006429433822631836
0.030743837356567383
0.039475202560424805
0.04953289031982422
0.04261326789855957
0.05048727989196777
0.04685616493225098
0.03578448295593262
0.042060136795043945
0.04164886474609375
0.03945612907409668
0.0433506965637207
0.035796403884887695
0.04716992378234863
0.039156436920166016
0.01211237907409668
0.0056989192962646484
0.033453941345214844
0.03659629821777344
0.049813032150268555
0.04391312599182129
0.04366040229797363
0.05534768104553223
0.052869558334350586
0.05199098587036133
0.038609981536865234
0.05077695846557617
0.04893136024475098
0.045793771743774414
0.0406038761138916
0.014001846313476562
0.011951446533203125
0.036622047424316406
0.044525146484375
0.05236673355102539
0.04157876968383789
0.05021858215332031
0.044370412826538086
0.03503108024597168
0.04209017753601074
0.03685402870178223
0.04827594757080078
0.04399704933166504
0.03931856155395508
0.05047273635864258
0.050756216049194336
0.009131193161010742
0.005344390869140625
0.03563070297241211
0.040914297103881836
0.04909014701843262
0.03831934928894043
0.0456693172454834
0.04057478904724121
0.05509138107299805
0.051162004470825195
0.0521237850189209
0.049585580825805664
0.04894256591796875
0.04629182815551758
0.037993669509887695
0.013603925704956055
0.0068395137786865234
0.032335519790649414
0.04057788848876953
0.03444838523864746
0.044992685317993164
0.04213118553161621
0.035635948181152344
0.05040121078491211
0.04912734031677246
0.043540000915527344
0.03893637657165527
0.03602719306945801
0.05059552192687988
0.04854416847229004
0.006197214126586914
0.005296945571899414
0.03239703178405762
0.043840885162353516
0.03499889373779297
0.044841766357421875
0.03930377960205078
0.05166316032409668
0.04545259475708008
0.04030036926269531
0.03797483444213867
0.047341346740722656
0.04230213165283203
0.041802406311035156
0.05225658416748047
0.006909847259521484
0.00800180435180664
0.036606550216674805
0.04732823371887207
0.039670467376708984
0.04822802543640137
0.04453444480895996
0.041394948959350586
0.0524141788482666
0.04036140441894531
0.036151885986328125
0.050592899322509766
0.048639535903930664
0.04359269142150879
0.04033637046813965
0.006459712982177734
0.006672859191894531
0.03585338592529297
0.04160428047180176
0.04947614669799805
0.0441739559173584
0.03809332847595215
0.034537553787231445
0.04574775695800781
0.03507828712463379
0.04632687568664551
0.038507938385009766
0.04969525337219238
0.0405728816986084
0.036592721939086914
0.05500483512878418
0.009264945983886719
0.0066716670989990234
0.03543400764465332
0.04282021522521973
0.035221099853515625
0.04096198081970215
0.04978203773498535
0.04795670509338379
0.04574871063232422
0.04002499580383301
0.04127311706542969
0.035283803939819336
0.04418611526489258
0.03794527053833008
0.047304391860961914
0.03814411163330078
0.011613607406616211
0.008395195007324219
0.03509831428527832
0.04617023468017578
0.03421759605407715
0.043259382247924805
0.03648519515991211
0.050661325454711914
0.04513382911682129
0.041829586029052734
0.039835214614868164
0.048308372497558594
0.042669057846069336
0.03959250450134277
0.035627126693725586
0.008135795593261719
0.005434513092041016
0.03271126747131348
0.0379788875579834
0.048827171325683594
0.03769683837890625
0.04456591606140137
0.03828859329223633
0.051996707916259766
0.047426700592041016
0.04372096061706543
0.06021547317504883
0.05658578872680664
0.053106069564819336
0.04970979690551758
0.00879359245300293
0.009044885635375977
0.034194231033325195
0.044301748275756836
0.03684401512145996
0.0464777946472168
0.0374147891998291
0.05038928985595703
0.04435920715332031
0.040894508361816406
0.053710222244262695
0.05171084403991699
0.04589533805847168
0.03963971138000488
0.05183744430541992
0.0071184635162353516
0.0062410831451416016
0.03305244445800781
0.04162120819091797
0.04766392707824707
0.04068398475646973
0.05585670471191406
0.04563331604003906
0.03763079643249512
0.04929685592651367
0.04126858711242676
0.03944849967956543
0.05039358139038086
0.038887977600097656
0.04770779609680176
0.04203462600708008
0.007444143295288086
0.0067746639251708984
0.030816078186035156
0.04139280319213867
0.05021047592163086
0.04015946388244629
0.05290961265563965
0.046662330627441406
0.04041457176208496
0.04919314384460449
0.041544198989868164
0.0435483455657959
0.05301260948181152
0.043548583984375
0.05465221405029297
0.05047869682312012
0.005418300628662109
0.006795167922973633
0.03494763374328613
0.0463869571685791
0.03551673889160156
0.0451204776763916
0.03978157043457031
0.052378177642822266
0.04211163520812988
0.037352561950683594
0.0492250919342041
0.04327726364135742
0.039250850677490234
0.050626516342163086
0.04583859443664551
0.008706331253051758
0.007342338562011719
0.03772878646850586
0.05118870735168457
0.040868282318115234
0.048090219497680664
0.042243242263793945
0.04721331596374512
0.03684663772583008
0.04393362998962402
0.036801815032958984
0.04813265800476074
0.03889012336730957
0.03415274620056152
0.04861092567443848
0.046880245208740234
0.007560253143310547
0.004773139953613281
0.03575277328491211
0.04358220100402832
0.04487204551696777
0.03696465492248535
0.051835060119628906
0.047872066497802734
0.04636979103088379
0.036922454833984375
0.05094742774963379
0.04556751251220703
0.03687429428100586
0.05516982078552246
0.051438093185424805
0.0050373077392578125
0.005207538604736328
0.03508639335632324
0.04488778114318848
0.050577640533447266
0.04602360725402832
0.12577223777770996
0.12720179557800293
0.230147123336792
0.13356351852416992
0.12875056266784668
0.254047155380249
0.10301756858825684
0.07835149765014648
0.21720504760742188
0.3029608726501465
0.15722417831420898
0.006804466247558594
0.0052034854888916016
0.09083151817321777
0.16092848777770996
0.15836668014526367
0.16831254959106445
0.16040849685668945
0.16013216972351074
0.1614384651184082
0.16799521446228027
0.15997028350830078
0.16501951217651367
0.1664583683013916
0.15579748153686523
0.16904830932617188
0.11949825286865234
0.12574076652526855
0.006552457809448242
0.004992485046386719
0.06149482727050781
0.050417184829711914
0.05558896064758301
0.03757166862487793
0.03520464897155762
0.04564261436462402
0.042421817779541016
0.04983234405517578
0.044625282287597656
0.041448116302490234
0.0370633602142334
0.05483078956604004
0.046912193298339844
0.04029035568237305
0.012286663055419922
0.007689476013183594
0.032239437103271484
0.0449979305267334
0.04524970054626465
0.040062904357910156
0.03752779960632324
0.04989147186279297
0.042183637619018555
0.051073312759399414
0.03983259201049805
0.045256853103637695
0.03538346290588379
0.04134845733642578
0.05254983901977539
0.042864322662353516
0.006598234176635742
0.005875349044799805
0.03376483917236328
0.04032278060913086
0.04980969429016113
0.035558223724365234
0.039826154708862305
0.04932975769042969
0.03539729118347168
0.0449986457824707
0.03725767135620117
0.04970121383666992
0.04417538642883301
0.034436702728271484
0.04326605796813965
0.05341792106628418
0.0062601566314697266
0.010120153427124023
0.03340315818786621
0.03929591178894043
0.04806160926818848
0.0434877872467041
0.03732633590698242
0.045145273208618164
0.04870200157165527
0.040557861328125
0.05335092544555664
0.04331707954406738
0.03988218307495117
0.05181741714477539
0.04262828826904297
0.03685140609741211
0.008906841278076172
0.00853586196899414
0.033420562744140625
0.04131722450256348
0.049135446548461914
0.04710555076599121
0.04327750205993652
0.043493032455444336
0.05371880531311035
0.04291820526123047
0.039160728454589844
0.0460057258605957
0.03633928298950195
0.03968238830566406
0.048474788665771484
0.04043745994567871
0.006745338439941406
0.01273965835571289
0.03415489196777344
0.0385744571685791
0.0465998649597168
0.03732872009277344
0.04806041717529297
0.04082083702087402
0.05358767509460449
0.04440045356750488
0.0409693717956543
0.049733638763427734
0.0434420108795166
0.05476212501525879
0.04775094985961914
0.040459632873535156
0.009237527847290039
0.008829116821289062
0.036812782287597656
0.04920172691345215
0.04720711708068848
0.0416562557220459
0.05418705940246582
0.03684806823730469
0.05132794380187988
0.04299163818359375
0.0506443977355957
0.04432344436645508
0.0517733097076416
0.051149606704711914
0.03292202949523926
0.044606685638427734
0.008163690567016602
0.012549400329589844
0.03491401672363281
0.05058479309082031
0.04176902770996094
0.05040788650512695
0.04093027114868164
0.05056309700012207
0.04465818405151367
0.038815975189208984
0.042028188705444336
0.05853104591369629
0.0576024055480957
0.05558896064758301
0.04625821113586426
0.047829389572143555
0.010268211364746094
0.006681680679321289
0.036745309829711914
0.04651618003845215
0.04944014549255371
0.036588430404663086
0.04404950141906738
0.052327632904052734
0.04500389099121094
0.03568291664123535
0.04884815216064453
0.041934967041015625
0.05490922927856445
0.03532290458679199
0.038964271545410156
0.052162885665893555
0.007022380828857422
0.0048563480377197266
0.03436589241027832
0.046102285385131836
0.05112433433532715
0.043916940689086914
0.05804038047790527
0.06019330024719238
0.05728316307067871
0.04065418243408203
0.05557870864868164
0.051718711853027344
0.0389552116394043
0.051273345947265625
0.04173421859741211
0.05211353302001953
0.009455204010009766
0.006224632263183594
0.03276419639587402
0.04295039176940918
0.04918026924133301
0.04105639457702637
0.048621416091918945
0.042298078536987305
0.050523996353149414
0.0392155647277832
0.04278254508972168
0.04622030258178711
0.05225229263305664
0.04648089408874512
0.042177438735961914
0.05472564697265625
0.007400035858154297
0.006152629852294922
0.03338932991027832
0.04474020004272461
0.053031206130981445
0.03972673416137695
0.049037933349609375
0.03930401802062988
0.05044269561767578
0.04350113868713379
0.05300188064575195
0.04153609275817871
0.05218982696533203
0.04630756378173828
0.04246926307678223
0.035303354263305664
0.00976872444152832
0.009408950805664062
0.0346987247467041
0.043370723724365234
0.033826351165771484
0.04495668411254883
0.052591800689697266
0.04709482192993164
0.03274226188659668
0.1561295986175537
0.059687137603759766
0.03283429145812988
0.043656110763549805
0.06224822998046875
0.04728269577026367
0.03227853775024414
0.042160749435424805
0.05352306365966797
0.00693821907043457
0.0053560733795166016
0.0304567813873291
0.03647041320800781
0.06848287582397461
0.02795720100402832
0.04778909683227539
0.03993582725524902
0.042481422424316406
0.03937935829162598
0.04356741905212402
0.03734564781188965
0.0463414192199707
0.05432009696960449
0.0502774715423584
0.04331016540527344
0.05035829544067383
0.04522848129272461
0.013053178787231445
0.011307001113891602
0.036695003509521484
0.04499554634094238
0.03640580177307129
0.04487013816833496
0.03776407241821289
0.05089616775512695
0.041329145431518555
0.04156970977783203
0.04962897300720215
0.03934478759765625
0.04573774337768555
0.04202771186828613
0.0374760627746582
0.04858875274658203
0.007919073104858398
0.0074465274810791016
0.036183834075927734
0.04600954055786133
0.03690195083618164
0.0477747917175293
0.05243825912475586
0.03833508491516113
0.05125570297241211
0.04677700996398926
0.0373227596282959
0.04595375061035156
0.04549217224121094
0.04050850868225098
0.05166339874267578
0.05209779739379883
0.009150981903076172
0.008003473281860352
0.03313183784484863
0.04224705696105957
0.05239295959472656
0.04856395721435547
0.04262089729309082
0.03656888008117676
0.04812908172607422
0.04149913787841797
0.05147552490234375
0.04642844200134277
0.041835784912109375
0.04440760612487793
0.038289785385131836
0.010167121887207031
0.005658864974975586
0.032408714294433594
0.0419313907623291
0.04839372634887695
0.04635214805603027
0.04075765609741211
0.05311393737792969
0.044886112213134766
0.040746212005615234
0.035954952239990234
0.041620731353759766
0.05338573455810547
0.04559206962585449
0.04212784767150879
0.04925370216369629
0.004921436309814453
0.0072405338287353516
0.033547163009643555
0.04186081886291504
0.03557419776916504
0.047086477279663086
0.04205203056335449
0.03737306594848633
0.049172163009643555
0.04902791976928711
0.038765668869018555
0.0501561164855957
0.050003767013549805
0.04529261589050293
0.03803682327270508
0.008859634399414062
0.004815101623535156
0.031908512115478516
0.04024958610534668
0.050211429595947266
0.042633056640625
0.03841519355773926
0.049712181091308594
0.04759478569030762
0.051935672760009766
0.048066139221191406
0.048354148864746094
0.04785656929016113
0.05513143539428711
0.04703855514526367
0.009418725967407227
0.005126476287841797
0.0355372428894043
0.039638519287109375
0.04974102973937988
0.042572021484375
0.05111432075500488
0.044053077697753906
0.0405278205871582
0.05046415328979492
0.04434561729431152
0.0391085147857666
0.05093884468078613
0.049501895904541016
0.06271719932556152
0.05285286903381348
0.00609135627746582
0.00738215446472168
0.03376412391662598
0.04147839546203613
0.0442960262298584
0.03763842582702637
0.04814767837524414
0.04107236862182617
0.04266786575317383
0.051128387451171875
0.04673290252685547
0.04208064079284668
0.03472542762756348
0.04558134078979492
0.036529541015625
0.04773426055908203
0.006249904632568359
0.007670879364013672
0.03616213798522949
0.044930458068847656
0.03789234161376953
0.047855377197265625
0.041284799575805664
0.04690146446228027
0.038669586181640625
0.05034899711608887
0.04522061347961426
0.0419461727142334
0.0379180908203125
0.048935651779174805
0.04057598114013672
0.05262351036071777
0.005679130554199219
0.0077056884765625
0.03567242622375488
0.04703688621520996
0.03901505470275879
0.04838395118713379
0.03847694396972656
0.04868173599243164
0.03852200508117676
0.0461277961730957
0.04090261459350586
0.05168032646179199
0.0382075309753418
0.053739309310913086
0.0532224178314209
0.0475316047668457
0.009804487228393555
0.007696866989135742
0.03147125244140625
0.040764570236206055
0.05026054382324219
0.04323387145996094
0.05224323272705078
0.05143022537231445
0.04965329170227051
0.048483848571777344
0.04439878463745117
0.04141831398010254
0.04265952110290527
0.03789019584655762
0.048162221908569336
0.005545854568481445
0.006644487380981445
0.03248238563537598
0.04056262969970703
0.050986289978027344
0.04038810729980469
0.05205535888671875
0.04564046859741211
0.04254651069641113
0.04996657371520996
0.03972673416137695
0.052368879318237305
0.05259084701538086
0.04871320724487305
0.03839468955993652
0.008655786514282227
0.007071256637573242
0.03669261932373047
0.05540037155151367
0.045228004455566406
0.04281282424926758
0.052864789962768555
0.04679751396179199
0.0434718132019043
0.052085161209106445
0.04511284828186035
0.04241609573364258
0.048375606536865234
0.03898477554321289
0.046607255935668945
0.05022001266479492
0.009460210800170898
0.010421991348266602
0.039437294006347656
0.05405688285827637
0.03857278823852539
0.05615878105163574
0.04937100410461426
0.0446619987487793
0.0590517520904541
0.054631948471069336
0.05157065391540527
0.05272674560546875
0.09337520599365234
0.02871417999267578
0.05667901039123535
0.009216547012329102
0.0071582794189453125
0.033936262130737305
0.03664255142211914
0.04617166519165039
0.056181907653808594
0.06558966636657715
0.04082798957824707
0.04239797592163086
0.05318927764892578
0.042945146560668945
0.03461599349975586
0.04806232452392578
0.03930997848510742
0.05232691764831543
0.09033489227294922
0.0381617546081543
0.038759469985961914
0.03996443748474121
0.05406308174133301
0.046372413635253906
0.05438542366027832
0.04066610336303711
0.052015066146850586
0.04662728309631348
0.03625798225402832
0.04917621612548828
0.04709148406982422
0.05442404747009277
0.044275760650634766
0.034531593322753906
0.006439208984375
0.011554956436157227
0.03537464141845703
0.04689836502075195
0.03698563575744629
0.04775071144104004
0.037175893783569336
0.04787158966064453
0.04545235633850098
0.04084444046020508
0.03776979446411133
0.0477750301361084
0.04070591926574707
0.03677678108215332
0.04874706268310547
0.05248141288757324
0.006543159484863281
0.0054302215576171875
0.03472781181335449
0.04919147491455078
0.045293331146240234
0.05127072334289551
0.04480695724487305
0.044835567474365234
0.056591033935546875
0.046454429626464844
0.03727579116821289
0.051699161529541016
0.04755687713623047
0.04081463813781738
0.05204653739929199
0.004407167434692383
0.007124662399291992
0.037560462951660156
0.04996824264526367
0.04010963439941406
0.048902034759521484
0.04447293281555176
0.05664968490600586
0.049021005630493164
0.044121742248535156
0.040741920471191406
0.0365290641784668
0.05183076858520508
0.049600839614868164
0.039679765701293945
0.013166189193725586
0.006534576416015625
0.037396907806396484
0.046828508377075195
0.043062448501586914
0.03841686248779297
0.05196547508239746
0.04284977912902832
0.0509793758392334
0.04870939254760742
0.03811168670654297
0.0496981143951416
0.04365253448486328
0.04162931442260742
0.05581521987915039
0.005765199661254883
0.00748443603515625
0.03290581703186035
0.04613661766052246
0.040613651275634766
0.05939364433288574
0.035926103591918945
0.04955005645751953
0.04441499710083008
0.03954029083251953
0.04747200012207031
0.04376840591430664
0.0494692325592041
0.037726402282714844
0.04780912399291992
0.041641950607299805
0.011193037033081055
0.0062563419342041016
0.03534054756164551
0.047956228256225586
0.045677900314331055
0.07460832595825195
0.014964580535888672
0.04402017593383789
0.03767728805541992
0.04823732376098633
0.04062294960021973
0.033933401107788086
0.04709196090698242
0.04012131690979004
0.051871299743652344
0.04162335395812988
0.013371706008911133
0.00616908073425293
0.03281521797180176
0.043601274490356445
0.03561544418334961
0.04530024528503418
0.04405856132507324
0.053087472915649414
0.04188728332519531
0.03368663787841797
0.04781031608581543
0.045601844787597656
0.05619692802429199
0.046074628829956055
0.04118013381958008
0.051030874252319336
0.00670933723449707
0.008298397064208984
0.03393888473510742
0.04097342491149902
0.04947376251220703
0.041379451751708984
0.03699374198913574
0.037952423095703125
0.048203468322753906
0.04065656661987305
0.03668618202209473
0.05139636993408203
0.046904802322387695
0.03975510597229004
0.05263400077819824
0.0056722164154052734
0.012827873229980469
0.03945136070251465
0.05540895462036133
0.047980546951293945
0.042847633361816406
0.05373954772949219
0.04691004753112793
0.04505109786987305
0.034052371978759766
0.0419771671295166
0.036124229431152344
0.04691720008850098
0.03884458541870117
0.05906534194946289
0.009925603866577148
0.005513906478881836
0.03299283981323242
0.04342055320739746
0.036481618881225586
0.04995012283325195
0.04008078575134277
0.049712419509887695
0.04715132713317871
0.04145479202270508
0.05092191696166992
0.040338754653930664
0.17179369926452637
0.18694472312927246
0.05026698112487793
0.10544776916503906
0.006915569305419922
0.05466413497924805
0.03744316101074219
0.05073714256286621
0.03358888626098633
0.14969730377197266
0.04940938949584961
0.05923795700073242
0.17473387718200684
0.044179677963256836
0.06203460693359375
0.1784672737121582
0.05569720268249512
0.04684591293334961
0.18685388565063477
0.05129218101501465
0.05596351623535156
0.0053863525390625
0.09417104721069336
0.038721323013305664
0.06476783752441406
0.18550944328308105
0.18631267547607422
0.0615229606628418
0.15130877494812012
0.04720115661621094
0.0393376350402832
0.1710216999053955
0.17223119735717773
0.05706143379211426
0.16928339004516602
0.15894460678100586
0.010368824005126953
0.004592180252075195
0.03365445137023926
0.15778708457946777
0.04400992393493652
0.053542137145996094
0.1625986099243164
0.039389610290527344
0.05373024940490723
0.16725897789001465
0.05460214614868164
0.05694913864135742
0.1598186492919922
0.18958568572998047
0.06537890434265137
0.004849910736083984
0.12341570854187012
0.03483772277832031
0.04607653617858887
0.0539858341217041
0.15029335021972656
0.05098533630371094
0.041348934173583984
0.1698012351989746
0.051918983459472656
0.045679569244384766
0.15134048461914062
0.04501938819885254
0.062242984771728516
0.1722419261932373
0.04104876518249512
0.008220911026000977
0.004215717315673828
0.03352022171020508
0.1464371681213379
0.04683208465576172
0.05810403823852539
0.1633927822113037
0.041906118392944336
0.055726051330566406
0.04748654365539551
0.04874420166015625
0.047392845153808594
0.043619394302368164
0.04120159149169922
0.04719233512878418
0.03729844093322754
0.0068607330322265625
0.005312204360961914
0.03409910202026367
0.045934438705444336
0.037515878677368164
0.049459218978881836
0.041852712631225586
0.04942011833190918
0.051207542419433594
0.0431976318359375
0.04196357727050781
0.05020022392272949
0.04637789726257324
0.04433727264404297
0.056096553802490234
0.05151772499084473
0.004986763000488281
0.004796028137207031
0.031981706619262695
0.043646812438964844
0.03781890869140625
0.05132746696472168
0.04989218711853027
0.04671669006347656
0.042809247970581055
0.04677224159240723
0.03902125358581543
0.052019596099853516
0.048619747161865234
0.04160428047180176
0.03815960884094238
0.008662939071655273
0.005296230316162109
0.03345465660095215
0.04306840896606445
0.05582165718078613
0.0508580207824707
0.04767608642578125
0.051312923431396484
0.043299198150634766
0.03566718101501465
0.05057477951049805
0.047281503677368164
0.046508073806762695
0.037590742111206055
0.048204660415649414
0.005683183670043945
0.005554676055908203
0.03291153907775879
0.04248809814453125
0.03693032264709473
0.047242164611816406
0.04345369338989258
0.03906416893005371
0.03489494323730469
0.04591989517211914
0.03655719757080078
0.04614853858947754
0.03679084777832031
0.04710531234741211
0.037929534912109375
0.049807071685791016
0.004690885543823242
0.0075817108154296875
0.034291744232177734
0.0447847843170166
0.036704063415527344
0.045712947845458984
0.03955960273742676
0.052248477935791016
0.04590964317321777
0.040041208267211914
0.05222797393798828
0.051227569580078125
0.042601585388183594
0.03905797004699707
0.05224347114562988
0.006170511245727539
0.008671283721923828
0.03657817840576172
0.04918789863586426
0.04255366325378418
0.05368161201477051
0.04668378829956055
0.041194915771484375
0.05392050743103027
0.042327880859375
0.04815983772277832
0.04421186447143555
0.038141727447509766
0.047042131423950195
0.040051937103271484
0.047818899154663086
0.006600618362426758
0.00640416145324707
0.03642106056213379
0.045450448989868164
0.05036044120788574
0.03708195686340332
0.04613637924194336
0.04194164276123047
0.034639835357666016
0.049744606018066406
0.04227948188781738
0.034371376037597656
0.04440808296203613
0.038776397705078125
0.046759843826293945
0.04037642478942871
0.005521535873413086
0.004352569580078125
0.034142494201660156
0.043447017669677734
0.03647971153259277
0.046086788177490234
0.04011392593383789
0.034619808197021484
0.04358530044555664
0.03978705406188965
0.05231118202209473
0.04610276222229004
0.038254737854003906
0.05286598205566406
0.04328012466430664
0.00623011589050293
0.004334688186645508
0.03296637535095215
0.04100203514099121
0.04997897148132324
0.04730629920959473
0.040059566497802734
0.04980015754699707
0.041643381118774414
0.0494232177734375
0.04232358932495117
0.036881208419799805
0.047161102294921875
0.043145179748535156
0.0551455020904541
0.048325538635253906
0.029076337814331055
0.007719516754150391
0.03310990333557129
0.04282116889953613
0.052110910415649414
0.045333147048950195
0.03688669204711914
0.04375123977661133
0.03753995895385742
0.045963287353515625
0.03838992118835449
0.05062365531921387
0.04562091827392578
0.0366668701171875
0.04382610321044922
0.04259634017944336
0.010898113250732422
0.007568359375
0.0318453311920166
0.04817509651184082
0.04291486740112305
0.0390472412109375
0.04951906204223633
0.04133415222167969
0.034940481185913086
0.049909353256225586
0.04432511329650879
0.05298185348510742
0.04816794395446777
0.050037384033203125
0.039460182189941406
0.010350942611694336
0.006087779998779297
0.03609514236450195
0.04843783378601074
0.043820858001708984
0.041193485260009766
0.05545926094055176
0.04700875282287598
0.038355350494384766
0.04465079307556152
0.0472259521484375
0.042176008224487305
0.054094552993774414
0.04566454887390137
0.039647579193115234
0.04615044593811035
0.008102655410766602
0.006247758865356445
0.038126230239868164
0.04490494728088379
0.0475459098815918
0.03981328010559082
0.0502626895904541
0.04064822196960449
0.051279306411743164
0.04581904411315918
0.041062355041503906
0.05187058448791504
0.04842996597290039
0.04513406753540039
0.039781808853149414
0.05020427703857422
0.0063855648040771484
0.0055522918701171875
0.03398442268371582
0.04371929168701172
0.05318617820739746
0.04480433464050293
0.03807187080383301
0.04993319511413574
0.04455995559692383
0.04415321350097656
0.04162263870239258
0.05219888687133789
0.043108224868774414
0.037384033203125
0.05095195770263672
0.008008241653442383
0.007065773010253906
0.03485989570617676
0.047887563705444336
0.04109978675842285
0.05204892158508301
0.04746651649475098
0.04207324981689453
0.038489580154418945
0.04985761642456055
0.04295778274536133
0.035277366638183594
0.04691052436828613
0.0683293342590332
0.03777813911437988
0.05111050605773926
0.015142202377319336
0.005003452301025391
0.03338003158569336
0.04564666748046875
0.03672051429748535
0.04078316688537598
0.05305743217468262
0.04656577110290527
0.052268266677856445
0.043480873107910156
0.053803205490112305
0.04783964157104492
0.040459394454956055
0.05171942710876465
0.04429960250854492
0.038724660873413086
0.013288021087646484
0.007325649261474609
0.03428387641906738
0.04947400093078613
0.03765678405761719
0.05179286003112793
0.0504148006439209
0.044606924057006836
0.041960954666137695
0.06083369255065918
0.054351091384887695
0.05242657661437988
0.048244476318359375
0.05678081512451172
0.04111123085021973
0.009795904159545898
0.0053310394287109375
0.03165006637573242
0.03962278366088867
0.0481417179107666
0.04245281219482422
0.0517427921295166
0.04070258140563965
0.0362851619720459
0.048174142837524414
0.04645538330078125
0.038483381271362305
0.05111122131347656
0.0465550422668457
0.03856039047241211
0.048099517822265625
0.006227731704711914
0.006026268005371094
0.03595852851867676
0.047997474670410156
0.03997230529785156
0.0473935604095459
0.04545474052429199
0.04115462303161621
0.05344343185424805
0.04143786430358887
0.05004286766052246
0.04482722282409668
0.0373539924621582
0.05002117156982422
0.04128718376159668
0.05428457260131836
0.006853580474853516
0.00850987434387207
0.0351712703704834
0.04088902473449707
0.04864931106567383
0.03920555114746094
0.04866766929626465
0.04065680503845215
0.05256533622741699
0.052312612533569336
0.046373605728149414
0.03939199447631836
0.050852060317993164
0.04562950134277344
0.04082822799682617
0.052695274353027344
0.0038433074951171875
0.0057680606842041016
0.03605318069458008
0.04593515396118164
0.04174518585205078
0.038741111755371094
0.05105400085449219
0.04153919219970703
0.03321695327758789
0.05172586441040039
0.04641604423522949
0.036983489990234375
0.05027914047241211
0.04035377502441406
0.04433894157409668
0.0075016021728515625
0.006139278411865234
0.032587528228759766
0.04745888710021973
0.04085350036621094
0.05211591720581055
0.04408001899719238
0.03704500198364258
0.046019792556762695
0.03885245323181152
0.04992532730102539
0.0450437068939209
0.05885457992553711
0.0717158317565918
0.045237064361572266
0.006039857864379883
0.006327629089355469
0.03428983688354492
0.04855537414550781
0.04278993606567383
0.03827857971191406
0.050493717193603516
0.043000221252441406
0.05145263671875
0.0444643497467041
0.039047956466674805
0.05124068260192871
0.048044681549072266
0.03674507141113281
0.0497736930847168
0.005532503128051758
0.006596088409423828
0.035809993743896484
0.04880380630493164
0.04500603675842285
0.04009270668029785
0.05659055709838867
0.04902052879333496
0.03961038589477539
0.05262875556945801
0.05029869079589844
0.048226356506347656
0.04401254653930664
0.0379185676574707
0.04844188690185547
0.006215810775756836
0.0058901309967041016
0.034987449645996094
0.04136395454406738
0.040602922439575195
0.04970288276672363
0.04358959197998047
0.0356295108795166
0.04601621627807617
0.05238628387451172
0.03537726402282715
0.03445243835449219
0.04477500915527344
0.04038524627685547
0.03696870803833008
0.047606468200683594
0.005053043365478516
0.0062656402587890625
0.03660392761230469
0.04601788520812988
0.04484415054321289
0.03567004203796387
0.04756951332092285
0.04032611846923828
0.05489993095397949
0.05016922950744629
0.04880642890930176
0.04215550422668457
0.039639949798583984
0.05460214614868164
0.046671152114868164
0.05348539352416992
0.011829376220703125
0.008573293685913086
0.032408952713012695
0.04453110694885254
0.03749823570251465
0.04616093635559082
0.041295528411865234
0.03915667533874512
0.04762530326843262
0.05304145812988281
0.04807400703430176
0.04354691505432129
0.03914618492126465
0.03668951988220215
0.05154561996459961
0.005255460739135742
0.007522106170654297
0.03566861152648926
0.04236865043640137
0.06910157203674316
0.029444456100463867
0.04787492752075195
0.05260872840881348
0.045696258544921875
0.03753256797790527
0.0455935001373291
0.04197335243225098
0.05044817924499512
0.043154239654541016
0.05318331718444824
0.04464602470397949
0.05397939682006836
0.006873369216918945
0.007693290710449219
0.03302621841430664
0.037232398986816406
0.05442309379577637
0.049410343170166016
0.05669140815734863
0.04369854927062988
0.040390968322753906
0.04999375343322754
0.04182076454162598
0.03677845001220703
0.05424213409423828
0.04853558540344238
0.04213881492614746
0.04891657829284668
0.005633831024169922
0.00684356689453125
0.033393144607543945
0.04866528511047363
0.03821849822998047
0.04146003723144531
0.04738593101501465
0.04062628746032715
0.05013680458068848
0.04773974418640137
0.04431009292602539
0.038197994232177734
0.04894566535949707
0.05357551574707031
0.04726719856262207
0.005975484848022461
0.006964683532714844
0.03958725929260254
0.05118989944458008
0.04319310188293457
0.039818763732910156
0.05112934112548828
0.044111013412475586
0.04010295867919922
0.05024552345275879
0.04734969139099121
0.042673349380493164
0.03758645057678223
0.046105146408081055
0.04111814498901367
0.04630589485168457
0.006341457366943359
0.008839607238769531
0.03507637977600098
0.04677295684814453
0.04075765609741211
0.03548264503479004
0.04761838912963867
0.03642773628234863
0.04597353935241699
0.037834882736206055
0.04817509651184082
0.04518246650695801
0.047616004943847656
0.0385587215423584
0.05027580261230469
0.042226552963256836
0.005254030227661133
0.006586790084838867
0.035428524017333984
0.04583406448364258
0.03937888145446777
0.051729679107666016
0.07682061195373535
0.02534317970275879
0.03004288673400879
0.04320979118347168
0.05382990837097168
0.04883933067321777
0.04225897789001465
0.05053567886352539
0.049015045166015625
0.04444289207458496
0.005997896194458008
0.0070934295654296875
0.03186774253845215
0.0448756217956543
0.03816533088684082
0.05163073539733887
0.04485630989074707
0.04261517524719238
0.03660106658935547
0.046041250228881836
0.05054759979248047
0.04180192947387695
0.05649113655090332
0.049924373626708984
0.04345107078552246
0.05086183547973633
0.005769014358520508
0.005777835845947266
0.03285384178161621
0.04318809509277344
0.051786184310913086
0.04522109031677246
0.03977036476135254
0.13015317916870117
0.1352062225341797
0.12494206428527832
0.13426804542541504
0.14318490028381348
0.1322004795074463
0.12379622459411621
0.08235001564025879
0.16994118690490723
0.138411283493042
0.004742145538330078
0.14151692390441895
0.15494728088378906
0.12430882453918457
0.1559000015258789
0.16937994956970215
0.15487909317016602
0.1676034927368164
0.1589984893798828
0.16794991493225098
0.15656518936157227
0.16078710556030273
0.1615467071533203
0.29660511016845703
0.28774166107177734
0.006479024887084961
0.0047702789306640625
0.1377711296081543
0.12207484245300293
0.12644648551940918
0.08152270317077637
0.05506277084350586
0.04823184013366699
0.0333399772644043
0.04516959190368652
0.051963090896606445
0.0402679443359375
0.04974484443664551
0.04421567916870117
0.03963732719421387
0.04972338676452637
0.004982709884643555
0.006570100784301758
0.03366231918334961
0.04372596740722656
0.03770709037780762
0.048544883728027344
0.0424954891204834
0.03719592094421387
0.05059933662414551
0.04521346092224121
0.045290470123291016
0.0377347469329834
0.05353951454162598
0.04858851432800293
0.04087710380554199
0.01133275032043457
0.009796142578125
0.03489255905151367
0.05157470703125
0.0436704158782959
0.037760257720947266
0.05113482475280762
0.04467296600341797
0.038126230239868164
0.04608774185180664
0.041975975036621094
0.03874087333679199
0.050388336181640625
0.033544063568115234
0.04211306571960449
0.050440073013305664
0.005662202835083008
0.0058133602142333984
0.031820058822631836
0.04088950157165527
0.03487968444824219
0.045232534408569336
0.0378568172454834
0.04862093925476074
0.03679251670837402
0.05250191688537598
0.04983663558959961
0.040874481201171875
0.034027814865112305
0.042217254638671875
0.033777713775634766
0.04806804656982422
0.0047914981842041016
0.004123210906982422
0.03214669227600098
0.0408022403717041
0.05273604393005371
0.04877209663391113
0.04781031608581543
0.04172396659851074
0.03582024574279785
0.04873371124267578
0.04183840751647949
0.05035281181335449
0.042026519775390625
0.05454850196838379
0.04655814170837402
0.005244255065917969
0.005372047424316406
0.031697750091552734
0.04130220413208008
0.037856340408325195
0.050908803939819336
0.043347835540771484
0.03852033615112305
0.0510866641998291
0.04310464859008789
0.03915119171142578
0.05159354209899902
0.04392576217651367
0.04123568534851074
0.05247831344604492
0.006287336349487305
0.00598454475402832
0.03495335578918457
0.04407525062561035
0.05331921577453613
0.04742860794067383
0.04080557823181152
0.05062103271484375
0.0442357063293457
0.0419464111328125
0.05489683151245117
0.04601764678955078
0.051484107971191406
0.042851924896240234
0.038076162338256836
0.045767784118652344
0.0049512386322021484
0.006455659866333008
0.03273940086364746
0.04613828659057617
0.03736162185668945
0.04976058006286621
0.04068136215209961
0.050431251525878906
0.040560007095336914
0.05118989944458008
0.045918941497802734
0.04177498817443848
0.038922786712646484
0.04740476608276367
0.0378718376159668
0.04823040962219238
0.006891012191772461
0.005903005599975586
0.030942916870117188
0.04159688949584961
0.050457000732421875
0.04752802848815918
0.041472673416137695
0.03702282905578613
0.05158734321594238
0.04686617851257324
0.04104876518249512
0.034056663513183594
0.04300069808959961
0.05027008056640625
0.03886222839355469
0.04993557929992676
0.007015705108642578
0.005063295364379883
0.033986568450927734
0.04375958442687988
0.03820204734802246
0.04618668556213379
0.03883528709411621
0.05213046073913574
0.0421142578125
0.05280661582946777
0.0482633113861084
0.03615570068359375
0.0508267879486084
0.04694485664367676
0.03656721115112305
0.04965472221374512
0.006281614303588867
0.0049037933349609375
0.031207799911499023
0.03724074363708496
0.04763507843017578
0.037285804748535156
0.05136275291442871
0.04445314407348633
0.05335283279418945
0.046803951263427734
0.03977060317993164
0.05515718460083008
0.053183794021606445
0.05218076705932617
0.0445554256439209
0.008639097213745117
0.005338907241821289
0.0341944694519043
0.04397177696228027
0.03814411163330078
0.052414894104003906
0.046610355377197266
0.0546872615814209
0.04958796501159668
0.04613542556762695
0.0471034049987793
0.04783296585083008
0.0427546501159668
0.036382198333740234
0.04877734184265137
0.0064389705657958984
0.007185697555541992
0.032502174377441406
0.042513132095336914
0.036214351654052734
0.04946613311767578
0.04323863983154297
0.040091753005981445
0.036785125732421875
0.036682844161987305
0.05219221115112305
0.04778623580932617
0.041970252990722656
0.0531618595123291
0.04966306686401367
0.0047991275787353516
0.004378795623779297
0.034861087799072266
0.04664158821105957
0.03715944290161133
0.046782732009887695
0.052557945251464844
0.04404616355895996
0.042730093002319336
0.038274288177490234
0.04789018630981445
0.0389409065246582
0.05025482177734375
0.039418935775756836
0.05441856384277344
0.046129703521728516
0.008869409561157227
0.005213737487792969
0.04642987251281738
0.04178643226623535
0.05717754364013672
0.05350756645202637
0.0450282096862793
0.04239368438720703
0.06169438362121582
0.05366110801696777
0.04910540580749512
0.045769453048706055
0.05434250831604004
0.04999065399169922
0.045165061950683594
0.0070230960845947266
0.00791621208190918
0.03374052047729492
0.04090571403503418
0.05001950263977051
0.049787044525146484
0.03618478775024414
0.04565548896789551
0.04206228256225586
0.055989742279052734
0.046474456787109375
0.04795694351196289
0.03918600082397461
0.049262285232543945
0.041185617446899414
0.006799459457397461
0.005522251129150391
0.034659624099731445
0.04481863975524902
0.039891958236694336
0.05395936965942383
0.04831051826477051
0.04271078109741211
0.04030203819274902
0.053678035736083984
0.04649972915649414
0.04501223564147949
0.03618669509887695
0.04754829406738281
0.037423133850097656
0.006267070770263672
0.007166147232055664
0.03235936164855957
0.04216933250427246
0.035376787185668945
0.050366878509521484
0.04693889617919922
0.039366722106933594
0.05229926109313965
0.0475926399230957
0.03894996643066406
0.0595090389251709
0.054231882095336914
0.04496002197265625
0.03464913368225098
0.0058133602142333984
0.006409168243408203
0.03464508056640625
0.04738020896911621
0.04375505447387695
0.052486419677734375
0.05189013481140137
0.04145550727844238
0.035123586654663086
0.04072141647338867
0.050997018814086914
0.046070098876953125
0.0436098575592041
0.04200100898742676
0.0466306209564209
0.005436897277832031
0.00507807731628418
0.03281664848327637
0.04117989540100098
0.05068826675415039
0.05135774612426758
0.05654120445251465
0.04639291763305664
0.03799271583557129
0.046102046966552734
0.035626888275146484
0.0470120906829834
0.038411617279052734
0.0484158992767334
0.04475212097167969
0.05233311653137207
0.00780487060546875
0.006755828857421875
0.03390192985534668
0.043813228607177734
0.041318416595458984
0.05217576026916504
0.043229103088378906
0.05478334426879883
0.018969058990478516
0.0506439208984375
0.04152107238769531
0.03608298301696777
0.047720909118652344
0.0480647087097168
0.039823293685913086
0.04976487159729004
0.006505250930786133
0.010857820510864258
0.0363163948059082
0.04450845718383789
0.03641247749328613
0.04523515701293945
0.04051494598388672
0.03676152229309082
0.04629802703857422
0.041734933853149414
0.04937458038330078
0.04384422302246094
0.03731393814086914
0.04807257652282715
0.043851375579833984
0.05291414260864258
0.007943153381347656
0.0064885616302490234
0.03624558448791504
0.04859495162963867
0.0442814826965332
0.04019427299499512
0.052757978439331055
0.04616069793701172
0.03937983512878418
0.05469346046447754
0.05235719680786133
0.04761981964111328
0.040196895599365234
0.04429483413696289
0.03452873229980469
0.007708549499511719
0.007853507995605469
0.03609180450439453
0.04300522804260254
0.036110877990722656
0.04826641082763672
0.054009199142456055
0.04369854927062988
0.034861087799072266
0.044481515884399414
0.08126640319824219
0.024144649505615234
0.04251909255981445
0.03844428062438965
0.051006317138671875
0.04489707946777344
0.056688547134399414
0.00843501091003418
0.008160114288330078
0.03808903694152832
0.04801654815673828
0.037603139877319336
0.04525160789489746
0.0388033390045166
0.04549574851989746
0.038413286209106445
0.050176382064819336
0.04513192176818848
0.04224658012390137
0.03506183624267578
0.04249739646911621
0.04156160354614258
0.0049571990966796875
0.0057849884033203125
0.03374743461608887
0.04528498649597168
0.03638005256652832
0.04597902297973633
0.038362979888916016
0.04621315002441406
0.03907465934753418
0.05303549766540527
0.04473280906677246
0.03931069374084473
0.046863555908203125
0.03872179985046387
0.049974918365478516
0.04064321517944336
0.013695716857910156
0.00805211067199707
0.03344559669494629
0.044144630432128906
0.05301380157470703
0.04363536834716797
0.04760479927062988
0.04154658317565918
0.03672981262207031
0.04891633987426758
0.04340481758117676
0.03942370414733887
0.05229806900024414
0.037967681884765625
0.04749631881713867
0.033916473388671875
0.0062792301177978516
0.00813436508178711
0.03725433349609375
0.0402987003326416
0.05012989044189453
0.06113862991333008
0.07271099090576172
0.05122637748718262
0.04517006874084473
0.041268110275268555
0.05261397361755371
0.04683685302734375
0.04049372673034668
0.052060604095458984
0.04623818397521973
0.006716489791870117
0.007058382034301758
0.03638410568237305
0.048509836196899414
0.03728508949279785
0.04607820510864258
0.03974747657775879
0.05455613136291504
0.04723858833312988
0.04343605041503906
0.03970050811767578
0.04874730110168457
0.04039883613586426
0.04900789260864258
0.03844475746154785
0.04439735412597656
0.017841100692749023
0.007326602935791016
0.03743886947631836
0.05172324180603027
0.05027127265930176
0.04296398162841797
0.05336356163024902
0.046343088150024414
0.03893542289733887
0.048734426498413086
0.046501874923706055
0.042890071868896484
0.034193992614746094
0.04002070426940918
0.047867774963378906
0.04302716255187988
0.006489992141723633
0.006453037261962891
0.03598284721374512
0.04537844657897949
0.035085439682006836
0.042662620544433594
0.051651954650878906
0.044361114501953125
0.05445551872253418
0.04152965545654297
0.03800559043884277
0.05274486541748047
0.049996376037597656
0.035926103591918945
0.043469905853271484
0.038353919982910156
0.006488323211669922
0.006661415100097656
0.036074161529541016
0.045998334884643555
0.03747057914733887
0.04715228080749512
0.04256272315979004
0.037548065185546875
0.04798173904418945
0.043879032135009766
0.04021620750427246
0.05497264862060547
0.045255184173583984
0.03888201713562012
0.05352973937988281
0.0066661834716796875
0.006140708923339844
0.030988454818725586
0.04402041435241699
0.03629446029663086
0.048880815505981445
0.03776359558105469
0.050603628158569336
0.04484152793884277
0.04170966148376465
0.0532834529876709
0.04637455940246582
0.04387331008911133
0.052351951599121094
0.04912567138671875
0.007512092590332031
0.007640838623046875
0.03474164009094238
0.046653032302856445
0.036382436752319336
0.04597735404968262
0.03865671157836914
0.05170440673828125
0.045387983322143555
0.055704355239868164
0.05196356773376465
0.0408482551574707
0.05376243591308594
0.050432443618774414
0.040701866149902344
0.05890202522277832
0.012116670608520508
0.008596420288085938
0.07954049110412598
0.05304074287414551
0.0461275577545166
0.050786495208740234
0.0693669319152832
0.04235529899597168
0.037885189056396484
0.04800724983215332
0.04012727737426758
0.050557613372802734
0.043688058853149414
0.03531599044799805
0.04121208190917969
0.05163860321044922
0.042339324951171875
0.049118995666503906
0.004797220230102539
0.006415128707885742
0.03368353843688965
0.04514169692993164
0.03813004493713379
0.05377078056335449
0.0499424934387207
0.03969168663024902
0.051642417907714844
0.04334092140197754
0.04519343376159668
0.042841196060180664
0.05074024200439453
0.04209160804748535
0.0384824275970459
0.049056053161621094
0.006417274475097656
0.006902456283569336
0.035521507263183594
0.04104948043823242
0.04007983207702637
0.04723763465881348
0.040799617767333984
0.051650285720825195
0.04641270637512207
0.037744760513305664
0.05126142501831055
0.046278953552246094
0.04780435562133789
0.05968737602233887
0.053090810775756836
0.04708528518676758
0.005818843841552734
0.0059223175048828125
0.03514695167541504
0.04415297508239746
0.03835439682006836
0.04547286033630371
0.04427194595336914
0.04151439666748047
0.04947161674499512
0.05002117156982422
0.04389023780822754
0.04101848602294922
0.03676581382751465
0.049169063568115234
0.04094862937927246
0.010014772415161133
0.008422613143920898
0.03301119804382324
0.04555869102478027
0.034334659576416016
0.04327654838562012
0.03498053550720215
0.045108795166015625
0.033297061920166016
0.042685747146606445
0.05175447463989258
0.0424799919128418
0.04961419105529785
0.04507899284362793
0.037180423736572266
0.05064678192138672
0.007554054260253906
0.006806373596191406
0.034654855728149414
0.04117560386657715
0.034330129623413086
0.04211568832397461
0.035936832427978516
0.04735159873962402
0.037003278732299805
0.04810976982116699
0.04448294639587402
0.03962302207946777
0.049362897872924805
0.039246559143066406
0.04967665672302246
0.0406191349029541
0.008762359619140625
0.006127834320068359
0.03378772735595703
0.0441586971282959
0.03457236289978027
0.04794120788574219
0.04253244400024414
0.049636125564575195
0.041147708892822266
0.04993414878845215
0.04466533660888672
0.054688215255737305
0.044568777084350586
0.03979611396789551
0.05186033248901367
0.04231762886047363
0.012672662734985352
0.0064144134521484375
0.033746957778930664
0.04185628890991211
0.04600071907043457
0.0368494987487793
0.049916982650756836
0.04224824905395508
0.035396575927734375
0.04839181900024414
0.04409456253051758
0.0394589900970459
0.05091214179992676
0.047171592712402344
0.03628182411193848
0.04683518409729004
0.007584810256958008
0.004998922348022461
0.03348350524902344
0.04202842712402344
0.050463199615478516
0.045099496841430664
0.0410921573638916
0.05355119705200195
0.04377579689025879
0.03687572479248047
0.047104597091674805
0.0377652645111084
0.0481104850769043
0.03918623924255371
0.04192829132080078
0.049295902252197266
0.008804798126220703
0.008260488510131836
0.03644514083862305
0.04731869697570801
0.03900933265686035
0.05034232139587402
0.042328596115112305
0.036469459533691406
0.05065631866455078
0.04158663749694824
0.037203311920166016
0.04604697227478027
0.04548048973083496
0.05174827575683594
0.04631614685058594
0.007120847702026367
0.0057413578033447266
0.03242778778076172
0.04256868362426758
0.03722834587097168
0.04548025131225586
0.04228401184082031
0.07834672927856445
0.07213592529296875
0.05376744270324707
0.05502748489379883
0.045392751693725586
0.05978560447692871
0.04924631118774414
0.04006004333496094
0.04855084419250488
0.007563591003417969
0.006052732467651367
0.03487133979797363
0.04602384567260742
0.04098057746887207
0.050675392150878906
0.04756450653076172
0.03979921340942383
0.04821515083312988
0.03861236572265625
0.052947044372558594
0.049573659896850586
0.04530739784240723
0.04057121276855469
0.05255460739135742
0.007375955581665039
0.007578849792480469
0.03872489929199219
0.05312395095825195
0.046994686126708984
0.03953957557678223
0.053557634353637695
0.050255775451660156
0.04590725898742676
0.043398380279541016
0.043515920639038086
0.05693984031677246
0.049152374267578125
0.03763723373413086
0.046858787536621094
0.008194446563720703
0.004458189010620117
0.0396265983581543
0.05327200889587402
0.04518580436706543
0.04732990264892578
0.042671918869018555
0.05646324157714844
0.048047542572021484
0.041887521743774414
0.050333261489868164
0.04145669937133789
0.039669036865234375
0.049521446228027344
0.03990316390991211
0.011277198791503906
0.0049669742584228516
0.031778573989868164
0.03819131851196289
0.04529929161071777
0.037027835845947266
0.05146169662475586
0.047182321548461914
0.03931307792663574
0.05431723594665527
0.058126211166381836
0.05598759651184082
0.054583072662353516
0.05125284194946289
0.04540395736694336
0.015275001525878906
0.005911111831665039
0.034735679626464844
0.046015262603759766
0.03732752799987793
0.04950857162475586
0.044957876205444336
0.03997015953063965
0.05410194396972656
0.047096967697143555
0.045539140701293945
0.040886878967285156
0.05365133285522461
0.04848742485046387
0.047376155853271484
0.007501363754272461
0.007349729537963867
0.0325775146484375
0.04299139976501465
0.03616452217102051
0.0497288703918457
0.04522299766540527
0.03916573524475098
0.03589272499084473
0.045348405838012695
0.037513017654418945
0.05343985557556152
0.0476834774017334
0.041878700256347656
0.04731416702270508
0.008033037185668945
0.0060122013092041016
0.033548593521118164
0.04229593276977539
0.055269718170166016
0.04915475845336914
0.045880794525146484
0.03572869300842285
0.04925417900085449
0.04022717475891113
0.05220293998718262
0.04301619529724121
0.053449392318725586
0.04682445526123047
0.036657094955444336
0.044626474380493164
0.009029626846313477
0.006070137023925781
0.037404775619506836
0.04732036590576172
0.03939056396484375
0.051644325256347656
0.04074239730834961
0.050980567932128906
0.04479527473449707
0.04016923904418945
0.048543691635131836
0.04378867149353027
0.04114675521850586
0.05061149597167969
0.035968780517578125
0.04838132858276367
0.006914377212524414
0.006844282150268555
0.031578779220581055
0.03963875770568848
0.05160641670227051
0.04415726661682129
0.038288116455078125
0.05155229568481445
0.04553818702697754
0.04026198387145996
0.05719923973083496
0.05531740188598633
0.05178356170654297
0.051575660705566406
0.047499895095825195
0.013545513153076172
0.007643938064575195
0.03581094741821289
0.04617929458618164
0.055043935775756836
0.05148148536682129
0.04656791687011719
0.036391496658325195
0.051355838775634766
0.050225257873535156
0.03983259201049805
0.043923377990722656
0.04896426200866699
0.05081629753112793
0.04772377014160156
0.05620288848876953
0.007377147674560547
0.006894826889038086
0.031899452209472656
0.042832136154174805
0.050043582916259766
0.03881573677062988
0.04823756217956543
0.041046857833862305
0.04917430877685547
0.04452252388000488
0.051199913024902344
0.03745913505554199
0.04388737678527832
0.04910445213317871
0.03960847854614258
0.05164766311645508
0.25043368339538574
0.17641925811767578
0.03729891777038574
0.03866839408874512
0.042996883392333984
0.05000782012939453
0.04575395584106445
0.05537605285644531
0.03615832328796387
0.04973649978637695
0.039243459701538086
0.054410696029663086
0.07641434669494629
0.03958725929260254
0.033255577087402344
0.041914939880371094
0.05431389808654785
0.014432430267333984
0.013227462768554688
0.028288841247558594
0.06072378158569336
0.10858702659606934
0.05779218673706055
0.04834747314453125
0.04018735885620117
0.0559689998626709
0.038755178451538086
0.051578521728515625
0.044005393981933594
0.053565025329589844
0.04769182205200195
0.035726070404052734
0.0439763069152832
0.04642200469970703
0.03767204284667969
0.006312847137451172
0.007841110229492188
0.03570199012756348
0.04088234901428223
0.05336308479309082
0.04604935646057129
0.04088783264160156
0.04852795600891113
0.03839564323425293
0.061167240142822266
0.06325626373291016
0.04436135292053223
0.04127073287963867
0.054047584533691406
0.043523550033569336
0.05781126022338867
0.012032747268676758
0.006152629852294922
0.04384613037109375
0.044409751892089844
0.04830598831176758
0.04073786735534668
0.053400278091430664
0.041480302810668945
0.05197906494140625
0.04325461387634277
0.04311776161193848
0.03852558135986328
0.05627942085266113
0.04398322105407715
0.049164772033691406
0.054344892501831055
0.0076198577880859375
0.01196908950805664
0.014126777648925781
0.04209470748901367
0.05268263816833496
0.04657244682312012
0.040517330169677734
0.05570650100708008
0.05312299728393555
0.0798501968383789
0.019181251525878906
0.04803729057312012
0.04896664619445801
0.03751540184020996
0.04857945442199707
0.03939199447631836
0.013442516326904297
0.006417512893676758
0.03326678276062012
0.04357433319091797
0.047739505767822266
0.04397439956665039
0.03417682647705078
0.04366898536682129
0.036063194274902344
0.04639172554016113
0.006085634231567383
0.03383135795593262
0.0507199764251709
0.05053544044494629
0.03558063507080078
0.047712087631225586
0.007435321807861328
0.005918979644775391
0.031648874282836914
0.034499406814575195
0.042777061462402344
0.04277539253234863
0.0489811897277832
0.05335426330566406
0.04299449920654297
0.04124283790588379
0.0544285774230957
0.05044698715209961
0.04674816131591797
0.036757707595825195
0.043967485427856445
0.005707502365112305
0.005851268768310547
0.032913923263549805
0.04035210609436035
0.05017852783203125
0.041376590728759766
0.0495145320892334
0.043395042419433594
0.05247211456298828
0.05492210388183594
0.029374361038208008
0.05072617530822754
0.041608572006225586
0.05485844612121582
0.047156572341918945
0.05506181716918945
0.03919792175292969
0.008484363555908203
0.004798412322998047
0.03225064277648926
0.041925907135009766
0.05144858360290527
0.04130959510803223
0.044301509857177734
0.03695201873779297
0.04755663871765137
0.03636527061462402
0.04417920112609863
0.051157474517822266
0.038906097412109375
0.03308272361755371
0.03893566131591797
0.045868635177612305
0.054852962493896484
0.00710749626159668
0.007308006286621094
0.03471493721008301
0.04296684265136719
0.0527958869934082
0.04452037811279297
0.04231834411621094
0.05400228500366211
0.04599881172180176
0.04073190689086914
0.07209038734436035
0.009248733520507812
0.07419633865356445
0.035208702087402344
0.03987932205200195
0.052405357360839844
0.04817318916320801
0.08043384552001953
0.05248904228210449
0.008292675018310547
0.0059926509857177734
0.03443455696105957
0.03896188735961914
0.04566454887390137
0.04119753837585449
0.049704551696777344
0.04497504234313965
0.05474591255187988
0.03508806228637695
0.04437565803527832
0.037433624267578125
0.048055410385131836
0.037264108657836914
0.04779386520385742
0.05413341522216797
0.06566333770751953
0.13981008529663086
0.016580581665039062
0.02176380157470703
0.03793740272521973
0.044861793518066406
0.03861045837402344
0.07876086235046387
0.03282594680786133
0.042838096618652344
0.03916668891906738
0.049687862396240234
0.04997754096984863
0.04402947425842285
0.04286837577819824
0.039986371994018555
0.03448152542114258
0.005652666091918945
0.010671615600585938
0.03870248794555664
0.04764819145202637
0.0365900993347168
0.04900622367858887
0.04584836959838867
0.04474234580993652
0.06584334373474121
0.29947566986083984
0.17132043838500977
0.06964373588562012
0.046204566955566406
0.058524370193481445
0.05543231964111328
0.039968013763427734
0.04919552803039551
0.010151386260986328
0.005125284194946289
0.029873132705688477
0.03503227233886719
0.04482460021972656
0.03728222846984863
0.04953289031982422
0.034105777740478516
0.04737734794616699
0.0431210994720459
0.05206894874572754
0.04367208480834961
0.05362248420715332
0.04910635948181152
0.045859336853027344
0.059267282485961914
0.006777524948120117
0.009423255920410156
0.03513979911804199
0.03961610794067383
0.046277523040771484
0.05259561538696289
0.03895974159240723
0.05088090896606445
0.04534554481506348
0.038665056228637695
0.048497915267944336
0.0402681827545166
0.048660993576049805
0.03672337532043457
0.04354119300842285
0.05299854278564453
0.007024526596069336
0.007479429244995117
0.03191852569580078
0.0413050651550293
0.049543142318725586
0.042336225509643555
0.03584003448486328
0.013634204864501953
0.032720327377319336
0.0412137508392334
0.052396535873413086
0.03713798522949219
0.04951763153076172
0.046500205993652344
0.04093289375305176
0.05291318893432617
0.04531145095825195
0.012836694717407227
0.008087873458862305
0.033513784408569336
0.05881094932556152
0.07184529304504395
0.05824422836303711
0.04846072196960449
0.05137920379638672
0.05130743980407715
0.044450998306274414
0.038878440856933594
0.05557680130004883
0.05331230163574219
0.05601024627685547
0.057627201080322266
0.005456686019897461
0.004057884216308594
0.03324580192565918
0.04194521903991699
0.03550410270690918
0.044310808181762695
0.03799080848693848
0.05883288383483887
0.037680625915527344
0.05002188682556152
0.043132781982421875
0.03664064407348633
0.05270648002624512
0.04651284217834473
0.045035362243652344
0.00721430778503418
0.005640983581542969
0.034436941146850586
0.043024301528930664
0.03684639930725098
0.045598506927490234
0.050839900970458984
0.046296119689941406
0.03937840461730957
0.0516965389251709
0.04781937599182129
0.03986358642578125
0.05016613006591797
0.0405879020690918
0.05305075645446777
0.041437387466430664
0.01042318344116211
0.006309032440185547
0.03484821319580078
0.04043769836425781
0.048314571380615234
0.04380011558532715
0.0399022102355957
0.05281639099121094
0.049207448959350586
0.039292097091674805
0.05284929275512695
0.046340227127075195
0.04178309440612793
0.035422563552856445
0.05004525184631348
0.006519317626953125
0.004847288131713867
0.03468179702758789
0.04018568992614746
0.05238223075866699
0.04690265655517578
0.060547590255737305
0.048444271087646484
0.04078269004821777
0.05314517021179199
0.04720115661621094
0.03916525840759277
0.04871964454650879
0.03991556167602539
0.048628807067871094
0.03980565071105957
0.00903463363647461
0.006678581237792969
0.03786802291870117
0.0436551570892334
0.03451418876647949
0.04188847541809082
0.051760196685791016
0.04493522644042969
0.04108834266662598
0.05012631416320801
0.04374837875366211
0.038025617599487305
0.04848289489746094
0.037683963775634766
0.049822092056274414
0.04223918914794922
0.014386415481567383
0.005758762359619141
0.03356671333312988
0.04057717323303223
0.051267385482788086
0.04616594314575195
0.03963351249694824
0.04938840866088867
0.039754629135131836
0.050985097885131836
0.03805088996887207
0.05292630195617676
0.044072866439819336
0.03671860694885254
0.04863142967224121
0.04562664031982422
0.007055997848510742
0.00588536262512207
0.03430032730102539
0.04593086242675781
0.03629636764526367
0.04854393005371094
0.04100155830383301
0.05013465881347656
0.04717683792114258
0.04237675666809082
0.0370182991027832
0.05290627479553223
0.04581165313720703
0.043753623962402344
0.04094290733337402
0.008846759796142578
0.0068988800048828125
0.03366589546203613
0.04838299751281738
0.046254634857177734
0.039306640625
0.05137062072753906
0.05094647407531738
0.04473733901977539
0.04043936729431152
0.05027604103088379
0.04010176658630371
0.034303903579711914
0.04315376281738281
0.049367666244506836
0.0058057308197021484
0.006239891052246094
0.0323033332824707
0.04018211364746094
0.04962348937988281
0.041243553161621094
0.03586602210998535
0.05162215232849121
0.042893171310424805
0.03823256492614746
0.048003435134887695
0.04225444793701172
0.0380854606628418
0.05041313171386719
0.04760861396789551
0.0077741146087646484
0.008110761642456055
0.03402066230773926
0.04252004623413086
0.051126956939697266
0.04228520393371582
0.05086350440979004
0.04367256164550781
0.04834723472595215
0.047788143157958984
0.04221296310424805
0.033808231353759766
0.04260373115539551
0.11641716957092285
0.12600207328796387
0.13519001007080078
0.0072574615478515625
0.09364509582519531
0.12384724617004395
0.22413992881774902
0.12259483337402344
0.33356213569641113
0.15877723693847656
0.29363369941711426
0.279325008392334
0.28128957748413086
0.16218090057373047
0.14983773231506348
0.164536714553833
0.1618671417236328
0.16219711303710938
0.16708159446716309
0.3032510280609131
0.006497383117675781
0.13668346405029297
0.15599870681762695
0.1639420986175537
0.15874505043029785
0.12850356101989746
0.19514107704162598
0.0845329761505127
0.09526753425598145
0.04395556449890137
0.03755950927734375
0.05232858657836914
0.05110001564025879
0.045842647552490234
0.03572797775268555
0.0634000301361084
0.00480198860168457
0.0071868896484375
0.037078857421875
0.05298924446105957
0.0448298454284668
0.03767704963684082
0.052156686782836914
0.04067826271057129
0.03587198257446289
0.04916024208068848
0.04606294631958008
0.043318986892700195
0.055878400802612305
0.05328106880187988
0.05228590965270996
0.006808280944824219
0.00831460952758789
0.038626670837402344
0.05397653579711914
0.04427456855773926
0.03826451301574707
0.056516408920288086
0.05834317207336426
0.05495262145996094
0.03339076042175293
0.03934764862060547
0.05057978630065918
0.049082279205322266
0.04605269432067871
0.041869401931762695
0.007627725601196289
0.005300283432006836
0.03495478630065918
0.051198482513427734
0.04720306396484375
0.04051542282104492
0.05309343338012695
0.04934215545654297
0.04339122772216797
0.03349900245666504
0.03942155838012695
0.04856443405151367
0.037245750427246094
0.04808664321899414
0.038320064544677734
0.04921603202819824
0.007791757583618164
0.006029367446899414
0.035759687423706055
0.046129465103149414
0.037192583084106445
0.05152726173400879
0.04879426956176758
0.043810129165649414
0.03719949722290039
0.05130290985107422
0.049863576889038086
0.04482007026672363
0.04033398628234863
0.050142526626586914
0.04546093940734863
0.006021022796630859
0.011014223098754883
0.03507399559020996
0.04702496528625488
0.03739619255065918
0.049060821533203125
0.04469156265258789
0.043297529220581055
0.036170244216918945
0.04461932182312012
0.04203605651855469
0.051386356353759766
0.04467129707336426
0.03871440887451172
0.03789114952087402
0.006529569625854492
0.0068378448486328125
0.03429102897644043
0.046441078186035156
0.04107308387756348
0.04097867012023926
0.04784107208251953
0.03528857231140137
0.04418325424194336
0.03542637825012207
0.044440507888793945
0.041294097900390625
0.05059814453125
0.047827720642089844
0.04134368896484375
0.05093050003051758
0.007968425750732422
0.007863759994506836
0.0359807014465332
0.04586362838745117
0.05168771743774414
0.04535818099975586
0.03557443618774414
0.046961307525634766
0.043936729431152344
0.05140376091003418
0.039147138595581055
0.03494429588317871
0.04282259941101074
0.03534746170043945
0.04108166694641113
0.03650021553039551
0.007594585418701172
0.0058612823486328125
0.03185105323791504
0.04080653190612793
0.04574728012084961
0.040366411209106445
0.05200839042663574
0.04381275177001953
0.03567099571228027
0.04978513717651367
0.04397010803222656
0.03775739669799805
0.04953885078430176
0.044829368591308594
0.038774967193603516
0.049927473068237305
0.004237651824951172
0.005265951156616211
0.03368377685546875
0.044670820236206055
0.037580013275146484
0.04672384262084961
0.03885006904602051
0.051506996154785156
0.04050493240356445
0.05061793327331543
0.042250871658325195
0.03494071960449219
0.048569440841674805
0.04593062400817871
0.03688454627990723
0.04812812805175781
0.0055882930755615234
0.008474111557006836
0.03600883483886719
0.04391312599182129
0.04702925682067871
0.044302940368652344
0.03489542007446289
0.04155278205871582
0.04847097396850586
0.044756174087524414
0.04252290725708008
0.039191246032714844
0.05224013328552246
0.043538570404052734
0.03731131553649902
0.04466962814331055
0.006903648376464844
0.0045812129974365234
0.036440134048461914
0.04485678672790527
0.04418015480041504
0.039704322814941406
0.039932966232299805
0.04640388488769531
0.03812265396118164
0.04878664016723633
0.04867911338806152
0.0371856689453125
0.045070648193359375
0.037750244140625
0.04541015625
0.054696083068847656
0.00632929801940918
0.005485057830810547
0.03341269493103027
0.044425249099731445
0.03998136520385742
0.04869222640991211
0.04461479187011719
0.038748741149902344
0.04920339584350586
0.0405573844909668
0.05064034461975098
0.043760061264038086
0.04962015151977539
0.04528045654296875
0.0362398624420166
0.04525446891784668
0.006951808929443359
0.006880760192871094
0.03203749656677246
0.04384613037109375
0.052819013595581055
0.04976606369018555
0.04089093208312988
0.05229663848876953
0.04981875419616699
0.04548907279968262
0.04008197784423828
0.04945850372314453
0.03820514678955078
0.04558873176574707
0.03687405586242676
0.04669070243835449
0.005125522613525391
0.006180286407470703
0.03318953514099121
0.03615307807922363
0.03842592239379883
0.05091428756713867
0.0468292236328125
0.03932785987854004
0.05367732048034668
0.05287432670593262
0.05125594139099121
0.04565262794494629
0.03783226013183594
0.047243356704711914
0.04135727882385254
0.003911018371582031
0.0058498382568359375
0.034139394760131836
0.04723930358886719
0.042881011962890625
0.05491518974304199
0.042871713638305664
0.05228471755981445
0.046909332275390625
0.04049348831176758
0.03345370292663574
0.04052138328552246
0.05095386505126953
0.04115033149719238
0.05077338218688965
0.04487109184265137
0.012203693389892578
0.01147007942199707
0.03546428680419922
0.04015016555786133
0.05057072639465332
0.04226112365722656
0.03540682792663574
0.048206329345703125
0.04319500923156738
0.04720330238342285
0.04230451583862305
0.03761696815490723
0.04619002342224121
0.03899431228637695
0.04622030258178711
0.04024362564086914
0.005765199661254883
0.0053827762603759766
0.033902645111083984
0.04250907897949219
0.03982877731323242
0.04751324653625488
0.04781794548034668
0.047365665435791016
0.0406494140625
0.036104440689086914
0.03574514389038086
0.049095869064331055
0.04598379135131836
0.038504838943481445
0.05164027214050293
0.0058634281158447266
0.0057506561279296875
0.03363966941833496
0.0426478385925293
0.037281036376953125
0.049402713775634766
0.04954338073730469
0.05913877487182617
0.048326969146728516
0.04227709770202637
0.039543867111206055
0.05183815956115723
0.038481950759887695
0.04590177536010742
0.04065752029418945
0.0077075958251953125
0.006071805953979492
0.03400683403015137
0.04482150077819824
0.03568530082702637
0.04500436782836914
0.045632123947143555
0.04148435592651367
0.04975628852844238
0.046472787857055664
0.0404660701751709
0.05310177803039551
0.044654130935668945
0.03575563430786133
0.0449831485748291
0.03823542594909668
0.007429599761962891
0.009189605712890625
0.03531384468078613
0.04947853088378906
0.03884696960449219
0.05135369300842285
0.04149627685546875
0.05411028861999512
0.04709339141845703
0.05247211456298828
0.04161190986633301
0.05327796936035156
0.0427861213684082
0.04492950439453125
0.043480873107910156
0.04031658172607422
0.005887031555175781
0.006821155548095703
0.03609800338745117
0.04225969314575195
0.05247902870178223
0.04725790023803711
0.03697466850280762
0.04825568199157715
0.04590010643005371
0.036468505859375
0.0476536750793457
0.04065656661987305
0.04985380172729492
0.0397951602935791
0.03310418128967285
0.04596376419067383
0.005385160446166992
0.0059812068939208984
0.03675556182861328
0.04632258415222168
0.03890538215637207
0.04798126220703125
0.04294133186340332
0.03623771667480469
0.04546070098876953
0.03832602500915527
0.05218338966369629
0.046346426010131836
0.039220571517944336
0.05181574821472168
0.056058406829833984
0.006386756896972656
0.007550954818725586
0.0331876277923584
0.03996467590332031
0.03780102729797363
0.05152630805969238
0.04901933670043945
0.04561638832092285
0.039681196212768555
0.0521550178527832
0.04842853546142578
0.04590559005737305
0.04012179374694824
0.052559614181518555
0.05194664001464844
0.008307218551635742
0.0071566104888916016
0.03342747688293457
0.04268813133239746
0.03641915321350098
0.05033230781555176
0.0459747314453125
0.043769121170043945
0.03464484214782715
0.04930734634399414
0.04385805130004883
0.03794693946838379
0.05310535430908203
0.04771280288696289
0.04099464416503906
0.010716915130615234
0.007582426071166992
0.03914999961853027
0.0558319091796875
0.04877042770385742
0.047484397888183594
0.04240608215332031
0.03853964805603027
0.05202293395996094
0.045061349868774414
0.0382695198059082
0.04957461357116699
0.040529489517211914
0.047632455825805664
0.04212212562561035
0.004414558410644531
0.005231618881225586
0.03470468521118164
0.04465126991271973
0.03382444381713867
0.0441129207611084
0.048204660415649414
0.04153037071228027
0.0358889102935791
0.05002307891845703
0.04115486145019531
0.05480790138244629
0.048543453216552734
0.0557098388671875
0.04312849044799805
0.034657955169677734
0.006604194641113281
0.005955696105957031
0.032709598541259766
0.04363298416137695
0.03609299659729004
0.04800105094909668
0.042226552963256836
0.0346219539642334
0.0481870174407959
0.03617715835571289
0.04884910583496094
0.04017996788024902
0.03677868843078613
0.04930424690246582
0.05100226402282715
0.005877256393432617
0.0075855255126953125
0.0327761173248291
0.04132533073425293
0.03536486625671387
0.04755353927612305
0.038191795349121094
0.049910545349121094
0.044724225997924805
0.0409998893737793
0.05356788635253906
0.04530787467956543
0.03890585899353027
0.05331563949584961
0.04786396026611328
0.006095170974731445
0.006772279739379883
0.03528618812561035
0.04288959503173828
0.03586935997009277
0.04898262023925781
0.040174245834350586
0.05420684814453125
0.05505824089050293
0.05275726318359375
0.05042576789855957
0.04582715034484863
0.04072856903076172
0.05194664001464844
0.04615068435668945
0.04651308059692383
0.0051076412200927734
0.004932403564453125
0.03135061264038086
0.042635202407836914
0.03294825553894043
0.04347395896911621
0.03585696220397949
0.04747772216796875
0.040723323822021484
0.03722023963928223
0.0451662540435791
0.04248166084289551
0.037450551986694336
0.047177791595458984
0.04150080680847168
0.052282094955444336
0.0077533721923828125
0.006020069122314453
0.032408952713012695
0.04453301429748535
0.0359194278717041
0.05009746551513672
0.04256033897399902
0.03504753112792969
0.04835247993469238
0.03967452049255371
0.04801487922668457
0.04601097106933594
0.05584454536437988
0.04605698585510254
0.04584169387817383
0.007632017135620117
0.006998300552368164
0.033902883529663086
0.04199075698852539
0.05328035354614258
0.04562044143676758
0.04134035110473633
0.05504584312438965
0.04790544509887695
0.04638385772705078
0.04598832130432129
0.0413670539855957
0.04848217964172363
0.04040694236755371
0.03826594352722168
0.005822658538818359
0.005259037017822266
0.033873796463012695
0.04601001739501953
0.03894996643066406
0.050371408462524414
0.04356980323791504
0.03842973709106445
0.0494229793548584
0.044005393981933594
0.04449057579040527
0.037827253341674805
0.05158877372741699
0.04534769058227539
0.038567543029785156
0.049117088317871094
0.007096290588378906
0.004818439483642578
0.03415274620056152
0.04334235191345215
0.04053139686584473
0.05308341979980469
0.05283212661743164
0.04267001152038574
0.05426502227783203
0.051389217376708984
0.04542660713195801
0.03786206245422363
0.05151796340942383
0.04567980766296387
0.043200016021728516
0.006891727447509766
0.00554966926574707
0.03472495079040527
0.04735898971557617
0.03688979148864746
0.04327225685119629
0.0365290641784668
0.05394911766052246
0.047429561614990234
0.03826713562011719
0.052461862564086914
0.04863429069519043
0.04151487350463867
0.04994678497314453
0.04642343521118164
0.007233858108520508
0.009107589721679688
0.03983569145202637
0.04680681228637695
0.03926801681518555
0.03478407859802246
0.042681217193603516
0.03576087951660156
0.04517650604248047
0.051604270935058594
0.0424809455871582
0.03932476043701172
0.03726029396057129
0.04815530776977539
0.03780961036682129
0.05096316337585449
0.007635354995727539
0.005946159362792969
0.034658193588256836
0.04838442802429199
0.0428309440612793
0.052677154541015625
0.0448603630065918
0.034064531326293945
0.048062801361083984
0.04103398323059082
0.05101919174194336
0.04571890830993652
0.0525822639465332
0.04457807540893555
0.038411855697631836
0.04784107208251953
0.006089687347412109
0.006664276123046875
0.03536057472229004
0.04812765121459961
0.037525177001953125
0.04979062080383301
0.048494577407836914
0.04881548881530762
0.04273700714111328
0.03768754005432129
0.04479074478149414
0.03554892539978027
0.04209423065185547
0.05223274230957031
0.045116424560546875
0.0035483837127685547
0.00781702995300293
0.03636431694030762
0.04740309715270996
0.04352879524230957
0.0377659797668457
0.04959440231323242
0.04460430145263672
0.03778505325317383
0.04984927177429199
0.04242110252380371
0.04865574836730957
0.04050183296203613
0.05018329620361328
0.04643821716308594
0.007826566696166992
0.0066225528717041016
0.03469705581665039
0.04578804969787598
0.03429365158081055
0.04539608955383301
0.03888893127441406
0.0484464168548584
0.040801048278808594
0.0507814884185791
0.04317069053649902
0.04297137260437012
0.051123619079589844
0.03632164001464844
0.04796338081359863
0.04038667678833008
0.009246826171875
0.004629373550415039
0.036138057708740234
0.04671978950500488
0.04254961013793945
0.051668643951416016
0.04312849044799805
0.03612184524536133
0.04799199104309082
0.043274641036987305
0.037752389907836914
0.050815582275390625
0.0420074462890625
0.05240464210510254
0.04538989067077637
0.007277965545654297
0.006282329559326172
0.03307843208312988
0.03970599174499512
0.048696279525756836
0.04130244255065918
0.03585052490234375
0.048094987869262695
0.03880667686462402
0.0518951416015625
0.04573631286621094
0.03740954399108887
0.05235862731933594
0.04700946807861328
0.03722190856933594
0.04837203025817871
0.006458759307861328
0.005308628082275391
0.03560018539428711
0.04638051986694336
0.043576717376708984
0.03920555114746094
0.0371854305267334
0.04986119270324707
0.04212164878845215
0.03830695152282715
0.04883146286010742
0.04825568199157715
0.045482635498046875
0.035581111907958984
0.0457148551940918
0.0068018436431884766
0.00582575798034668
0.03721904754638672
0.05018734931945801
0.039420366287231445
0.046064138412475586
0.04115486145019531
0.05414271354675293
0.047740936279296875
0.037680625915527344
0.050176143646240234
0.041457176208496094
0.0401918888092041
0.0375823974609375
0.04632687568664551
0.03439211845397949
0.006795167922973633
0.0055789947509765625
0.032289743423461914
0.0422673225402832
0.03688454627990723
0.0422976016998291
0.05152273178100586
0.04227614402770996
0.05392193794250488
0.0493009090423584
0.039705753326416016
0.04730033874511719
0.03694438934326172
0.04877877235412598
0.0419461727142334
0.051833391189575195
0.013578653335571289
0.04500126838684082
0.03148913383483887
0.04053163528442383
0.04932904243469238
0.040726423263549805
0.05186343193054199
0.0401461124420166
0.050101280212402344
0.04590201377868652
0.058999061584472656
0.04675483703613281
0.03789782524108887
0.04906201362609863
0.0419008731842041
0.04763650894165039
0.016669750213623047
0.008478164672851562
0.03463602066040039
0.0487823486328125
0.052358388900756836
0.04436206817626953
0.05248308181762695
0.04386091232299805
0.03765225410461426
0.05141305923461914
0.0427553653717041
0.053496360778808594
0.04927349090576172
0.040580034255981445
0.04819440841674805
0.0360565185546875
0.006941556930541992
0.006161212921142578
0.03859996795654297
0.05243635177612305
0.04422283172607422
0.05331730842590332
0.043121337890625
0.037325143814086914
0.04725193977355957
0.03561544418334961
0.048720598220825195
0.04232025146484375
0.04959416389465332
0.04290175437927246
0.0349421501159668
0.046774864196777344
0.005127668380737305
0.0075778961181640625
0.035778045654296875
0.048835039138793945
0.04397773742675781
0.0394437313079834
0.03581690788269043
0.048038482666015625
0.04409289360046387
0.0397639274597168
0.04230475425720215
0.05656003952026367
0.04798412322998047
0.03459882736206055
0.04540705680847168
0.004589080810546875
0.006045818328857422
0.03466677665710449
0.046492815017700195
0.03876996040344238
0.05010342597961426
0.04532194137573242
0.04000258445739746
0.05007004737854004
0.03423905372619629
0.04330706596374512
0.03416252136230469
0.04526066780090332
0.03644084930419922
0.04518485069274902
0.0478971004486084
0.007953405380249023
0.00620269775390625
0.037578582763671875
0.04608321189880371
0.04725503921508789
0.03989434242248535
0.03676462173461914
0.04895377159118652
0.04361152648925781
0.03933429718017578
0.049086570739746094
0.03783416748046875
0.05013680458068848
0.04529881477355957
0.03874397277832031
0.04726052284240723
0.013359308242797852
0.004829883575439453
0.035262107849121094
0.04636335372924805
0.03947591781616211
0.05495262145996094
0.046833038330078125
0.042641639709472656
0.03517460823059082
0.04479694366455078
0.03596305847167969
0.04396772384643555
0.038665771484375
0.04801130294799805
0.037108421325683594
0.04534411430358887
0.007395744323730469
0.008212804794311523
0.03530621528625488
0.042874813079833984
0.05220746994018555
0.048157691955566406
0.04247021675109863
0.05436897277832031
0.04989480972290039
0.05907177925109863
0.048650503158569336
0.039093732833862305
0.04793953895568848
0.03995847702026367
0.050858259201049805
0.007016420364379883
0.006411314010620117
0.034053802490234375
0.052245378494262695
0.042401790618896484
0.051839351654052734
0.04622530937194824
0.041060686111450195
0.052071332931518555
0.04823446273803711
0.04529690742492676
0.03670501708984375
0.04512834548950195
0.04149174690246582
0.04128003120422363
0.006783962249755859
0.007148265838623047
0.035085201263427734
0.04694390296936035
0.043512582778930664
0.05065298080444336
0.039877891540527344
0.048627614974975586
