0.008716821670532227
0.03945350646972656
0.05875706672668457
0.04442477226257324
0.039099693298339844
0.05067300796508789
0.0567011833190918
0.053841352462768555
0.0470576286315918
0.04041314125061035
0.05318927764892578
0.10068774223327637
0.058362483978271484
0.03600287437438965
0.04289841651916504
0.014878273010253906
0.01569509506225586
0.033247947692871094
0.04449272155761719
0.03891134262084961
0.06175518035888672
0.05651259422302246
0.04078030586242676
0.035301923751831055
0.04912281036376953
0.04508471488952637
0.04338669776916504
0.03628396987915039
0.05258059501647949
0.046526193618774414
0.005510807037353516
0.008192062377929688
0.033385276794433594
0.045415639877319336
0.05742239952087402
0.042592763900756836
0.03868746757507324
0.05490231513977051
0.051073551177978516
0.04554390907287598
0.04022622108459473
0.05313539505004883
0.04285168647766113
0.03909873962402344
0.04948735237121582
0.005948543548583984
0.011585712432861328
0.03546738624572754
0.04265141487121582
0.037731170654296875
0.0474543571472168
0.0397801399230957
0.048563241958618164
0.034422874450683594
0.05003237724304199
0.04327249526977539
0.05248594284057617
0.046575069427490234
0.04000425338745117
0.050867557525634766
0.043738603591918945
0.009416818618774414
0.006895303726196289
0.03243231773376465
0.039054155349731445
0.050664663314819336
0.11219406127929688
0.06982994079589844
0.015664339065551758
0.03399515151977539
0.04973459243774414
0.04602837562561035
0.03908562660217285
0.05305933952331543
0.04321575164794922
0.051424503326416016
0.04453015327453613
0.03905200958251953
0.010446310043334961
0.006635189056396484
0.034913063049316406
0.04190683364868164
0.03443288803100586
0.050107479095458984
0.044020652770996094
0.03688693046569824
0.048072099685668945
0.033304691314697266
0.044091224670410156
0.04069161415100098
0.03829193115234375
0.05115771293640137
0.030637025833129883
0.14978647232055664
0.08273983001708984
0.0188901424407959
0.034423828125
0.04075360298156738
0.05548572540283203
0.052916526794433594
0.05341696739196777
0.053600311279296875
0.056131839752197266
0.05650520324707031
0.05822181701660156
0.056871891021728516
0.05068850517272949
0.04911470413208008
0.007777214050292969
0.008609533309936523
0.03412508964538574
0.044416189193725586
0.04715871810913086
0.04025077819824219
0.04986238479614258
0.04436063766479492
0.03947329521179199
0.051262617111206055
0.04875636100769043
0.03925299644470215
0.054865121841430664
0.0546116828918457
0.05712080001831055
0.016244173049926758
0.007197141647338867
0.037412166595458984
0.04555511474609375
0.03448033332824707
0.04687142372131348
0.0516667366027832
0.040207624435424805
0.047383785247802734
0.04801511764526367
0.03855109214782715
0.05135965347290039
0.0575714111328125
0.040068626403808594
0.03573012351989746
0.045703887939453125
0.011149883270263672
0.006507396697998047
0.03509998321533203
0.040654897689819336
0.047979116439819336
0.05041360855102539
0.07453656196594238
0.057683467864990234
0.031190872192382812
0.05629301071166992
0.03896069526672363
0.05212235450744629
0.040648460388183594
0.05513644218444824
0.052988529205322266
0.04865598678588867
0.03978872299194336
0.014269351959228516
0.006502628326416016
0.035623788833618164
0.03982043266296387
0.04970073699951172
0.041257619857788086
0.05240321159362793
0.05059933662414551
0.04604983329772949
0.04040026664733887
0.052284955978393555
0.04337501525878906
0.03930330276489258
0.052175283432006836
0.04647946357727051
0.006072998046875
0.006608009338378906
0.03578472137451172
0.04034590721130371
0.049187660217285156
0.04125714302062988
0.03637409210205078
0.0502779483795166
0.04427957534790039
0.034647464752197266
0.04772520065307617
0.04948592185974121
0.09628057479858398
0.03276658058166504
0.018667221069335938
0.06652140617370605
0.023198366165161133
0.04607439041137695
0.005649566650390625
0.0076177120208740234
0.03607487678527832
0.048729896545410156
0.03842902183532715
0.04510951042175293
0.037419795989990234
0.05020260810852051
0.04424309730529785
0.03904271125793457
0.03798055648803711
0.05146670341491699
0.04998445510864258
0.05338335037231445
0.03713393211364746
0.013623714447021484
0.004609584808349609
0.03342270851135254
0.038648366928100586
0.04856729507446289
0.03881239891052246
0.0371248722076416
0.045267343521118164
0.0355682373046875
0.044157981872558594
0.03571605682373047
0.04213523864746094
0.03854012489318848
0.04824185371398926
0.039977073669433594
0.037679195404052734
0.007611989974975586
0.006540536880493164
0.037626028060913086
0.04594826698303223
0.03669381141662598
0.05196499824523926
0.04406118392944336
0.04130983352661133
0.05151247978210449
0.04559206962585449
0.0424809455871582
0.03505134582519531
0.04512953758239746
0.03772616386413574
0.049953460693359375
0.007284641265869141
0.004748106002807617
0.03344392776489258
0.04061555862426758
0.04960918426513672
0.038701534271240234
0.055019378662109375
0.044509172439575195
0.03546595573425293
0.0511624813079834
0.046672821044921875
0.044802188873291016
0.03592514991760254
0.05254721641540527
0.049956321716308594
0.0066394805908203125
0.006539583206176758
0.045307159423828125
0.039858341217041016
0.049094200134277344
0.03819441795349121
0.051491737365722656
0.04405927658081055
0.057451725006103516
0.052617549896240234
0.050211191177368164
0.04219841957092285
0.0539548397064209
0.04877471923828125
0.045050621032714844
0.05732321739196777
0.008315563201904297
0.008876800537109375
0.03519153594970703
0.05096602439880371
0.040921688079833984
0.04920649528503418
0.04383707046508789
0.051528215408325195
0.043756961822509766
0.0447392463684082
0.03624749183654785
0.05608391761779785
0.05430722236633301
0.053011417388916016
0.05552840232849121
0.01194620132446289
0.006916999816894531
0.036116600036621094
0.040865421295166016
0.04660224914550781
0.041660308837890625
0.05177617073059082
0.047454118728637695
0.04198098182678223
0.05162167549133301
0.047135353088378906
0.040366411209106445
0.032740116119384766
0.04692482948303223
0.0451960563659668
0.007143735885620117
0.0067708492279052734
0.036280155181884766
0.0472865104675293
0.03448772430419922
0.04726386070251465
0.039990901947021484
0.051087141036987305
0.045252084732055664
0.04485368728637695
0.04138970375061035
0.03829693794250488
0.050276756286621094
0.04288840293884277
0.040001869201660156
0.011984109878540039
0.006699085235595703
0.03564596176147461
0.04783940315246582
0.037175893783569336
0.045621633529663086
0.04235076904296875
0.05477166175842285
0.048352718353271484
0.0419306755065918
0.04047346115112305
0.036393165588378906
0.04898381233215332
0.04593777656555176
0.053000688552856445
0.006504058837890625
0.007583141326904297
0.034488677978515625
0.043764352798461914
0.05136299133300781
0.039418935775756836
0.04678964614868164
0.04152965545654297
0.05046486854553223
0.047043800354003906
0.0388336181640625
0.0478208065032959
0.049732208251953125
0.05010223388671875
0.03802752494812012
0.05227327346801758
0.01165318489074707
0.005525112152099609
0.0321345329284668
0.04399895668029785
0.05200982093811035
0.0387721061706543
0.049896955490112305
0.046085357666015625
0.04040789604187012
0.04606986045837402
0.040863037109375
0.05341291427612305
0.04035592079162598
0.05410575866699219
0.05437064170837402
0.05430006980895996
0.011017560958862305
0.005057811737060547
0.036589860916137695
0.04340386390686035
0.05026412010192871
0.03972816467285156
0.04609179496765137
0.03953671455383301
0.05096626281738281
0.042462825775146484
0.05050253868103027
0.042707204818725586
0.03645896911621094
0.04696774482727051
0.04267430305480957
0.03683638572692871
0.010123729705810547
0.006155490875244141
0.034931182861328125
0.04322028160095215
0.054651737213134766
0.03974127769470215
0.049497365951538086
0.03983712196350098
0.05090022087097168
0.05394911766052246
0.0487370491027832
0.051569461822509766
0.04969286918640137
0.04865241050720215
0.055210113525390625
0.008097410202026367
0.006829261779785156
0.033054351806640625
0.04051709175109863
0.05292010307312012
0.04561877250671387
0.04414248466491699
0.0423886775970459
0.037221431732177734
0.051337242126464844
0.0482785701751709
0.045050621032714844
0.039652347564697266
0.04834938049316406
0.0440.05169391632080.007104396820068359
0.005460977554321289
0.03336906433105469
0.04468536376953125
0.03787112236022949
0.04900503158569336
0.04420328140258789
0.04147505760192871
0.05353689193725586
0.04734301567077637
0.04243326187133789
0.03804492950439453
0.04982352256774902
0.046562910079956055
0.03942680358886719
0.007130622863769531
0.006616115570068359
0.033237457275390625
0.0398867130279541
0.04877161979675293
0.04369974136352539
0.03402566909790039
0.04822182655334473
0.042607784271240234
0.03578376770019531
0.04304051399230957
0.038752079010009766
0.03469419479370117
0.048696279525756836
0.043540239334106445
0.005801200866699219
0.011885643005371094
0.035568952560424805
0.04364275932312012
0.049413442611694336
0.036803483963012695
0.048501014709472656
0.043920040130615234
0.043318986892700195
0.035109758377075195
0.04629826545715332
0.03867173194885254
0.051065683364868164
0.043314456939697266
0.03844094276428223
0.05273079872131348
0.011615991592407227
0.009346246719360352
0.036728858947753906
0.04024243354797363
0.04915189743041992
0.04105639457702637
0.049918413162231445
0.04043841361999512
0.036224365234375
0.04804706573486328
0.04153585433959961
0.0431675910949707
0.036937713623046875
0.047794342041015625
0.04285550117492676
0.05288243293762207
0.006209135055541992
0.005091190338134766
0.03386521339416504
0.039354801177978516
0.04956412315368652
0.040656328201293945
0.0498504638671875
0.043962717056274414
0.03969693183898926
0.05135798454284668
0.05009961128234863
0.04940056800842285
0.04407095909118652
0.03583240509033203
0.05059409141540527
0.011269807815551758
0.00633692741394043
0.0359797477722168
0.04546213150024414
0.051972389221191406
0.041289329528808594
0.048838138580322266
0.04395341873168945
0.04056358337402344
0.05247163772583008
0.04712677001953125
0.037238121032714844
0.04525637626647949
0.04095029830932617
0.03639030456542969
0.04964852333068848
0.008599281311035156
0.00895071029663086
0.034143924713134766
0.04456615447998047
0.03922677040100098
0.04803729057312012
0.03998732566833496
0.05539822578430176
0.04636502265930176
0.04516029357910156
0.040436744689941406
0.05212235450744629
0.046422719955444336
0.03998112678527832
0.05385851860046387
0.007326602935791016
0.006112575531005859
0.03711223602294922
0.045552968978881836
0.03310537338256836
0.044164419174194336
0.03750443458557129
0.048485517501831055
0.043451786041259766
0.03715777397155762
0.04681754112243652
0.04377317428588867
0.035395145416259766
0.04056096076965332
0.049814462661743164
0.04341745376586914
0.00761723518371582
0.007136821746826172
0.030898094177246094
0.04173159599304199
0.050183773040771484
0.040357112884521484
0.06065201759338379
0.03712582588195801
0.046193599700927734
0.03720283508300781
0.04592728614807129
0.04941582679748535
0.04034686088562012
0.0471959114074707
0.03626227378845215
0.0539240837097168
0.010094642639160156
0.006658315658569336
0.0353083610534668
0.04654550552368164
0.03749370574951172
0.0495905876159668
0.046067237854003906
0.0383448600769043
0.04876351356506348
0.042871713638305664
0.056688547134399414
0.049263715744018555
0.04165816307067871
0.03664255142211914
0.05286097526550293
0.008077383041381836
0.006960391998291016
0.03830361366271973
0.05113387107849121
0.039489030838012695
0.053046464920043945
0.05332469940185547
0.0424036979675293
0.05078744888305664
0.04261612892150879
0.03756380081176758
0.04827380180358887
0.041326284408569336
0.037178754806518555
0.049149274826049805
0.006022453308105469
0.011055707931518555
0.03888368606567383
0.05185866355895996
0.03831982612609863
0.05154561996459961
0.048482656478881836
0.04572701454162598
0.04129743576049805
0.05089831352233887
0.04202842712402344
0.05138373374938965
0.04328799247741699
0.03726959228515625
0.048613786697387695
0.006610393524169922
0.007549285888671875
0.0334320068359375
0.04367351531982422
0.05001568794250488
0.04005146026611328
0.03611111640930176
0.13035154342651367
0.13543105125427246
0.1285405158996582
0.13600850105285645
0.12850236892700195
0.2556180953979492
0.11006784439086914
0.08591818809509277
0.16776680946350098
0.16393542289733887
0.00822901725769043
0.1301257610321045
0.12580394744873047
0.15888118743896484
0.1575019359588623
0.1695711612701416
0.16275405883789062
0.16360735893249512
0.16340088844299316
0.1716907024383545
0.16266894340515137
0.16638827323913574
0.16808819770812988
0.15701961517333984
0.17156672477722168
0.12041115760803223
0.006209611892700195
0.006375312805175781
0.006168842315673828
0.07755708694458008
0.0512542724609375
0.05422377586364746
0.03736162185668945
0.03457927703857422
0.04568338394165039
0.04233741760253906
0.05148649215698242
0.04619193077087402
0.04324913024902344
0.04017949104309082
0.05112147331237793
0.04421854019165039
0.006554126739501953
0.008431673049926758
0.036386728286743164
0.04393482208251953
0.0342402458190918
0.03769111633300781
0.04694032669067383
0.04237532615661621
0.03470301628112793
0.049031972885131836
0.04130983352661133
0.0512392520904541
0.038463592529296875
0.052771806716918945
0.04366612434387207
0.053501129150390625
0.01321101188659668
0.007234811782836914
0.03582143783569336
0.04402041435241699
0.03859519958496094
0.045622825622558594
0.04436016082763672
0.04918670654296875
0.03912973403930664
0.04549527168273926
0.0408930778503418
0.05355644226074219
0.047322988510131836
0.04115104675292969
0.05102896690368652
0.03914284706115723
0.010592937469482422
0.006909370422363281
0.03922080993652344
0.04674673080444336
0.03526473045349121
0.04715895652770996
0.04718732833862305
0.03993105888366699
0.04716753959655762
0.03899359703063965
0.05159473419189453
0.04182577133178711
0.0392913818359375
0.04694318771362305
0.03618907928466797
0.048043012619018555
0.009578704833984375
0.008573055267333984
0.03333139419555664
0.04157209396362305
0.04921913146972656
0.04701542854309082
0.04312753677368164
0.03944516181945801
0.047628164291381836
0.03719139099121094
0.050551414489746094
0.040097713470458984
0.05043148994445801
0.034586191177368164
0.04361677169799805
0.03794288635253906
0.017261981964111328
0.010637283325195312
0.03394031524658203
0.03954648971557617
0.04747200012207031
0.037705421447753906
0.04829263687133789
0.04203939437866211
0.054747819900512695
0.04550981521606445
0.04367828369140625
0.05098676681518555
0.044096946716308594
0.03642129898071289
0.04772830009460449
0.04033637046813965
0.0074596405029296875
0.008537530899047852
0.037358760833740234
0.05151987075805664
0.046733856201171875
0.043959617614746094
0.041517019271850586
0.05880594253540039
0.07678627967834473
0.042098283767700195
0.04845762252807617
0.04189348220825195
0.03554248809814453
0.04741549491882324
0.047658443450927734
0.042973995208740234
0.01267862319946289
0.006430864334106445
0.03470802307128906
0.047333478927612305
0.03658652305603027
0.042871713638305664
0.051934003829956055
0.04519510269165039
0.04732847213745117
0.04868268966674805
0.050528764724731445
0.043129682540893555
0.04177713394165039
0.05624985694885254
0.05401468276977539
0.03744983673095703
0.015868425369262695
0.006798982620239258
0.03678178787231445
0.04655861854553223
0.04939985275268555
0.03635358810424805
0.043413639068603516
0.05704665184020996
0.05088996887207031
0.0419921875
0.03720831871032715
0.04909706115722656
0.04099535942077637
0.043416738510131836
0.04859209060668945
0.04176068305969238
0.01116633415222168
0.00500178337097168
0.03222227096557617
0.043920040130615234
0.04925894737243652
0.04402756690979004
0.05723214149475098
0.06081724166870117
0.05741524696350098
0.03961491584777832
0.05483865737915039
0.0511927604675293
0.04063987731933594
0.05437040328979492
0.0446162223815918
0.005693674087524414
0.008348226547241211
0.034194231033325195
0.040999650955200195
0.05037832260131836
0.0411534309387207
0.05096721649169922
0.045655012130737305
0.03688669204711914
0.0456540584564209
0.032820940017700195
0.04605412483215332
0.03986167907714844
0.05047440528869629
0.04297828674316406
0.03579139709472656
0.006211757659912109
0.007998466491699219
0.037598371505737305
0.04515480995178223
0.037394046783447266
0.04591774940490723
0.05321550369262695
0.042810916900634766
0.050966501235961914
0.04358243942260742
0.05281996726989746
00.046034812927246090.05748271942138672
0.048603057861328125
0.04734086990356445
0.04285025596618652
0.005450248718261719
0.010049581527709961
0.033892154693603516
0.03980422019958496
0.054363250732421875
0.044255971908569336
0.04960894584655762
0.04020547866821289
0.04714345932006836
0.2479257583618164
0.10051131248474121
0.02333235740661621
0.03687429428100586
0.04944920539855957
0.04371976852416992
0.05435776710510254
0.04371166229248047
0.05746102333068848
0.058209896087646484
0.005486249923706055
0.006171703338623047
0.03135323524475098
0.07148933410644531
0.042188405990600586
0.05325007438659668
0.04123091697692871
0.04010915756225586
0.05521416664123535
0.05070686340332031
0.04229569435119629
0.052437782287597656
0.03869795799255371
0.05034017562866211
0.04738640785217285
0.037349700927734375
0.05573868751525879
0.0070111751556396484
0.011037349700927734
0.03828787803649902
0.051824331283569336
0.04430413246154785
0.05284619331359863
0.04372715950012207
0.05297493934631348
0.04431748390197754
0.04377865791320801
0.053635358810424805
0.049704790115356445
0.05234813690185547
0.04743385314941406
0.04142403602600098
0.05029582977294922
0.0077631473541259766
0.008035421371459961
0.035765886306762695
0.04881596565246582
0.04107046127319336
0.05126380920410156
0.037610769271850586
0.045763492584228516
0.041086435317993164
0.03533315658569336
0.0451359748840332
0.037978410720825195
0.04792523384094238
0.040407419204711914
0.0346372127532959
0.051880836486816406
0.006417989730834961
0.01006460189819336
0.036313533782958984
0.04643607139587402
0.037181854248046875
0.04993247985839844
0.04698824882507324
0.04009652137756348
0.050254106521606445
0.045737266540527344
0.0378720760345459
0.051261186599731445
0.052587270736694336
0.05304360389709473
0.04553985595703125
0.005774021148681641
0.007245540618896484
0.04066586494445801
0.061934471130371094
0.040668487548828125
0.05231308937072754
0.042693376541137695
0.03490018844604492
0.045532941818237305
0.03970146179199219
0.03535103797912598
0.04109787940979004
0.05191636085510254
0.04543781280517578
0.03561663627624512
0.04607677459716797
0.007312297821044922
0.007294178009033203
0.034041643142700195
0.045152902603149414
0.04144001007080078
0.05411338806152344
0.05085563659667969
0.04298686981201172
0.049433231353759766
0.04196929931640625
0.05539560317993164
0.04995894432067871
0.04572343826293945
0.039984703063964844
0.0513615608215332
0.005846977233886719
0.007948160171508789
0.03742265701293945
0.04882216453552246
0.043160200119018555
0.05732560157775879
0.049463510513305664
0.0454103946685791
0.05055809020996094
0.0484468936920166
0.04878067970275879
0.04758572578430176
0.054071903228759766
0.04631328582763672
0.036913394927978516
0.005547523498535156
0.007966995239257812
0.03233003616333008
0.045049190521240234
0.03556084632873535
0.04301643371582031
0.036200523376464844
0.04999542236328125
0.043218374252319336
0.038594961166381836
0.05160832405090332
0.04596567153930664
0.0488128662109375
0.06060290336608887
0.05298352241516113
0.005702495574951172
0.007779598236083984
0.03363442420959473
0.04129528999328613
0.04407668113708496
0.03748583793640137
0.04792046546936035
0.04113483428955078
0.042307376861572266
0.05185818672180176
0.046712398529052734
0.04213452339172363
0.034392595291137695
0.04561614990234375
0.04061102867126465
0.05508255958557129
0.006125211715698242
0.007707834243774414
0.03591442108154297
0.04670405387878418
0.0397341251373291
0.04998135566711426
0.04728865623474121
0.05196833610534668
0.04240226745605469
0.03470039367675781
0.04892253875732422
0.046011924743652344
0.04781985282897949
0.039708852767944336
0.0539853572845459
0.010986566543579102
0.00774073600769043
0.035481929779052734
0.04543352127075195
0.03582143783569336
0.04589653015136719
0.0367588996887207
0.04488420486450195
0.03590798377990723
0.04713940620422363
0.037964820861816406
0.04553031921386719
0.04022407531738281
0.04236006736755371
0.03766965866088867
0.054764747619628906
0.007759809494018555
0.004858970642089844
0.036580801010131836
0.038661956787109375
0.04876232147216797
0.03655385971069336
0.047600507736206055
0.0363926887512207
0.04881572723388672
0.044812917709350586
0.04129815101623535
0.03828167915344238
0.048749446868896484
0.046640634536743164
0.04347729682922363
0.0062656402587890625
0.006891012191772461
0.03519916534423828
0.042536258697509766
0.05039858818054199
0.04410910606384277
0.052693843841552734
0.04923534393310547
0.04047346115112305
0.03555655479431152
0.04745030403137207
0.05054783821105957
0.04256415367126465
0.03870582580566406
0.03692007064819336
0.008352518081665039
0.005596637725830078
0.033400774002075195
0.04428458213806152
0.03550553321838379
0.04353690147399902
0.05020308494567871
0.048512935638427734
0.040848731994628906
0.05831575393676758
0.05551290512084961
0.04851555824279785
0.037949323654174805
0.05102109909057617
0.04104113578796387
0.051222801208496094
0.010080099105834961
0.006515979766845703
0.03183913230895996
0.04256081581115723
0.04735994338989258
0.03982853889465332
0.04029107093811035
0.05670475959777832
0.05213189125061035
0.046802520751953125
0.03994584083557129
0.05599236488342285
0.05311846733093262
0.05316972732543945
0.05658912658691406
0.016762495040893555
0.0169217586517334
0.034690141677856445
0.05119895935058594
0.06233811378479004
0.04740738868713379
0.04418039321899414
0.03772425651550293
0.048377037048339844
0.044695377349853516
0.044647932052612305
0.05552029609680176
0.04722929000854492
0.046758174896240234
0.03341102600097656
0.04324078559875488
0.008446455001831055
0.0073015689849853516
0.031262874603271484
0.029432058334350586
0.06094789505004883
0.04350614547729492
0.05858755111694336
0.04958224296569824
0.03400874137878418
0.04448723793029785
0.037691593170166016
0.05421948432922363
0.04995918273925781
0.049257516860961914
0.0462191104888916
0.05459761619567871
0.008540153503417969
0.00778651237487793
0.03117513656616211
0.039548397064208984
0.045236825942993164
0.03793644905090332
0.051952362060546875
0.04204916954040527
0.05261635780334473
0.04622220993041992
0.03930783271789551
0.04910135269165039
0.04593658447265625
0.03905010223388672
0.051660776138305664
0.04815959930419922
0.007538795471191406
0.004630565643310547
0.03249502182006836
0.043802738189697266
0.041097164154052734
0.05068850517272949
0.039514780044555664
0.050765037536621094
0.049721479415893555
0.04741239547729492
0.03871965408325195
0.05101466178894043
0.05160880088806152
0.04694390296936035
0.03914594650268555
0.01061248779296875
0.008522510528564453
0.033689022064208984
0.04516005516052246
0.036449432373046875
0.04725360870361328
0.035880088806152344
0.04727292060852051
0.036515235900878906
0.044248342514038086
0.03830075263977051
0.05049276351928711
0.045974016189575195
0.04357004165649414
0.041857242584228516
0.050960540771484375
0.006608486175537109
0.007436275482177734
0.03156232833862305
0.04586052894592285
0.03950643539428711
0.03493618965148926
0.0459446907043457
0.039475202560424805
0.047545671463012695
0.041988372802734375
0.0364995002746582
0.048047542572021484
0.04471707344055176
0.04074597358703613
0.0366063117980957
0.008379220962524414
0.006371498107910156
0.034163713455200195
0.04227018356323242
0.03822159767150879
0.06127309799194336
0.03401970863342285
0.03409719467163086
0.04378461837768555
0.038654327392578125
0.049022674560546875
0.03707170486450195
0.05251264572143555
0.04113173484802246
0.05029463768005371
0.04254293441772461
0.010195732116699219
0.009039163589477539
0.040457725524902344
0.05165696144104004
0.051093339920043945
0.0454099178314209
0.04157900810241699
0.044208526611328125
0.04063916206359863
0.049889326095581055
0.041268348693847656
0.03726077079772949
0.04708719253540039
0.03872036933898926
0.049100637435913086
0.039377450942993164
0.009768009185791016
0.009901285171508789
0.035686492919921875
0.04772353172302246
0.039662837982177734
0.04698991775512695
0.04441237449645996
0.038182973861694336
0.044931650161743164
0.03485822677612305
0.0457303524017334
0.04080510139465332
0.05315876007080078
0.042092084884643555
0.040578603744506836
0.05322909355163574
0.004795551300048828
0.006741523742675781
0.0362401008605957
0.04442572593688965
00.03188276290893550.048431396484375
0.04309725761413574
0.04152202606201172
0.03800821304321289
0.049356698989868164
0.04656267166137695
0.04473590850830078
0.04268169403076172
0.037464141845703125
0.05266118049621582
0.006713390350341797
0.012230396270751953
0.04013848304748535
0.055956363677978516
0.0488739013671875
0.04203462600708008
0.05386471748352051
0.049639225006103516
0.048274993896484375
0.04161190986633301
0.05371427536010742
0.05013537406921387
0.04105782508850098
0.05384230613708496
0.05165553092956543
0.009529352188110352
0.005684614181518555
0.03509807586669922
0.04813098907470703
0.04599595069885254
0.042548179626464844
0.05354166030883789
0.04747295379638672
0.04324841499328613
0.039180755615234375
0.05321955680847168
0.04361367225646973
0.16192340850830078
0.042945146560668945
0.06160402297973633
0.009731054306030273
0.06076192855834961
0.07732343673706055
0.046065568923950195
0.03872346878051758
0.18276071548461914
0.050150394439697266
0.05898714065551758
0.17449688911437988
0.047789573669433594
0.062258243560791016
0.17912793159484863
0.05668759346008301
0.04778409004211426
0.1650385856628418
0.05184602737426758
0.015495777130126953
0.006940126419067383
0.03848767280578613
0.10459470748901367
0.05277371406555176
0.04911208152770996
0.16250371932983398
0.06267857551574707
0.08110427856445312
0.13863039016723633
0.050400495529174805
0.04333329200744629
0.15642547607421875
0.044675350189208984
0.04054903984069824
0.17575526237487793
0.12894105911254883
0.0057256221771240234
0.035999298095703125
0.043402910232543945
0.15416574478149414
0.17130255699157715
0.04806089401245117
0.15503144264221191
0.16736936569213867
0.04202628135681152
0.1729271411895752
0.17198395729064941
0.03923463821411133
0.03533816337585449
0.14767932891845703
0.05088615417480469
0.026013612747192383
0.006887197494506836
0.03992128372192383
0.14009380340576172
0.05897378921508789
0.05058097839355469
0.16544103622436523
0.048835039138793945
0.06157541275024414
0.16812562942504883
0.05078911781311035
0.04432392120361328
0.17316627502441406
0.04523444175720215
0.06194758415222168
0.1722731590270996
0.006970882415771484
0.004732370376586914
0.030130624771118164
0.039319753646850586
0.14866900444030762
0.04726433753967285
0.057558298110961914
0.16868829727172852
0.04835653305053711
0.048670291900634766
0.06552457809448242
0.05174517631530762
0.05141091346740723
0.049117326736450195
0.03882026672363281
0.04776883125305176
0.0075225830078125
0.006991863250732422
0.03233695030212402
0.04411935806274414
0.03827095031738281
0.046747684478759766
0.04051828384399414
0.05665850639343262
0.039778709411621094
0.051934003829956055
0.05240631103515625
0.04509544372558594
0.04357433319091797
0.04087495803833008
0.050667524337768555
0.006178140640258789
0.006882190704345703
0.03464150428771973
0.04613018035888672
0.039760589599609375
0.05410265922546387
0.05104422569274902
0.04914426803588867
0.04642367362976074
0.041944265365600586
0.04635262489318848
0.03777003288269043
0.05019021034240723
0.048036813735961914
0.041873931884765625
0.006814241409301758
0.005312442779541016
0.03436279296875
0.047161102294921875
0.035382986068725586
0.04477667808532715
0.04500842094421387
0.0624544620513916
0.05418896675109863
0.04474472999572754
0.04065394401550293
0.03832840919494629
0.04979538917541504
0.04436516761779785
0.05199098587036133
0.0066530704498291016
0.0065381526947021484
0.03193807601928711
0.039978742599487305
0.050237417221069336
0.043854713439941406
0.03613424301147461
0.047307491302490234
0.04212164878845215
0.03784799575805664
0.04884839057922363
0.03938889503479004
0.048734188079833984
0.0392305850982666
0.04993915557861328
0.041928768157958984
0.005000591278076172
0.008959770202636719
0.03392505645751953
0.04435420036315918
0.03676009178161621
0.04505777359008789
0.037011146545410156
0.047154903411865234
0.040549278259277344
0.05150628089904785
0.047632694244384766
0.04370594024658203
0.03953123092651367
0.04969334602355957
0.04628276824951172
0.0060198307037353516
0.007826805114746094
0.03232717514038086
0.04085874557495117
0.03664064407348633
0.04637622833251953
0.03643798828125
0.05122637748718262
0.04321694374084473
0.03710341453552246
0.04577493667602539
0.03626608848571777
0.048528432846069336
0.04156184196472168
0.051038503646850586
0.045795440673828125
0.007432222366333008
0.007460594177246094
0.0349421501159668
0.046228885650634766
0.0333404541015625
0.04428291320800781
0.05059480667114258
0.042220115661621094
0.03877902030944824
0.049716949462890625
0.04385805130004883
0.03432607650756836
0.04500293731689453
0.04039359092712402
0.05240797996520996
0.04289078712463379
0.011525154113769531
0.015400886535644531
0.038487911224365234
0.05238461494445801
0.04613184928894043
0.04059100151062012
0.04892754554748535
0.04280543327331543
0.0374903678894043
0.0480191707611084
0.043921709060668945
0.03702735900878906
0.04483914375305176
0.03790926933288574
0.05018758773803711
0.004973888397216797
0.00765228271484375
0.03604865074157715
0.045126914978027344
0.03525543212890625
0.043684959411621094
0.03750753402709961
0.04610943794250488
0.03568077087402344
0.046994924545288086
0.0355684757232666
0.048798322677612305
0.04368019104003906
0.035668134689331055
0.04453110694885254
0.037720441818237305
0.008580207824707031
0.0052585601806640625
0.05047416687011719
0.04191136360168457
0.05193066596984863
0.0415043830871582
0.03756523132324219
0.04660844802856445
0.04091072082519531
0.05406045913696289
0.04601693153381348
0.03832840919494629
0.05084800720214844
0.045876502990722656
0.036557674407958984
0.043956756591796875
0.006944179534912109
0.008408069610595703
0.037009477615356445
0.046567440032958984
0.04161787033081055
0.03464913368225098
0.04833650588989258
0.042546749114990234
0.03543281555175781
0.04691886901855469
0.04504752159118652
0.05284547805786133
0.0438532829284668
0.041113853454589844
0.03509235382080078
0.00956583023071289
0.005653858184814453
0.03333401679992676
0.04872632026672363
0.044240474700927734
0.04213857650756836
0.05192446708679199
0.04596829414367676
0.038275718688964844
0.048169612884521484
0.03583264350891113
0.03845500946044922
0.05109715461730957
0.04395437240600586
0.051453351974487305
0.048235177993774414
0.016529321670532227
0.007276058197021484
0.0348355770111084
0.044113874435424805
0.05317854881286621
0.04189038276672363
0.04890584945678711
0.044996023178100586
0.05391287803649902
0.04444766044616699
0.03739023208618164
0.04724550247192383
0.03950858116149902
0.05222058296203613
0.055422067642211914
0.052712202072143555
0.007101774215698242
0.006834745407104492
0.034529924392700195
0.04033708572387695
0.04946422576904297
0.04094743728637695
0.045395612716674805
0.03885197639465332
0.04800820350646973
0.045067548751831055
0.0421907901763916
0.040075063705444336
0.053926944732666016
0.04837489128112793
0.04352736473083496
0.00916147232055664
0.007088422775268555
0.03529548645019531
0.0469052791595459
0.04275012016296387
0.034629106521606445
0.044150590896606445
0.04034113883972168
0.050478219985961914
0.04607725143432617
0.03898811340332031
0.052161216735839844
0.046183109283447266
0.03697943687438965
0.0672309398651123
0.07802581787109375
0.009229898452758789
0.009838342666625977
0.033132076263427734
0.04497790336608887
0.03738880157470703
0.04806399345397949
0.05688786506652832
0.05626702308654785
0.044708967208862305
0.05944371223449707
0.0515134334564209
0.051931142807006836
0.05150747299194336
0.04714202880859375
0.04218912124633789
0.014147758483886719
0.007138967514038086
0.0381922721862793
0.04793357849121094
0.03972458839416504
0.04919147491455078
0.04340553283691406
0.03558015823364258
0.045892953872680664
0.039350271224975586
0.049010515213012695
0.040270090103149414
0.05069780349731445
0.043792724609375
0.05423164367675781
0.04264068603515625
0.00874018669128418
0.00925755500793457
0.03807973861694336
0.04526114463806152
0.05378246307373047
0.04421234130859375
0.035147666931152344
0.04369711875915527
0.03573751449584961
0.04744768142700195
0.04413008689880371
0.04270768165588379
0.05121111869812012
0.04770684242248535
0.04012107849121094
0.05365562438964844
0.007094860076904297
0.007094860076904297
0.0334773063659668
0.0464406013488760.04578876495361328
0.030.04987692832946777
0.03783679008483887
0.039894819259643555
0.05634951591491699
0.0500640869140625
0.03972959518432617
0.052565813064575195
0.049902915954589844
0.04710865020751953
0.0417177677154541
0.014707326889038086
0.00674748420715332
0.03860974311828613
0.048551321029663086
0.037656307220458984
0.0496213436126709
0.04263162612915039
0.057160377502441406
0.05158042907714844
0.040816307067871094
0.04230237007141113
0.0574345588684082
0.051860809326171875
0.04849100112915039
0.04536271095275879
0.0070629119873046875
0.004484653472900391
0.032193660736083984
0.040895700454711914
0.0364377498626709
0.047373056411743164
0.045099735260009766
0.0443572998046875
0.0548245906829834
0.046920061111450195
0.041834115982055664
0.04186677932739258
0.05660247802734375
0.04989290237426758
0.046045780181884766
0.00811314582824707
0.005710601806640625
0.032146453857421875
0.043329715728759766
0.03737211227416992
0.05048775672912598
0.04396986961364746
0.0346529483795166
0.04681873321533203
0.04152989387512207
0.03742218017578125
0.048517704010009766
0.04248809814453125
0.0351862907409668
0.047751665115356445
0.04070782661437988
0.009444236755371094
0.006728172302246094
0.03519082069396973
0.04681396484375
0.043398141860961914
0.03365039825439453
0.046109676361083984
0.03938937187194824
0.04828906059265137
0.036263465881347656
0.04580330848693848
0.037824392318725586
0.048048973083496094
0.048217058181762695
0.03879213333129883
0.05103302001953125
0.005513191223144531
0.0053441524505615234
0.03479290008544922
0.04434084892272949
0.03725886344909668
0.04949069023132324
0.042943716049194336
0.035683631896972656
0.0411992073059082
0.03561687469482422
0.04889345169067383
0.04543733596801758
0.04123973846435547
0.03384661674499512
0.047118186950683594
0.0071141719818115234
0.00690770149230957
0.035256147384643555
0.04491233825683594
0.04752516746520996
0.04533839225769043
0.03910994529724121
0.051733970642089844
0.0492095947265625
0.04111075401306152
0.05825376510620117
0.03820323944091797
0.04637956619262695
0.04432034492492676
0.044883012771606445
0.036869049072265625
0.00870370864868164
0.006406545639038086
0.0356137752532959
0.05246543884277344
0.035007476806640625
0.044342994689941406
0.044133901596069336
0.057506561279296875
0.05403399467468262
0.05032801628112793
0.04452013969421387
0.03864908218383789
0.05272960662841797
0.050069332122802734
0.041228532791137695
0.006743192672729492
0.013530254364013672
0.03340578079223633
0.035627126693725586
0.04740333557128906
0.03760409355163574
0.04645419120788574
0.04022502899169922
0.03887200355529785
0.0441584587097168
0.04968738555908203
0.04615473747253418
0.039902448654174805
0.05155348777770996
0.04645061492919922
0.04087495803833008
0.010682821273803711
0.0049610137939453125
0.036708831787109375
0.04753446578979492
0.0830848217010498
0.04389619827270508
0.05852699279785156
0.03949379920959473
0.053497314453125
0.05121636390686035
0.03939652442932129
0.05415177345275879
0.04521322250366211
0.03962135314941406
0.05300617218017578
0.04557681083679199
0.01250004768371582
0.00858616828918457
0.038420677185058594
0.05089831352233887
0.042562007904052734
0.03819561004638672
0.04964637756347656
0.03697347640991211
0.04742741584777832
0.04251837730407715
0.052494049072265625
0.044165611267089844
0.038494110107421875
0.03749489784240723
0.0499110221862793
0.007999420166015625
0.006196260452270508
0.03130745887756348
0.04131007194519043
0.05048370361328125
0.04181814193725586
0.05892658233642578
0.03538227081298828
0.044614315032958984
0.0356597900390625
0.04401278495788574
0.04240608215332031
0.03760099411010742
0.05010581016540527
0.04403996467590332
0.039717912673950195
0.010738372802734375
0.005789041519165039
0.03399014472961426
0.05435943603515625
0.07287836074829102
0.05918073654174805
0.05498623847961426
0.04885125160217285
0.04301309585571289
0.03968214988708496
0.05173158645629883
0.05440950393676758
0.04973173141479492
0.04551243782043457
0.03964972496032715
0.00876474380493164
0.006263256072998047
0.03671145439147949
0.04191255569458008
0.04904031753540039
0.04160618782043457
0.03620767593383789
0.05362081527709961
0.0461726188659668
0.041658878326416016
0.06036376953125
0.059732675552368164
0.05898594856262207
0.03697538375854492
0.04342842102050781
0.007043361663818359
0.007158756256103516
0.034787893295288086
0.04534459114074707
0.03932595252990723
0.050788164138793945
0.04315781593322754
0.053086280822753906
0.10991525650024414
0.07390785217285156
0.018064260482788086
0.045287370681762695
0.04113411903381348
0.056249141693115234
0.047356605529785156
0.03732728958129883
0.04717612266540527
0.007749080657958984
0.005350351333618164
0.03055858612060547
0.04010725021362305
0.04927349090576172
0.04763007164001465
0.049031734466552734
0.0406644344329834
0.03507113456726074
0.05061602592468262
0.04269671440124512
0.048064470291137695
0.036911964416503906
0.05443453788757324
0.046117544174194336
0.006229877471923828
0.011872291564941406
0.03280282020568848
0.041913509368896484
0.04858756065368652
0.04211997985839844
0.03540945053100586
0.047425270080566406
0.04188036918640137
0.14296579360961914
0.22919845581054688
0.23214459419250488
0.12620019912719727
0.13487696647644043
0.1264963150024414
0.22437238693237305
0.00620579719543457
0.054004669189453125
0.1567072868347168
0.2887394428253174
0.3001420497894287
0.11942887306213379
0.253709077835083
0.16318345069885254
0.296389102935791
0.15952467918395996
0.29412245750427246
0.1593775749206543
0.29606151580810547
0.1568598747253418
0.29364490509033203
0.32296133041381836
0.0076904296875
0.12537765502929688
0.16838765144348145
0.26837849617004395
0.12656426429748535
0.08097553253173828
0.05664539337158203
0.05648541450500488
0.04499936103820801
0.03769874572753906
0.04874086380004883
0.03906393051147461
0.0492398738861084
0.043074846267700195
0.04222226142883301
0.014217376708984375
0.009318828582763672
0.03770112991333008
0.050730228424072266
0.044203758239746094
0.03706240653991699
0.05030250549316406
0.04269552230834961
0.037155866622924805
0.046303510665893555
0.042360544204711914
0.03691983222961426
0.050927162170410156
0.04345822334289551
0.04041409492492676
0.011897087097167969
0.006142139434814453
0.03706765174865723
0.04669809341430664
0.041708946228027344
0.05013084411621094
0.04570627212524414
0.03932929039001465
0.053319454193115234
0.04793906211853027
0.04308485984802246
0.04483771324157715
0.03975272178649902
0.0473942756652832
0.03503108024597168
0.008640050888061523
0.007488250732421875
0.03534078598022461
0.04862022399902344
0.043856143951416016
0.05489158630371094
0.05056190490722656
0.047531843185424805
0.04001283645629883
0.04480457305908203
0.040143728256225586
0.0533597469329834
0.04853415489196777
0.041944265365600586
0.05382966995239258
0.006479501724243164
0.006383419036865234
0.03281450271606445
0.04256010055541992
0.03401970863342285
0.04437756538391113
0.0387420654296875
0.04918074607849121
0.043486595153808594
0.03554558753967285
0.048630475997924805
0.042053937911987305
0.037784576416015625
0.045215606689453125
0.041521549224853516
0.05160236358642578
0.007230520248413086
0.00661468505859375
0.0346524715423584
0.044731855392456055
0.035820722579956055
0.04933500289916992
0.04699230194091797
0.040743112564086914
0.0402374267578125
0.051685333251953125
0.04632067680358887
0.03925943374633789
0.03536391258239746
0.04771733283996582
0.04665088653564453
0.006044864654541016
0.007996320724487305
0.03621029853820801
0.04951643943786621
0.03930163383483887
0.04841971397399902
0.04294443130493164
0.035256147384643555
0.044979095458984375
0.03803229331970215
0.05006909370422363
0.045411109924316406
0.034894704818725586
0.04178571701049805
0.047757863998413086
0.049755096435546875
0.005151987075805664
0.007151603698730469
0.03249526023864746
0.04498624801635742
0.03609108924865723
0.04829072952270508
0.04404592514038086
0.05237698554992676
0.045513153076171875
0.03537726402282715
0.05061674118041992
0.0437467098236084
0.037528276443481445
0.05311393737792969
0.046844482421875
0.005938053131103516
0.007962226867675781
0.03409147262573242
0.04561495780944824
0.03708457946777344
0.04651951789855957
0.038051605224609375
0.0.04563117027282715
0.035910367965698240.04143691062927246
0.038101911544799805
0.049455881118774414
0.04530644416809082
0.038805484771728516
0.05167222023010254
0.008745670318603516
0.004527091979980469
0.03311347961425781
0.04747366905212402
0.03897356986999512
0.05173969268798828
0.043486833572387695
0.03580784797668457
0.050397634506225586
0.0433199405670166
0.03565669059753418
0.046492576599121094
0.038292646408081055
0.04774951934814453
0.03934073448181152
0.05064964294433594
0.0072438716888427734
0.010782957077026367
0.036774396896362305
0.04950451850891113
0.04515504837036133
0.05737900733947754
0.04822397232055664
0.03800392150878906
0.05481886863708496
0.04782509803771973
0.039134979248046875
0.04614591598510742
0.0375063419342041
0.04983210563659668
0.04419732093811035
0.004909038543701172
0.005584716796875
0.04215192794799805
0.05362439155578613
0.05066847801208496
0.04396367073059082
0.035491943359375
0.04600787162780762
0.037405967712402344
0.04948282241821289
0.03785848617553711
0.05006694793701172
0.04504084587097168
0.046350955963134766
0.041979312896728516
0.005894184112548828
0.0074117183685302734
0.03480029106140137
0.04433321952819824
0.03645968437194824
0.04516100883483887
0.037660837173461914
0.04846310615539551
0.043529510498046875
0.040111541748046875
0.035936594009399414
0.05102372169494629
0.04739880561828613
0.04279518127441406
0.039221763610839844
0.008863687515258789
0.006394624710083008
0.03683304786682129
0.04908561706542969
0.03932952880859375
0.051609039306640625
0.04668998718261719
0.037078857421875
0.04672050476074219
0.05297994613647461
0.043787240982055664
0.042795658111572266
0.04574871063232422
0.03824424743652344
0.0531003475189209
0.007849931716918945
0.008836984634399414
0.035236358642578125
0.049520254135131836
0.042186737060546875
0.051294565200805664
0.04727959632873535
0.04189705848693848
0.056896209716796875
0.053618431091308594
0.044316768646240234
0.04169750213623047
0.05659031867980957
0.046604156494140625
0.03995966911315918
0.050574302673339844
0.007770538330078125
0.005636453628540039
0.03446674346923828
0.04755568504333496
0.04118680953979492
0.050254106521606445
0.041994571685791016
0.05073714256286621
0.04710960388183594
0.041184186935424805
0.0443572998046875
0.041945457458496094
0.058347225189208984
0.049652099609375
0.04585862159729004
0.005854368209838867
0.006409645080566406
0.03246307373046875
0.04366302490234375
0.039247751235961914
0.04717445373535156
0.04208064079284668
0.038265228271484375
0.05252194404602051
0.046082258224487305
0.03749656677246094
0.04907512664794922
0.04584002494812012
0.038575172424316406
0.04902458190917969
0.0064198970794677734
0.006886482238769531
0.034369707107543945
0.045905113220214844
0.03724217414855957
0.04727506637573242
0.03683328628540039
0.04646468162536621
0.03951382637023926
0.03588581085205078
0.04913067817687988
0.04267764091491699
0.03807711601257324
0.04956817626953125
0.04236602783203125
0.007279634475708008
0.00895071029663086
0.037114620208740234
0.0475161075592041
0.03788471221923828
0.044950246810913086
0.037447452545166016
0.0471806526184082
0.037439823150634766
0.04763650894165039
0.04330921173095703
0.036865949630737305
0.04628920555114746
0.03306412696838379
0.04399681091308594
0.035938262939453125
0.00798344612121582
0.005289793014526367
0.03482556343078613
0.04277634620666504
0.05263829231262207
0.04190540313720703
0.05233502388000488
0.0460355281829834
0.05083274841308594
0.05608844757080078
0.044966697692871094
0.033936262130737305
0.04019618034362793
0.04523801803588867
0.03809833526611328
0.04820084571838379
0.006446123123168945
0.004641532897949219
0.03623199462890625
0.04545927047729492
0.03854179382324219
0.04414653778076172
0.053974151611328125
0.04518556594848633
0.03968977928161621
0.04985189437866211
0.040409088134765625
0.04624056816101074
0.04960179328918457
0.04060864448547363
0.035491943359375
0.04835009574890137
0.007925271987915039
0.005339860916137695
0.03534245491027832
0.044321298599243164
0.037308692932128906
0.04817056655883789
0.035265207290649414
0.04625582695007324
0.03610992431640625
0.04601860046386719
0.0451054573059082
0.03790616989135742
0.046096086502075195
0.04091191291809082
0.05184125900268555
0.04797530174255371
0.004107475280761719
0.006996631622314453
0.034986019134521484
0.0456235408782959
0.03554344177246094
0.045067787170410156
0.03771209716796875
0.04996895790100098
0.045914649963378906
0.03823542594909668
0.04758763313293457
0.04029726982116699
0.0508120059967041
0.04407811164855957
0.041594505310058594
0.007352352142333984
0.007125139236450195
0.034642934799194336
0.03877449035644531
0.04691886901855469
0.03954744338989258
0.04710984230041504
0.03502821922302246
0.04718494415283203
0.0562136173248291
0.043979644775390625
0.03563070297241211
0.04484724998474121
0.05699419975280762
0.06607246398925781
0.029959440231323242
0.05360007286071777
0.007359504699707031
0.005753993988037109
0.03534865379333496
0.04744315147399902
0.054274797439575195
0.04584789276123047
0.056767940521240234
0.04752087593078613
0.03751635551452637
0.04350924491882324
0.03481578826904297
0.04066014289855957
0.05484294891357422
0.0456085205078125
0.03811287879943848
0.05158543586730957
0.009972572326660156
0.009366989135742188
0.03343486785888672
0.04822373390197754
0.044374942779541016
0.03699827194213867
0.04989981651306152
0.04624629020690918
0.03693985939025879
0.048050642013549805
0.03970193862915039
0.0504612922668457
0.04227256774902344
0.03647422790527344
0.04973435401916504
0.0067005157470703125
0.007704496383666992
0.03415966033935547
0.04526853561401367
0.03661513328552246
0.052086591720581055
0.04768180847167969
0.039136409759521484
0.046721458435058594
0.03965425491333008
0.0419621467590332
0.04275226593017578
0.040819406509399414
0.03820991516113281
0.050466299057006836
0.006773233413696289
0.005223512649536133
0.03510260581970215
0.04218602180480957
0.052469730377197266
0.04015469551086426
0.055248260498046875
0.040984153747558594
0.04776263236999512
0.037439584732055664
0.04573392868041992
0.04246687889099121
0.05718207359313965
0.05113387107849121
0.047316789627075195
0.04189896583557129
0.01390218734741211
0.005425453186035156
0.03327631950378418
0.04390692710876465
0.03640031814575195
0.050417184829711914
0.04130101203918457
0.0551447868347168
0.045896053314208984
0.052355051040649414
0.041519880294799805
0.03515219688415527
0.0463869571685791
0.03595256805419922
0.04900836944580078
0.04033708572387695
0.007714986801147461
0.0048961639404296875
0.032006263732910156
0.03949308395385742
0.04971122741699219
0.034958600997924805
0.04609179496765137
0.04320120811462402
0.0648643970489502
0.0454554557800293
0.062418222427368164
0.053255558013916016
0.05324745178222656
0.05038022994995117
0.048940420150756836
0.049605607986450195
0.0052182674407958984
0.004945039749145508
0.03371930122375488
0.03843426704406738
0.04365944862365723
0.03940248489379883
0.05158638954162598
0.04384613037109375
0.03758358955383301
0.04522705078125
0.03641510009765625
0.04354429244995117
0.036071062088012695
0.04354214668273926
0.04871797561645508
0.04139089584350586
0.0040891170501708984
0.004738330841064453
0.03475451469421387
0.04247760772705078
0.04537701606750488
0.038815975189208984
0.04705190658569336
0.04208874702453613
0.03409528732299805
0.042163848876953125
0.055413007736206055
0.05187845230102539
0.046959877014160156
0.04311633110046387
0.03563499450683594
0.05241537094116211
0.006593942642211914
0.006078004837036133
0.035185813903808594
0.04647564888000488
0.04217672348022461
0.04890131950378418
0.03939652442932129
0.050118207931518555
0.04499197006225586
0.03873181343078613
0.04820561408996582
0.042731523513793945
0.03735518455505371
0.04720020294189453
0.03895711898803711
0.0062258243560791016
0.006484270095825195
0.03677701950073242
0.04574728012084961
0.03790473937988281
0.05068373680114746
0.04085850715637207
0.05172443389892578
0.0464329719543457
0.03867363929748535
0.04778861999511719
0.04240083694458008
0.05211663246154785
0.04263138771057129
0.038147687911987305
0.04565763473510742
0.0051727294921875
0.005731105804443359
0.03410768508911133
0.0428621768951416
0.03599905967712402
0.04644346237182617
0.09774470329284660.03453969955444336
0.0.03951096534729004
0.04395318031311035
0.047411203384399414
0.053938865661621094
0.05282235145568848
0.04376983642578125
0.03611326217651367
0.04605722427368164
0.039133548736572266
0.05039501190185547
0.004736423492431641
0.007241964340209961
0.0333406925201416
0.04414010047912598
0.04894256591796875
0.038630008697509766
0.04926705360412598
0.03899073600769043
0.05125999450683594
0.04383563995361328
0.03867840766906738
0.04275226593017578
0.03572869300842285
0.04684901237487793
0.048951148986816406
0.04672384262084961
0.007130622863769531
0.006674289703369141
0.03901958465576172
0.04761981964111328
0.0465238094329834
0.03856468200683594
0.05024576187133789
0.039228200912475586
0.03667283058166504
0.04375457763671875
0.036847591400146484
0.04832792282104492
0.04449868202209473
0.03600168228149414
0.04941701889038086
0.0060541629791259766
0.015710830688476562
0.03994321823120117
0.04743337631225586
0.04095149040222168
0.05515599250793457
0.050766944885253906
0.04088640213012695
0.05206418037414551
0.046234846115112305
0.03714323043823242
0.05007767677307129
0.04794597625732422
0.04365944862365723
0.043142080307006836
0.005832195281982422
0.006806135177612305
0.036470651626586914
0.05198836326599121
0.045178890228271484
0.03861689567565918
0.050382375717163086
0.03839397430419922
0.05071091651916504
0.039429426193237305
0.04915332794189453
0.03881573677062988
0.04433894157409668
0.03557753562927246
0.04462718963623047
0.040886878967285156
0.008287191390991211
0.006033420562744141
0.036734819412231445
0.048935651779174805
0.042159080505371094
0.03847527503967285
0.05181241035461426
0.041330814361572266
0.05204916000366211
0.04529690742492676
0.041567325592041016
0.03882026672363281
0.047388315200805664
0.04414677619934082
0.03908991813659668
0.01218414306640625
0.006024599075317383
0.03353738784790039
0.04332852363586426
0.03707122802734375
0.0503389835357666
0.04030609130859375
0.05176854133605957
0.04405570030212402
0.03608560562133789
0.048113107681274414
0.04236245155334473
0.04965710639953613
0.04109907150268555
0.049811363220214844
0.04497933387756348
0.004728794097900391
0.009660005569458008
0.03313946723937988
0.04961585998535156
0.041900634765625
0.05275154113769531
0.046451568603515625
0.03703641891479492
0.048578739166259766
0.03656148910522461
0.04799461364746094
0.04735279083251953
0.04071521759033203
0.04965543746948242
0.048215389251708984
0.0067975521087646484
0.007698535919189453
0.0349273681640625
0.0515897274017334
0.049575090408325195
0.038855791091918945
0.04855680465698242
0.04274153709411621
0.03651261329650879
0.04628705978393555
0.040158748626708984
0.03710746765136719
0.05013394355773926
0.0403752326965332
0.03339815139770508
0.006951808929443359
0.008096933364868164
0.034132957458496094
0.043235063552856445
0.038544654846191406
0.045769691467285156
0.055116891860961914
0.04655957221984863
0.04799008369445801
0.0377194881439209
0.04975008964538574
0.04033160209655762
0.05090785026550293
0.04812335968017578
0.04416489601135254
0.03821873664855957
0.008788824081420898
0.006417036056518555
0.034346818923950195
0.04708123207092285
0.04167056083679199
0.05294346809387207
0.04427027702331543
0.035439491271972656
0.04770326614379883
0.044826507568359375
0.036974430084228516
0.05370187759399414
0.04653310775756836
0.037290096282958984
0.05086851119995117
0.04204392433166504
0.0046350955963134766
0.012523412704467773
0.036908864974975586
0.04909682273864746
0.03505754470825195
0.04636573791503906
0.0537264347076416
0.04210090637207031
0.04835391044616699
0.04108405113220215
0.05222177505493164
0.044524192810058594
0.03764629364013672
0.051729679107666016
0.04343891143798828
0.056084632873535156
0.010931730270385742
0.0053331851959228516
0.030902385711669922
0.04253339767456055
0.03376340866088867
0.044584035873413086
0.03640627861022949
0.0468142032623291
0.03808259963989258
0.047698259353637695
0.03862261772155762
0.051963090896606445
0.0457158088684082
0.04235506057739258
0.05105328559875488
0.0463712215423584
0.004264116287231445
0.0065326690673828125
0.03432154655456543
0.04300570487976074
0.04995369911193848
0.039366722106933594
0.047228336334228516
0.046120643615722656
0.03707575798034668
0.04654669761657715
0.040780067443847656
0.03515338897705078
0.046387672424316406
0.03645730018615723
0.048844337463378906
0.04218149185180664
0.011982202529907227
0.00511932373046875
0.03164076805114746
0.04646015167236328
0.03845405578613281
0.04946637153625488
0.04413270950317383
0.03690814971923828
0.0576629638671875
0.048903465270996094
0.04654717445373535
0.04210948944091797
0.057056427001953125
0.05415201187133789
0.05847573280334473
0.011853456497192383
0.005350351333618164
0.03252530097961426
0.04519057273864746
0.04078936576843262
0.05234265327453613
0.04182243347167969
0.05429267883300781
0.0441586971282959
0.050324440002441406
0.045348167419433594
0.035962820053100586
0.054308176040649414
0.05066204071044922
0.04653358459472656
0.003947734832763672
0.005873918533325195
0.03275895118713379
0.041854143142700195
0.03973865509033203
0.03585171699523926
0.04900407791137695
0.03719186782836914
0.04784345626831055
0.04469037055969238
0.040302276611328125
0.0495302677154541
0.048224687576293945
0.04713702201843262
0.03952836990356445
0.011008739471435547
0.0067920684814453125
0.037285804748535156
0.04727602005004883
0.04213714599609375
0.049689531326293945
0.037288665771484375
0.043790578842163086
0.050542593002319336
0.040884971618652344
0.034568071365356445
0.047148704528808594
0.036844491958618164
0.04896950721740723
0.03866457939147949
0.0498051643371582
0.007193088531494141
0.005249738693237305
0.02897047996520996
0.04043936729431152
0.050501346588134766
0.034769296646118164
0.04478263854980469
0.03696727752685547
0.04921746253967285
0.03518414497375488
0.045931339263916016
0.03814291954040527
0.04938507080078125
0.03903532028198242
0.05416107177734375
0.04402971267700195
0.005571842193603516
0.005881786346435547
0.03694963455200195
0.05131673812866211
0.04157304763793945
0.04547715187072754
0.03737211227416992
0.046488046646118164
0.03391742706298828
0.041243553161621094
0.051106929779052734
0.04673361778259277
0.04078030586242676
0.055069923400878906
0.048563241958618164
0.04491686820983887
0.004808902740478516
0.008280038833618164
0.038822174072265625
0.053894758224487305
0.051950931549072266
0.04331827163696289
0.052959442138671875
0.04198598861694336
0.04669022560119629
0.037832021713256836
0.048258304595947266
0.03886151313781738
0.048935890197753906
0.052762746810913086
0.04635953903198242
0.009342432022094727
0.009057998657226562
0.04685497283935547
0.043593645095825195
0.040541648864746094
0.05418276786804199
0.041382789611816406
0.05450248718261719
0.042853593826293945
0.05186939239501953
0.04270362854003906
0.03496408462524414
0.04530763626098633
0.03805255889892578
0.05093193054199219
0.037123680114746094
0.010958433151245117
0.005968332290649414
0.0366826057434082
0.04328107833862305
0.05305600166320801
0.04169201850891113
0.053302764892578125
0.21782732009887695
0.09262633323669434
0.03288531303405762
0.04272103309631348
0.045699357986450195
0.05065584182739258
0.04578566551208496
0.055487632751464844
0.033826351165771484
0.04766511917114258
0.004517078399658203
0.0076982975006103516
0.03674602508544922
0.05451226234436035
0.04854607582092285
0.047002315521240234
0.04435324668884277
0.05493450164794922
0.034964799880981445
0.0321352481842041
0.057318687438964844
0.1021268367767334
0.055490970611572266
0.0498967170715332
0.04634547233581543
0.06263399124145508
0.04639005661010742
0.057652950286865234
0.008303642272949219
0.006224155426025391
0.03771638870239258
0.05283975601196289
0.046427249908447266
0.04176926612854004
0.044419288635253906
0.05301356315612793
0.046303749084472656
0.05304121971130371
0.03841710090637207
0.04876542091369629
0.04255270957946777
0.032065629959106445
0.0397946834564209
0.05543208122253418
0.010633707046508789
0.015428304672241211
0.03936457633972168
0.0441133975982666
0.04104256629943848
0.05340695381164551
0.03899025917053223
0.052794694900512695
0.04804086685180664
0.03657412528991699
0.0365602970123291
0.04503035545349121
0.03850603103637695
0.047771453857421875
0.0380.05335927009580.05618023872375488
0.008165121078491211
0.0055963993072509766
0.03417658805847168
0.045952796936035156
0.04195284843444824
0.050383806228637695
0.03560280799865723
0.037915945053100586
0.06439805030822754
0.02601003646850586
0.05100846290588379
0.043039798736572266
0.03589987754821777
0.04532265663146973
0.04256105422973633
0.03913140296936035
0.0072782039642333984
0.007375478744506836
0.05933737754821777
0.03781461715698242
0.046309709548950195
0.03686714172363281
0.044829607009887695
0.035341501235961914
0.04947257041931152
0.04366612434387207
0.056398630142211914
0.039197683334350586
0.051964521408081055
0.046090126037597656
0.03698277473449707
0.05054450035095215
0.007953405380249023
0.0054395198822021484
0.05677962303161621
0.0303347110748291
0.041779279708862305
0.03957390785217285
0.050755977630615234
0.03825855255126953
0.04848432540893555
0.0384671688079834
0.03923439979553223
0.04553389549255371
0.038416385650634766
0.050917863845825195
0.04087400436401367
0.048333168029785156
0.04303288459777832
0.006130695343017578
0.005588054656982422
0.03592562675476074
0.05058002471923828
0.04931211471557617
0.04146528244018555
0.04641079902648926
0.0439910888671875
0.03534102439880371
0.0435030460357666
0.04966306686401367
0.043792724609375
0.0513455867767334
0.04477071762084961
0.09157109260559082
0.015258550643920898
0.007221221923828125
0.006594657897949219
0.03423738479614258
0.04284310340881348
0.03908491134643555
0.05088615417480469
0.04895734786987305
0.048810482025146484
0.04157614707946777
0.05236673355102539
0.040920257568359375
0.049184322357177734
0.03472447395324707
0.04963350296020508
0.0405735969543457
0.051729440689086914
0.006984233856201172
0.004632234573364258
0.0348057746887207
0.044858694076538086
0.04456663131713867
0.05022430419921875
0.05953621864318848
0.04791569709777832
0.05534076690673828
0.04784798622131348
0.03993415832519531
0.0461575984954834
0.03871870040893555
0.046445608139038086
0.03769278526306152
0.04720616340637207
0.008751869201660156
0.021500825881958008
0.21634888648986816
0.14107704162597656
0.04494810104370117
0.05926322937011719
0.05845379829406738
0.06212162971496582
0.034181833267211914
0.049938201904296875
0.036324501037597656
0.04569101333618164
0.04131031036376953
0.049669504165649414
0.04177498817443848
0.05673813819885254
0.010477304458618164
0.005814075469970703
0.03439927101135254
0.045122385025024414
0.035442352294921875
0.043680429458618164
0.05215287208557129
0.0367894172668457
0.21243786811828613
0.2003493309020996
0.07711553573608398
0.04403495788574219
0.05192875862121582
0.09132051467895508
0.017950057983398438
0.033605337142944336
0.0525212287902832
0.04734373092651367
0.006531715393066406
0.00735783576965332
0.035835981369018555
0.048670291900634766
0.047464847564697266
0.04592156410217285
0.03845667839050293
0.04803919792175293
0.0341031551361084
0.045348167419433594
0.05184578895568848
0.04529452323913574
0.04051327705383301
0.0372006893157959
0.28391075134277344
0.12354874610900879
0.030864477157592773
0.06814980506896973
0.04499959945678711
0.06239819526672363
0.0391690731048584
0.053688764572143555
0.04000067710876465
0.044188737869262695
0.04966306686401367
0.0389409065246582
0.05194687843322754
0.04314017295837402
0.04717302322387695
0.03693342208862305
0.04901003837585449
0.006436586380004883
0.004747867584228516
0.038675785064697266
0.04715371131896973
0.053292036056518555
0.050124406814575195
0.04306340217590332
0.04951906204223633
0.055531978607177734
0.03790450096130371
0.04161381721496582
0.05256938934326172
0.03530573844909668
0.049221038818359375
0.04459261894226074
0.053580284118652344
0.008160114288330078
0.0069904327392578125
0.034258365631103516
0.04447364807128906
0.036530256271362305
0.04701042175292969
0.056195974349975586
0.043200016021728516
0.05333065986633301
0.04528021812438965
0.05347013473510742
0.04752397537231445
0.03860282897949219
0.06603288650512695
0.045533180236816406
0.05218863487243652
0.0428314208984375
0.008713722229003906
0.005235195159912109
0.03314399719238281
0.044107913970947266
0.03966879844665527
0.05033421516418457
0.04233694076538086
0.05401730537414551
0.04207134246826172
0.0711812973022461
0.06333780288696289
0.04748058319091797
0.038014888763427734
0.049628257751464844
0.045975685119628906
0.005816936492919922
0.005526065826416016
0.03586721420288086
0.043725013732910156
0.039726972579956055
0.05326700210571289
0.036074161529541016
0.0547637939453125
0.03783226013183594
0.05186605453491211
0.04588127136230469
0.04180002212524414
0.05472254753112793
0.054261207580566406
0.05331063270568848
0.008681058883666992
0.008794307708740234
0.03473162651062012
0.0471043586730957
0.041615962982177734
0.03832101821899414
0.048252105712890625
0.04514908790588379
0.042629241943359375
0.05289030075073242
0.05007362365722656
0.04267764091491699
0.05083608627319336
0.04348492622375488
0.03875565528869629
0.006655216217041016
0.006915569305419922
0.03695964813232422
0.04962778091430664
0.045562744140625
0.05982375144958496
0.0483245849609375
0.04069185256958008
0.04929518699645996
0.04172778129577637
0.047219038009643555
0.038758277893066406
0.05019783973693848
0.047078609466552734
0.04313945770263672
0.009138107299804688
0.008199930191040039
0.03384113311767578
0.04373431205749512
0.03920340538024902
0.04988527297973633
0.041713714599609375
0.03532671928405762
0.046187639236450195
0.03552532196044922
0.050670623779296875
0.0433349609375
0.058500051498413086
0.04826235771179199
0.034467220306396484
0.0417475700378418
0.007527828216552734
0.007402658462524414
0.03357648849487305
0.04696989059448242
0.034911155700683594
0.04602646827697754
0.034590959548950195
0.04585886001586914
0.03662705421447754
0.047676801681518555
0.036400794982910156
0.0473783016204834
0.03635549545288086
0.0460050106048584
0.037491798400878906
0.04852414131164551
0.0052700042724609375
0.0051212310791015625
0.032660722732543945
0.04561138153076172
0.040912628173828125
0.0458834171295166
0.037233829498291016
0.04902005195617676
0.03746223449707031
0.051841020584106445
0.04136252403259277
0.05102872848510742
0.04627585411071777
0.03955960273742676
0.0494382381439209
0.0395357608795166
0.007540225982666016
0.004530668258666992
0.031003713607788086
0.03809356689453125
0.050792694091796875
0.043272972106933594
0.050598859786987305
0.04893970489501953
0.045751094818115234
0.03637552261352539
0.04848217964172363
0.03628659248352051
0.04574704170227051
0.039527177810668945
0.05182671546936035
0.04359245300292969
0.0050318241119384766
0.005913734436035156
0.03411746025085449
0.0448002815246582
0.04598569869995117
0.0382990837097168
0.04854226112365723
0.046277761459350586
0.035794973373413086
0.04696083068847656
0.0405123233795166
0.03572392463684082
0.04659438133239746
0.04367470741271973
0.03742074966430664
0.008523702621459961
0.004832029342651367
0.0343632698059082
0.04046893119812012
0.048207759857177734
0.041495323181152344
0.03562450408935547
0.04112815856933594
0.05029439926147461
0.04486370086669922
0.03536176681518555
0.04651379585266113
0.03780388832092285
0.05100536346435547
0.046545982360839844
0.04177689552307129
0.006319999694824219
0.00598454475402832
0.035843849182128906
0.048166751861572266
0.045343875885009766
0.042299509048461914
0.039198875427246094
0.04831123352050781
0.036498308181762695
0.04601263999938965
0.037668466567993164
0.04709649085998535
0.038564205169677734
0.05014801025390625
0.04431509971618652
0.006850481033325195
0.004358768463134766
0.034725189208984375
0.04171633720397949
0.05012965202331543
0.11783790588378906
0.12753820419311523
0.1344890594482422
0.12327361106872559
0.13212847709655762
0.12659978866577148
0.13111615180969238
0.333803653717041
0.1645829677581787
0.29956817626953125
0.14437317848205566
0.1616230010986328
0.16819190979003906
0.0058438777923583984
0.12853217124938965
0.15890169143676758
0.15745258331298828
0.2969202995300293
0.2996695041656494
0.29924464225769043
0.16094279289245605
0.1648705005645752
0.1715080738067627
0.16547775268554688
0.13473057746887207
0.20298981666564941
0.08974695205688477
0.04049968719482422
0.05302619934082031
0.006552934646606445
0.007154703140258789
0.032681941986083984
0.0489497184753418
0.00.0395760536193840.03706550598144531
0.04327249526977539
0.047605276107788086
0.03470444679260254
0.045122385025024414
0.03627443313598633
0.047591209411621094
0.03877854347229004
0.05719947814941406
0.048636674880981445
0.047171592712402344
0.00713801383972168
0.00439906120300293
0.033911943435668945
0.04382920265197754
0.038785457611083984
0.053421735763549805
0.05216264724731445
0.046579599380493164
0.05191516876220703
0.04563617706298828
0.04014754295349121
0.05210089683532715
0.04802417755126953
0.04518628120422363
0.03493952751159668
0.011283397674560547
0.006534099578857422
0.03627610206604004
0.04526710510253906
0.04019951820373535
0.03677225112915039
0.04753470420837402
0.04277229309082031
0.03565478324890137
0.0565485954284668
0.05110907554626465
0.041272878646850586
0.05301237106323242
0.04888629913330078
0.040131330490112305
0.012814521789550781
0.007179737091064453
0.03286552429199219
0.04126906394958496
0.054154157638549805
0.04882645606994629
0.03812122344970703
0.0508732795715332
0.03951263427734375
0.04342365264892578
0.03841757774353027
0.04604625701904297
0.04001355171203613
0.04110217094421387
0.053110599517822266
0.048538923263549805
0.0053958892822265625
0.005802631378173828
0.03732919692993164
0.054268598556518555
0.04935765266418457
0.04675173759460449
0.039011240005493164
0.0512089729309082
0.044313907623291016
0.05169486999511719
0.04005932807922363
0.036278724670410156
0.050997257232666016
0.04578852653503418
0.03965926170349121
0.009339332580566406
0.006184101104736328
0.03681588172912598
0.054780006408691406
0.04282331466674805
0.03821849822998047
0.04746556282043457
0.04287362098693848
0.036370277404785156
0.04783296585083008
0.043921709060668945
0.0427088737487793
0.03417468070983887
0.03829836845397949
0.0502927303314209
0.005903720855712891
0.008217573165893555
0.038068294525146484
0.054230451583862305
0.04710245132446289
0.043814897537231445
0.03715944290161133
0.05118107795715332
0.04075789451599121
0.05131816864013672
0.04570937156677246
0.05157184600830078
0.044827938079833984
0.035187482833862305
0.04602980613708496
0.005923032760620117
0.00729060173034668
0.03374004364013672
0.04735279083251953
0.040264129638671875
0.051666975021362305
0.04555058479309082
0.053331851959228516
0.04591107368469238
0.03748202323913574
0.049245357513427734
0.039025068283081055
0.04954266548156738
0.042716026306152344
0.03515291213989258
0.04278445243835449
0.004822254180908203
0.006749868392944336
0.03985261917114258
0.05152702331542969
0.04843258857727051
0.04332327842712402
0.037993431091308594
0.04479169845581055
0.03797101974487305
0.04319047927856445
0.03827857971191406
0.045412302017211914
0.0418095588684082
0.03731513023376465
0.04915499687194824
0.008639097213745117
0.006605863571166992
0.03459596633911133
0.04872941970825195
0.0404963493347168
0.050301313400268555
0.04903435707092285
0.04206585884094238
0.04951786994934082
0.04160904884338379
0.050459861755371094
0.047567129135131836
0.05888056755065918
0.04830336570739746
0.04265856742858887
0.05107593536376953
0.003651857376098633
0.008922576904296875
0.0342257022857666
0.0449674129486084
0.0379176139831543
0.05039048194885254
0.041753292083740234
0.05116772651672363
0.04509234428405762
0.04023265838623047
0.05212521553039551
0.05064034461975098
0.04440569877624512
0.04132413864135742
0.03963732719421387
0.014437675476074219
0.005008220672607422
0.033544301986694336
0.045348167419433594
0.05826711654663086
0.035993099212646484
0.04849553108215332
0.039769887924194336
0.050340890884399414
0.039129018783569336
0.047765493392944336
0.043329715728759766
0.0503997802734375
0.04660296440124512
0.04001021385192871
0.03589320182800293
0.007653713226318359
0.007120847702026367
0.03779029846191406
0.05142498016357422
0.04639911651611328
0.04202413558959961
0.0554351806640625
0.05006122589111328
0.041168212890625
0.054396629333496094
0.04613852500915527
0.03854680061340332
0.04608511924743652
0.036672115325927734
0.049744367599487305
0.005990028381347656
0.005262136459350586
0.03434348106384277
0.046671152114868164
0.043999433517456055
0.04080367088317871
0.055397987365722656
0.04925060272216797
0.03807425498962402
0.047640085220336914
0.04014182090759277
0.0622248649597168
0.05901765823364258
0.04012465476989746
0.05429363250732422
0.009687423706054688
0.004405975341796875
0.03422212600708008
0.04203915596008301
0.05407524108886719
0.053557395935058594
0.051603078842163086
0.04573965072631836
0.03858613967895508
0.05157804489135742
0.048546552658081055
0.04070758819580078
0.03915095329284668
0.04878067970275879
0.040760040283203125
0.008214235305786133
0.006772756576538086
0.0349888801574707
0.04165196418762207
0.04047679901123047
0.0547487735748291
0.05029606819152832
0.040778398513793945
0.05248737335205078
0.044339895248413086
0.05440473556518555
0.04836130142211914
0.036336421966552734
0.04004836082458496
0.04941701889038086
0.038529396057128906
0.01370549201965332
0.006170511245727539
0.03524446487426758
0.04835987091064453
0.0432736873626709
0.047232627868652344
0.04282045364379883
0.03833889961242676
0.04613995552062988
0.03919410705566406
0.04624462127685547
0.040442705154418945
0.03815627098083496
0.053896188735961914
0.04532670974731445
0.004626274108886719
0.008168220520019531
0.03691911697387695
0.036298513412475586
0.05135655403137207
0.04591727256774902
0.04454159736633301
0.041800498962402344
0.035481929779052734
0.0486297607421875
0.041156768798828125
0.03632974624633789
0.05039191246032715
0.04272007942199707
0.03755593299865723
0.009291410446166992
0.006633758544921875
0.03595995903015137
0.04900693893432617
0.06236624717712402
0.05445361137390137
0.05217695236206055
0.04787087440490723
0.041100263595581055
0.053040504455566406
0.04251694679260254
0.040790557861328125
0.03665781021118164
0.04952669143676758
0.038498878479003906
0.012336969375610352
0.0057599544525146484
0.0347135066986084
0.03726935386657715
0.049239397048950195
0.04050087928771973
0.03587508201599121
0.04925179481506348
0.03993630409240723
0.05011272430419922
0.04474210739135742
0.050763845443725586
0.04621100425720215
0.03847098350524902
0.0499725341796875
0.04100227355957031
0.0120391845703125
0.004738330841064453
0.034435272216796875
0.0415346622467041
0.05272102355957031
0.04409623146057129
0.05256938934326172
0.04178261756896973
0.054019927978515625
0.04224443435668945
0.04257345199584961
0.040732383728027344
0.03956151008605957
0.05245637893676758
0.0450897216796875
0.036914825439453125
0.00880885124206543
0.0041506290435791016
0.03467202186584473
0.044135093688964844
0.03774237632751465
0.035660505294799805
0.04189562797546387
0.03664898872375488
0.045227766036987305
0.04213285446166992
0.05578470230102539
0.05127453804016113
0.045661211013793945
0.04048728942871094
0.052088260650634766
0.007607221603393555
0.0056993961334228516
0.03380703926086426
0.04122495651245117
0.03591179847717285
0.04754781723022461
0.04339861869812012
0.05359673500061035
0.04837155342102051
0.04398655891418457
0.035711050033569336
0.047673940658569336
0.044287681579589844
0.05587482452392578
0.04146122932434082
0.044767141342163086
0.005014657974243164
0.006294965744018555
0.03325366973876953
0.046593666076660156
0.04339337348937988
0.040372371673583984
0.048735857009887695
0.04323267936706543
0.03930377960205078
0.03970956802368164
0.04980063438415527
0.04512357711791992
0.03668808937072754
0.045772552490234375
0.03846025466918945
0.010706424713134766
0.0037088394165039062
0.037204742431640625
0.048536062240600586
0.04126429557800293
0.0374755859375
0.046326637268066406
0.043454885482788086
0.03798651695251465
0.04770970344543457
0.04178905487060547
0.03569221496582031
0.04814291000366211
0.03742718696594238
0.050727128982543945
0.006521701812744141
0.006596803665161133
0.03828072547912598
0.052169084548950195
0.04816102981567383
0.05468416213989258
0.05207538604736328
0.04979825019836426
0.04256391525268555
0.052759408950805664
0.04482841491699219
0.052115678787231445
0.0469508171081543
0.039669036865234375
0.050804853439331055
0.007409334182739258
0.0059816837310791016
0.03793907165527344
0.04600262641906738
0.054164886474609375
0.04691886901855469
0.0403437614440918
0.04924345016479492
0.03863906860350.04844522476196289
0.03530.04047656059265137
0.04290151596069336
0.039429426193237305
0.0487058162689209
0.04099011421203613
0.05041003227233887
0.007784843444824219
0.005127429962158203
0.0347285270690918
0.046442270278930664
0.037567853927612305
0.04950451850891113
0.042722463607788086
0.050156354904174805
0.04478931427001953
0.03605079650878906
0.04802870750427246
0.03930830955505371
0.05586385726928711
0.03930401802062988
0.048306941986083984
0.042424917221069336
0.005468606948852539
0.006414175033569336
0.03491067886352539
0.0427398681640625
0.035776376724243164
0.04723525047302246
0.04220151901245117
0.03536224365234375
0.04524493217468262
0.03917837142944336
0.05416274070739746
0.048595428466796875
0.041595458984375
0.05803227424621582
0.049593448638916016
0.005399942398071289
0.006582498550415039
0.0353245735168457
0.042357683181762695
0.05481600761413574
0.05677032470703125
0.05519270896911621
0.05178952217102051
0.04561972618103027
0.03869199752807617
0.049627065658569336
0.041651010513305664
0.04298806190490723
0.03628206253051758
0.046874046325683594
0.0389101505279541
0.006253719329833984
0.005650043487548828
0.02968001365661621
0.04337191581726074
0.055107831954956055
0.051468849182128906
0.046208858489990234
0.03699207305908203
0.05162787437438965
0.050142526626586914
0.04141092300415039
0.03701329231262207
0.046692609786987305
0.03850364685058594
0.05140089988708496
0.0067157745361328125
0.005708456039428711
0.03369545936584473
0.04539775848388672
0.03620505332946777
0.045415639877319336
0.03888058662414551
0.05009102821350098
0.0374598503112793
0.053595781326293945
0.04337358474731445
0.05466580390930176
0.043869972229003906
0.04310274124145508
0.0378262996673584
0.04482865333557129
0.008749961853027344
0.004904747009277344
0.033406734466552734
0.0474851131439209
0.04322004318237305
0.041169166564941406
0.03360390663146973
0.04629325866699219
0.041866302490234375
0.04770159721374512
0.03853583335876465
0.050894737243652344
0.040415287017822266
0.05213165283203125
0.04932832717895508
0.007597684860229492
0.0062847137451171875
0.035130977630615234
0.043453216552734375
0.040857791900634766
0.03563332557678223
0.05119776725769043
0.05203986167907715
0.04708671569824219
0.04384469985961914
0.039565324783325195
0.05096554756164551
0.04316830635070801
0.0393068790435791
0.049568891525268555
0.023722171783447266
0.007147312164306641
0.03370189666748047
0.04035830497741699
0.03681015968322754
0.04611682891845703
0.039743661880493164
0.05340933799743652
0.047057151794433594
0.03847765922546387
0.05287480354309082
0.04607892036437988
0.04326176643371582
0.03560900688171387
0.04666757583618164
0.012876272201538086
0.008420228958129883
0.03700089454650879
0.04293203353881836
0.036405324935913086
0.048325300216674805
0.0426788330078125
0.05505061149597168
0.05182003974914551
0.044377803802490234
0.03661799430847168
0.042105913162231445
0.034641265869140625
0.04714369773864746
0.03969311714172363
0.04690670967102051
0.0062253475189208984
0.007818460464477539
0.03364849090576172
0.046811819076538086
0.039467573165893555
0.05018758773803711
0.03713035583496094
0.051085710525512695
0.047727108001708984
0.04210472106933594
0.03588700294494629
0.04509091377258301
0.04139137268066406
0.05038189888000488
0.04290437698364258
0.009156227111816406
0.004000663757324219
0.033144474029541016
0.04539775848388672
0.03683114051818848
0.04419970512390137
0.038038015365600586
0.05002737045288086
0.042038679122924805
0.054167747497558594
0.0445094108581543
0.0368192195892334
0.046530723571777344
0.03967595100402832
0.04859137535095215
0.04095125198364258
0.01244497299194336
0.008126258850097656
0.03333878517150879
0.04622650146484375
0.039759159088134766
0.036383628845214844
0.0487821102142334
0.03960156440734863
0.05187249183654785
0.041161537170410156
0.04962635040283203
0.038492441177368164
0.047670841217041016
0.04340505599975586
0.037215471267700195
0.04533982276916504
0.0063097476959228516
0.006173133850097656
0.03531956672668457
0.04459357261657715
0.040224552154541016
0.0557098388671875
0.05252480506896973
0.05065441131591797
0.04387545585632324
0.03759407997131348
0.048519134521484375
0.043311119079589844
0.03770899772644043
0.04562044143676758
0.03399538993835449
0.010854482650756836
0.004795074462890625
0.03581404685974121
0.04687023162841797
0.042414188385009766
0.04897046089172363
0.043802499771118164
0.037210941314697266
0.053411245346069336
0.045584678649902344
0.05079007148742676
0.04459214210510254
0.041140079498291016
0.05388689041137695
0.04855823516845703
0.007627964019775391
0.0047953128814697266
0.034197092056274414
0.04582095146179199
0.03921175003051758
0.05351972579956055
0.04613351821899414
0.04301571846008301
0.05753779411315918
0.04856419563293457
0.03892183303833008
0.052500247955322266
0.045308589935302734
0.04031968116760254
0.04820060729980469
0.008319377899169922
0.005398273468017578
0.03396296501159668
0.043325185775756836
0.0385432243347168
0.048116207122802734
0.03886294364929199
0.051781654357910156
0.04559183120727539
0.03696441650390625
0.04786205291748047
0.043184518814086914
0.05085587501525879
0.04707002639770508
0.041292667388916016
0.006628751754760742
0.0044231414794921875
0.032988548278808594
0.0444488525390625
0.040220022201538086
0.03778862953186035
0.05045509338378906
0.04287004470825195
0.039911508560180664
0.04872298240661621
0.04844236373901367
0.046668291091918945
0.03861641883850098
0.049329519271850586
0.03846621513366699
0.010091066360473633
0.005578041076660156
0.03705883026123047
0.04678487777709961
0.03558707237243652
0.04788517951965332
0.04149889945983887
0.036997079849243164
0.046860456466674805
0.042532920837402344
0.05616188049316406
0.04007744789123535
0.058567047119140625
0.046540260314941406
0.03476715087890625
0.04639935493469238
0.0066928863525390625
0.00678253173828125
0.03481650352478027
0.04432225227355957
0.05112719535827637
0.04087376594543457
0.0475919246673584
0.03920245170593262
0.0528407096862793
0.047721147537231445
0.03924870491027832
0.05163288116455078
0.04761362075805664
0.03717780113220215
0.0537874698638916
0.0688619613647461
0.021854400634765625
0.008638620376586914
0.035004615783691406
0.040944814682006836
0.05095505714416504
0.044753074645996094
0.051691532135009766
0.04573225975036621
0.03545665740966797
0.047145843505859375
0.035878896713256836
0.04507279396057129
0.04106616973876953
0.053667545318603516
0.03948092460632324
0.05365562438964844
0.013827323913574219
0.006002902984619141
0.03218483924865723
0.037702083587646484
0.04816460609436035
0.03768658638000488
0.046823978424072266
0.0415949821472168
0.051171302795410156
0.049395084381103516
0.05064201354980469
0.045297861099243164
0.03682088851928711
0.04840850830078125
0.03794145584106445
0.04764223098754883
0.00622868537902832
0.006670713424682617
0.03470778465270996
0.047530174255371094
0.03628039360046387
0.04671955108642578
0.03722381591796875
0.04805183410644531
0.039550065994262695
0.045990705490112305
0.04299497604370117
0.036077022552490234
0.049231529235839844
0.04026961326599121
0.05166006088256836
0.04754376411437988
0.00709080696105957
0.005293369293212891
0.03404045104980469
0.04726576805114746
0.04285907745361328
0.04049324989318848
0.03753161430358887
0.05115103721618652
0.04674959182739258
0.04313182830810547
0.038878440856933594
0.05021548271179199
0.047144174575805664
0.05365347862243652
0.04617786407470703
0.007763862609863281
0.004721403121948242
0.034449100494384766
0.04626870155334473
0.040601253509521484
0.03572416305541992
0.050726890563964844
0.046571969985961914
0.03588294982910156
0.04647088050842285
0.040976524353027344
0.05165982246398926
0.04803657531738281
0.03896188735961914
0.043279409408569336
0.04492926597595215
0.003995418548583984
0.014988422393798828
0.04015374183654785
0.052930355072021484
0.04814767837524414
0.04716920852661133
0.04382157325744629
0.04008626937866211
0.05473446846008301
0.041594505310058594
0.03556251525878906
0.04904532432556152
0.0410151481628418
0.05289793014526367
0.03604602813720703
0.004857540130615234
0.007274627685546875
0.03404068946838379
0.04526638984680176
0.04081368446350098
0.049608707427978516
0.04708218574523926
0.044040679931640625
0.0578590.045215606689453125
0.0416648380.038761138916015625
0.04965662956237793
0.0408177375793457
0.04890704154968262
0.04160594940185547
0.0072021484375
0.008004188537597656
0.03519487380981445
0.04292941093444824
0.05117082595825195
0.04714798927307129
0.041768789291381836
0.05487418174743652
0.05080437660217285
0.06054234504699707
0.05252718925476074
0.0475773811340332
0.05985116958618164
0.05392789840698242
0.0480959415435791
0.008832693099975586
0.004651069641113281
0.03410601615905762
0.04613447189331055
0.0368199348449707
0.044080257415771484
0.0401005744934082
0.035249948501586914
0.048863887786865234
0.05055665969848633
0.043889760971069336
0.040091753005981445
0.05732083320617676
0.05593132972717285
0.04803872108459473
0.007050991058349609
0.004809856414794922
0.03408169746398926
0.04806256294250488
0.044710636138916016
0.05634880065917969
0.0491640567779541
0.04194045066833496
0.04736471176147461
0.0442662239074707
0.05389857292175293
0.04514813423156738
0.0357973575592041
