0.011947393417358398
0.042229413986206055
0.06271743774414062
0.04859519004821777
0.0422210693359375
0.04000425338745117
0.0430147647857666
0.0567169189453125
0.05237007141113281
0.0535588264465332
0.050795555114746094
0.07876205444335938
0.029677152633666992
0.057805776596069336
0.046808481216430664
0.019726037979125977
0.00855875015258789
0.039458513259887695
0.054392099380493164
0.05006694793701172
0.04439139366149902
0.050939321517944336
0.04601263999938965
0.04450869560241699
0.04636526107788086
0.0480039119720459
0.04791450500488281
0.04705047607421875
0.039434194564819336
0.05806899070739746
0.010462760925292969
0.007008075714111328
0.03601884841918945
0.048665523529052734
0.03937482833862305
0.057206153869628906
0.05446791648864746
0.05113077163696289
0.045377492904663086
0.06164669990539551
0.054703474044799805
0.04292178153991699
0.03924965858459473
0.050574541091918945
0.042845726013183594
0.01173710823059082
0.009391546249389648
0.03685355186462402
0.05106234550476074
0.04563713073730469
0.0357358455657959
0.04479074478149414
0.05002641677856445
0.046624183654785156
0.041358232498168945
0.05230212211608887
0.04734992980957031
0.03980422019958496
0.05323505401611328
0.04376816749572754
0.009916305541992188
0.008649110794067383
0.03782248497009277
0.045275211334228516
0.036786794662475586
0.11506414413452148
0.07264351844787598
0.014976739883422852
0.034049272537231445
0.050656795501708984
0.046140432357788086
0.039485931396484375
0.05310654640197754
0.045001983642578125
0.052742719650268555
0.04646468162536621
0.039281606674194336
0.011213541030883789
0.008107900619506836
0.035384416580200195
0.04237651824951172
0.03687691688537598
0.05016064643859863
0.044345855712890625
0.04090118408203125
0.050950050354003906
0.04009866714477539
0.052393436431884766
0.051302433013916016
0.04928994178771973
0.05368685722351074
0.04414486885070801
0.1402900218963623
0.094879150390625
0.033765316009521484
0.04067826271057129
0.055860042572021484
0.05319070816040039
0.053481340408325195
0.05382990837097168
0.055481672286987305
0.056554555892944336
0.05830836296081543
0.05627274513244629
0.05030488967895508
0.04923820495605469
0.00960850715637207
0.010360956192016602
0.038930416107177734
0.04760122299194336
0.06248164176940918
0.05205798149108887
0.04379391670227051
0.035363197326660156
0.0475306510925293
0.04173564910888672
0.0382387638092041
0.04104447364807129
0.05541110038757324
0.05614280700683594
0.05839967727661133
0.018011093139648438
0.009284734725952148
0.03946542739868164
0.047345876693725586
0.04698061943054199
0.06413578987121582
0.051756858825683594
0.04060506820678711
0.05821418762207031
0.06343913078308105
0.05271172523498535
0.04369711875915527
0.04717111587524414
0.04649043083190918
0.04040956497192383
0.010286808013916016
0.011704444885253906
0.03311657905578613
0.04115152359008789
0.049083709716796875
0.03810572624206543
0.14479827880859375
0.058332204818725586
0.038944244384765625
0.05624866485595703
0.06049633026123047
0.05419135093688965
0.04099297523498535
0.05625772476196289
0.05226635932922363
0.05068206787109375
0.04046773910522461
0.015474557876586914
0.008537054061889648
0.03600931167602539
0.0401759147644043
0.048804283142089844
0.039936065673828125
0.05077862739562988
0.046800851821899414
0.04161190986633301
0.03510761260986328
0.043999671936035156
0.0546269416809082
0.04631996154785156
0.04158592224121094
0.035778045654296875
0.04575395584106445
0.010312795639038086
0.008862733840942383
0.034623146057128906
0.0466313362121582
0.037507057189941406
0.05114459991455078
0.04593992233276367
0.042577266693115234
0.05346417427062988
0.04787135124206543
0.049768924713134766
0.09650444984436035
0.03781843185424805
0.02720332145690918
0.05375790596008301
0.03181290626525879
0.0551905632019043
0.04589200019836426
0.007253170013427734
0.008478403091430664
0.0349118709564209
0.04488253593444824
0.03316760063171387
0.044293880462646484
0.038465261459350586
0.05264854431152344
0.0476381778717041
0.043979644775390625
0.03762054443359375
0.05154728889465332
0.05397796630859375
0.04611492156982422
0.06070065498352051
0.010425090789794922
0.008170366287231445
0.038002967834472656
0.047173500061035156
0.04324650764465332
0.04036307334899902
0.049041032791137695
0.04054975509643555
0.053978919982910156
0.047130584716796875
0.03941941261291504
0.0527644157409668
0.04500246047973633
0.04013490676879883
0.03586173057556152
0.00794076919555664
0.009521484375
0.036792755126953125
0.04783368110656738
0.04208016395568848
0.051033973693847656
0.04437851905822754
0.0343775749206543
0.045720815658569336
0.043523311614990234
0.04091978073120117
0.04952716827392578
0.040102243423461914
0.055086612701416016
0.05145525932312012
0.00795602798461914
0.007741212844848633
0.03605389595031738
0.043807268142700195
0.05292820930480957
0.05498909950256348
0.042791128158569336
0.05394387245178223
0.05096006393432617
0.04430127143859863
0.04144024848937988
0.0536501407623291
0.05249977111816406
0.04987502098083496
0.04641079902648926
0.022619009017944336
0.009361743927001953
0.041620731353759766
0.04842257499694824
0.041004180908203125
0.03411054611206055
0.04113340377807617
0.04525256156921387
0.03824901580810547
0.051148414611816406
0.04380464553833008
0.05700325965881348
0.04917573928833008
0.03857827186584473
0.050348758697509766
0.041517019271850586
0.009982824325561523
0.006445884704589844
0.037250518798828125
0.047277212142944336
0.03744101524353027
0.05118823051452637
0.042417049407958984
0.05236625671386719
0.048543453216552734
0.04772043228149414
0.0538637638092041
0.0453341007232666
0.04139089584350586
0.037279605865478516
0.04997849464416504
0.0077593326568603516
0.0072786808013916016
0.03469538688659668
0.037082672119140625
0.04718375205993652
0.040992021560668945
0.04452657699584961
0.045124053955078125
0.03680419921875
0.047809600830078125
0.04218459129333496
0.05087757110595703
0.04687047004699707
0.04251599311828613
0.03635525703430176
0.050420522689819336
0.008089065551757812
0.007569313049316406
0.03154587745666504
0.039485931396484375
0.05109071731567383
0.04385972023010254
0.03451704978942871
0.045038700103759766
0.04115748405456543
0.03562569618225098
0.05031776428222656
0.042627573013305664
0.03491568565368652
0.04830360412597656
0.044857025146484375
0.008928298950195312
0.007485389709472656
0.03492856025695801
0.04273653030395508
0.04910707473754883
0.04284477233886719
0.038431644439697266
0.05245375633239746
0.044541120529174805
0.04276108741760254
0.03627371788024902
0.0470128059387207
0.04639101028442383
0.05577492713928223
0.048422813415527344
0.009993314743041992
0.008106708526611328
0.034284114837646484
0.03738546371459961
0.04304814338684082
0.05337071418762207
0.05128145217895508
0.040410757064819336
0.05723237991333008
0.04869222640991211
0.03843522071838379
0.05501723289489746
0.05915546417236328
0.04873490333557129
0.04332733154296875
0.037595272064208984
0.010849475860595703
0.00767970085144043
0.036537885665893555
0.04112100601196289
0.04965853691101074
0.045067787170410156
0.04181098937988281
0.052436113357543945
0.04538130760192871
0.054160356521606445
0.04676556587219238
0.04866456985473633
0.04169511795043945
0.039261817932128906
0.05540585517883301
0.0560915470123291
0.01253509521484375
0.00936269760131836
0.04107785224914551
0.05013465881347656
0.04075193405151367
0.05275750160217285
0.046382904052734375
0.03946542739868164
0.04593300819396973
0.04308795928955078
0.03628206253051758
0.048377275466918945
0.04636263847351074
0.03899025917053223
0.03708505630493164
0.011086702346801758
0.009886741638183594
0.03827095031738281
0.04807639122009277
0.052262306213378906
0.046134233474731445
0.05152773857116699
0.04373979568481445
0.05228543281555176
0.047799110412597656
0.03970766067504883
0.05024528503417969
0.04660511016845703
0.047820091247558594
0.04279446601867676
0.006715059280395508
0.007516145706176758
0.03339028358459473
0.04134845733642578
0.04950380325317383
0.042656898498535156
0.04217886924743652
0.03700423240661621
0.05200052261352539
0.0498814582824707
0.0444645881652832
0.04137682914733887
0.03683900833129883
0.04976153373718262
0.04675602912902832
0.007102251052856445
0.008075714111328125
0.03703737258911133
0.04720902442932129
0.03883790969848633
0.04820108413696289
0.0418248176574707
0.0408170223236084
0.0497584342956543
0.043007850646972656
0.038588523864746094
0.05090951919555664
0.04720425605773926
0.044857025146484375
0.03900146484375
0.007930994033813477
0.010039567947387695
0.03635287284851074
0.046132564544677734
0.03859066963195801
0.04643654823303223
0.03728437423706055
0.04776287078857422
0.04549765586853027
0.05841803550720215
0.04743361473083496
0.04605364799499512
0.04764819145202637
0.04377031326293945
0.039478302001953125
0.012624263763427734
0.00720667839050293
0.036046743392944336
0.04152798652648926
0.046408653259277344
0.03689837455749512
0.04682469367980957
0.042233943939208984
0.03700661659240723
0.046830177307128906
0.03920245170593262
0.04940366744995117
0.0438380241394043
0.0355229377746582
0.04791450500488281
0.04102969169616699
0.01167154312133789
0.009916067123413086
0.037500619888305664
0.04363274574279785
0.05271196365356445
0.047342538833618164
0.05821037292480469
0.053478240966796875
0.05107283592224121
0.04987382888793945
0.0379643440246582
0.04495429992675781
0.05508565902709961
0.050804853439331055
0.04780316352844238
0.008813619613647461
0.0059239864349365234
0.0353848934173584
0.04108572006225586
0.0489652156829834
0.03683757781982422
0.047713279724121094
0.03928971290588379
0.0537564754486084
0.05084061622619629
0.04222702980041504
0.038945913314819336
0.04808998107910156
0.04281353950500488
0.04832649230957031
0.04806065559387207
0.0062825679779052734
0.007929325103759766
0.03342247009277344
0.041625022888183594
0.051131486892700195
0.04644441604614258
0.060872554779052734
0.05212879180908203
0.04522418975830078
0.04721498489379883
0.04164934158325195
0.05584549903869629
0.05177879333496094
0.05004096031188965
0.04483985900878906
0.008767127990722656
0.010400772094726562
0.034624576568603516
0.044419288635253906
0.03729414939880371
0.04766416549682617
0.0380101203918457
0.051891326904296875
0.04688405990600586
0.04526400566101074
0.03991818428039551
0.05250668525695801
0.046708106994628906
0.039575815200805664
0.0524287223815918
0.007351875305175781
0.006131649017333984
0.03680849075317383
0.048391103744506836
0.03885650634765625
0.04926657676696777
0.042702674865722656
0.05118680000305176
0.04671072959899902
0.03927278518676758
0.05000758171081543
0.04760026931762695
0.04205203056335449
0.0485231876373291
0.042546987533569336
0.005302906036376953
0.006798505783081055
0.036917924880981445
0.04596877098083496
0.03857874870300293
0.03872513771057129
0.04997587203979492
0.04495835304260254
0.046317338943481445
0.03540229797363281
0.06163763999938965
0.057039499282836914
0.04563570022583008
0.05244159698486328
0.04576468467712402
0.006751537322998047
0.00612950325012207
0.034087181091308594
0.04378676414489746
0.051459550857543945
0.04421830177307129
0.052866458892822266
0.04744410514831543
0.044656991958618164
0.05726289749145508
0.04922175407409668
0.04628610610961914
0.04017448425292969
0.05167841911315918
0.045469045639038086
0.008177042007446289
0.0066983699798583984
0.03569531440734863
0.04975008964538574
0.04015207290649414
0.04808759689331055
0.036208152770996094
0.048027992248535156
0.0364532470703125
0.04544425010681152
0.04993414878845215
0.043860673904418945
0.04186725616455078
0.05397772789001465
0.04796147346496582
0.046813011169433594
0.005529642105102539
0.006553173065185547
0.035755157470703125
0.04259204864501953
0.05405831336975098
0.038496971130371094
0.052832603454589844
0.049135684967041016
0.0463254451751709
0.045614004135131836
0.03672385215759277
0.05132937431335449
0.0454256534576416
0.03689932823181152
0.05530071258544922
0.009519338607788086
0.00668787956237793
0.034082889556884766
0.04167652130126953
0.048802852630615234
0.03952932357788086
0.051273345947265625
0.13900494575500488
0.25168681144714355
0.1296534538269043
0.13439273834228516
0.1284635066986084
0.25751471519470215
0.11272192001342773
0.08878302574157715
0.16743946075439453
0.010494232177734375
0.13112449645996094
0.15707707405090332
0.1195211410522461
0.2537353038787842
0.3016331195831299
0.16784358024597168
0.16141486167907715
0.16016292572021484
0.29835033416748047
0.16467595100402832
0.3043828010559082
0.1616225242614746
0.1621561050415039
0.29434776306152344
0.16927361488342285
0.0056989192962646484
0.10447883605957031
0.11878323554992676
0.0896303653717041
0.034415483474731445
0.04556155204772949
0.05067563056945801
0.0460968017578125
0.039984703063964844
0.03614163398742676
0.042948007583618164
0.03722786903381348
0.05332207679748535
0.05030250549316406
0.054860830307006836
0.0060176849365234375
0.007543087005615234
0.03442645072937012
0.050611019134521484
0.03981924057006836
0.05043816566467285
0.033364295959472656
0.04281759262084961
0.04066109657287598
0.05181384086608887
0.04614591598510742
0.03834414482116699
0.046685218811035156
0.05428791046142578
0.047249794006347656
0.03889656066894531
0.0077457427978515625
0.004975318908691406
0.034143686294555664
0.042031049728393555
0.05429649353027344
0.048554182052612305
0.05988669395446777
0.039595603942871094
0.04722023010253906
0.036108970642089844
0.044095754623413086
0.04077339172363281
0.054045677185058594
0.047224998474121094
0.04157567024230957
0.051108598709106445
0.0059528350830078125
0.007107257843017578
0.033540964126586914
0.039487361907958984
0.046938180923461914
0.036458730697631836
0.04782438278198242
0.046204328536987305
0.03982710838317871
0.046183109283447266
0.03973078727722168
0.05132913589477539
0.04170060157775879
0.03920888900756836
0.051143646240234375
0.04276132583618164
0.0070018768310546875
0.0069348812103271484
0.03396177291870117
0.040084123611450195
0.05097317695617676
0.043097496032714844
0.037963151931762695
0.04997849464416504
0.04685044288635254
0.03464984893798828
0.04308462142944336
0.039348602294921875
0.04602837562561035
0.0364224910736084
0.03973388671875
0.048667192459106445
0.00727534294128418
0.010323524475097656
0.035006046295166016
0.05519819259643555
0.03853011131286621
0.04655146598815918
0.03709673881530762
0.047269344329833984
0.040715694427490234
0.05362439155578613
0.04435110092163086
0.03852581977844238
0.046183109283447266
0.038413047790527344
0.04694366455078125
0.04096722602844238
0.012208938598632812
0.009953737258911133
0.03408503532409668
0.049054861068725586
0.04453086853027344
0.052309274673461914
0.03635835647583008
0.05630636215209961
0.0365452766418457
0.050962209701538086
0.04292631149291992
0.05084037780761719
0.044379234313964844
0.051848649978637695
0.05118250846862793
0.05498552322387695
0.005452394485473633
0.005360126495361328
0.03405356407165527
0.04389357566833496
0.04911327362060547
0.0394291877746582
0.05097818374633789
0.03940558433532715
0.05072021484375
0.045008182525634766
0.05165362358093262
0.06453466415405273
0.04679679870605469
0.04171133041381836
0.05182218551635742
0.04387617111206055
0.010306596755981445
0.008509397506713867
0.035600900650024414
0.04758644104003906
0.039841413497924805
0.04654288291931152
0.048717498779296875
0.03871440887451172
0.04109311103820801
0.05004310607910156
0.04796791076660156
0.0427546501159668
0.05862092971801758
0.05391073226928711
0.03850865364074707
0.04374122619628906
0.006880760192871094
0.005869865417480469
0.0352022647857666
0.040483713150024414
0.05737781524658203
0.04531073570251465
0.04046440124511719
0.050534725189208984
0.04200148582458496
0.038678884506225586
0.042113304138183594
0.04797196388244629
0.04235529899597168
0.05027437210083008
0.036193132400512695
0.04825162887573242
0.0061855316162109375
0.007730245590209961
0.03433823585510254
0.04620528221130371
0.058908939361572266
0.05220913887023926
0.03987884521484375
0.049620866775512695
0.0417933464050293
0.05364227294921875
0.04474377632141113
0.0474247932434082
0.0423436164855957
0.04980826377868652
0.04092144966125488
0.05522418022155762
0.01032567024230957
0.008294105529785156
0.03599071502685547
0.044765472412109375
0.053479909896850586
0.043932199478149414
0.051055908203125
0.04000067710876465
0.05234026908874512
0.04140758514404297
0.05341053009033203
0.044466257095336914
0.03401327133178711
0.06121325492858887
0.06973743438720703
0.056357622146606445
0.009785890579223633
0.006977558135986328
0.03390192985534668
0.044013023376464844
0.05056595802307129
0.044301748275756836
0.03566765785217285
0.04292798042297363
0.06262516975402832
0.13335156440734863
0.08722877502441406
0.05669212341308594
0.039691925048828125
0.05275416374206543
0.05110979080200195
0.061524152755737305
0.04728984832763672
0.06814861297607422
0.014494180679321289
0.010039091110229492
0.0336000919342041
0.04085230827331543
0.1004343032836914
0.06415891647338867
0.050173044204711914
0.040866851806640625
0.04555177688598633
0.04707217216491699
0.039507389068603516
0.04795026779174805
0.04305839538574219
0.047403812408447266
0.03524279594421387
0.050694942474365234
0.04327082633972168
0.05038785934448242
0.00840306282043457
0.009662866592407227
0.03702139854431152
0.04130387306213379
0.05166888236999512
0.04451894760131836
0.05281376838684082
0.043532371520996094
0.053264617919921875
0.04429292678833008
0.04331541061401367
0.05408620834350586
0.05008196830749512
0.05147600173950195
0.04864931106567383
0.044945478439331055
0.012003183364868164
0.0062100887298583984
0.03448653221130371
0.04306602478027344
0.053845882415771484
0.043151140213012695
0.03760218620300293
0.04409146308898926
0.04776287078857422
0.04030966758728027
0.05167794227600098
0.04524707794189453
0.03729748725891113
0.05141854286193848
0.04259610176086426
0.03381228446960449
0.007746219635009766
0.006475210189819336
0.038365840911865234
0.05253338813781738
0.041132211685180664
0.05403614044189453
0.048462867736816406
0.04653024673461914
0.04032182693481445
0.05096626281738281
0.0435490608215332
0.03906512260437012
0.05207705497741699
0.05007171630859375
0.05904841423034668
0.020435094833374023
0.007763862609863281
0.03647279739379883
0.04458284378051758
0.052993059158325195
0.044220685958862305
0.047797441482543945
0.03832292556762695
0.04823565483093262
0.041294097900390625
0.033200979232788086
0.04414033889770508
0.04150867462158203
0.0475616455078125
0.040839195251464844
0.05117201805114746
0.008809566497802734
0.006797075271606445
0.03522181510925293
0.0485234260559082
0.03964591026306152
0.04849433898925781
0.04274916648864746
0.036004066467285156
0.05164933204650879
0.0438535213470459
0.04905962944030762
0.03518223762512207
0.049344778060913086
0.043099403381347656
0.04042553901672363
0.008263111114501953
0.006212949752807617
0.03522634506225586
0.04868483543395996
0.03901815414428711
0.0504457950592041
0.04221940040588379
0.03746533393859863
0.049689292907714844
0.04519772529602051
0.05091667175292969
0.04748368263244629
0.04817771911621094
0.047760725021362305
0.05401873588562012
0.010239839553833008
0.006281137466430664
0.035042762756347656
0.0451807975769043
0.03658270835876465
0.04588460922241211
0.03799772262573242
0.04523444175720215
0.03654074668884277
0.04969000816345215
0.0430295467376709
0.0373382568359375
0.049071311950683594
0.04441094398498535
0.0483248233795166
0.060655832290649414
0.007093667984008789
0.007573843002319336
0.0363314151763916
0.04205441474914551
0.05408477783203125
0.03359866142272949
0.04687690734863281
0.03583693504333496
0.04777026176452637
0.05225229263305664
0.043374061584472656
0.03657364845275879
0.0491940975189209
0.043251752853393555
0.05242466926574707
0.04796004295349121
0.00876474380493164
0.007068157196044922
0.037062644958496094
0.04639625549316406
0.044028282165527344
0.05594682693481445
0.04634237289428711
0.03958749771118164
0.045014142990112305
0.03877377510070801
0.049997568130493164
0.04342508316040039
0.04161524772644043
0.038027048110961914
0.048873186111450195
0.00827646255493164
0.005288124084472656
0.0357813835144043
0.04924368858337402
0.04051947593688965
0.04883933067321777
0.042734622955322266
0.05642533302307129
0.045058488845825195
0.0360257625579834
0.047289133071899414
0.0420985221862793
0.05280494689941406
0.050582170486450195
0.05229830741882324
0.04516339302062988
0.010286808013916016
0.007051229476928711
0.03650522232055664
0.0470278263092041
0.051401376724243164
0.03937649726867676
0.05009722709655762
0.04127073287963867
0.04837799072265625
0.04784655570983887
0.043982744216918945
0.040845394134521484
0.03758716583251953
0.03550910949707031
0.050919532775878906
0.010837078094482422
0.008244752883911133
0.03414440155029297
0.0416102409362793
0.04967164993286133
0.03724336624145508
0.046401262283325195
0.06004190444946289
0.0522618293762207
0.04722332954406738
0.04414248466491699
0.039008378982543945
0.04718208312988281
0.040400028228759766
0.03595304489135742
0.011505126953125
0.011153459548950195
0.035881757736206055
0.04421520233154297
0.03448987007141113
0.047887563705444336
0.03744626045227051
0.04537558555603027
0.036983489990234375
0.046692609786987305
0.041738033294677734
0.03532290458679199
0.04869532585144043
0.03817176818847656
0.05028057098388672
0.03765463829040527
0.013111352920532227
0.007823705673217773
0.03184366226196289
0.03685879707336426
0.0502772331237793
0.06093478202819824
0.05389404296875
0.03862285614013672
0.05609917640686035
0.04970502853393555
0.04489016532897949
0.05895805358886719
0.05594444274902344
0.0517582893371582
0.05237150192260742
0.01873612403869629
0.008463859558105469
0.055516719818115234
0.041660308837890625
0.04849410057067871
0.04117441177368164
0.04599428176879883
0.03468060493469238
0.048674583435058594
0.045595645904541016
0.055602312088012695
0.04814338684082031
0.04443955421447754
0.05598187446594238
0.04761672019958496
0.04662966728210449
0.00653386116027832
0.008012771606445312
0.037065744400024414
0.05182981491088867
0.03842902183532715
0.03055286407470703
0.03666090965270996
0.04296517372131348
0.053148508071899414
0.043163299560546875
0.04886651039123535
0.03621220588684082
0.04650378227233887
0.04254889488220215
0.04991436004638672
0.04220724105834961
0.03638267517089844
0.007416963577270508
0.008280038833618164
0.03572392463684082
0.04666638374328613
0.037748098373413086
0.045089006423950195
0.03957343101501465
0.0478060245513916
0.045203208923339844
0.05374503135681152
0.04958939552307129
0.046160221099853516
0.04008936882019043
0.03698396682739258
0.04781341552734375
0.006285905838012695
0.006447315216064453
0.03685307502746582
0.04901695251464844
0.05545783042907715
0.04798150062561035
0.04231619834899902
0.04566478729248047
0.05851149559020996
0.048633575439453125
0.04759073257446289
0.04664015769958496
0.03580045700073242
0.044214725494384766
0.04056549072265625
0.01685047149658203
0.009268760681152344
0.03304004669189453
0.0470576286315918
0.036635637283325195
0.04346275329589844
0.05241131782531738
0.043843984603881836
0.03508162498474121
0.042786598205566406
0.05517292022705078
0.04234027862548828
0.03585529327392578
0.04767322540283203
0.04667305946350098
0.04366493225097656
0.006283283233642578
0.00638127326965332
0.03678560256958008
0.045484304428100586
0.03650784492492676
0.05099320411682129
0.04140615463256836
0.038092613220214844
0.048029184341430664
0.04401731491088867
0.038478851318359375
0.051728248596191406
0.04741668701171875
0.0377962589263916
0.05311226844787598
0.006467342376708984
0.0073833465576171875
0.03527426719665527
0.04935312271118164
0.04091835021972656
0.048470497131347656
0.04216718673706055
0.03578615188598633
0.045072317123413086
0.039901018142700195
0.05165505409240723
0.04486227035522461
0.039307594299316406
0.04748940467834473
0.04320979118347168
0.05142331123352051
0.006539583206176758
0.0076444149017333984
0.03603029251098633
0.04718518257141113
0.0354151725769043
0.04093194007873535
0.050811052322387695
0.04793739318847656
0.0669856071472168
0.014875411987304688
0.044138193130493164
0.0375518798828125
0.04826712608337402
0.04070448875427246
0.03502511978149414
0.04697680473327637
0.006249189376831055
0.007714509963989258
0.03351593017578125
0.04267072677612305
0.051787376403808594
0.03956794738769531
0.04984617233276367
0.04174041748046875
0.05450439453125
0.05419039726257324
0.04529905319213867
0.04027271270751953
0.055562734603881836
0.05703854560852051
0.05103874206542969
0.0035076141357421875
0.0067517757415771484
0.0346684455871582
0.04962515830993652
0.0401759147644043
0.052228689193725586
0.04027724266052246
0.0477752685546875
0.042420387268066406
0.03572344779968262
0.05167818069458008
0.05025982856750488
0.042763710021972656
0.03904390335083008
0.049428462982177734
0.006230354309082031
0.006310701370239258
0.03487896919250488
0.046000003814697266
0.03752589225769043
0.04581904411315918
0.050130605697631836
0.04216337203979492
0.05327892303466797
0.045656681060791016
0.03765106201171875
0.05127406120300293
0.048110246658325195
0.03972053527832031
0.04944133758544922
0.04406571388244629
0.006334781646728516
0.006473064422607422
0.03384280204772949
0.044441938400268555
0.021591663360595703
0.046909332275390625
0.03953742980957031
0.05217480659484863
0.04694032669067383
0.037489891052246094
0.049333810806274414
0.04632401466369629
0.04089045524597168
0.05072498321533203
0.03995490074157715
0.1892082691192627
0.14851999282836914
0.00727391242980957
0.0375058650970459
0.04257941246032715
0.08816194534301758
0.07947158813476562
0.04696369171142578
0.03878426551818848
0.18290138244628906
0.04656624794006348
0.05369925498962402
0.16724395751953125
0.1894528865814209
0.05640697479248047
0.17683959007263184
0.05608677864074707
0.007749795913696289
0.006080150604248047
0.03298830986022949
0.1485745906829834
0.05207037925720215
0.056624650955200195
0.11946821212768555
0.052407026290893555
0.04789853096008301
0.16225385665893555
0.2015087604522705
0.08027386665344238
0.13889551162719727
0.051613807678222656
0.04359722137451172
0.15652227401733398
0.04420042037963867
0.015106201171875
0.005849599838256836
0.03773617744445801
0.15810418128967285
0.16842269897460938
0.050447940826416016
0.16114521026611328
0.15969204902648926
0.06366419792175293
0.17036223411560059
0.16379737854003906
0.03887796401977539
0.051672935485839844
0.14211320877075195
0.05622148513793945
0.06039071083068848
0.004529714584350586
0.0065762996673583984
0.1311652660369873
0.05177664756774902
0.06501412391662598
0.1504974365234375
0.04719138145446777
0.03946518898010254
0.175126314163208
0.17491483688354492
0.04854321479797363
0.1616208553314209
0.1786642074584961
0.05804109573364258
0.1646132469177246
0.1740741729736328
0.01359868049621582
0.005243778228759766
0.03401541709899902
0.15371346473693848
0.04115700721740723
0.05105257034301758
0.15855622291564941
0.040802001953125
0.048198699951171875
0.1619398593902588
0.17988967895507812
0.05535125732421875
0.047513723373413086
0.04881787300109863
0.045784711837768555
0.0384981632232666
0.010797500610351562
0.014651775360107422
0.0367584228515625
0.04669475555419922
0.03997993469238281
0.04557204246520996
0.04045867919921875
0.04990124702453613
0.0420231819152832
0.03431057929992676
0.0389251708984375
0.04213142395019531
0.03638482093811035
0.05347561836242676
0.044884443283081055
0.04410433769226074
0.005293607711791992
0.009139537811279297
0.03216409683227539
0.04193758964538574
0.05368375778198242
0.04777216911315918
0.04398632049560547
0.037840843200683594
0.05119633674621582
0.049834489822387695
0.04655814170837402
0.04361772537231445
0.047113895416259766
0.03917527198791504
0.05219006538391113
0.007058382034301758
0.0062103271484375
0.03292560577392578
0.04439592361450195
0.03616666793823242
0.05022239685058594
0.04274415969848633
0.05389738082885742
0.047618865966796875
0.04344987869262695
0.04584479331970215
0.04120516777038574
0.03580784797668457
0.04922628402709961
0.04430723190307617
0.008395195007324219
0.006993293762207031
0.03545641899108887
0.04772210121154785
0.04225611686706543
0.05083417892456055
0.04265475273132324
0.03667902946472168
0.047400712966918945
0.04348587989807129
0.03834867477416992
0.05080127716064453
0.04595637321472168
0.036469221115112305
0.04506206512451172
0.0069010257720947266
0.0070002079010009766
0.03577280044555664
0.04952669143676758
0.04295921325683594
0.053961992263793945
0.04049825668334961
0.050445556640625
0.0406193733215332
0.051357269287109375
0.04279685020446777
0.04033017158508301
0.05094647407531738
0.04792928695678711
0.04030346870422363
0.05307579040527344
0.006521701812744141
0.0055887699127197266
0.03520989418029785
0.05274176597595215
0.04407334327697754
0.05191755294799805
0.04699301719665527
0.04063105583190918
0.04936385154724121
0.04378962516784668
0.035741567611694336
0.04964494705200195
0.03931283950805664
0.04826664924621582
0.04120492935180664
0.00737309455871582
0.00856637954711914
0.0346219539642334
0.04610705375671387
0.03885650634765625
0.050031185150146484
0.043079376220703125
0.051216840744018555
0.038655757904052734
0.04670977592468262
0.038430213928222656
0.05435347557067871
0.05005502700805664
0.04760551452636719
0.0395503044128418
0.05070185661315918
0.006615638732910156
0.006627082824707031
0.03660178184509277
0.043129920959472656
0.03808426856994629
0.03975653648376465
0.0525054931640625
0.04598689079284668
0.0392453670501709
0.04895281791687012
0.042595624923706055
0.03383350372314453
0.04560041427612305
0.04263496398925781
0.03526139259338379
0.04387354850769043
0.005790233612060547
0.0059659481048583984
0.03473520278930664
0.04689836502075195
0.038669586181640625
0.05131697654724121
0.04225873947143555
0.050180673599243164
0.04701972007751465
0.03788161277770996
0.044805288314819336
0.03790450096130371
0.042708396911621094
0.03814816474914551
0.04915452003479004
0.03900957107543945
0.0059697628021240234
0.006209611892700195
0.03298687934875488
0.039438724517822266
0.0669102668762207
0.03929328918457031
0.05139565467834473
0.0408632755279541
0.05321145057678223
0.042922019958496094
0.05597352981567383
0.04739952087402344
0.037659406661987305
0.049071550369262695
0.04439401626586914
0.03760552406311035
0.010658740997314453
0.00667881965637207
0.0400083065032959
0.04144716262817383
0.05040168762207031
0.039166927337646484
0.05177807807922363
0.0511171817779541
0.04612898826599121
0.03766679763793945
0.047509193420410156
0.04129290580749512
0.03656482696533203
0.04447531700134277
0.05426764488220215
0.05140519142150879
0.009250640869140625
0.006878852844238281
0.03783917427062988
0.04067730903625488
0.05209493637084961
0.04772663116455078
0.04375100135803223
0.040551185607910156
0.05561518669128418
0.046944618225097656
0.0381169319152832
0.04459643363952637
0.04711627960205078
0.04050850868225098
0.053533315658569336
0.04560256004333496
0.007701873779296875
0.010132789611816406
0.03444933891296387
0.042714595794677734
0.053827762603759766
0.04245185852050781
0.04726457595825195
0.03967547416687012
0.04888629913330078
0.03646445274353027
0.04835629463195801
0.04139232635498047
0.04995012283325195
0.04238533973693848
0.03783559799194336
0.05990028381347656
0.015422582626342773
0.00798940658569336
0.03588223457336426
0.043259382247924805
0.052282094955444336
0.0453648567199707
0.03794240951538086
0.04529762268066406
0.03882336616516113
0.047919511795043945
0.044914960861206055
0.04336285591125488
0.040787696838378906
0.03528118133544922
0.04851841926574707
0.007245540618896484
0.006935596466064453
0.034893035888671875
0.045401811599731445
0.03649568557739258
0.0479891300201416
0.04247117042541504
0.036821603775024414
0.04940676689147949
0.04557204246520996
0.04307222366333008
0.0366668701171875
0.04648232460021973
0.04439401626586914
0.05766773223876953
0.008581161499023438
0.00924372673034668
0.03519558906555176
0.04424023628234863
0.056893110275268555
0.04253697395324707
0.038449764251708984
0.052617788314819336
0.04024791717529297
0.05106830596923828
0.046720266342163086
0.048581838607788086
0.03813910484313965
0.04613375663757324
0.03955841064453125
0.05470466613769531
0.0069310665130615234
0.006489753723144531
0.0346684455871582
0.04362010955810547
0.04022860527038574
0.05312037467956543
0.04652976989746094
0.037686824798583984
0.05184364318847656
0.04732060432434082
0.04559159278869629
0.041570186614990234
0.06044268608093262
0.05446219444274902
0.0526890754699707
0.009847640991210938
0.0066874027252197266
0.03624701499938965
0.043219804763793945
0.05415225028991699
0.04197573661804199
0.05055999755859375
0.0413975715637207
0.05105924606323242
0.037090301513671875
0.048326969146728516
0.04574322700500488
0.043541669845581055
0.04027748107910156
0.04885745048522949
0.04503989219665527
0.00709986686706543
0.008391618728637695
0.03559160232543945
0.04817652702331543
0.03629803657531738
0.04806327819824219
0.04182744026184082
0.051299095153808594
0.043318986892700195
0.04218411445617676
0.03627610206604004
0.04778146743774414
0.036150217056274414
0.04755449295043945
0.04172658920288086
0.05150246620178223
0.012822866439819336
0.008798599243164062
0.03651094436645508
0.048213958740234375
0.03730916976928711
0.04710531234741211
0.03483939170837402
0.04145407676696777
0.054137468338012695
0.04976058006286621
0.0412907600402832
0.05015873908996582
0.0497438907623291
0.04061412811279297
0.05176973342895508
0.045262813568115234
0.005780696868896484
0.008500099182128906
0.03447222709655762
0.0481719970703125
0.041883230209350586
0.05079483985900879
0.04629969596862793
0.041869163513183594
0.05277705192565918
0.03949856758117676
0.050447702407836914
0.044402122497558594
0.04282498359680176
0.036958932876586914
0.04801774024963379
0.0075032711029052734
0.008059263229370117
0.03625893592834473
0.039284706115722656
0.05016279220581055
0.04400134086608887
0.03797507286071777
0.04968070983886719
0.04222226142883301
0.034605979919433594
0.047179460525512695
0.04027366638183594
0.05048394203186035
0.046495676040649414
0.04257988929748535
0.06269669532775879
0.007701396942138672
0.006685495376586914
0.03433942794799805
0.04293179512023926
0.03527688980102539
0.0482940673828125
0.04219341278076172
0.038424015045166016
0.05129504203796387
0.043500661849975586
0.05152010917663574
0.04476761817932129
0.03877592086791992
0.05112957954406738
0.048238277435302734
0.0064733028411865234
0.010605573654174805
0.0343625545501709
0.04162144660949707
0.05390286445617676
0.04911351203918457
0.04472494125366211
0.04053163528442383
0.05289959907531738
0.042574167251586914
0.051001787185668945
0.04603767395019531
0.04019665718078613
0.03421139717102051
0.04833531379699707
0.007074832916259766
0.008839845657348633
0.03537440299987793
0.04368734359741211
0.05101180076599121
0.05966973304748535
0.06267929077148438
0.04360699653625488
0.03280282020568848
0.043871402740478516
0.03974413871765137
0.04187726974487305
0.052033424377441406
0.05021810531616211
0.040130615234375
0.050873517990112305
0.00868082046508789
0.007250070571899414
0.0372316837310791
0.046128034591674805
0.037305593490600586
0.05250382423400879
0.03522443771362305
0.04520010948181152
0.039217472076416016
0.05064082145690918
0.04240083694458008
0.03675580024719238
0.04525923728942871
0.03991389274597168
0.05004119873046875
0.044965505599975586
0.005491971969604492
0.007341623306274414
0.04140329360961914
0.04314899444580078
0.04093623161315918
0.04842805862426758
0.03982234001159668
0.04700303077697754
0.04057812690734863
0.0393369197845459
0.048482656478881836
0.05125594139099121
0.0436403751373291
0.0376894474029541
0.03506898880004883
0.04977536201477051
0.006565570831298828
0.00819706916809082
0.034929513931274414
0.04543638229370117
0.038320302963256836
0.05200695991516113
0.04034686088562012
0.05731201171875
0.038919925689697266
0.049904823303222656
0.04295086860656738
0.05280661582946777
0.044260263442993164
0.05302262306213379
0.04984450340270996
0.04010891914367676
0.009614706039428711
0.006578207015991211
0.03506183624267578
0.039053916931152344
0.05113816261291504
0.04003477096557617
0.04897165298461914
0.049596548080444336
0.035002946853637695
0.039311885833740234
0.05212521553039551
0.04556703567504883
0.0518953800201416
0.04617762565612793
0.04346609115600586
0.03781437873840332
0.0067272186279296875
0.005774021148681641
0.03380298614501953
0.03993940353393555
0.04987764358520508
0.04200124740600586
0.054435014724731445
0.04250645637512207
0.04866504669189453
0.041715145111083984
0.05491065979003906
0.04960989952087402
0.045343637466430664
0.03909492492675781
0.04961371421813965
0.0442962646484375
0.00792241096496582
0.006541252136230469
0.03261899948120117
0.04343843460083008
0.051865577697753906
0.04596996307373047
0.04030323028564453
0.038224220275878906
0.051190853118896484
0.044005393981933594
0.0395047664642334
0.05039024353027344
0.04727053642272949
0.04265093803405762
0.03765702247619629
0.04614067077636719
0.009114742279052734
0.008813142776489258
0.03936958312988281
0.04595613479614258
0.0552210807800293
0.04438519477844238
0.03745532035827637
0.05095195770263672
0.045375823974609375
0.036454200744628906
0.04589343070983887
0.037677764892578125
0.04807567596435547
0.04502534866333008
0.04710960388183594
0.0355987548828125
0.007134675979614258
0.0071353912353515625
0.03359794616699219
0.04542875289916992
0.03937792778015137
0.04855632781982422
0.04330706596374512
0.05274081230163574
0.061065673828125
0.0734860897064209
0.018033504486083984
0.046457529067993164
0.042157888412475586
0.05612945556640625
0.04716825485229492
0.036993980407714844
0.049160003662109375
0.007880687713623047
0.006852149963378906
0.03241229057312012
0.04071331024169922
0.04918503761291504
0.04732632637023926
0.0486598014831543
0.0386962890625
0.05184531211853027
0.05067706108093262
0.040799617767333984
0.04494881629943848
0.05195045471191406
0.03801703453063965
0.04762721061706543
0.04375934600830078
0.008443593978881836
0.007898807525634766
0.035012245178222656
0.04699397087097168
0.040448904037475586
0.05096793174743652
0.042578697204589844
0.036321401596069336
0.13727903366088867
0.22835159301757812
0.2314286231994629
0.12608551979064941
0.13448023796081543
0.12539935111999512
0.22503876686096191
0.008327007293701172
0.055019378662109375
0.16490602493286133
0.30024003982543945
0.15219449996948242
0.12461161613464355
0.2589702606201172
0.1703474521636963
0.15424489974975586
0.16769695281982422
0.15814900398254395
0.1706390380859375
0.1566784381866455
0.16111993789672852
0.15915465354919434
0.31757211685180664
0.008883953094482422
0.1272122859954834
0.16982436180114746
0.2695627212524414
0.12317538261413574
0.1781609058380127
0.04754328727722168
0.054738521575927734
0.051053762435913086
0.03940558433532715
0.046591997146606445
0.03382587432861328
0.04362225532531738
0.03849482536315918
0.053705692291259766
0.009939432144165039
0.010809659957885742
0.03610944747924805
0.047023773193359375
0.038223981857299805
0.050609588623046875
0.041597604751586914
0.05205225944519043
0.04683566093444824
0.041229248046875
0.05542254447937012
0.05053091049194336
0.0477602481842041
0.042472124099731445
0.0370326042175293
0.008739233016967773
0.0070607662200927734
0.03851819038391113
0.052983760833740234
0.04191851615905762
0.05673360824584961
0.048209428787231445
0.0418546199798584
0.05230855941772461
0.04556846618652344
0.03774857521057129
0.03457522392272949
0.04881000518798828
0.03903675079345703
0.04008173942565918
0.049104928970336914
0.00790715217590332
0.0062580108642578125
0.0339350700378418
0.04215717315673828
0.05051755905151367
0.04203391075134277
0.03892254829406738
0.05238819122314453
0.04726576805114746
0.05520200729370117
0.05238223075866699
0.05000448226928711
0.040845394134521484
0.03397631645202637
0.04226374626159668
0.006363391876220703
0.0074083805084228516
0.039819955825805664
0.05115509033203125
0.0466618537902832
0.04387331008911133
0.05263233184814453
0.04582786560058594
0.040372371673583984
0.035088539123535156
0.04876875877380371
0.04388999938964844
0.03888845443725586
0.05324864387512207
0.047632455825805664
0.009157657623291016
0.0065059661865234375
0.036162614822387695
0.04590106010437012
0.0381166934967041
0.05055046081542969
0.04979109764099121
0.04407024383544922
0.04273176193237305
0.03840517997741699
0.05060577392578125
0.04107046127319336
0.037370920181274414
0.04897785186767578
0.0464627742767334
0.006468534469604492
0.008658170700073242
0.036138057708740234
0.049541473388671875
0.03934311866760254
0.052848100662231445
0.04717707633972168
0.04085731506347656
0.05043792724609375
0.04368758201599121
0.04050397872924805
0.05275917053222656
0.04590177536010742
0.051598548889160156
0.042823076248168945
0.008862495422363281
0.006483793258666992
0.03482413291931152
0.04518771171569824
0.037509918212890625
0.047617435455322266
0.0383753776550293
0.05048179626464844
0.04104161262512207
0.05046343803405762
0.04061746597290039
0.05303239822387695
0.04601097106933594
0.04191923141479492
0.038741350173950195
0.04742836952209473
0.007987022399902344
0.00849461555480957
0.03541994094848633
0.04622960090637207
0.03381633758544922
0.04429483413696289
0.050171852111816406
0.04733562469482422
0.041626691818237305
0.03827309608459473
0.0514373779296875
0.04699897766113281
0.0409698486328125
0.03411412239074707
0.043070077896118164
0.050293922424316406
0.0076601505279541016
0.0075604915618896484
0.03403496742248535
0.04205608367919922
0.049928903579711914
0.042111873626708984
0.03696608543395996
0.04616546630859375
0.038677215576171875
0.0520632266998291
0.04219865798950195
0.0524747371673584
0.04822278022766113
0.035953521728515625
0.050797462463378906
0.04806327819824219
0.0064127445220947266
0.008185148239135742
0.03454089164733887
0.05027055740356445
0.03922152519226074
0.04376482963562012
0.05344843864440918
0.043961286544799805
0.03392386436462402
0.04822564125061035
0.03795742988586426
0.05256366729736328
0.04396796226501465
0.03773927688598633
0.05325436592102051
0.05240321159362793
0.010138988494873047
0.007493019104003906
0.034265756607055664
0.047383785247802734
0.040984153747558594
0.055335044860839844
0.05120396614074707
0.04581713676452637
0.0547330379486084
0.04907655715942383
0.04555845260620117
0.0476527214050293
0.04809403419494629
0.04284405708312988
0.036692142486572266
0.007736921310424805
0.007353782653808594
0.036597251892089844
0.045964956283569336
0.03910326957702637
0.04887723922729492
0.04397869110107422
0.037698984146118164
0.0508120059967041
0.048874616622924805
0.04871249198913574
0.04851818084716797
0.04324150085449219
0.05696225166320801
0.05031394958496094
0.010336875915527344
0.006349086761474609
0.03541111946105957
0.04692554473876953
0.04481863975524902
0.03525876998901367
0.04209136962890625
0.04511284828186035
0.03647112846374512
0.04985404014587402
0.04623079299926758
0.04245591163635254
0.035954952239990234
0.04889512062072754
0.036629438400268555
0.04958152770996094
0.0068149566650390625
0.007669687271118164
0.03780412673950195
0.0632169246673584
0.040534019470214844
0.05742812156677246
0.05381655693054199
0.04492473602294922
0.04276609420776367
0.06082892417907715
0.05296015739440918
0.04918479919433594
0.04574155807495117
0.05548572540283203
0.04983854293823242
0.006865978240966797
0.007229328155517578
0.03734230995178223
0.04542207717895508
0.0540618896484375
0.0444638729095459
0.046137332916259766
0.0571742057800293
0.04590559005737305
0.04061126708984375
0.05370616912841797
0.044055938720703125
0.04188895225524902
0.052881717681884766
0.044550418853759766
0.005542755126953125
0.007016658782958984
0.03510594367980957
0.04421043395996094
0.04045534133911133
0.03524589538574219
0.04589390754699707
0.03904843330383301
0.04949498176574707
0.04619884490966797
0.04237627983093262
0.05250430107116699
0.04834556579589844
0.04173636436462402
0.05479311943054199
0.008478879928588867
0.009699583053588867
0.03427457809448242
0.04271078109741211
0.055062294006347656
0.0512998104095459
0.046132564544677734
0.04003643989562988
0.050576210021972656
0.04127979278564453
0.05147075653076172
0.04533052444458008
0.03843235969543457
0.05113554000854492
0.04194474220275879
0.0510258674621582
0.00915384292602539
0.0059888362884521484
0.03143930435180664
0.04304671287536621
0.05074477195739746
0.04169154167175293
0.03549003601074219
0.04551506042480469
0.03886079788208008
0.050258636474609375
0.03874778747558594
0.04890751838684082
0.042070865631103516
0.04261517524719238
0.036406517028808594
0.04743695259094238
0.008323907852172852
0.007830142974853516
0.03638648986816406
0.04730796813964844
0.040819406509399414
0.04615926742553711
0.05331611633300781
0.04900050163269043
0.03763628005981445
0.04421567916870117
0.03418684005737305
0.04783272743225098
0.03927898406982422
0.052324533462524414
0.0457003116607666
0.0388331413269043
0.00877690315246582
0.0069828033447265625
0.036409854888916016
0.04501914978027344
0.03841280937194824
0.049143075942993164
0.0442042350769043
0.06729459762573242
0.03959822654724121
0.05298805236816406
0.048110246658325195
0.04125547409057617
0.04418492317199707
0.03736066818237305
0.04703474044799805
0.037933349609375
0.011042594909667969
0.008486509323120117
0.035459041595458984
0.04634380340576172
0.03617429733276367
0.045883893966674805
0.043808937072753906
0.03779411315917969
0.04676413536071777
0.041938066482543945
0.03489184379577637
0.0458676815032959
0.035004377365112305
0.04833245277404785
0.04133963584899902
0.052228450775146484
0.0065555572509765625
0.00857686996459961
0.03629136085510254
0.047554969787597656
0.04387211799621582
0.03565025329589844
0.04700112342834473
0.042278289794921875
0.05244922637939453
0.04402875900268555
0.041687726974487305
0.05468392372131348
0.04749560356140137
0.05514645576477051
0.047452688217163086
0.008118629455566406
0.009233236312866211
0.03667449951171875
0.04507255554199219
0.0400848388671875
0.045564889907836914
0.03574657440185547
0.0485382080078125
0.04111647605895996
0.05454826354980469
0.048686981201171875
0.04861283302307129
0.03762030601501465
0.04817771911621094
0.044133901596069336
0.05089211463928223
0.008090734481811523
0.008472919464111328
0.04059553146362305
0.04864668846130371
0.04103660583496094
0.04873538017272949
0.04957771301269531
0.05656933784484863
0.04725813865661621
0.040204524993896484
0.05055379867553711
0.04424858093261719
0.03962278366088867
0.04413127899169922
0.04097318649291992
0.006949901580810547
0.008452415466308594
0.03471255302429199
0.04831671714782715
0.04501533508300781
0.051720380783081055
0.045107126235961914
0.036699533462524414
0.04770088195800781
0.038255929946899414
0.05135655403137207
0.04909157752990723
0.0398402214050293
0.05454301834106445
0.048265695571899414
0.0075414180755615234
0.006087303161621094
0.03537940979003906
0.04545331001281738
0.03753948211669922
0.04509758949279785
0.039093017578125
0.04198646545410156
0.038190603256225586
0.05132722854614258
0.047344207763671875
0.04042840003967285
0.04966378211975098
0.04460287094116211
0.049628257751464844
0.04085373878479004
0.007619380950927734
0.008214712142944336
0.03324270248413086
0.042314767837524414
0.0441892147064209
0.05155611038208008
0.06093335151672363
0.07265448570251465
0.05107426643371582
0.045049190521240234
0.04119539260864258
0.05300307273864746
0.046916961669921875
0.040532588958740234
0.052266597747802734
0.04605388641357422
0.009559154510498047
0.008119821548461914
0.03677701950073242
0.04845786094665527
0.03734755516052246
0.04614377021789551
0.03963518142700195
0.05468416213989258
0.04744386672973633
0.04491829872131348
0.04418444633483887
0.06177711486816406
0.05832076072692871
0.05161166191101074
0.04245615005493164
0.010747671127319336
0.008059978485107422
0.034037113189697266
0.05169224739074707
0.051071882247924805
0.0505220890045166
0.04284048080444336
0.052582502365112305
0.04627037048339844
0.03886723518371582
0.04715394973754883
0.042893409729003906
0.041216373443603516
0.05045461654663086
0.03992867469787598
0.046797990798950195
0.007264375686645508
0.007689237594604492
0.03399825096130371
0.04457974433898926
0.0377049446105957
0.047539472579956055
0.03806781768798828
0.04799818992614746
0.0386965274810791
0.051657915115356445
0.04131674766540527
0.03817605972290039
0.052861928939819336
0.04996442794799805
0.036086082458496094
0.04320549964904785
0.010093212127685547
0.0070133209228515625
0.03684043884277344
0.04636192321777344
0.03864645957946777
0.04607534408569336
0.03830885887145996
0.05172586441040039
0.04693484306335449
0.0430908203125
0.03560662269592285
0.0520329475402832
0.043080806732177734
0.038373708724975586
0.04958367347717285
0.008649826049804688
0.006164073944091797
0.0351409912109375
0.04409623146057129
0.038791656494140625
0.048784732818603516
0.04079937934875488
0.04979538917541504
0.0462648868560791
0.041564226150512695
0.04004168510437012
0.04912161827087402
0.04923295974731445
0.03973269462585449
0.0516054630279541
0.00872039794921875
0.006088733673095703
0.03226590156555176
0.04104971885681152
0.050254106521606445
0.04276299476623535
0.05153656005859375
0.045076847076416016
0.03816056251525879
0.04790496826171875
0.037394046783447266
0.05199098587036133
0.04386734962463379
0.05468463897705078
0.05005335807800293
0.044884443283081055
0.007934808731079102
0.00592803955078125
0.033469438552856445
0.07922148704528809
0.01387786865234375
0.03145027160644531
0.037405967712402344
0.0934607982635498
0.05369448661804199
0.04503226280212402
0.038274288177490234
0.047245025634765625
0.040548086166381836
0.052053213119506836
0.0420224666595459
0.04794025421142578
0.04106450080871582
0.04971814155578613
0.0077135562896728516
0.00808572769165039
0.0330812931060791
0.04397130012512207
0.04836535453796387
0.039284706115722656
0.0539097785949707
0.04989361763000488
0.03948259353637695
0.05154228210449219
0.04339790344238281
0.04732465744018555
0.04415464401245117
0.052541255950927734
0.045013427734375
0.040421247482299805
0.007210254669189453
0.008894920349121094
0.0349578857421875
0.04472708702087402
0.050887107849121094
0.051003456115722656
0.04269099235534668
0.035552263259887695
0.04656076431274414
0.03973984718322754
0.04915356636047363
0.046326398849487305
0.0392758846282959
0.04222273826599121
0.04670262336730957
0.03924894332885742
0.005230426788330078
0.007954120635986328
0.03271150588989258
0.040804147720336914
0.05209064483642578
0.046039581298828125
0.03709149360656738
0.053881168365478516
0.04914450645446777
0.04370856285095215
0.04100227355957031
0.048163652420043945
0.04581928253173828
0.041565895080566406
0.03557324409484863
0.005895853042602539
0.00717473030090332
0.03322100639343262
0.03817033767700195
0.05031085014343262
0.04049110412597656
0.05263209342956543
0.04092693328857422
0.05024528503417969
0.04083895683288574
0.053342342376708984
0.04487276077270508
0.05493950843811035
0.044274091720581055
0.03955650329589844
0.04843401908874512
0.0077114105224609375
0.00624394416809082
0.03546404838562012
0.0436098575592041
0.05320453643798828
0.04535531997680664
0.037019968032836914
0.04858279228210449
0.04095602035522461
0.050571441650390625
0.046250343322753906
0.03651022911071777
0.045139312744140625
0.03733205795288086
0.048159122467041016
0.04139447212219238
0.014050483703613281
0.007030010223388672
0.03795433044433594
0.047918081283569336
0.042833805084228516
0.050324201583862305
0.04565596580505371
0.03709077835083008
0.048291921615600586
0.03701329231262207
0.05122733116149902
0.04503607749938965
0.0347447395324707
0.045183658599853516
0.037387847900390625
0.04784059524536133
0.0067291259765625
0.0075283050537109375
0.03700399398803711
0.04518437385559082
0.05704545974731445
0.04236268997192383
0.050957441329956055
0.04708147048950195
0.03975725173950195
0.04814743995666504
0.044275522232055664
0.05002474784851074
0.04504561424255371
0.043288230895996094
0.03747081756591797
0.047167062759399414
0.006592988967895508
0.008949756622314453
0.037928104400634766
0.049376726150512695
0.03970670700073242
0.05567646026611328
0.05106806755065918
0.045723676681518555
0.03693079948425293
0.04738759994506836
0.038947343826293945
0.04684638977050781
0.03818225860595703
0.04766225814819336
0.05375266075134277
0.041004180908203125
0.015409708023071289
0.008191108703613281
0.03603482246398926
0.04737591743469238
0.03915977478027344
0.04815554618835449
0.04094552993774414
0.03675389289855957
0.04791402816772461
0.03907346725463867
0.049547672271728516
0.04176616668701172
0.0387725830078125
0.046174049377441406
0.03812766075134277
0.05052447319030762
0.007218360900878906
0.0071125030517578125
0.033963680267333984
0.04731154441833496
0.039040327072143555
0.05401325225830078
0.047183990478515625
0.0364832878112793
0.05121731758117676
0.0420832633972168
0.03612637519836426
0.04591798782348633
0.05951213836669922
0.0492706298828125
0.04035663604736328
0.0485994815826416
0.00802469253540039
0.007611513137817383
0.03523898124694824
0.04840993881225586
0.04051470756530762
0.05423426628112793
0.04779481887817383
0.040203094482421875
0.05245780944824219
0.04592084884643555
0.04043722152709961
0.05346870422363281
0.04741024971008301
0.041292428970336914
0.05545306205749512
0.008439302444458008
0.008272647857666016
0.038907766342163086
0.05318045616149902
0.04824090003967285
0.039760589599609375
0.05376291275024414
0.05095100402832031
0.04605269432067871
0.04449319839477539
0.043636322021484375
0.059328317642211914
0.051918745040893555
0.04438948631286621
0.05504870414733887
0.00871896743774414
0.007501840591430664
0.041010141372680664
0.05416369438171387
0.04623150825500488
0.04778146743774414
0.04252791404724121
0.05552244186401367
0.048081398010253906
0.04191255569458008
0.05021929740905762
0.041483402252197266
0.03983426094055176
0.049690961837768555
0.039643049240112305
0.01060342788696289
0.0066339969635009766
0.03526568412780762
0.041890621185302734
0.04843640327453613
0.03939509391784668
0.051648855209350586
0.04731035232543945
0.03911757469177246
0.05562329292297363
0.05874466896057129
0.05611085891723633
0.056078195571899414
0.05129599571228027
0.04533839225769043
0.015230417251586914
0.007902860641479492
0.0370945930480957
0.048219919204711914
0.03740811347961426
0.05245184898376465
0.04756331443786621
0.0420536994934082
0.05863046646118164
0.049611806869506836
0.04742908477783203
0.042180776596069336
0.0542452335357666
0.04893207550048828
0.047402381896972656
0.010489225387573242
0.007672786712646484
0.03270125389099121
0.04301738739013672
0.036240339279174805
0.04996442794799805
0.04532480239868164
0.03931832313537598
0.03551769256591797
0.04525876045227051
0.03850555419921875
0.05367851257324219
0.04752683639526367
0.04193258285522461
0.047753095626831055
0.008660316467285156
0.00809025764465332
0.033486127853393555
0.04505324363708496
0.03612875938415527
0.04910135269165039
0.046193599700927734
0.03591299057006836
0.048993825912475586
0.04056239128112793
0.05210423469543457
0.04516410827636719
0.053381919860839844
0.04889822006225586
0.037837982177734375
0.045415401458740234
0.009054183959960938
0.006337165832519531
0.03743934631347656
0.04721426963806152
0.03959369659423828
0.051543235778808594
0.04027819633483887
0.05078840255737305
0.04501986503601074
0.040004730224609375
0.04978823661804199
0.044381141662597656
0.04167294502258301
0.05470132827758789
0.03852653503417969
0.04904460906982422
0.007506370544433594
0.00975942611694336
0.033420562744140625
0.04241156578063965
0.053838253021240234
0.04570794105529785
0.041570425033569336
0.05543780326843262
0.050049781799316406
0.04173016548156738
0.05755114555358887
0.055692434310913086
0.052616119384765625
0.051891326904296875
0.04801654815673828
0.013756513595581055
0.00862884521484375
0.03680109977722168
0.04905986785888672
0.037131309509277344
0.05162239074707031
0.04628920555114746
0.036765098571777344
0.052186012268066406
0.05139946937561035
0.040122270584106445
0.046588897705078125
0.05052351951599121
0.051137685775756836
0.04768013954162598
0.05622100830078125
0.007863998413085938
0.011283636093139648
0.03561735153198242
0.04350757598876953
0.05021262168884277
0.038788557052612305
0.04835653305053711
0.043309688568115234
0.05115365982055664
0.04640650749206543
0.05547690391540527
0.040472984313964844
0.05024552345275879
0.03762316703796387
0.04761314392089844
0.04126143455505371
0.009661436080932617
0.010874271392822266
0.1746664047241211
0.08091998100280762
0.03551602363586426
0.04341459274291992
0.048727989196777344
0.05217695236206055
0.04965496063232422
0.03935956954956055
0.04011964797973633
0.05081319808959961
0.03931927680969238
0.05416750907897949
0.04922127723693848
0.05717730522155762
0.033167123794555664
0.0466611385345459
0.010859966278076172
0.01390218734741211
0.027518510818481445
0.05490398406982422
0.045477867126464844
0.10222196578979492
0.05469870567321777
0.04850625991821289
0.04038429260253906
0.055805206298828125
0.03882932662963867
0.05155348777770996
0.04415464401245117
0.05200386047363281
0.04790163040161133
0.0357975959777832
0.0439150333404541
0.04638934135437012
0.00923609733581543
0.008020401000976562
0.03435921669006348
0.04547619819641113
0.050119638442993164
0.04035139083862305
0.05419635772705078
0.0495450496673584
0.0355072021484375
0.05051827430725098
0.04678750038146973
0.044202327728271484
0.045745134353637695
0.04255080223083496
0.05430936813354492
0.04362201690673828
0.014954805374145508
0.0069773197174072266
0.034453392028808594
0.06214547157287598
0.03678178787231445
0.03905606269836426
0.045439720153808594
0.040804147720336914
0.050235748291015625
0.04341435432434082
0.05200552940368652
0.05008840560913086
0.04604625701904297
0.04211235046386719
0.05044245719909668
0.03575325012207031
0.0067026615142822266
0.008027076721191406
0.03631734848022461
0.05016493797302246
0.03677940368652344
0.046793222427368164
0.043015241622924805
0.05750918388366699
0.05510520935058594
0.05249166488647461
0.0814659595489502
0.019042253494262695
0.047394752502441406
0.04855966567993164
0.06061673164367676
0.0484774112701416
0.006841421127319336
0.006886005401611328
0.036234378814697266
0.04777932167053223
0.0376584529876709
0.03913545608520508
0.03520607948303223
0.04422736167907715
0.03652477264404297
0.04894280433654785
0.07410621643066406
0.012214422225952148
0.04021644592285156
0.04212236404418945
0.035327911376953125
0.045265913009643555
0.0059702396392822266
0.008332014083862305
0.03596806526184082
0.04082202911376953
0.04481840133666992
0.03584694862365723
0.05130290985107422
0.04241371154785156
0.03685140609741211
0.04669499397277832
0.04415702819824219
0.03617238998413086
0.05122232437133789
0.04660391807556152
0.03692364692687988
0.044176340103149414
0.0058863162994384766
0.008428812026977539
0.03402209281921387
0.041693925857543945
0.050328969955444336
0.04145026206970215
0.04957175254821777
0.04523777961730957
0.03406858444213867
0.05916762351989746
0.03459763526916504
0.036730051040649414
0.047287940979003906
0.03878211975097656
0.05099058151245117
0.03837156295776367
0.04045438766479492
0.012243270874023438
0.006905794143676758
0.03333425521850586
0.04230237007141113
0.051573991775512695
0.04174447059631348
0.045800209045410156
0.03831362724304199
0.05310773849487305
0.0414581298828125
0.04973936080932617
0.041928768157958984
0.04921579360961914
0.04576826095581055
0.0518953800201416
0.0397036075592041
0.04632997512817383
0.007498502731323242
0.007295846939086914
0.035302162170410156
0.042864084243774414
0.049454450607299805
0.04450345039367676
0.053186655044555664
0.043256282806396484
0.03497052192687988
0.12479662895202637
0.04434943199157715
0.14099550247192383
0.0902554988861084
0.047232627868652344
0.062354326248168945
0.05883455276489258
0.06199955940246582
0.029394149780273438
0.006289958953857422
0.008541345596313477
0.033455848693847656
0.041822195053100586
0.048985958099365234
0.04428887367248535
0.038225412368774414
0.047685861587524414
0.056871891021728516
0.05752754211425781
0.049422264099121094
0.04389691352844238
0.05288052558898926
0.04280352592468262
0.0524141788482666
0.06270623207092285
0.18279385566711426
0.07498550415039062
0.023810386657714844
0.04534196853637695
0.05341768264770508
0.10114526748657227
0.017566680908203125
0.034093618392944336
0.05245852470397949
0.04704427719116211
0.041991233825683594
0.037543535232543945
0.04920172691345215
0.04383420944213867
0.04299020767211914
0.05155158042907715
0.010827779769897461
0.009228944778442383
0.034180641174316406
0.04516291618347168
0.05033540725708008
0.04365944862365723
0.04071331024169922
0.056366920471191406
0.28394341468811035
0.11470866203308105
0.09989142417907715
0.06967473030090332
0.04594707489013672
0.06107282638549805
0.0420527458190918
0.04922747611999512
0.033055782318115234
0.006315946578979492
0.009142398834228516
0.03517270088195801
0.04019880294799805
0.055017709732055664
0.04881119728088379
0.036621809005737305
0.04843401908874512
0.044793128967285156
0.03506875038146973
0.050092220306396484
0.02967095375061035
0.03840899467468262
0.05166506767272949
0.0439295768737793
0.05128622055053711
0.015247821807861328
0.00928044319152832
0.03509044647216797
0.039641380310058594
0.047148704528808594
0.05289006233215332
0.03898477554321289
0.05099892616271973
0.045374393463134766
0.038689613342285156
0.04860663414001465
0.0427095890045166
0.05347394943237305
0.04044508934020996
0.048590898513793945
0.03674483299255371
0.007907390594482422
0.008963823318481445
0.03400826454162598
0.04436063766479492
0.0545649528503418
0.047506093978881836
0.04077887535095215
0.014747142791748047
0.037114620208740234
0.045305728912353516
0.03720450401306152
0.0399477481842041
0.05335569381713867
0.05004596710205078
0.04333996772766113
0.03541111946105957
0.045130252838134766
0.013116836547851562
0.008246183395385742
0.03499960899353027
0.060135602951049805
0.07196354866027832
0.058278799057006836
0.04860806465148926
0.050171852111816406
0.05192089080810547
0.04455089569091797
0.040154218673706055
0.05709099769592285
0.05340385437011719
0.056147098541259766
0.0581812858581543
0.006866931915283203
0.006215333938598633
0.03525996208190918
0.04477691650390625
0.03792238235473633
0.045900821685791016
0.03866839408874512
0.0586700439453125
0.03772425651550293
0.04995274543762207
0.04320025444030762
0.03661465644836426
0.05278658866882324
0.0467374324798584
0.04529404640197754
0.008814811706542969
0.006472349166870117
0.034561872482299805
0.043233394622802734
0.03664827346801758
0.0455324649810791
0.05116724967956543
0.04637479782104492
0.04097580909729004
0.051445722579956055
0.04710984230041504
0.0400543212890625
0.05110955238342285
0.04064464569091797
0.05313587188720703
0.04453682899475098
0.01154017448425293
0.008233070373535156
0.03487277030944824
0.0403900146484375
0.048407554626464844
0.04359698295593262
0.03992581367492676
0.05401921272277832
0.04947304725646973
0.039093971252441406
0.052819252014160156
0.04935264587402344
0.0438077449798584
0.03559064865112305
0.0500941276550293
0.008374452590942383
0.004713296890258789
0.03470015525817871
0.041661977767944336
0.035916805267333984
0.04714345932006836
0.06064963340759277
0.04833698272705078
0.04045367240905762
0.05457782745361328
0.049529075622558594
0.03991436958312988
0.04859423637390137
0.04002523422241211
0.04878735542297363
0.03974795341491699
0.009006261825561523
0.006983041763305664
0.03796839714050293
0.04393744468688965
0.035917043685913086
0.04206991195678711
0.03471207618713379
0.04509735107421875
0.04089641571044922
0.05010652542114258
0.0438234806060791
0.03943800926208496
0.04872274398803711
0.040724992752075195
0.0498504638671875
0.042104244232177734
0.01415395736694336
0.008206844329833984
0.03680133819580078
0.04532766342163086
0.03887653350830078
0.05269169807434082
0.04808163642883301
0.04008030891418457
0.05009865760803223
0.04001450538635254
0.044188737869262695
0.03975057601928711
0.048589468002319336
0.043759822845458984
0.041359663009643555
0.006405830383300781
0.007201671600341797
0.034456729888916016
0.04370832443237305
0.05789899826049805
0.05126166343688965
0.04699826240539551
0.03886842727661133
0.05004692077636719
0.04679560661315918
0.04264426231384277
0.054791927337646484
0.05275559425354004
0.04842782020568848
0.044928550720214844
0.010306119918823242
0.007861137390136719
0.03581976890563965
0.04693794250488281
0.04060864448547363
0.03582906723022461
0.04655933380126953
0.04360318183898926
0.037529706954956055
0.04884743690490723
0.046823978424072266
0.05344223976135254
0.045313119888305664
0.041593313217163086
0.05110526084899902
0.005914211273193359
0.007122993469238281
0.03714418411254883
0.04735422134399414
0.034203290939331055
0.044862985610961914
0.03720283508300781
0.049225807189941406
0.04338717460632324
0.038865089416503906
0.04932999610900879
0.04139447212219238
0.03788924217224121
0.05084419250488281
0.04521536827087402
0.010507822036743164
0.008260011672973633
0.03607296943664551
0.04498791694641113
0.05375194549560547
0.0446476936340332
0.034131765365600586
0.04572272300720215
0.037267208099365234
0.04983067512512207
0.045725345611572266
0.04409146308898926
0.053244829177856445
0.1281442642211914
0.22709345817565918
0.12685060501098633
0.10374641418457031
0.008174657821655273
0.10263252258300781
0.1309518814086914
0.12599921226501465
0.12951350212097168
0.3359966278076172
0.16984248161315918
0.30416226387023926
0.14853405952453613
0.16469097137451172
0.1670699119567871
0.1528174877166748
0.16518163681030273
0.16348767280578613
0.16297602653503418
0.16685962677001953
0.005415916442871094
0.13193821907043457
0.16042494773864746
0.1640763282775879
0.17021536827087402
0.16476011276245117
0.13367700576782227
0.2024853229522705
0.08841586112976074
0.04095172882080078
0.053215742111206055
0.049627065658569336
0.04623246192932129
0.046753644943237305
0.04058480262756348
0.04986119270324707
0.02596735954284668
0.008402824401855469
0.03325247764587402
0.0453648567199707
0.05658292770385742
0.047760725021362305
0.03824281692504883
0.0572969913482666
0.04799461364746094
0.04711627960205078
0.04705095291137695
0.04498410224914551
0.03879213333129883
0.05316662788391113
0.053060293197631836
0.006434202194213867
0.00996541976928711
0.034501075744628906
0.04497122764587402
0.03662729263305664
0.04520773887634277
0.03949594497680664
0.053380489349365234
0.04612874984741211
0.037189483642578125
0.04242563247680664
0.052878379821777344
0.04276895523071289
0.041113853454589844
0.037882328033447266
0.05692100524902344
0.01762223243713379
0.0069735050201416016
0.037619829177856445
0.0551447868347168
0.04913473129272461
0.04068756103515625
0.052991390228271484
0.050199031829833984
0.04332447052001953
0.03385496139526367
0.041982173919677734
0.05223560333251953
0.04100799560546875
0.05561184883117676
0.0499114990234375
0.005728006362915039
0.008936166763305664
0.03671550750732422
0.043970346450805664
0.03607487678527832
0.04513907432556152
0.044519662857055664
0.03997182846069336
0.049939870834350586
0.0424036979675293
0.040024757385253906
0.03908729553222656
0.048944711685180664
0.04396486282348633
0.034781694412231445
0.006196498870849609
0.007088184356689453
0.03292655944824219
0.04648256301879883
0.053212881088256836
0.040164947509765625
0.03622293472290039
0.050968170166015625
0.04572296142578125
0.04071927070617676
0.048299312591552734
0.04458904266357422
0.03737163543701172
0.047617197036743164
0.04357433319091797
0.005445718765258789
0.006398200988769531
0.03865218162536621
0.04953813552856445
0.04087567329406738
0.038355112075805664
0.04081916809082031
0.04760885238647461
0.049530744552612305
0.04113030433654785
0.04800724983215332
0.04056286811828613
0.03777885437011719
0.04758286476135254
0.046128034591674805
0.008915185928344727
0.007101774215698242
0.03747701644897461
0.04883289337158203
0.03854727745056152
0.051172494888305664
0.038857221603393555
0.049439430236816406
0.03971457481384277
0.05153226852416992
0.04837775230407715
0.034009456634521484
0.04268217086791992
0.03712797164916992
0.045645952224731445
0.03877663612365723
0.006586551666259766
0.006039619445800781
0.035433292388916016
0.04704713821411133
0.039157867431640625
0.04902005195617676
0.038197994232177734
0.046534061431884766
0.03963184356689453
0.047976016998291016
0.040361881256103516
0.040749549865722656
0.053620338439941406
0.050049543380737305
0.04802417755126953
0.009118080139160156
0.008221626281738281
0.034497737884521484
0.04810333251953125
0.052465200424194336
0.04623270034790039
0.038339853286743164
0.05373549461364746
0.049012184143066406
0.043053627014160156
0.03704667091369629
0.04263949394226074
0.03562521934509277
0.047688961029052734
0.04004478454589844
0.007150888442993164
0.005900859832763672
0.03518486022949219
0.04450798034667969
0.03686809539794922
0.04856252670288086
0.03914952278137207
0.0490114688873291
0.04066634178161621
0.049035072326660156
0.040902137756347656
0.04765892028808594
0.04237222671508789
0.03525114059448242
0.04791426658630371
0.05057549476623535
0.0062198638916015625
0.005744218826293945
0.03423261642456055
0.04415488243103027
0.057495832443237305
0.052799224853515625
0.050957679748535156
0.04447174072265625
0.04126429557800293
0.039449453353881836
0.052539825439453125
0.045342206954956055
0.05505681037902832
0.037351131439208984
0.04565930366516113
0.008013486862182617
0.0065958499908447266
0.034268856048583984
0.04353618621826172
0.053034305572509766
0.04284930229187012
0.03879666328430176
0.05067110061645508
0.047029972076416016
0.04136395454406738
0.034922122955322266
0.0478665828704834
0.04012107849121094
0.05199790000915527
0.04457378387451172
0.0094451904296875
0.005711793899536133
0.03719973564147949
0.047685861587524414
0.040101051330566406
0.049047231674194336
0.03999924659729004
0.04927968978881836
0.037183523178100586
0.0487213134765625
0.04371047019958496
0.0358123779296875
0.04736495018005371
0.04797220230102539
0.04356694221496582
0.008214712142944336
0.008536338806152344
0.03442096710205078
0.04208683967590332
0.04891467094421387
0.04068136215209961
0.05030679702758789
0.0487673282623291
0.058991432189941406
0.03859972953796387
0.046912431716918945
0.040169477462768555
0.04727435111999512
0.04003500938415527
0.04835152626037598
0.042971134185791016
0.00760650634765625
0.006646633148193359
0.03499722480773926
0.047771453857421875
0.03509879112243652
0.04628300666809082
0.04021644592285156
0.0509495735168457
0.04695725440979004
0.03807997703552246
0.0492253303527832
0.0379176139831543
0.0463709831237793
0.04108238220214844
0.04841804504394531
0.04622840881347656
0.004510402679443359
0.00790858268737793
0.035303354263305664
0.04351997375488281
0.05176401138305664
0.04220461845397949
0.05228543281555176
0.03499031066894531
0.04039573669433594
0.0504450798034668
0.03926420211791992
0.051903486251831055
0.0481112003326416
0.043250083923339844
0.04747915267944336
0.042272090911865234
0.00686335563659668
0.007420063018798828
0.03641510009765625
0.04559731483459473
0.03593182563781738
0.0486750602722168
0.04085993766784668
0.03833150863647461
0.04597330093383789
0.042189836502075195
0.05116581916809082
0.048482418060302734
0.04750776290893555
0.040699005126953125
0.036176443099975586
0.012037515640258789
0.005181074142456055
0.033931732177734375
0.04512357711791992
0.041704654693603516
0.05265998840332031
0.04625296592712402
0.041290283203125
0.05128216743469238
0.046231746673583984
0.04377865791320801
0.03665614128112793
0.046117305755615234
0.05353665351867676
0.04645657539367676
0.005877256393432617
0.00491642951965332
0.03595685958862305
0.04566454887390137
0.034801483154296875
0.043753862380981445
0.0422515869140625
0.03840994834899902
0.05091738700866699
0.04184317588806152
0.056116580963134766
0.04070281982421875
0.054608821868896484
0.04738783836364746
0.046125173568725586
0.00799560546875
0.0055315494537353516
0.03388261795043945
0.04080009460449219
0.0522918701171875
0.043051719665527344
0.037444353103637695
0.05034065246582031
0.04339265823364258
0.0358576774597168
0.04822087287902832
0.04504132270812988
0.05256962776184082
0.04575061798095703
0.03657245635986328
0.04317355155944824
0.009155511856079102
0.007159233093261719
0.03780841827392578
0.04211735725402832
0.043662071228027344
0.0373072624206543
0.05166220664978027
0.050553083419799805
0.04406094551086426
0.035840511322021484
0.04642319679260254
0.04228830337524414
0.0507357120513916
0.04445648193359375
0.042829036712646484
0.05103778839111328
0.008634090423583984
0.006931304931640625
0.03564310073852539
0.049219608306884766
0.03883790969848633
0.04857897758483887
0.04459023475646973
0.05167126655578613
0.046060800552368164
0.03582763671875
0.04419302940368652
0.03567934036254883
0.04958629608154297
0.04262351989746094
0.039689064025878906
0.051555633544921875
0.005871295928955078
0.008210420608520508
0.03437161445617676
0.04639267921447754
0.041460275650024414
0.03494882583618164
0.04599738121032715
0.05209231376647949
0.04294848442077637
0.03913378715515137
0.05023550987243652
0.0460515022277832
0.043469905853271484
0.038701534271240234
0.047718048095703125
0.04361128807067871
0.006359577178955078
0.0045719146728515625
0.03708958625793457
0.04677844047546387
0.04398226737976074
0.038750648498535156
0.05321979522705078
0.04279947280883789
0.0410923957824707
0.03960299491882324
0.05585074424743652
0.04872584342956543
0.04282188415527344
0.05415201187133789
0.04986119270324707
0.009296417236328125
0.006073951721191406
0.03619551658630371
0.04787492752075195
0.044999122619628906
0.039878129959106445
0.046161651611328125
0.0410919189453125
0.04822397232055664
0.04399824142456055
0.03833317756652832
0.050093889236450195
0.04267001152038574
0.04010748863220215
0.055993080139160156
0.010701179504394531
0.008806467056274414
0.03347921371459961
0.04265618324279785
0.04773378372192383
0.04197120666503906
0.03551149368286133
0.04896426200866699
0.04016375541687012
0.053488969802856445
0.0440983772277832
0.05231785774230957
0.04675412178039551
0.04013562202453613
0.0493626594543457
0.0392608642578125
0.010880470275878906
0.009326934814453125
0.033501625061035156
0.041600942611694336
0.046923160552978516
0.038980960845947266
0.04860997200012207
0.04234623908996582
0.05333971977233887
0.0465395450592041
0.04101371765136719
0.05118989944458008
0.04359149932861328
0.03740334510803223
0.04547619819641113
0.041848182678222656
0.01083517074584961
0.0052263736724853516
0.035414695739746094
0.050040245056152344
0.0413813591003418
0.03741598129272461
0.03580927848815918
0.04156780242919922
0.0399472713470459
0.05141758918762207
0.048122406005859375
0.037871599197387695
0.05408763885498047
0.047933340072631836
0.043493032455444336
0.05625033378601074
0.010041952133178711
0.006320953369140625
0.032094717025756836
0.042955636978149414
0.03925776481628418
0.04823780059814453
0.03998756408691406
0.052107810974121094
0.04522252082824707
0.04104113578796387
0.059678077697753906
0.03886103630065918
0.05564522743225098
0.05080604553222656
0.04743337631225586
0.007098674774169922
0.005760669708251953
0.03550577163696289
0.04712343215942383
0.03431296348571777
0.047591447830200195
0.040418148040771484
0.05010199546813965
0.04251909255981445
0.04836440086364746
0.04334664344787598
0.05316495895385742
0.04736614227294922
0.040808677673339844
0.05116844177246094
0.04403400421142578
0.00874018669128418
0.006606101989746094
0.03664112091064453
0.043910980224609375
0.0357823371887207
0.04459190368652344
0.03675270080566406
0.04701495170593262
0.04102182388305664
0.05270814895629883
0.04493832588195801
0.03665661811828613
0.049714088439941406
0.0428617000579834
0.050167083740234375
0.04487967491149902
0.0077037811279296875
0.007469654083251953
0.03654003143310547
0.042447566986083984
0.03823685646057129
0.05048036575317383
0.0407562255859375
0.03597211837768555
0.041998863220214844
0.05257892608642578
0.0475766658782959
0.04303336143493652
0.036557674407958984
0.047220706939697266
0.04311561584472656
0.05443763732910156
0.006954193115234375
0.006074190139770508
0.03528714179992676
0.04714250564575195
0.03776240348815918
0.04744982719421387
0.04308962821960449
0.05453634262084961
0.04483675956726074
0.04096078872680664
0.03655076026916504
0.0516815185546875
0.04032588005065918
0.05277061462402344
0.05139327049255371
0.009348154067993164
0.007233858108520508
0.035733699798583984
0.05051469802856445
0.04180502891540527
0.035877227783203125
0.05913734436035156
0.0387115478515625
0.05187654495239258
0.050516605377197266
0.03982949256896973
0.053192138671875
0.05169415473937988
0.045584917068481445
0.03806781768798828
0.010320901870727539
0.008812904357910156
0.03551292419433594
0.04547762870788574
0.042093753814697266
0.05386853218078613
0.05113029479980469
0.039951324462890625
0.05275583267211914
0.04474806785583496
0.037987709045410156
0.04981350898742676
0.04611921310424805
0.0422215461730957
0.03566336631774902
0.009143352508544922
0.011376142501831055
0.034468650817871094
0.0450747013092041
0.04232335090637207
0.051362037658691406
0.038489341735839844
0.04810070991516113
0.041802406311035156
0.03461575508117676
0.047585487365722656
0.04097795486450195
0.05322670936584473
0.043306589126586914
0.03826451301574707
0.05382251739501953
0.005682229995727539
0.007807254791259766
0.035402774810791016
0.04169607162475586
0.035936594009399414
0.04829263687133789
0.04178905487060547
0.0547327995300293
0.04864764213562012
0.042645931243896484
0.05179858207702637
0.04285097122192383
0.03600168228149414
0.04519510269165039
0.036192893981933594
0.044647932052612305
0.009179115295410156
0.008140802383422852
0.03397011756896973
0.045787811279296875
0.03690004348754883
0.04508805274963379
0.03720736503601074
0.049249887466430664
0.03897595405578613
0.05811429023742676
0.03821849822998047
0.052022457122802734
0.04423952102661133
0.03907442092895508
0.047721147537231445
0.010571479797363281
0.00881052017211914
0.03499007225036621
0.043570518493652344
0.036156415939331055
0.04843759536743164
0.040701866149902344
0.05776095390319824
0.05371284484863281
0.04640364646911621
0.040010929107666016
0.05025601387023926
0.0463709831237793
0.04249095916748047
0.05190110206604004
0.007879257202148438
0.0060198307037353516
0.033246517181396484
0.04174470901489258
0.03598904609680176
0.04370856285095215
0.05380845069885254
0.043306827545166016
0.050879478454589844
0.04636383056640625
0.04224848747253418
0.04871249198913574
0.044020891189575195
0.055448293685913086
0.05365419387817383
0.04620051383972168
0.008857488632202148
0.010687589645385742
0.03346848487854004
0.045128822326660156
0.03542280197143555
0.043660879135131836
0.04085254669189453
0.036438703536987305
0.047739267349243164
0.039016008377075195
0.05094027519226074
0.04254293441772461
0.037502288818359375
0.049719810485839844
0.0421140193939209
0.048700809478759766
0.007096290588378906
0.006985664367675781
0.035459041595458984
0.045282840728759766
0.039994001388549805
0.04803895950317383
0.03800463676452637
0.048859357833862305
0.04107785224914551
0.035069942474365234
0.04023289680480957
0.051583290100097656
0.04690265655517578
0.03809714317321777
0.04535818099975586
0.036386966705322266
0.011842012405395508
0.00879812240600586
0.034444332122802734
0.04637408256530762
0.03812432289123535
0.05079007148742676
0.0461277961730957
0.043433189392089844
0.039168596267700195
0.037148237228393555
0.04967093467712402
0.042168617248535156
0.038336753845214844
0.04809260368347168
0.04902935028076172
0.006446123123168945
0.009228706359863281
0.03676724433898926
0.045207977294921875
0.035781145095825195
0.0445253849029541
0.040149688720703125
0.05022764205932617
0.04152536392211914
0.053467750549316406
0.04668593406677246
0.03906083106994629
0.046892404556274414
0.043421268463134766
0.05623435974121094
0.04004263877868652
0.013361215591430664
0.008203744888305664
0.033701419830322266
0.04237699508666992
0.04899740219116211
0.04316306114196777
0.05100536346435547
0.04504704475402832
0.05135488510131836
0.04112720489501953
0.04746556282043457
0.03662562370300293
0.04546761512756348
0.035796403884887695
0.04523491859436035
0.05321455001831055
0.007373809814453125
0.0068187713623046875
0.03345990180969238
0.04478883743286133
0.0512850284576416
0.03963613510131836
0.03365969657897949
0.042070627212524414
0.05251479148864746
0.042696237564086914
0.055261850357055664
0.044753313064575195
0.03525042533874512
0.046587467193603516
0.03601837158203125
0.04692792892456055
0.006768465042114258
0.0067484378814697266
0.035129547119140625
0.047064781188964844
0.035585880279541016
0.04404425621032715
0.04575204849243164
0.03757286071777344
0.03982973098754883
0.05065107345581055
0.04116201400756836
0.05281543731689453
0.053133487701416016
0.04909205436706543
0.05640888214111328
0.04705691337585449
0.00652313232421875
0.005907297134399414
0.03468060493469238
0.0416722297668457
0.048958778381347656
0.0406038761138916
0.04864501953125
0.04323434829711914
0.05112457275390625
0.04291033744812012
0.0528714656829834
0.04732108116149902
0.039327144622802734
0.0486905574798584
0.04443216323852539
0.03646063804626465
0.006444454193115234
0.00693821907043457
0.03486204147338867
0.04631662368774414
0.03911995887756348
0.0381007194519043
0.04784846305847168
0.041880130767822266
0.03799772262573242
0.03516340255737305
0.046689748764038086
0.043862342834472656
0.03956151008605957
0.05204367637634277
0.048655033111572266
0.00925135612487793
0.0072553157806396484
0.03542828559875488
0.04930400848388672
0.0370638370513916
0.04803967475891113
0.045659780502319336
0.04124331474304199
0.04887747764587402
0.043707847595214844
0.04046297073364258
0.05012178421020508
0.046471595764160156
0.05216050148010254
0.04083061218261719
0.05032634735107422
0.006406068801879883
0.006577014923095703
0.034952402114868164
0.04239082336425781
0.04940438270568848
0.05118227005004883
0.04943275451660156
0.04069876670837402
0.053353071212768555
0.049402713775634766
0.04667234420776367
0.04352927207946777
0.039342403411865234
0.0543670654296875
0.04548788070678711
0.0056722164154052734
0.0063953399658203125
0.03595471382141113
0.044829368591308594
0.03815579414367676
0.04017829895019531
0.045014142990112305
0.041054487228393555
0.055255889892578125
0.049944400787353516
0.045003652572631836
0.04117465019226074
0.0522005558013916
0.043183326721191406
0.03518795967102051
0.04259943962097168
0.006860971450805664
0.008152008056640625
0.03498506546020508
0.044573068618774414
0.036414384841918945
0.04697537422180176
0.03795957565307617
0.045263051986694336
0.0352778434753418
0.048787832260131836
0.04468512535095215
0.05630993843078613
0.05066204071044922
0.05995440483093262
0.05220389366149902
0.00653076171875
0.007391929626464844
0.03459739685058594
0.04125022888183594
0.05167722702026367
0.04529309272766113
0.053131103515625
0.04920387268066406
0.0418095588684082
0.051323890686035156
0.044216156005859375
0.04132866859436035
0.05071592330932617
0.048354148864746094
0.045447349548339844
0.008249759674072266
0.0063745975494384766
0.034972429275512695
0.045793771743774414
0.05642294883728027
0.06898999214172363
0.04973244667053223
0.04741311073303223
0.044763803482055664
0.057450056076049805
0.049695730209350586
0.04176139831542969
