0.006215333938598633
0.0430450439453125
0.06395411491394043
0.04906940460205078
0.0396878719329834
0.05031156539916992
0.05675840377807617
0.054486751556396484
0.051043033599853516
0.05383801460266113
0.05120372772216797
0.0802006721496582
0.020993709564208984
0.047512054443359375
0.034332275390625
0.010198116302490234
0.005892276763916016
0.037873029708862305
0.053473711013793945
0.04993009567260742
0.044336795806884766
0.05109286308288574
0.04587697982788086
0.043654441833496094
0.046907901763916016
0.048574209213256836
0.045654296875
0.04741501808166504
0.03984189033508301
0.052926063537597656
0.005017757415771484
0.006029844284057617
0.03467273712158203
0.047821760177612305
0.061209917068481445
0.05651998519897461
0.05434370040893555
0.05060076713562012
0.04541516304016113
0.0339963436126709
0.04616856575012207
0.03407025337219238
0.04698777198791504
0.042005062103271484
0.036420583724975586
0.008942127227783203
0.00650477409362793
0.0316929817199707
0.04449582099914551
0.037169456481933594
0.048024892807006836
0.03987741470336914
0.044692277908325195
0.04152226448059082
0.035407066345214844
0.04456901550292969
0.03948402404785156
0.05056023597717285
0.04157710075378418
0.05093741416931152
0.0460507869720459
0.01216268539428711
0.006721019744873047
0.032904624938964844
0.043062686920166016
0.041913747787475586
0.10090041160583496
0.047617435455322266
0.03158688545227051
0.048356056213378906
0.0428164005279541
0.036231279373168945
0.047101736068725586
0.03840923309326172
0.04825592041015625
0.03671860694885254
0.04847526550292969
0.044611215591430664
0.015311241149902344
0.004454851150512695
0.03386807441711426
0.04198122024536133
0.03386211395263672
0.049796104431152344
0.04396224021911621
0.03691244125366211
0.048273324966430664
0.033245086669921875
0.04398465156555176
0.04071521759033203
0.038269996643066406
0.050258636474609375
0.025879383087158203
0.10460066795349121
0.03775620460510254
0.007332563400268555
0.03014206886291504
0.05689549446105957
0.05206584930419922
0.04879355430603027
0.04813408851623535
0.04519343376159668
0.04632306098937988
0.04291677474975586
0.04066658020019531
0.05053448677062988
0.042563438415527344
0.03782963752746582
0.04684615135192871
0.008474349975585938
0.005165576934814453
0.03299236297607422
0.04141664505004883
0.045691728591918945
0.03841376304626465
0.05169820785522461
0.04675602912902832
0.042124271392822266
0.03568744659423828
0.05106520652770996
0.05547952651977539
0.049358367919921875
0.04557538032531738
0.04831051826477051
0.0053937435150146484
0.006996631622314453
0.03349494934082031
0.04250025749206543
0.050060272216796875
0.039933204650878906
0.05214810371398926
0.04031229019165039
0.056351661682128906
0.0487215518951416
0.050251007080078125
0.03926539421081543
0.042160749435424805
0.036269426345825195
0.04893183708190918
0.046584129333496094
0.006194114685058594
0.004927158355712891
0.03007197380065918
0.043970346450805664
0.050076961517333984
0.04747605323791504
0.09859275817871094
0.05981850624084473
0.038866519927978516
0.038500308990478516
0.03965401649475098
0.04856109619140625
0.043144941329956055
0.03905200958251953
0.04743075370788574
0.0408327579498291
0.04390120506286621
0.004804849624633789
0.005953550338745117
0.03360629081726074
0.03886294364929199
0.0515749454498291
0.03992748260498047
0.0349268913269043
0.04611682891845703
0.04163360595703125
0.0341029167175293
0.04683327674865723
0.03822827339172363
0.05170917510986328
0.04444575309753418
0.037023305892944336
0.046765804290771484
0.005118846893310547
0.006071805953979492
0.032967329025268555
0.03958582878112793
0.05084085464477539
0.04817795753479004
0.04225420951843262
0.0352323055267334
0.04557371139526367
0.03743243217468262
0.04103970527648926
0.038634538650512695
0.04558897018432617
0.028200149536132812
0.06429815292358398
0.032839298248291016
0.03653883934020996
0.04562878608703613
0.0060787200927734375
0.0058438777923583984
0.03353524208068848
0.04490518569946289
0.03309822082519531
0.044270992279052734
0.03863978385925293
0.05276012420654297
0.04724454879760742
0.044356584548950195
0.041909217834472656
0.03851890563964844
0.054377079010009766
0.046187400817871094
0.059107303619384766
0.005958080291748047
0.004877805709838867
0.03661012649536133
0.04495120048522949
0.038584232330322266
0.03367877006530762
0.04147005081176758
0.03019571304321289
0.04486584663391113
0.0531468391418457
0.04337048530578613
0.03804945945739746
0.04624581336975098
0.03894662857055664
0.03586435317993164
0.04551506042480469
0.0041849613189697266
0.007167339324951172
0.032250404357910156
0.04479503631591797
0.037804603576660156
0.04560375213623047
0.036746978759765625
0.047055959701538086
0.041335105895996094
0.03476691246032715
0.0455777645111084
0.03674674034118652
0.048349857330322266
0.04316568374633789
0.038959503173828125
0.05068087577819824
0.006425380706787109
0.005868673324584961
0.03236031532287598
0.04292178153991699
0.03677082061767578
0.048998117446899414
0.04535508155822754
0.039368391036987305
0.050108909606933594
0.04630422592163086
0.040055274963378906
0.036012887954711914
0.048581838607788086
0.06137418746948242
0.04019951820373535
0.018396854400634766
0.006642341613769531
0.03256988525390625
0.04095005989074707
0.0361485481262207
0.04412341117858887
0.04960155487060547
0.042638301849365234
0.03741455078125
0.046373605728149414
0.04039359092712402
0.052641868591308594
0.045206546783447266
0.057379961013793945
0.05243110656738281
0.04320240020751953
0.0060312747955322266
0.004790782928466797
0.03224539756774902
0.04152512550354004
0.03582954406738281
0.043359994888305664
0.0516352653503418
0.04924964904785156
0.0424809455871582
0.05579423904418945
0.053620338439941406
0.05349993705749512
0.05449724197387695
0.0525970458984375
0.0411534309387207
0.00810861587524414
0.00611567497253418
0.03489112854003906
0.04599308967590332
0.03386640548706055
0.04762911796569824
0.042014122009277344
0.04910635948181152
0.046028852462768555
0.038573265075683594
0.049910783767700195
0.04380178451538086
0.04115414619445801
0.051180362701416016
0.04306912422180176
0.0061228275299072266
0.0049114227294921875
0.030576467514038086
0.043663740158081055
0.03543829917907715
0.04674530029296875
0.03869199752807617
0.052695512771606445
0.04685616493225098
0.040871381759643555
0.05167245864868164
0.04557299613952637
0.04262542724609375
0.03636479377746582
0.04835224151611328
0.005343198776245117
0.006160259246826172
0.03448081016540527
0.03919267654418945
0.04994797706604004
0.04309272766113281
0.04022717475891113
0.05300426483154297
0.049399375915527344
0.04803156852722168
0.0428013801574707
0.03918719291687012
0.048281192779541016
0.04201817512512207
0.04972553253173828
0.008666515350341797
0.005616903305053711
0.03014540672302246
0.03961682319641113
0.04966616630554199
0.042638301849365234
0.052471160888671875
0.04894542694091797
0.039031028747558594
0.04775571823120117
0.045006513595581055
0.04415583610534668
0.04961371421813965
0.042099952697753906
0.03973865509033203
0.04811692237854004
0.005660295486450195
0.008455276489257812
0.034348249435424805
0.04279661178588867
0.03851938247680664
0.05316901206970215
0.04864215850830078
0.03851795196533203
0.047637224197387695
0.04059624671936035
0.04393959045410156
0.038330793380737305
0.05462384223937988
0.055503129959106445
0.05614423751831055
0.013206243515014648
0.005460977554321289
0.032154083251953125
0.0403749942779541
0.04943394660949707
0.03931379318237305
0.05382227897644043
0.047846078872680664
0.03687930107116699
0.053438663482666016
0.04746413230895996
0.04189157485961914
0.04047393798828125
0.05012226104736328
0.04636693000793457
0.010463237762451172
0.006878376007080078
0.03365159034729004
0.040476083755493164
0.04372072219848633
0.034661293029785156
0.04225301742553711
0.053555965423583984
0.046123504638671875
0.04106497764587402
0.046897172927856445
0.042840003967285156
0.0382993221282959
0.04154205322265625
0.05516195297241211
0.04973244667053223
0.00652623176574707
0.005232810974121094
0.032512664794921875
0.0416407585144043
0.035849571228027344
0.05287981033325195
0.05024528503417969
0.04599118232727051
0.04227328300476074
0.03598427772521973
0.04953765869140625
0.04599165916442871
0.044187307357788086
0.04226541519165039
0.05197906494140625
0.005472660064697266
0.004213094711303711
0.03324413299560547
0.04242706298828125
0.034146785736083984
0.047254085540771484
0.04488539695739746
0.036683082580566406
0.04832911491394043
0.04407811164855957
0.03809547424316406
0.0502321720123291
0.04693174362182617
0.03940176963806152
0.04926800727844238
0.007826089859008789
0.006511688232421875
0.03403115272521973
0.04427051544189453
0.03680300712585449
0.046315670013427734
0.04477834701538086
0.04456639289855957
0.05427193641662598
0.0457763671875
0.04588770866394043
0.048554420471191406
0.04751420021057129
0.0477900505065918
0.03804373741149902
0.008852958679199219
0.005727291107177734
0.03627419471740723
0.03999519348144531
0.050115346908569336
0.04240155220031738
0.0403141975402832
0.05293393135070801
0.04545331001281738
0.03760576248168945
0.044219970703125
0.0381772518157959
0.04539632797241211
0.0402836799621582
0.03362250328063965
0.03991842269897461
0.0063934326171875
0.006592273712158203
0.03439688682556152
0.04456639289855957
0.03725457191467285
0.04823160171508789
0.04410576820373535
0.041440725326538086
0.055159568786621094
0.04251694679260254
0.05284452438354492
0.04261517524719238
0.036475419998168945
0.052034854888916016
0.04513430595397949
0.007560253143310547
0.008233308792114258
0.035256385803222656
0.04601430892944336
0.051091670989990234
0.04317760467529297
0.03666853904724121
0.050772905349731445
0.04606151580810547
0.04287004470825195
0.03977799415588379
0.048562049865722656
0.042746543884277344
0.03965163230895996
0.035562753677368164
0.008072137832641602
0.005412101745605469
0.03224658966064453
0.03796267509460449
0.04867815971374512
0.037671804428100586
0.04469609260559082
0.0393521785736084
0.05292487144470215
0.0497889518737793
0.04287600517272949
0.04055023193359375
0.05687570571899414
0.05261349678039551
0.048258304595947266
0.006728410720825195
0.00840616226196289
0.03262805938720703
0.042664289474487305
0.035272836685180664
0.04509115219116211
0.03652811050415039
0.04993104934692383
0.041922807693481445
0.03774380683898926
0.04800868034362793
0.04204535484313965
0.05121469497680664
0.04558205604553223
0.05235099792480469
0.0452418327331543
0.005793333053588867
0.006967306137084961
0.03573131561279297
0.04411578178405762
0.03883790969848633
0.04949545860290527
0.04071688652038574
0.050949811935424805
0.04181957244873047
0.03357887268066406
0.04695916175842285
0.04061532020568848
0.0518336296081543
0.04006791114807129
0.04929184913635254
0.04758620262145996
0.006720781326293945
0.006124973297119141
0.035764217376708984
0.04615473747253418
0.054370880126953125
0.04790830612182617
0.04157114028930664
0.051313161849975586
0.044252634048461914
0.037554264068603516
0.041713714599609375
0.0527496337890625
0.04378628730773926
0.05462932586669922
0.05295085906982422
0.045770883560180664
0.0058972835540771484
0.007607698440551758
0.03291726112365723
0.04242229461669922
0.03469371795654297
0.048512935638427734
0.04210853576660156
0.034288883209228516
0.044217824935913086
0.0389561653137207
0.04904365539550781
0.04160261154174805
0.034989356994628906
0.05225515365600586
0.04596424102783203
0.005202531814575195
0.004620552062988281
0.03343319892883301
0.03902149200439453
0.04815053939819336
0.0422663688659668
0.04828667640686035
0.038522958755493164
0.043878793716430664
0.03931117057800293
0.049645423889160156
0.041259050369262695
0.03556036949157715
0.049352169036865234
0.047110795974731445
0.04058098793029785
0.010826826095581055
0.006597042083740234
0.03479146957397461
0.038403987884521484
0.053107500076293945
0.046997785568237305
0.04497408866882324
0.04102611541748047
0.05036664009094238
0.044558048248291016
0.034340858459472656
0.04370284080505371
0.03862333297729492
0.049245595932006836
0.04151177406311035
0.049590349197387695
0.007153749465942383
0.007353067398071289
0.03369617462158203
0.04438304901123047
0.0408174991607666
0.11022639274597168
0.13576555252075195
0.12811803817749023
0.12983918190002441
0.12397980690002441
0.25319647789001465
0.10306501388549805
0.07857513427734375
0.21740341186523438
0.29673242568969727
0.29796910285949707
0.12238645553588867
0.011796236038208008
0.1347665786743164
0.1571657657623291
0.16840624809265137
0.16050410270690918
0.16291403770446777
0.16124224662780762
0.1678915023803711
0.15903949737548828
0.1637425422668457
0.16573357582092285
0.15618610382080078
0.16869068145751953
0.11905527114868164
0.1235806941986084
0.09371066093444824
0.0053713321685791016
0.0054361820220947266
0.031151294708251953
0.03615832328796387
0.04516124725341797
0.04524850845336914
0.03992152214050293
0.05206036567687988
0.04694390296936035
0.04094719886779785
0.03774142265319824
0.05028414726257324
0.042006492614746094
0.03490114212036133
0.050777435302734375
0.005146503448486328
0.0052776336669921875
0.044525146484375
0.0412144660949707
0.054323434829711914
0.05054020881652832
0.04234719276428223
0.03590822219848633
0.04570317268371582
0.034287452697753906
0.038951873779296875
0.05079960823059082
0.04152345657348633
0.046923160552978516
0.03681349754333496
0.042238473892211914
0.0122833251953125
0.005515575408935547
0.032201290130615234
0.04797935485839844
0.05256080627441406
0.05184459686279297
0.037880659103393555
0.04344320297241211
0.0499882698059082
0.044922828674316406
0.037210941314697266
0.04940319061279297
0.045975446701049805
0.03629732131958008
0.045517921447753906
0.03782987594604492
0.0070648193359375
0.005225658416748047
0.031159400939941406
0.03860330581665039
0.04773426055908203
0.04610157012939453
0.03962063789367676
0.047747135162353516
0.03889179229736328
0.04957914352416992
0.03807330131530762
0.04892611503601074
0.04023432731628418
0.04593491554260254
0.03861117362976074
0.048864126205444336
0.003901243209838867
0.007328033447265625
0.03548264503479004
0.042752981185913086
0.038055419921875
0.0540919303894043
0.04884815216064453
0.03900861740112305
0.04542708396911621
0.03808450698852539
0.04602336883544922
0.04059600830078125
0.046739816665649414
0.0378727912902832
0.05174756050109863
0.04893207550048828
0.00767827033996582
0.009299993515014648
0.034262657165527344
0.04111313819885254
0.0527644157409668
0.038040876388549805
0.050276756286621094
0.043157100677490234
0.049768686294555664
0.04571175575256348
0.03772306442260742
0.046372175216674805
0.03779172897338867
0.04547309875488281
0.0396575927734375
0.04293489456176758
0.0052263736724853516
0.004512310028076172
0.03317594528198242
0.04381394386291504
0.025493383407592773
0.038800954818725586
0.04792666435241699
0.056267499923706055
0.04982328414916992
0.049765825271606445
0.042250633239746094
0.05335831642150879
0.049182891845703125
0.0376887321472168
0.04573464393615723
0.04567909240722656
0.05689382553100586
0.0052797794342041016
0.0057146549224853516
0.031606197357177734
0.0413663387298584
0.04999089241027832
0.04224967956542969
0.053746700286865234
0.05008411407470703
0.038544416427612305
0.03801417350769043
0.0468289852142334
0.044164180755615234
0.036707401275634766
0.04836273193359375
0.05040454864501953
0.049863576889038086
0.00847315788269043
0.0077457427978515625
0.043698787689208984
0.037274837493896484
0.0516054630279541
0.03834962844848633
0.04986834526062012
0.04847216606140137
0.04260754585266113
0.0595707893371582
0.05294632911682129
0.03778982162475586
0.04166126251220703
0.03824615478515625
0.05410003662109375
0.04633378982543945
0.0065059661865234375
0.007404804229736328
0.03474783897399902
0.04622340202331543
0.03934335708618164
0.055057525634765625
0.054351806640625
0.03583550453186035
0.04992103576660156
0.04569697380065918
0.052849769592285156
0.04468798637390137
0.03430914878845215
0.04443645477294922
0.03605914115905762
0.04198098182678223
0.011343240737915039
0.0055980682373046875
0.033203125
0.04500555992126465
0.03842878341674805
0.04745292663574219
0.03931403160095215
0.04192209243774414
0.049297332763671875
0.0461277961730957
0.05239248275756836
0.043123722076416016
0.03657865524291992
0.04718303680419922
0.05534482002258301
0.04592323303222656
0.008263587951660156
0.007197141647338867
0.03431439399719238
0.04514646530151367
0.04931902885437012
0.03936624526977539
0.050757408142089844
0.04383563995361328
0.03634071350097656
0.04172396659851074
0.05074477195739746
0.04506874084472656
0.04244208335876465
0.03522014617919922
0.04950451850891113
0.0353693962097168
0.006995677947998047
0.006437540054321289
0.03132963180541992
0.04463768005371094
0.052457332611083984
0.04569840431213379
0.0324552059173584
0.10444164276123047
0.061331748962402344
0.03512835502624512
0.04349803924560547
0.058693647384643555
0.04738450050354004
0.029145479202270508
0.03928399085998535
0.049039602279663086
0.03751206398010254
0.04715394973754883
0.05030941963195801
0.03785824775695801
0.006986379623413086
0.014186620712280273
0.043374061584472656
0.04416775703430176
0.0375981330871582
0.05013251304626465
0.038256168365478516
0.04939866065979004
0.035935401916503906
0.0503084659576416
0.0458674430847168
0.055506229400634766
0.05008387565612793
0.03712749481201172
0.04137778282165527
0.05151724815368652
0.0074350833892822266
0.007683515548706055
0.03458714485168457
0.0447385311126709
0.03287029266357422
0.046228885650634766
0.044034719467163086
0.05697751045227051
0.050589799880981445
0.03969264030456543
0.03492569923400879
0.04632902145385742
0.035271406173706055
0.04488253593444824
0.05388474464416504
0.04275012016296387
0.005264759063720703
0.006316661834716797
0.033553361892700195
0.0396420955657959
0.0440828800201416
0.03736448287963867
0.0483701229095459
0.04141998291015625
0.0523984432220459
0.04743361473083496
0.038590431213378906
0.04912710189819336
0.04328799247741699
0.04134225845336914
0.05135655403137207
0.041910648345947266
0.012842893600463867
0.005419731140136719
0.03341102600097656
0.04810738563537598
0.04054760932922363
0.03556704521179199
0.05038309097290039
0.04449772834777832
0.03696870803833008
0.04921722412109375
0.04549121856689453
0.04387044906616211
0.0525822639465332
0.04214191436767578
0.05223512649536133
0.006261348724365234
0.00623321533203125
0.029033660888671875
0.03928995132446289
0.04833531379699707
0.04079866409301758
0.0357661247253418
0.046106815338134766
0.04300332069396973
0.052127838134765625
0.045635223388671875
0.036389827728271484
0.04747128486633301
0.03511667251586914
0.048670053482055664
0.038086891174316406
0.010937213897705078
0.006842136383056641
0.03332400321960449
0.04433465003967285
0.03693866729736328
0.05054807662963867
0.040827274322509766
0.03795289993286133
0.04625129699707031
0.03983616828918457
0.036962032318115234
0.048677682876586914
0.04279327392578125
0.05115842819213867
0.04358506202697754
0.05069708824157715
0.00643157958984375
0.005105495452880859
0.03146791458129883
0.04175543785095215
0.05480790138244629
0.051581621170043945
0.031847476959228516
0.04025435447692871
0.03371238708496094
0.04529547691345215
0.03920292854309082
0.04707217216491699
0.0443723201751709
0.05450916290283203
0.0459442138671875
0.05260944366455078
0.00694727897644043
0.008838653564453125
0.03595566749572754
0.047914743423461914
0.04505276679992676
0.039144039154052734
0.047559261322021484
0.04400324821472168
0.04061603546142578
0.05141711235046387
0.04441952705383301
0.04512500762939453
0.0395810604095459
0.04239940643310547
0.05157160758972168
0.04064583778381348
0.004450082778930664
0.0056383609771728516
0.033960819244384766
0.04013967514038086
0.049516916275024414
0.03450298309326172
0.04244351387023926
0.036040306091308594
0.048967599868774414
0.043402910232543945
0.03435468673706055
0.0480191707611084
0.041433095932006836
0.05084824562072754
0.03944039344787598
0.049631357192993164
0.006764650344848633
0.0078122615814208984
0.035848140716552734
0.046629905700683594
0.036453962326049805
0.045885324478149414
0.04290509223937988
0.037224531173706055
0.04893779754638672
0.04614090919494629
0.039398193359375
0.04902148246765137
0.04219698905944824
0.03508806228637695
0.045053720474243164
0.052712202072143555
0.00665283203125
0.004805088043212891
0.03192424774169922
0.03894782066345215
0.04852604866027832
0.0394444465637207
0.050688982009887695
0.043994903564453125
0.04842495918273926
0.05244803428649902
0.04609394073486328
0.03909611701965332
0.046083688735961914
0.03817462921142578
0.04034066200256348
0.050000667572021484
0.0060977935791015625
0.0060350894927978516
0.03199172019958496
0.04024839401245117
0.0497286319732666
0.0450291633605957
0.04280591011047363
0.04027605056762695
0.03625369071960449
0.048490047454833984
0.04661440849304199
0.039633989334106445
0.04799532890319824
0.03964543342590332
0.045641183853149414
0.005352973937988281
0.005541324615478516
0.031887054443359375
0.04019951820373535
0.048304080963134766
0.040154457092285156
0.03869938850402832
0.04766249656677246
0.03521084785461426
0.04611802101135254
0.044342041015625
0.0391232967376709
0.04383587837219238
0.05272483825683594
0.04618954658508301
0.0067217350006103516
0.009636878967285156
0.035402774810791016
0.04594278335571289
0.03803563117980957
0.047034502029418945
0.04091310501098633
0.05242323875427246
0.0441591739654541
0.03721427917480469
0.0467991828918457
0.038994789123535156
0.05231881141662598
0.036839962005615234
0.05007529258728027
0.03932976722717285
0.0044443607330322266
0.011151790618896484
0.03338336944580078
0.040247201919555664
0.04947543144226074
0.04470181465148926
0.038677215576171875
0.04378986358642578
0.03882241249084473
0.05328941345214844
0.05205726623535156
0.05241799354553223
0.021404266357421875
0.04664349555969238
0.05222725868225098
0.04018282890319824
0.006787538528442383
0.006270170211791992
0.03183245658874512
0.04540514945983887
0.03856086730957031
0.04845929145812988
0.0454256534576416
0.039293766021728516
0.04922318458557129
0.03988075256347656
0.05242562294006348
0.0466310977935791
0.03534293174743652
0.04737091064453125
0.0767827033996582
0.04402875900268555
0.04067420959472656
0.005101442337036133
0.006838321685791016
0.03423619270324707
0.04386091232299805
0.03313326835632324
0.04196357727050781
0.05208015441894531
0.04323744773864746
0.042467594146728516
0.0541837215423584
0.05381894111633301
0.04665398597717285
0.05477142333984375
0.04588937759399414
0.03718280792236328
0.04593324661254883
0.005702495574951172
0.010577678680419922
0.035215139389038086
0.04578042030334473
0.03420066833496094
0.042435407638549805
0.03990340232849121
0.0521693229675293
0.04603743553161621
0.04245734214782715
0.03830122947692871
0.0512387752532959
0.04374885559082031
0.046356201171875
0.03925919532775879
0.04932284355163574
0.0040056705474853516
0.006724834442138672
0.04009723663330078
0.046647071838378906
0.0393679141998291
0.03797459602355957
0.04868507385253906
0.039830923080444336
0.05139446258544922
0.05063796043395996
0.0449376106262207
0.038658857345581055
0.050112247467041016
0.034053802490234375
0.04535794258117676
0.004124164581298828
0.008445978164672852
0.035920143127441406
0.045392513275146484
0.038933515548706055
0.04873037338256836
0.03984642028808594
0.033331871032714844
0.045089006423950195
0.041368722915649414
0.03918027877807617
0.03641104698181152
0.04514336585998535
0.03663206100463867
0.04784893989562988
0.00478672981262207
0.004842996597290039
0.03231501579284668
0.04556536674499512
0.03956174850463867
0.04845261573791504
0.03649401664733887
0.047739505767822266
0.03983950614929199
0.04945111274719238
0.047037363052368164
0.04066586494445801
0.037682533264160156
0.04838299751281738
0.03496050834655762
0.049367427825927734
0.004599809646606445
0.008501768112182617
0.05604147911071777
0.038819313049316406
0.03859424591064453
0.04803657531738281
0.04501175880432129
0.03729057312011719
0.04344820976257324
0.04689598083496094
0.0540766716003418
0.04694342613220215
0.04014158248901367
0.050885915756225586
0.035291433334350586
0.047905921936035156
0.006886720657348633
0.004842519760131836
0.03370356559753418
0.05789685249328613
0.03296065330505371
0.04353666305541992
0.05096912384033203
0.04220771789550781
0.034986257553100586
0.04453730583190918
0.035234689712524414
0.04847836494445801
0.03943943977355957
0.04744243621826172
0.0355374813079834
0.04761385917663574
0.008045673370361328
0.00579524040222168
0.03296971321105957
0.043901681900024414
0.04076838493347168
0.04822230339050293
0.04060626029968262
0.05474543571472168
0.049169301986694336
0.03921794891357422
0.04327130317687988
0.04928302764892578
0.043556928634643555
0.03770041465759277
0.04900956153869629
0.005852460861206055
0.008113622665405273
0.035155534744262695
0.045670270919799805
0.041336774826049805
0.04064822196960449
0.03633594512939453
0.048441410064697266
0.0466916561126709
0.0447080135345459
0.04086947441101074
0.03336381912231445
0.04529309272766113
0.03445577621459961
0.04077339172363281
0.01735973358154297
0.0058743953704833984
0.0346224308013916
0.043453216552734375
0.0356745719909668
0.045696258544921875
0.03909420967102051
0.05234026908874512
0.0417027473449707
0.052890777587890625
0.04938340187072754
0.039254188537597656
0.050144195556640625
0.05098986625671387
0.03670787811279297
0.042311668395996094
0.004104137420654297
0.0062122344970703125
0.0329890251159668
0.04691457748413086
0.0376133918762207
0.04584932327270508
0.03975939750671387
0.05036497116088867
0.04217886924743652
0.04648160934448242
0.04266929626464844
0.1484684944152832
0.04611468315124512
0.03908896446228027
0.0872499942779541
0.07841610908508301
0.046869754791259766
0.006468534469604492
0.008309602737426758
0.03342294692993164
0.14976263046264648
0.051108360290527344
0.06132841110229492
0.1754307746887207
0.043749094009399414
0.05788135528564453
0.17690110206604004
0.05005240440368652
0.03863263130187988
0.18478941917419434
0.04067850112915039
0.041979312896728516
0.13367152214050293
0.04242897033691406
0.010865449905395508
0.021120548248291016
0.15359210968017578
0.18988943099975586
0.06345081329345703
0.15165424346923828
0.04637598991394043
0.03873038291931152
0.1715998649597168
0.03991222381591797
0.05548977851867676
0.05189919471740723
0.12561297416687012
0.03719186782836914
0.05111384391784668
0.16168522834777832
0.12022900581359863
0.004739046096801758
0.03337430953979492
0.039943695068359375
0.16388344764709473
0.0407414436340332
0.05494356155395508
0.17196035385131836
0.055460214614868164
0.057004690170288086
0.15943336486816406
0.17999005317687988
0.05564689636230469
0.16769170761108398
0.04652237892150879
0.03429126739501953
0.006636142730712891
0.004361152648925781
0.14975905418395996
0.04907965660095215
0.061513423919677734
0.16852474212646484
0.04591965675354004
0.03990960121154785
0.1710500717163086
0.03686022758483887
0.05251169204711914
0.1624922752380371
0.17424607276916504
0.036730051040649414
0.16339993476867676
0.15952610969543457
0.010322809219360352
0.00732874870300293
0.04120755195617676
0.16253328323364258
0.04057955741882324
0.054868459701538086
0.04554438591003418
0.04823660850524902
0.04584932327270508
0.04331493377685547
0.04171895980834961
0.05072951316833496
0.04284787178039551
0.051406145095825195
0.04445981979370117
0.00536036491394043
0.006203651428222656
0.03592944145202637
0.04890036582946777
0.03874039649963379
0.04600644111633301
0.04805278778076172
0.04413461685180664
0.03939414024353027
0.04632925987243652
0.04153299331665039
0.03983664512634277
0.04456639289855957
0.038048744201660156
0.04588818550109863
0.042960405349731445
0.006654024124145508
0.005962371826171875
0.034316062927246094
0.045853376388549805
0.04425954818725586
0.037840843200683594
0.035079240798950195
0.05010867118835449
0.041162967681884766
0.052510976791381836
0.04889869689941406
0.041976213455200195
0.03658008575439453
0.047071218490600586
0.04133915901184082
0.01016855239868164
0.006575107574462891
0.03553438186645508
0.04767441749572754
0.04337191581726074
0.04598355293273926
0.04307889938354492
0.03588700294494629
0.04764962196350098
0.04315018653869629
0.03875398635864258
0.04978752136230469
0.040618896484375
0.03424358367919922
0.04221844673156738
0.005856752395629883
0.006029844284057617
0.03675436973571777
0.04667806625366211
0.0418543815612793
0.05079770088195801
0.04703783988952637
0.04356193542480469
0.0507509708404541
0.04285168647766113
0.04953360557556152
0.04103565216064453
0.05038738250732422
0.04387545585632324
0.03563284873962402
0.046277523040771484
0.006768941879272461
0.00749659538269043
0.034332990646362305
0.046193838119506836
0.03873920440673828
0.04993748664855957
0.04349064826965332
0.036115407943725586
0.0464475154876709
0.04324769973754883
0.05096316337585449
0.046373844146728516
0.04099678993225098
0.04934525489807129
0.03661799430847168
0.04924917221069336
0.00840902328491211
0.006827592849731445
0.03469991683959961
0.04478168487548828
0.04031705856323242
0.05073714256286621
0.0473017692565918
0.055522918701171875
0.04535651206970215
0.03769516944885254
0.04798555374145508
0.039110660552978516
0.049072980880737305
0.04216790199279785
0.053269386291503906
0.049638986587524414
0.010205268859863281
0.004880189895629883
0.032117366790771484
0.03868508338928223
0.03670334815979004
0.049297332763671875
0.042912960052490234
0.03775644302368164
0.047579050064086914
0.042134761810302734
0.03865480422973633
0.04681706428527832
0.04007148742675781
0.03953218460083008
0.052834510803222656
0.048680782318115234
0.007453441619873047
0.00409388542175293
0.032938480377197266
0.043802499771118164
0.03691363334655762
0.04530978202819824
0.04202747344970703
0.03797769546508789
0.047170400619506836
0.041085243225097656
0.036812782287597656
0.04712390899658203
0.039527177810668945
0.05146050453186035
0.04189729690551758
0.004660367965698242
0.004781484603881836
0.03237318992614746
0.04051852226257324
0.04955577850341797
0.041588544845581055
0.05001974105834961
0.04263782501220703
0.03700709342956543
0.04718422889709473
0.04400229454040527
0.05534076690673828
0.048265695571899414
0.0424952507019043
0.04652214050292969
0.03456711769104004
0.006645679473876953
0.005224466323852539
0.03379511833190918
0.0443880558013916
0.03505587577819824
0.04248452186584473
0.03420758247375488
0.04313325881958008
0.038506269454956055
0.04807090759277344
0.04501700401306152
0.04007458686828613
0.03980755805969238
0.04984474182128906
0.03922557830810547
0.05209803581237793
0.0049059391021728516
0.005543231964111328
0.03550601005554199
0.05033731460571289
0.04626798629760742
0.04469037055969238
0.043823957443237305
0.05722975730895996
0.048287391662597656
0.04225969314575195
0.037331342697143555
0.045984745025634766
0.050986528396606445
0.048255205154418945
0.04483628273010254
0.004763364791870117
0.008956670761108398
0.0360722541809082
0.04906725883483887
0.041436195373535156
0.05232429504394531
0.039875030517578125
0.04391026496887207
0.03678393363952637
0.04666757583618164
0.037338972091674805
0.046767473220825195
0.0373685359954834
0.04419350624084473
0.03821539878845215
0.04254460334777832
0.009673118591308594
0.007259845733642578
0.03506112098693848
0.046666860580444336
0.03695416450500488
0.04372119903564453
0.03711962699890137
0.04566335678100586
0.035422325134277344
0.046234846115112305
0.04161787033081055
0.05275869369506836
0.04665112495422363
0.035187482833862305
0.04192709922790527
0.05244135856628418
0.00600123405456543
0.00680851936340332
0.03521728515625
0.04395031929016113
0.0380251407623291
0.045369625091552734
0.03999757766723633
0.039261817932128906
0.036127567291259766
0.04683184623718262
0.03705930709838867
0.05303454399108887
0.05066943168640137
0.04235482215881348
0.05118060111999512
0.01068878173828125
0.004991292953491211
0.034038543701171875
0.04536008834838867
0.043198585510253906
0.035413503646850586
0.04983329772949219
0.04200887680053711
0.033659934997558594
0.04489326477050781
0.035886287689208984
0.05437803268432617
0.059874773025512695
0.04527139663696289
0.03092193603515625
0.04500317573547363
0.004458904266357422
0.007561683654785156
0.03484177589416504
0.039498090744018555
0.052440643310546875
0.046625375747680664
0.05419468879699707
0.043645381927490234
0.05162835121154785
0.044930219650268555
0.039148569107055664
0.048264265060424805
0.04320073127746582
0.05485200881958008
0.04832267761230469
0.03588080406188965
0.009936094284057617
0.0066716670989990234
0.034790992736816406
0.05092930793762207
0.04770326614379883
0.04515886306762695
0.03754925727844238
0.0502781867980957
0.04027724266052246
0.05185055732727051
0.0464475154876709
0.05293846130371094
0.038598060607910156
0.04909014701843262
0.03488326072692871
0.0451357364654541
0.0056269168853759766
0.008005619049072266
0.0369257926940918
0.04762148857116699
0.03586173057556152
0.04710102081298828
0.043660640716552734
0.041480302810668945
0.0545191764831543
0.04760479927062988
0.0426175594329834
0.05307483673095703
0.04309701919555664
0.04893970489501953
0.04336857795715332
0.053949594497680664
0.008006572723388672
0.007107973098754883
0.036011457443237305
0.04671001434326172
0.04288148880004883
0.03707385063171387
0.043477535247802734
0.03360271453857422
0.04376673698425293
0.036826372146606445
0.04819822311401367
0.0433807373046875
0.05157065391540527
0.044367074966430664
0.05144834518432617
0.03868579864501953
0.008765220642089844
0.007394075393676758
0.032471656799316406
0.04888105392456055
0.03957200050354004
0.055951595306396484
0.03973388671875
0.054387807846069336
0.05059552192687988
0.04354286193847656
0.041445255279541016
0.05262017250061035
0.04831099510192871
0.041642189025878906
0.050957441329956055
0.00639796257019043
0.005408763885498047
0.03339982032775879
0.047693490982055664
0.037567853927612305
0.043646812438964844
0.03741097450256348
0.048722028732299805
0.04367542266845703
0.03394508361816406
0.047545671463012695
0.04410219192504883
0.051025390625
0.039627790451049805
0.05081939697265625
0.045621633529663086
0.005270719528198242
0.005709171295166016
0.03536510467529297
0.044116973876953125
0.037883758544921875
0.04534506797790527
0.04064178466796875
0.05145120620727539
0.04577755928039551
0.03860306739807129
0.04804825782775879
0.04062509536743164
0.05454063415527344
0.04477834701538086
0.039250850677490234
0.049163103103637695
0.004595518112182617
0.00405430793762207
0.0348658561706543
0.0481104850769043
0.03816580772399902
0.0460820198059082
0.043299198150634766
0.05200815200805664
0.04717278480529785
0.042128562927246094
0.04853177070617676
0.03808927536010742
0.0432586669921875
0.03612780570983887
0.04618668556213379
0.03969097137451172
0.01307821273803711
0.006717681884765625
0.037703514099121094
0.04725909233093262
0.03708600997924805
0.05231356620788574
0.048638105392456055
0.045320749282836914
0.041451454162597656
0.03547406196594238
0.047412872314453125
0.03708171844482422
0.04510068893432617
0.05077958106994629
0.054084062576293945
0.008975982666015625
0.004026889801025391
0.030854225158691406
0.03928399085998535
0.035819053649902344
0.04371023178100586
0.0590059757232666
0.03701353073120117
0.044783830642700195
0.04268503189086914
0.038593292236328125
0.04975771903991699
0.0408174991607666
0.05067706108093262
0.044361114501953125
0.044222354888916016
0.007145881652832031
0.005834817886352539
0.03169751167297363
0.04238438606262207
0.03407740592956543
0.04620862007141113
0.04070425033569336
0.05072832107543945
0.045349836349487305
0.04251980781555176
0.04732108116149902
0.06055784225463867
0.03628802299499512
0.04017043113708496
0.050765037536621094
0.040752410888671875
0.01162266731262207
0.007073163986206055
0.035401344299316406
0.04919886589050293
0.040410757064819336
0.04396319389343262
0.03777146339416504
0.05029726028442383
0.048705101013183594
0.04355669021606445
0.037731170654296875
0.04569506645202637
0.03795003890991211
0.04782271385192871
0.08591628074645996
0.044855356216430664
0.007816553115844727
0.010695219039916992
0.034622907638549805
0.045702219009399414
0.038716793060302734
0.04725170135498047
0.037851810455322266
0.04535245895385742
0.03836989402770996
0.04802560806274414
0.037123680114746094
0.0445709228515625
0.05212593078613281
0.04552054405212402
0.05051779747009277
0.0414125919342041
0.012731552124023438
0.009186983108520508
0.0354766845703125
0.04282546043395996
0.04922342300415039
0.045157432556152344
0.03579592704772949
0.04645276069641113
0.04114341735839844
0.03764176368713379
0.05012941360473633
0.042223453521728516
0.0474858283996582
0.036264896392822266
0.04564237594604492
0.04018115997314453
0.027889728546142578
0.01537013053894043
0.03578972816467285
0.04452085494995117
0.03549551963806152
0.0438535213470459
0.042227745056152344
0.03774213790893555
0.04589724540710449
0.038971662521362305
0.049172401428222656
0.04316067695617676
0.0356440544128418
0.04527544975280762
0.0415494441986084
0.03890180587768555
0.012384891510009766
0.00490260124206543
0.0338132381439209
0.043753862380981445
0.040265560150146484
0.051839590072631836
0.04572486877441406
0.04063224792480469
0.04073286056518555
0.05417680740356445
0.04726743698120117
0.038918256759643555
0.04934120178222656
0.035010576248168945
0.04327797889709473
0.006273746490478516
0.0042324066162109375
0.03200554847717285
0.05260419845581055
0.043518781661987305
0.035918474197387695
0.048174381256103516
0.039247989654541016
0.053168535232543945
0.040316104888916016
0.04446864128112793
0.03404593467712402
0.04490089416503906
0.038539886474609375
0.0507659912109375
0.04427528381347656
0.00852346420288086
0.006473541259765625
0.032593488693237305
0.04032754898071289
0.04784822463989258
0.033128976821899414
0.034984588623046875
0.04552197456359863
0.03776121139526367
0.04994940757751465
0.0420069694519043
0.05020475387573242
0.0469813346862793
0.040528059005737305
0.049208641052246094
0.03962898254394531
0.0367889404296875
0.012054920196533203
0.0067822933197021484
0.03688311576843262
0.048684120178222656
0.04654955863952637
0.049300193786621094
0.06044578552246094
0.05091428756713867
0.041907548904418945
0.057077884674072266
0.05015969276428223
0.044679880142211914
0.05084109306335449
0.040770769119262695
0.033059120178222656
0.005255937576293945
0.007175922393798828
0.03483438491821289
0.04543757438659668
0.041878700256347656
0.13005995750427246
0.13538646697998047
0.12473893165588379
0.13422369956970215
0.14314031600952148
0.13200592994689941
0.12467718124389648
0.08212828636169434
0.1697845458984375
0.15760350227355957
0.15504932403564453
0.0050945281982421875
0.005099773406982422
0.09412980079650879
0.15810251235961914
0.16980409622192383
0.15478849411010742
0.16632652282714844
0.15949249267578125
0.17038774490356445
0.15528535842895508
0.16004586219787598
0.16166448593139648
0.30166172981262207
0.2899441719055176
0.1676943302154541
0.26796698570251465
0.0057239532470703125
0.003821849822998047
0.09314250946044922
0.08288383483886719
0.0573735237121582
0.05661296844482422
0.04631519317626953
0.04296565055847168
0.05968642234802246
0.054709672927856445
0.050356149673461914
0.05045342445373535
0.04680180549621582
0.051984548568725586
0.043862342834472656
0.004666566848754883
0.006893157958984375
0.03762412071228027
0.04851675033569336
0.04280447959899902
0.03839683532714844
0.05079817771911621
0.04502511024475098
0.045021772384643555
0.03780770301818848
0.05359601974487305
0.048520565032958984
0.04084181785583496
0.049280643463134766
0.04066109657287598
0.008405447006225586
0.007856130599975586
0.0370793342590332
0.04744386672973633
0.042368412017822266
0.03801608085632324
0.05057525634765625
0.044919490814208984
0.047261953353881836
0.041588783264160156
0.04771852493286133
0.03577852249145508
0.04701375961303711
0.03780174255371094
0.04532027244567871
0.006760835647583008
0.006749153137207031
0.038455963134765625
0.04983854293823242
0.04326462745666504
0.03554081916809082
0.04260706901550293
0.03755807876586914
0.05184125900268555
0.047720909118652344
0.041681528091430664
0.050536394119262695
0.04314899444580078
0.03330636024475098
0.04798245429992676
0.00711822509765625
0.005807638168334961
0.03582954406738281
0.05379486083984375
0.04908943176269531
0.053000450134277344
0.04989504814147949
0.0470428466796875
0.04182243347167969
0.032529592514038086
0.04838085174560547
0.042360544204711914
0.05213189125061035
0.04283785820007324
0.03399920463562012
0.005664348602294922
0.006003141403198242
0.03454446792602539
0.047536373138427734
0.041736602783203125
0.03691887855529785
0.05080747604370117
0.0477147102355957
0.03896474838256836
0.05059480667114258
0.04471158981323242
0.037894248962402344
0.03622245788574219
0.04425382614135742
0.03932619094848633
0.008329391479492188
0.00799870491027832
0.03577852249145508
0.04596090316772461
0.03996777534484863
0.05043363571166992
0.04718494415283203
0.038784027099609375
0.05471086502075195
0.04974055290222168
0.03774881362915039
0.047002553939819336
0.040302276611328125
0.03430628776550293
0.04757523536682129
0.006371021270751953
0.005866289138793945
0.034357309341430664
0.0460963249206543
0.037534475326538086
0.04600214958190918
0.039855241775512695
0.048273324966430664
0.03982663154602051
0.05041909217834473
0.04633378982543945
0.04261922836303711
0.038160085678100586
0.047554969787597656
0.03768205642700195
0.046041250228881836
0.0059778690338134766
0.005006074905395508
0.03345751762390137
0.0406947135925293
0.036196231842041016
0.05025625228881836
0.04592251777648926
0.04029965400695801
0.03559613227844238
0.048911094665527344
0.04543495178222656
0.03716158866882324
0.04619598388671875
0.051048994064331055
0.043300628662109375
0.008041620254516602
0.005112886428833008
0.033457279205322266
0.044072628021240234
0.038023948669433594
0.046257972717285156
0.03984332084655762
0.04946422576904297
0.04047083854675293
0.05092787742614746
0.043125152587890625
0.0339200496673584
0.04435563087463379
0.04121994972229004
0.05143594741821289
0.03769350051879883
0.007908105850219727
0.007239103317260742
0.03318309783935547
0.04204893112182617
0.04767179489135742
0.03685736656188965
0.044922590255737305
0.03710031509399414
0.04902315139770508
0.03791213035583496
0.05115699768066406
0.04423213005065918
0.03742265701293945
0.051718711853027344
0.044472694396972656
0.037404537200927734
0.0043561458587646484
0.008557558059692383
0.03668570518493652
0.04629397392272949
0.03772306442260742
0.04925394058227539
0.042984962463378906
0.055230140686035156
0.04546642303466797
0.042967796325683594
0.038321733474731445
0.0364377498626709
0.05063295364379883
0.04749870300292969
0.03605985641479492
0.006970643997192383
0.006398200988769531
0.03450942039489746
0.04381847381591797
0.03568673133850098
0.04676556587219238
0.04087018966674805
0.03678774833679199
0.04992508888244629
0.047666311264038086
0.047219038009643555
0.042772531509399414
0.03737807273864746
0.04633951187133789
0.042136430740356445
0.004802227020263672
0.004273414611816406
0.03179311752319336
0.04452991485595703
0.03758502006530762
0.048050880432128906
0.055124521255493164
0.04023480415344238
0.04837536811828613
0.047014713287353516
0.04559469223022461
0.037989139556884766
0.053231000900268555
0.04818010330200195
0.03669929504394531
0.05205988883972168
0.006044626235961914
0.006836652755737305
0.03503298759460449
0.04767775535583496
0.04155468940734863
0.05346059799194336
0.049828290939331055
0.04041266441345215
0.05444669723510742
0.04622673988342285
0.048856258392333984
0.04263114929199219
0.03351712226867676
0.040285587310791016
0.04750871658325195
0.042379140853881836
0.005615711212158203
0.008487939834594727
0.03400254249572754
0.045987606048583984
0.05283212661743164
0.04858112335205078
0.04282379150390625
0.04584240913391113
0.03705167770385742
0.045951128005981445
0.039951324462890625
0.04684329032897949
0.04459238052368164
0.0368199348449707
0.04656577110290527
0.03864860534667969
0.009264230728149414
0.006641864776611328
0.03330039978027344
0.046304941177368164
0.04031014442443848
0.05338549613952637
0.0467677116394043
0.042114973068237305
0.03783392906188965
0.04978585243225098
0.04232478141784668
0.037909746170043945
0.047875165939331055
0.0393824577331543
0.051306724548339844
0.006565570831298828
0.0054931640625
0.03344583511352539
0.04265260696411133
0.033737897872924805
0.04277610778808594
0.03885030746459961
0.0511929988861084
0.04310798645019531
0.03794240951538086
0.04913473129272461
0.042246341705322266
0.03362774848937988
0.042397260665893555
0.05400347709655762
0.043491363525390625
0.007300138473510742
0.00581812858581543
0.034734249114990234
0.044899940490722656
0.042159318923950195
0.04834628105163574
0.043927907943725586
0.0341949462890625
0.04921293258666992
0.03771066665649414
0.04889035224914551
0.04460787773132324
0.04207110404968262
0.03830862045288086
0.041783809661865234
0.05254030227661133
0.0074541568756103516
0.0060503482818603516
0.03437304496765137
0.04594254493713379
0.05098390579223633
0.05643820762634277
0.046362876892089844
0.0381474494934082
0.04614877700805664
0.035436153411865234
0.04688310623168945
0.038604021072387695
0.04836535453796387
0.04504132270812988
0.050260305404663086
0.03776097297668457
0.005574226379394531
0.007143259048461914
0.03270220756530762
0.041660308837890625
0.033394813537597656
0.04276633262634277
0.03565549850463867
0.04771113395690918
0.044671058654785156
0.03657245635986328
0.051509857177734375
0.046878814697265625
0.04686713218688965
0.041268110275268555
0.048331499099731445
0.03919792175292969
0.010784149169921875
0.005522966384887695
0.031142234802246094
0.041375160217285156
0.04911160469055176
0.04037737846374512
0.037656307220458984
0.04857444763183594
0.04090142250061035
0.03592419624328613
0.04602670669555664
0.04198765754699707
0.048789024353027344
0.04543304443359375
0.03793191909790039
0.04653453826904297
0.004836320877075195
0.008306026458740234
0.03624534606933594
0.049372196197509766
0.04390287399291992
0.035893917083740234
0.04703378677368164
0.04271388053894043
0.035990238189697266
0.04770016670227051
0.04343104362487793
0.0369412899017334
0.04819035530090332
0.036049604415893555
0.04731893539428711
0.006527423858642578
0.007937908172607422
0.03598427772521973
0.04357004165649414
0.03579425811767578
0.045130252838134766
0.05295896530151367
0.0434417724609375
0.05338716506958008
0.04422879219055176
0.069061279296875
0.034516334533691406
0.038945913314819336
0.051976680755615234
0.05041074752807617
0.03657197952270508
0.04414558410644531
0.008213996887207031
0.008120536804199219
0.032752037048339844
0.04306983947753906
0.049962520599365234
0.039379119873046875
0.05370521545410156
0.03930306434631348
0.05007028579711914
0.04512214660644531
0.038065195083618164
0.05021262168884277
0.042990684509277344
0.03784537315368652
0.0512392520904541
0.045731306076049805
0.004817008972167969
0.006045103073120117
0.03504610061645508
0.043065786361694336
0.0374751091003418
0.04828166961669922
0.04465484619140625
0.034479379653930664
0.04441428184509277
0.03824329376220703
0.050826072692871094
0.0425562858581543
0.04948091506958008
0.0427854061126709
0.05209159851074219
0.04400372505187988
0.00649261474609375
0.008537769317626953
0.03444027900695801
0.04705691337585449
0.05941605567932129
0.04404473304748535
0.037331342697143555
0.04830527305603027
0.04443073272705078
0.041809797286987305
0.051100730895996094
0.045299530029296875
0.05167651176452637
0.04235649108886719
0.0476071834564209
0.037607431411743164
0.005906105041503906
0.006308794021606445
0.03331136703491211
0.045179128646850586
0.05410504341125488
0.04940056800842285
0.04337143898010254
0.03929924964904785
0.03409123420715332
0.047692060470581055
0.03914213180541992
0.03836321830749512
0.05000495910644531
0.04700112342834473
0.03664135932922363
0.04696464538574219
0.0071582794189453125
0.0056285858154296875
0.03146553039550781
0.03802943229675293
0.048935890197753906
0.0427091121673584
0.050872802734375
0.04835200309753418
0.045638084411621094
0.05630898475646973
0.04739236831665039
0.03975534439086914
0.04875922203063965
0.05542778968811035
0.0662071704864502
0.059915781021118164
0.009049654006958008
0.004341840744018555
0.03428244590759277
0.03835749626159668
0.04582786560058594
0.04299759864807129
0.037311553955078125
0.05075240135192871
0.0513458251953125
0.04772353172302246
0.042374610900878906
0.057839393615722656
0.05175662040710449
0.047714948654174805
0.039093732833862305
0.009355545043945312
0.005053997039794922
0.035895347595214844
0.047684669494628906
0.04242277145385742
0.05254340171813965
0.04822802543640137
0.03462553024291992
0.048253536224365234
0.036768198013305664
0.050627946853637695
0.040313720703125
0.04203653335571289
0.03511452674865723
0.04403424263000488
0.040180206298828125
0.012237548828125
0.004459381103515625
0.032868146896362305
0.042105674743652344
0.049922943115234375
0.04402971267700195
0.04021000862121582
0.03443336486816406
0.043141841888427734
0.04094696044921875
0.04744982719421387
0.04119706153869629
0.038225650787353516
0.04796600341796875
0.035657644271850586
0.04549455642700195
0.00494694709777832
0.004152059555053711
0.03513479232788086
0.047255516052246094
0.0378873348236084
0.04930901527404785
0.04437422752380371
0.0401453971862793
0.0474090576171875
0.04719257354736328
0.036727190017700195
0.047489166259765625
0.040944814682006836
0.047258615493774414
0.0376133918762207
0.046877145767211914
0.006825685501098633
0.006414651870727539
0.03367352485656738
0.044914960861206055
0.03832268714904785
0.047963857650756836
0.037265777587890625
0.05208134651184082
0.04047870635986328
0.05401921272277832
0.047679901123046875
0.03772592544555664
0.05239295959472656
0.043065786361694336
0.06836152076721191
0.012593984603881836
0.031473636627197266
0.009703636169433594
0.00830841064453125
0.05828547477722168
0.04248857498168945
0.035604238510131836
0.0454864501953125
0.038247108459472656
0.047704219818115234
0.04297494888305664
0.03508281707763672
0.04119062423706055
0.03410768508911133
0.042130231857299805
0.0490875244140625
0.037180423736572266
0.05032682418823242
0.006412506103515625
0.007432699203491211
0.03172802925109863
0.04205012321472168
0.03710484504699707
0.042220354080200195
0.035103559494018555
0.04681682586669922
0.04908633232116699
0.044233083724975586
0.03498578071594238
0.047095298767089844
0.04061746597290039
0.03464698791503906
0.046804189682006836
0.039906978607177734
0.005347251892089844
0.0032901763916015625
0.03400254249572754
0.04502248764038086
0.034291982650756836
0.04596734046936035
0.040632009506225586
0.05170702934265137
0.04625105857849121
0.054300785064697266
0.0634927749633789
0.042852163314819336
0.03589510917663574
0.048483848571777344
0.045154571533203125
0.0067784786224365234
0.006020069122314453
0.03325533866882324
0.045794010162353516
0.040503501892089844
0.03854775428771973
0.03561210632324219
0.04461169242858887
0.04333662986755371
0.035683631896972656
0.05293130874633789
0.049221038818359375
0.04249119758605957
0.03855299949645996
0.049128055572509766
0.006011486053466797
0.0065441131591796875
0.03660893440246582
0.04390430450439453
0.036362648010253906
0.04615378379821777
0.036107540130615234
0.04559803009033203
0.03746747970581055
0.048845767974853516
0.037259817123413086
0.0460052490234375
0.04238557815551758
0.050618648529052734
0.04255557060241699
0.03425741195678711
0.007957220077514648
0.007092714309692383
0.03757286071777344
0.04969596862792969
0.04079389572143555
0.05231881141662598
0.04730486869812012
0.041135549545288086
0.05138874053955078
0.04276895523071289
0.03519630432128906
0.046421051025390625
0.03934359550476074
0.05153155326843262
0.04501509666442871
0.0054585933685302734
0.004644870758056641
0.03191685676574707
0.03847384452819824
0.0496821403503418
0.04369926452636719
0.0529475212097168
0.04456210136413574
0.03309154510498047
0.044234275817871094
0.03869891166687012
0.04732179641723633
0.03990030288696289
0.04741930961608887
0.04050803184509277
0.04796886444091797
0.0069484710693359375
0.005358457565307617
0.03612184524536133
0.043068885803222656
0.05344343185424805
0.0474240779876709
0.03816366195678711
0.05051827430725098
0.04304003715515137
0.038385868072509766
0.05106687545776367
0.04639124870300293
0.045057058334350586
0.05475592613220215
0.043991804122924805
0.0074613094329833984
0.00524592399597168
0.03368377685546875
0.04209494590759277
0.051068782806396484
0.04502534866333008
0.04133033752441406
0.053406476974487305
0.0441431999206543
0.03678131103515625
0.04836249351501465
0.03813362121582031
0.04785799980163574
0.03934836387634277
0.04204702377319336
0.04950404167175293
0.00793147087097168
0.007970094680786133
0.03618502616882324
0.04717731475830078
0.03757762908935547
0.048416852951049805
0.041168212890625
0.04009413719177246
0.05070781707763672
0.041567325592041016
0.037052154541015625
0.045992136001586914
0.045458316802978516
0.05170130729675293
0.04639554023742676
0.006966590881347656
0.005687713623046875
0.03296947479248047
0.04271101951599121
0.03737974166870117
0.04553365707397461
0.04211711883544922
0.07663273811340332
0.07143139839172363
0.05166912078857422
0.04914712905883789
0.037079811096191406
0.04906177520751953
0.03521847724914551
0.0492548942565918
0.03521990776062012
0.012640237808227539
0.0054934024810791016
0.03437542915344238
0.04718208312988281
0.04247713088989258
0.03276872634887695
0.04540205001831055
0.03587055206298828
0.04576468467712402
0.03489947319030762
0.04113507270812988
0.03190207481384277
0.04353523254394531
0.03694558143615723
0.04648566246032715
0.0380096435546875
0.010792016983032227
0.0058231353759765625
0.03869771957397461
0.04958939552307129
0.04184842109680176
0.051398277282714844
0.04823899269104004
0.04500150680541992
0.038771867752075195
0.05078125
0.045131683349609375
0.03953242301940918
0.047826528549194336
0.03685307502746582
0.0455622673034668
0.005151271820068359
0.005724430084228516
0.03239917755126953
0.04464101791381836
0.035648345947265625
0.04704713821411133
0.0415644645690918
0.03550291061401367
0.04295849800109863
0.0394744873046875
0.05597352981567383
0.04713940620422363
0.04133462905883789
0.03970694541931152
0.05051255226135254
0.005873441696166992
0.004736661911010742
0.031162738800048828
0.03983902931213379
0.057813405990600586
0.04885149002075195
0.04585766792297363
0.04219770431518555
0.05544328689575195
0.0481410026550293
0.04835796356201172
0.04477357864379883
0.040472984313964844
0.05232048034667969
0.04495954513549805
0.011932134628295898
0.007079124450683594
0.03872323036193848
0.05285024642944336
0.039885520935058594
0.04609227180480957
0.04261016845703125
0.05272483825683594
0.05450034141540527
0.04546618461608887
0.04109334945678711
0.05304551124572754
0.04368734359741211
0.039041996002197266
0.036179542541503906
0.00638580322265625
0.004014730453491211
0.033506155014038086
0.03896617889404297
0.0477297306060791
0.03967165946960449
0.03705430030822754
0.046597957611083984
0.04218149185180664
0.04143214225769043
0.05129551887512207
0.04545187950134277
0.03947138786315918
0.04773879051208496
0.04180479049682617
0.04767656326293945
0.0064275264739990234
0.005333423614501953
0.031615257263183594
0.0385136604309082
0.04963970184326172
0.04003477096557617
0.050286054611206055
0.04451394081115723
0.053885459899902344
0.04760098457336426
0.03545975685119629
0.047020673751831055
0.03701210021972656
0.0468900203704834
0.03702092170715332
0.039549827575683594
0.011507272720336914
0.006003856658935547
0.03252983093261719
0.041616201400756836
0.049169301986694336
0.039643049240112305
0.05003046989440918
0.040220022201538086
0.05027270317077637
0.04083895683288574
0.03561973571777344
0.042595624923706055
0.034876108169555664
0.04610729217529297
0.0389704704284668
0.048438310623168945
0.004507541656494141
0.00559687614440918
0.032445430755615234
0.04641437530517578
0.05337095260620117
0.0458226203918457
0.03883099555969238
0.05177950859069824
0.04325127601623535
0.036167144775390625
0.04824495315551758
0.040657997131347656
0.03504014015197754
0.044231414794921875
0.03911399841308594
0.053720951080322266
0.004906654357910156
0.007599353790283203
0.03431558609008789
0.04526209831237793
0.04917764663696289
0.041565895080566406
0.03564906120300293
0.04389333724975586
0.0353696346282959
0.054831743240356445
0.046744346618652344
0.03612804412841797
0.04761838912963867
0.04410886764526367
0.041828155517578125
0.05424213409423828
0.004438161849975586
0.00666499137878418
0.03585672378540039
0.04017162322998047
0.046977996826171875
0.036116600036621094
0.048027992248535156
0.03951001167297363
0.048439979553222656
0.04302239418029785
0.03363966941833496
0.039727210998535156
0.04580974578857422
0.03665304183959961
0.04808187484741211
0.039250850677490234
0.010677576065063477
0.007721900939941406
0.20673775672912598
0.17676186561584473
0.023613452911376953
0.05686140060424805
0.03651595115661621
0.03821873664855957
0.04917573928833008
0.0381927490234375
0.03909707069396973
0.04367518424987793
0.03412294387817383
0.045635223388671875
0.03690147399902344
0.029929161071777344
0.02788519859313965
0.04500126838684082
0.009607315063476562
0.00545954704284668
0.03783226013183594
0.035089731216430664
0.03240680694580078
0.06023406982421875
0.05654335021972656
0.04273581504821777
0.04987764358520508
0.04225349426269531
0.05814361572265625
0.03902602195739746
0.04877161979675293
0.03250432014465332
0.042157888412475586
0.03923988342285156
0.04848980903625488
0.04192376136779785
0.00673675537109375
0.005160808563232422
0.030491352081298828
0.03920936584472656
0.049622535705566406
0.03416132926940918
0.04155850410461426
0.033768415451049805
0.04274773597717285
0.0474855899810791
0.03626275062561035
0.07401490211486816
0.056879520416259766
0.055004119873046875
0.04690957069396973
0.03786349296569824
0.0051727294921875
0.006402254104614258
0.033579111099243164
0.04561924934387207
0.0390467643737793
0.04248976707458496
0.044933319091796875
0.031113147735595703
0.05649256706237793
0.04797840118408203
0.037392377853393555
0.04428267478942871
0.04234790802001953
0.040062904357910156
0.052748918533325195
0.04128384590148926
0.008615255355834961
0.012735128402709961
0.04006147384643555
0.050560712814331055
0.04656219482421875
0.05222296714782715
0.04240083694458008
0.03346729278564453
0.04255843162536621
0.03587746620178223
0.044614315032958984
0.03804349899291992
0.06402254104614258
0.03077411651611328
0.04014921188354492
0.05602550506591797
0.04465055465698242
0.006008625030517578
0.005440950393676758
0.03455615043640137
0.04401850700378418
0.03341817855834961
0.04005861282348633
0.0415654182434082
0.03831601142883301
0.04690098762512207
0.039457082748413086
0.05073261260986328
0.06217217445373535
0.013357400894165039
0.04047060012817383
0.04236936569213867
0.03527951240539551
0.04496002197265625
0.004036664962768555
0.007931709289550781
0.03626298904418945
0.04088926315307617
0.044891357421875
0.0365300178527832
0.050774574279785156
0.042105674743652344
0.03682518005371094
0.04676032066345215
0.043791770935058594
0.03576159477233887
0.0506436824798584
0.04623007774353027
0.03658604621887207
0.043997764587402344
0.005914211273193359
0.0060427188873291016
0.03294205665588379
0.039835214614868164
0.050302982330322266
0.0401308536529541
0.0494532585144043
0.04354500770568848
0.05251264572143555
0.054245710372924805
0.03512120246887207
0.03667736053466797
0.04536032676696777
0.03895306587219238
0.04755377769470215
0.03553271293640137
0.03876948356628418
0.008414506912231445
0.0048296451568603516
0.03210616111755371
0.04201793670654297
0.05117511749267578
0.04143857955932617
0.044387102127075195
0.03672361373901367
0.04684567451477051
0.035628557205200195
0.04390287399291992
0.05105924606323242
0.03886103630065918
0.03304576873779297
0.04061388969421387
0.04649472236633301
0.05127835273742676
0.007294416427612305
0.007427215576171875
0.03386211395263672
0.041433095932006836
0.049059152603149414
0.04237532615661621
0.0600433349609375
0.054140567779541016
0.04589986801147461
0.04069089889526367
0.07192015647888184
0.006845951080322266
0.08590912818908691
0.036353111267089844
0.03214526176452637
0.04093122482299805
0.04947304725646973
0.04040122032165527
0.03658008575439453
0.011493682861328125
0.007372856140136719
0.03537774085998535
0.04398155212402344
0.05237984657287598
0.043070316314697266
0.032640695571899414
0.042764902114868164
0.04970717430114746
0.035971879959106445
0.03713846206665039
0.0456233024597168
0.03900408744812012
0.048551082611083984
0.037522077560424805
0.04653477668762207
0.25159454345703125
0.20283985137939453
0.01997971534729004
0.037750959396362305
0.043933868408203125
0.0550084114074707
0.0693962574005127
0.02745223045349121
0.03618979454040527
0.04904961585998535
0.04235482215881348
0.04198503494262695
0.03714132308959961
0.04969501495361328
0.04745173454284668
0.04458022117614746
0.0057909488677978516
0.01069784164428711
0.03502798080444336
0.04342222213745117
0.030647993087768555
0.0408933162689209
0.047600746154785156
0.04840898513793945
0.0421600341796875
0.24001789093017578
0.11187601089477539
0.01943659782409668
0.05442094802856445
0.03174710273742676
0.04648399353027344
0.04717421531677246
0.04947376251220703
0.04131126403808594
0.006776094436645508
0.005155801773071289
0.029974699020385742
0.03426933288574219
0.0423128604888916
0.03721046447753906
0.049599409103393555
0.05295562744140625
0.0454707145690918
0.03902101516723633
0.04619145393371582
0.036286115646362305
0.04184293746948242
0.05376386642456055
0.05122184753417969
0.0446467399597168
0.006771087646484375
0.0068857669830322266
0.03133392333984375
0.03534078598022461
0.03799891471862793
0.05178022384643555
0.051175594329833984
0.04104208946228027
0.05161261558532715
0.04324030876159668
0.034101247787475586
0.04190206527709961
0.03229403495788574
0.042653799057006836
0.049044132232666016
0.03578686714172363
0.0431513786315918
0.010344743728637695
0.007370471954345703
0.03392434120178223
0.04439496994018555
0.05380988121032715
0.04754137992858887
0.08561229705810547
0.014036417007446289
0.035391807556152344
0.04337501525878906
0.05275297164916992
0.03722786903381348
0.04957771301269531
0.04633903503417969
0.040833234786987305
0.0528106689453125
0.04560685157775879
0.013194084167480469
0.007796287536621094
0.033631086349487305
0.053537607192993164
0.0632314682006836
0.047003984451293945
0.03594017028808594
0.0487217903137207
0.042722225189208984
0.0377042293548584
0.04709196090698242
0.03739809989929199
0.047869205474853516
0.04401588439941406
0.04344892501831055
0.05807614326477051
0.005285739898681641
0.004143476486206055
0.03363966941833496
0.04199409484863281
0.0354611873626709
0.04436326026916504
0.03805899620056152
0.05210304260253906
0.04868316650390625
0.04289364814758301
0.041845083236694336
0.05578470230102539
0.05394434928894043
0.0466313362121582
0.04399394989013672
0.007946968078613281
0.005338907241821289
0.03438425064086914
0.04310345649719238
0.03649425506591797
0.045561790466308594
0.05017209053039551
0.04559063911437988
0.03933119773864746
0.051577091217041016
0.04855513572692871
0.04488849639892578
0.05360078811645508
0.04261636734008789
0.03432154655456543
0.044818878173828125
0.011584997177124023
0.006177186965942383
0.03463029861450195
0.03833818435668945
0.0468287467956543
0.04300832748413086
0.03758835792541504
0.047744035720825195
0.04339265823364258
0.04984402656555176
0.04323744773864746
0.03649020195007324
0.05125021934509277
0.043166399002075195
0.03647613525390625
0.04531431198120117
0.007127285003662109
0.007931947708129883
0.03386068344116211
0.0452728271484375
0.03901052474975586
0.048293352127075195
0.03444051742553711
0.04180645942687988
0.03811025619506836
0.04848504066467285
0.042258262634277344
0.05053424835205078
0.0450899600982666
0.051436662673950195
0.042615413665771484
0.05200386047363281
0.005772590637207031
0.007191181182861328
0.032381534576416016
0.04551815986633301
0.052063941955566406
0.04255270957946777
0.03920745849609375
0.04845309257507324
0.044326066970825195
0.03985261917114258
0.05013918876647949
0.04265022277832031
0.04931330680847168
0.04389214515686035
0.052922725677490234
0.04619240760803223
0.006081342697143555
0.0073719024658203125
0.03367757797241211
0.04394698143005371
0.03989148139953613
0.05133867263793945
0.043012380599975586
0.05563688278198242
0.044525146484375
0.04822134971618652
0.043271780014038086
0.04976701736450195
0.04412102699279785
0.042037248611450195
0.03611278533935547
0.04822206497192383
0.006126880645751953
0.00834035873413086
0.03655505180358887
0.04613304138183594
0.038822174072265625
0.05058598518371582
0.04127311706542969
0.03636312484741211
0.04888606071472168
0.041510820388793945
0.040428876876831055
0.0496978759765625
0.04450678825378418
0.042777061462402344
0.05107617378234863
0.006100177764892578
0.0059773921966552734
0.03439927101135254
0.047678470611572266
0.03922772407531738
0.051080942153930664
0.0541226863861084
0.04883217811584473
0.043442487716674805
0.05289125442504883
0.04499697685241699
0.03986382484436035
0.05081057548522949
0.03552508354187012
0.045825958251953125
0.006390810012817383
0.0069277286529541016
0.031907081604003906
0.04444098472595215
0.035761117935180664
0.047710418701171875
0.04521608352661133
0.037672996520996094
0.049393415451049805
0.04029107093811035
0.03494596481323242
0.04589533805847168
0.04175424575805664
0.0393824577331543
0.048476219177246094
0.006442070007324219
0.008629322052001953
0.035249948501586914
0.044678449630737305
0.036881208419799805
0.04429507255554199
0.03749704360961914
0.05030369758605957
0.04540514945983887
0.043749094009399414
0.05347418785095215
0.04402518272399902
0.09906911849975586
0.1268908977508545
0.13479924201965332
0.12066173553466797
0.0037233829498291016
0.00806427001953125
0.09581255912780762
0.12640619277954102
0.13134455680847168
0.3321869373321533
0.16055727005004883
0.2933669090270996
0.14090847969055176
0.27572178840637207
0.1577749252319336
0.2888514995574951
0.2976555824279785
0.2945377826690674
0.29510045051574707
0.2963986396789551
0.296375036239624
0.005210399627685547
0.13618731498718262
0.15602636337280273
0.16419005393981934
0.2997403144836426
0.12766051292419434
0.19362473487854004
0.08210158348083496
0.09317207336425781
0.036788225173950195
0.05164837837219238
0.0424807071685791
0.040477752685546875
0.051627397537231445
0.043203115463256836
0.08214116096496582
0.004526615142822266
0.006125688552856445
0.03702187538146973
0.053293704986572266
0.04470014572143555
0.03517270088195801
0.04699516296386719
0.03431510925292969
0.047333717346191406
0.040540456771850586
0.051987409591674805
0.04806232452392578
0.04016757011413574
0.0548861026763916
0.053405046463012695
0.005395412445068359
0.006715536117553711
0.02969837188720703
0.03790283203125
0.046724796295166016
0.038475990295410156
0.04999947547912598
0.047739505767822266
0.044370412826538086
0.0330653190612793
0.03557467460632324
0.03973102569580078
0.05066084861755371
0.04839634895324707
0.04634881019592285
0.04184556007385254
0.007081270217895508
0.005210161209106445
0.03522658348083496
0.05089211463928223
0.04498720169067383
0.033776044845581055
0.04500174522399902
0.039732933044433594
0.046302080154418945
0.03913092613220215
0.04298996925354004
0.04944610595703125
0.042966604232788086
0.03275871276855469
0.04114866256713867
0.032216548919677734
0.00821995735168457
0.008312463760375977
0.0326533317565918
0.05228686332702637
0.04113316535949707
0.0322418212890625
0.04766225814819336
0.03900337219238281
0.032619476318359375
0.0401763916015625
0.0384373664855957
0.036833763122558594
0.04806947708129883
0.0459895133972168
0.03920912742614746
0.009845495223999023
0.004851102828979492
0.03455710411071777
0.040393829345703125
0.05183863639831543
0.04388737678527832
0.04140186309814453
0.033109188079833984
0.046402931213378906
0.03876543045043945
0.04802346229553223
0.045439720153808594
0.03813338279724121
0.05052685737609863
0.04320335388183594
0.005853891372680664
0.008601903915405273
0.03525400161743164
0.04496359825134277
0.04117226600646973
0.036881208419799805
0.05185985565185547
0.03663015365600586
0.049488067626953125
0.03928947448730469
0.050188302993774414
0.045430898666381836
0.03912711143493652
0.049883365631103516
0.04446601867675781
0.005253791809082031
0.006694793701171875
0.03240060806274414
0.04110097885131836
0.051973581314086914
0.04214930534362793
0.05267000198364258
0.04407024383544922
0.03502297401428223
0.04707074165344238
0.03953862190246582
0.04503583908081055
0.03953814506530762
0.05239081382751465
0.045196533203125
0.03502488136291504
0.00426793098449707
0.00467991828918457
0.03264927864074707
0.043305158615112305
0.0355992317199707
0.04346179962158203
0.03813481330871582
0.046642303466796875
0.04139208793640137
0.05024981498718262
0.04398798942565918
0.04127192497253418
0.05036187171936035
0.043821096420288086
0.04006814956665039
0.006446361541748047
0.00632166862487793
0.0349574089050293
0.04511690139770508
0.0514988899230957
0.04568791389465332
0.038279056549072266
0.0509343147277832
0.04485630989074707
0.0371706485748291
0.04881453514099121
0.03629803657531738
0.04573345184326172
0.0393977165222168
0.04826784133911133
0.04323863983154297
0.007273197174072266
0.005530834197998047
0.030448436737060547
0.0413813591003418
0.03296256065368652
0.03946065902709961
0.0487823486328125
0.038185834884643555
0.04566597938537598
0.035634756088256836
0.044293880462646484
0.036498308181762695
0.04873156547546387
0.04244852066040039
0.03739452362060547
0.045675039291381836
0.004610538482666016
0.005656242370605469
0.03033280372619629
0.036193132400512695
0.04837965965270996
0.04167366027832031
0.05176806449890137
0.051312923431396484
0.04685521125793457
0.04144859313964844
0.05120253562927246
0.04558730125427246
0.05766654014587402
0.03605508804321289
0.04904460906982422
0.039925336837768555
0.011492490768432617
0.007935762405395508
0.032274723052978516
0.04438328742980957
0.03563523292541504
0.04712224006652832
0.03982830047607422
0.03413510322570801
0.04744362831115723
0.0414891242980957
0.03930377960205078
0.05208325386047363
0.044092655181884766
0.035195112228393555
0.04531121253967285
0.005324363708496094
0.0052471160888671875
0.034180402755737305
0.04336261749267578
0.03536510467529297
0.043270111083984375
0.03656339645385742
0.04437994956970215
0.03937697410583496
0.05155611038208008
0.04442191123962402
0.041576385498046875
0.04062628746032715
0.05653715133666992
0.04917740821838379
0.007947683334350586
0.0049855709075927734
0.03435921669006348
0.03948974609375
0.05075430870056152
0.04292750358581543
0.03470158576965332
0.03885841369628906
0.0450749397277832
0.0364227294921875
0.05234384536743164
0.04387187957763672
0.03803825378417969
0.04892444610595703
0.0448307991027832
0.03986501693725586
0.011341571807861328
0.011374950408935547
0.0334172248840332
0.040944576263427734
0.03302621841430664
0.0448148250579834
0.03818464279174805
0.05264449119567871
0.04301118850708008
0.03292107582092285
0.04233837127685547
0.05209064483642578
0.04706597328186035
0.04054617881774902
0.03457212448120117
0.044202566146850586
0.006168842315673828
0.0076787471771240234
0.034589290618896484
0.044989824295043945
0.036528825759887695
0.04490923881530762
0.0462644100189209
0.03341960906982422
0.041288137435913086
0.04945659637451172
0.043357133865356445
0.03420877456665039
0.047173261642456055
0.050086021423339844
0.04224252700805664
0.03767800331115723
0.005105018615722656
0.005358219146728516
0.035938262939453125
0.04376530647277832
0.037405967712402344
0.045409202575683594
0.0421755313873291
0.0334014892578125
0.04465508460998535
0.03549361228942871
0.04935789108276367
0.04845285415649414
0.04047656059265137
0.03844499588012695
0.035779476165771484
0.011444330215454102
0.006994724273681641
0.033269405364990234
0.04595327377319336
0.03816819190979004
0.05134272575378418
0.04532432556152344
0.0391688346862793
0.053029537200927734
0.0455470085144043
0.0404200553894043
0.0481722354888916
0.050608158111572266
0.04496622085571289
0.03585982322692871
0.0510103702545166
0.005635261535644531
0.0062029361724853516
0.033144235610961914
0.042495012283325195
0.03574967384338379
0.048871517181396484
0.041457414627075195
0.050800323486328125
0.042978763580322266
0.034844160079956055
0.0373227596282959
0.04929518699645996
0.03793501853942871
0.03188824653625488
0.04540586471557617
0.03691267967224121
0.004606008529663086
0.0048828125
0.03547215461730957
0.04079389572143555
0.03670024871826172
0.05013132095336914
0.0402224063873291
0.03260636329650879
0.04191398620605469
0.03653860092163086
0.04278564453125
0.037096500396728516
0.044153451919555664
0.05236935615539551
0.04097247123718262
0.053356170654296875
0.015653133392333984
0.0062105655670166016
0.0317845344543457
0.044867515563964844
0.04530048370361328
0.03988313674926758
0.05278778076171875
0.0422055721282959
0.05249738693237305
0.04711008071899414
0.03704404830932617
0.04745817184448242
0.0435490608215332
0.051010847091674805
0.0444331169128418
0.006577491760253906
0.0059587955474853516
0.032608985900878906
0.0404057502746582
0.04842329025268555
0.044536590576171875
0.05216193199157715
0.0524287223815918
0.043604373931884766
0.035537004470825195
0.043007612228393555
0.03780961036682129
0.04789018630981445
0.04344654083251953
0.034773826599121094
0.04933953285217285
0.007329463958740234
0.005219459533691406
0.0344691276550293
0.04844212532043457
0.04266715049743652
0.034759521484375
0.043073415756225586
0.04804372787475586
0.041022539138793945
0.0516507625579834
0.04879140853881836
0.045408010482788086
0.040283203125
0.048635005950927734
0.04336118698120117
0.03932070732116699
0.007302522659301758
0.0058133602142333984
0.033794403076171875
0.04756951332092285
0.04183816909790039
0.04964876174926758
0.04274582862854004
0.039800405502319336
0.03551959991455078
0.04799985885620117
0.040436744689941406
0.05015707015991211
0.04274463653564453
0.03711366653442383
0.046437978744506836
0.004980802536010742
0.00722050666809082
0.03637814521789551
0.04862618446350098
0.0436100959777832
0.05317258834838867
0.04714846611022949
0.03743100166320801
0.05005645751953125
0.04461359977722168
0.040337324142456055
0.057145118713378906
0.056113481521606445
0.05614757537841797
0.04967808723449707
0.004883527755737305
0.006239891052246094
0.03344988822937012
0.04274725914001465
0.03929615020751953
0.050400733947753906
0.04846978187561035
0.03916358947753906
0.05120515823364258
0.03663969039916992
0.053759098052978516
0.046067237854003906
0.038228511810302734
0.049303531646728516
0.038213491439819336
0.04755687713623047
0.010521173477172852
0.004926204681396484
0.03243541717529297
0.04425621032714844
0.05311870574951172
0.046813011169433594
0.03694772720336914
0.04758262634277344
0.03717303276062012
0.0489506721496582
0.04327511787414551
0.036931514739990234
0.04578661918640137
0.034043073654174805
0.04367542266845703
0.03544211387634277
0.004412651062011719
0.005743980407714844
0.033980369567871094
0.0539851188659668
0.02955794334411621
0.0355379581451416
0.04370880126953125
0.0379786491394043
0.050327301025390625
0.04093146324157715
0.05044293403625488
0.044866085052490234
0.04061412811279297
0.053621530532836914
0.04518938064575195
0.034273624420166016
0.00794219970703125
0.006150484085083008
0.03124094009399414
0.04742074012756348
0.03568673133850098
0.04328489303588867
0.03817462921142578
0.04900860786437988
0.04582524299621582
0.05995011329650879
0.039151668548583984
0.053117990493774414
0.047025442123413086
0.04224848747253418
0.033513784408569336
0.04491376876831055
0.0036008358001708984
0.01011514663696289
0.029526710510253906
0.03986859321594238
0.0499725341796875
0.04182028770446777
0.03476142883300781
0.043884992599487305
0.035749197006225586
0.044393062591552734
0.03994941711425781
0.0485537052154541
0.04101443290710449
0.03492856025695801
0.046720266342163086
0.04072737693786621
0.011786222457885742
0.00632476806640625
0.036785125732421875
0.046750783920288086
0.03855156898498535
0.0489201545715332
0.04581427574157715
0.03936028480529785
0.048264265060424805
0.04129433631896973
0.05210304260253906
0.04570603370666504
0.033875226974487305
0.04339933395385742
0.03793907165527344
0.042363643646240234
0.011461734771728516
0.003498554229736328
0.03126239776611328
0.042595863342285156
0.03574490547180176
0.042670249938964844
0.03881573677062988
0.04578065872192383
0.03918910026550293
0.03609633445739746
0.04720926284790039
0.039368391036987305
0.050574541091918945
0.047582149505615234
0.03869986534118652
0.044226884841918945
0.005835771560668945
0.004576921463012695
0.036182403564453125
0.039746761322021484
0.047722578048706055
0.04536747932434082
0.038405418395996094
0.04741644859313965
0.04494333267211914
0.041680335998535156
0.039275169372558594
0.04269266128540039
0.036867618560791016
0.05352306365966797
0.051079750061035156
0.005674123764038086
0.0046329498291015625
0.031809329986572266
0.04172849655151367
0.037310123443603516
0.05992841720581055
0.03843235969543457
0.04668927192687988
0.04315018653869629
0.05205202102661133
0.03940773010253906
0.05052828788757324
0.04393577575683594
0.038770198822021484
0.045821428298950195
0.03848075866699219
0.008720636367797852
0.004470109939575195
0.0386044979095459
0.04906320571899414
0.041890621185302734
0.0401911735534668
0.044170379638671875
0.04739665985107422
0.038608551025390625
0.047838687896728516
0.04295778274536133
0.05434274673461914
0.04923653602600098
0.04425477981567383
0.03717780113220215
0.04186415672302246
0.004823446273803711
0.0055806636810302734
0.031749725341796875
0.04034709930419922
0.04839444160461426
0.04163622856140137
0.033734798431396484
0.04565310478210449
0.0376887321472168
0.05039858818054199
0.036828041076660156
0.048914194107055664
0.04251217842102051
0.03778362274169922
0.04736042022705078
0.04157519340515137
0.010533332824707031
0.005953550338745117
0.035169363021850586
0.04651904106140137
0.04116249084472656
0.05305671691894531
0.04779624938964844
0.039110660552978516
0.048111915588378906
0.03763580322265625
0.04769277572631836
0.04038715362548828
0.047152042388916016
0.03699064254760742
0.05004692077636719
0.04042768478393555
0.0056972503662109375
0.0058209896087646484
0.03342175483703613
0.03991818428039551
0.04952645301818848
0.0412447452545166
0.046308040618896484
0.039298295974731445
0.03811168670654297
0.05183839797973633
0.0468292236328125
0.04308152198791504
0.049878597259521484
0.04033946990966797
0.04715871810913086
0.03702139854431152
0.006874799728393555
0.0067827701568603516
0.032325029373168945
0.04537153244018555
0.03493094444274902
0.046549320220947266
0.0401463508605957
0.0349125862121582
0.046793222427368164
0.03876328468322754
0.03511166572570801
0.04691123962402344
0.03578042984008789
0.045516014099121094
0.03942227363586426
0.05013418197631836
0.009888887405395508
0.006286144256591797
0.030709028244018555
0.040251731872558594
0.04673194885253906
0.03583574295043945
0.04708242416381836
0.0418553352355957
0.04892873764038086
0.04411888122558594
0.037351369857788086
0.05291438102722168
0.04414796829223633
0.04865908622741699
0.04377174377441406
0.06055903434753418
0.010822057723999023
0.007440805435180664
0.03489995002746582
0.04864335060119629
0.04431033134460449
0.035959482192993164
0.047486066818237305
0.04442191123962402
0.03845071792602539
0.05087637901306152
0.04737663269042969
0.04006624221801758
0.04743504524230957
0.04051065444946289
0.05446958541870117
0.00899362564086914
0.006353139877319336
0.03811502456665039
0.04855799674987793
0.03664517402648926
0.04826021194458008
0.045083045959472656
0.03795981407165527
0.045516014099121094
0.04196596145629883
0.03495359420776367
0.046846866607666016
0.03822207450866699
0.0469667911529541
0.03864145278930664
0.050928592681884766
0.005174160003662109
0.005918979644775391
0.034117698669433594
0.047896623611450195
0.04659223556518555
0.04237198829650879
0.03995490074157715
0.036284685134887695
0.045529842376708984
0.04446983337402344
0.03597617149353027
0.04914140701293945
0.046842098236083984
0.03731417655944824
0.045145273208618164
0.007902383804321289
0.006749391555786133
0.03546714782714844
0.05316925048828125
0.04595208168029785
0.03473520278930664
0.046395301818847656
0.04143214225769043
0.036638736724853516
0.043402671813964844
0.036751747131347656
0.053330421447753906
0.06868124008178711
0.05835413932800293
0.04848647117614746
0.007368564605712891
0.006781578063964844
0.03578662872314453
0.04593706130981445
0.04096364974975586
0.05360221862792969
0.039965152740478516
0.04957413673400879
0.040804386138916016
0.050313711166381836
0.04465055465698242
0.034453392028808594
0.04388260841369629
0.03918004035949707
0.05058550834655762
0.04129815101623535
0.013653755187988281
0.0051004886627197266
0.0676264762878418
0.03170132637023926
0.04219985008239746
0.052453041076660156
0.04285454750061035
0.03652691841125488
0.04665184020996094
0.03822898864746094
0.047058820724487305
0.036049842834472656
0.04677891731262207
0.03760695457458496
0.04899859428405762
0.04205656051635742
0.011016368865966797
0.005823373794555664
0.035547733306884766
0.04152369499206543
0.05393671989440918
0.042810916900634766
0.05263185501098633
0.04293060302734375
0.05350780487060547
0.05341053009033203
0.04956364631652832
0.056128740310668945
0.04617643356323242
0.039132118225097656
0.053026676177978516
0.04012799263000488
0.00796198844909668
0.0049457550048828125
0.03474068641662598
0.043862104415893555
0.04078555107116699
0.051011085510253906
0.03963494300842285
0.05245018005371094
0.0469057559967041
0.03974461555480957
0.049039363861083984
0.04453277587890625
0.038080692291259766
0.0467529296875
0.03980708122253418
0.04946303367614746
0.005994319915771484
0.006023406982421875
0.03560233116149902
0.04369783401489258
0.0376439094543457
0.0518798828125
0.0499725341796875
0.04635143280029297
0.044059038162231445
0.039737701416015625
0.03297924995422363
0.04646420478820801
0.041913747787475586
0.05065774917602539
0.04121828079223633
0.008942127227783203
0.006433725357055664
0.034139156341552734
0.04697990417480469
0.04197192192077637
0.04853558540344238
0.04379749298095703
0.040704965591430664
0.0510249137878418
0.04686689376831055
0.03596353530883789
0.04679131507873535
0.04059433937072754
0.04983878135681152
0.04719686508178711
0.05732321739196777
0.006597280502319336
0.0059087276458740234
0.03340554237365723
0.04895639419555664
0.0380406379699707
0.050476789474487305
0.04838871955871582
0.0465700626373291
0.04393649101257324
0.039818525314331055
0.05202174186706543
0.04065704345703125
0.05030202865600586
0.0473020076751709
0.038535356521606445
0.009929895401000977
0.007150411605834961
0.030646800994873047
0.03580760955810547
0.05305361747741699
0.044107675552368164
0.03786587715148926
0.04720783233642578
0.04393410682678223
0.04251980781555176
0.053443193435668945
0.04222989082336426
0.04807257652282715
0.04052925109863281
0.051584482192993164
0.040058135986328125
0.00876760482788086
0.0040552616119384766
0.03165316581726074
0.04451346397399902
0.05358409881591797
0.04142642021179199
0.0511474609375
0.041088104248046875
0.03232836723327637
0.04181623458862305
0.03685426712036133
0.06190919876098633
0.05544686317443848
0.049198150634765625
0.03941774368286133
0.0554654598236084
0.0074803829193115234
0.005364418029785156
0.032618045806884766
0.03804731369018555
0.05184030532836914
0.04234504699707031
0.05150771141052246
0.043122291564941406
0.035962581634521484
0.044890642166137695
0.0423583984375
0.04015707969665527
0.0491025447845459
0.040662288665771484
0.03376603126525879
0.05751490592956543
0.00666046142578125
0.0066814422607421875
0.03489851951599121
0.046914100646972656
0.04328417778015137
0.05231976509094238
0.04397249221801758
0.05109000205993652
